labels_S06_selected_tokens_0_0_0_5903 5170 5220 5236 5235 6674 6673 6673 6750 6749 6749 6749 6788 6787 15148 15147 15147 15147 15147 15234 15233 15304 15303 19224 19223 19294 19293 19293 19338 19337 19337 2084 2083 2083 2083 2226 2344 2343 2343 13398 13397 13397 13397 13397 13397 13397 13397 13397 13397 13397 13397 13397 13454 13453 13453 13453 13453 13502 
labels_S06_selected_tokens_0_5903_1_1651 5170 5220 5236 5235 5235 6674 6750 6749 6788 6787 15148 15147 15147 15147 15147 15147 15147 15234 15233 15304 19224 19223 19294 19293 19338 19337 19337 19337 2084 2083 2083 2083 2226 2344 2343 2343 13398 13397 13397 13397 13397 13397 13397 13397 13397 13397 13397 13397 13397 13454 13453 13453 13453 13502 13501 
labels_S06_selected_tokens_10_873_12_019 2 1 1 1 1 1 1 1 1 8 18 17 17 12448 12447 12447 12447 12447 12447 12456 12455 12455 12455 12480 12479 12479 6688 6687 6687 6750 6788 6787 15182 15181 15214 15213 15268 15267 15267 15267 15267 15267 15267 15267 7356 7355 7355 7396 7395 7395 7395 7395 7395 7395 7456 7455 7455 7455 7455 8476 8475 8475 8475 8478 8477 8477 8477 8480 8479 8479 8479 19240 19239 19239 19239 19239 19239 19320 19319 19319 19319 19330 19329 17960 17959 17959 17959 17959 17959 17959 17959 17959 18024 18023 18023 18023 18072 18071 18071 18071 18071 93 91 91 91 91 91 91 91 91 102 108 107 
labels_S06_selected_tokens_12_019_12_9908 3 12 18 17720 17719 17719 17719 17719 17719 17719 17719 17719 17719 17719 17719 17816 17815 17815 17815 17918 17917 6672 6671 6750 6749 6788 6787 15148 15147 15147 15147 15234 15304 15303 19224 19223 19223 19294 19293 19293 19338 2136 2176 2175 2340 14358 14357 14357 14396 14395 14470 2026 2025 2025 2025 2164 2163 2354 2353 15162 15161 15161 15161 15161 15234 15233 15304 19170 19169 19169 19320 19319 19330 19329 19329 17960 17959 17959 17959 17959 17959 17959 17959 17959 18024 18023 18023 18072 18071 18071 18071 18071 93 102 108 
labels_S06_selected_tokens_12_9908_14_0963 2 8 5 5 18 17 17 17720 17719 17719 17719 17719 17719 17719 17719 17719 17719 17719 17719 17719 17816 17815 17815 17815 17815 17918 17917 6672 6750 6788 6787 15148 15147 15234 15233 15304 15303 19224 19223 19294 19293 19293 19338 19337 2136 2176 2175 2175 2340 14358 14357 14396 14395 14470 14469 2026 2025 2025 2025 2164 2354 2353 15162 15161 15161 15161 15161 15234 15304 19170 19169 19169 19169 19169 19320 19319 19319 19330 19329 19329 17960 17959 17959 17959 17959 17959 17959 17959 17959 18024 18023 18023 18023 18072 18071 18071 18071 18071 93 91 91 91 91 91 91 91 102 108 107 
labels_S06_selected_tokens_14_0963_15_3963 2 8 18 17 17 17 17 17 20720 20719 20719 20719 20719 20719 20719 20719 20719 20719 20719 20719 20719 20734 20733 20733 20733 20756 20755 20755 20755 6706 6705 6705 6750 6749 6749 6788 6787 6787 15182 15181 15181 15214 15314 15313 15313 15313 15313 15313 15313 15313 2078 2077 2077 2077 2077 2244 2334 2333 13606 13605 13688 13687 13687 13750 13749 13749 13749 13749 8476 8475 8475 8475 8478 8477 8477 8477 8477 8477 8480 8479 8479 8479 19240 19239 19239 19239 19239 19239 19320 19319 19319 19330 19329 19329 17960 17959 17959 17959 17959 17959 17959 17959 18024 18023 18023 18023 18072 18071 18071 18071 18071 94 91 91 91 106 105 105 105 105 105 105 105 105 105 105 105 108 
labels_S06_selected_tokens_15_3963_16_6766 2 1 8 5 18 17 17 20720 20719 20719 20719 20719 20719 20719 20719 20719 20719 20719 20719 20719 20719 20734 20733 20733 20756 20755 20755 6706 6750 6749 6788 6787 6787 15182 15181 15181 15214 15213 15314 15313 15313 15313 15313 15313 15313 15313 15313 2078 2077 2077 2077 2244 2334 13606 13605 13605 13688 13687 13750 13749 13749 13749 8476 8475 8475 8475 8478 8477 8477 8477 8477 8480 8479 8479 8479 19240 19239 19239 19239 19320 19319 19319 19319 19319 19319 19330 19329 19329 17960 17959 17959 17959 17959 17959 17959 17959 17959 17959 18024 18023 18023 18072 18071 18071 94 91 91 91 91 91 91 91 91 91 106 105 105 105 105 105 105 105 105 105 105 108 
labels_S06_selected_tokens_16_6766_17_5999 2 8 18 17720 17719 17719 17719 17719 17719 17719 17719 17719 17719 17719 17719 17719 17719 17719 17719 17826 17825 17825 17825 17825 17825 17825 17874 17873 12144 12143 12143 12194 12193 12193 12193 12193 12193 12193 12193 12246 12245 12245 12245 12245 12245 13614 13613 13656 13740 10324 10323 10402 10401 10401 10401 10401 10401 10401 10401 10401 10452 10451 15618 15617 15617 15626 15625 15625 15625 15625 15625 15625 15625 15625 15625 15642 15641 15641 15641 15641 15641 15641 15641 15641 15641 15641 15641 15641 15641 15641 
labels_S06_selected_tokens_17_5999_18_4936 2 8 18 17720 17719 17719 17719 17719 17719 17719 17719 17719 17719 17719 17719 17719 17719 17719 17826 17825 17825 17825 17825 17825 17874 17873 12144 12194 12246 12245 12245 12245 12245 12245 12245 13614 13613 13613 13613 13613 13656 13655 13740 13739 13739 13739 10324 10323 10323 10323 10402 10401 10401 10452 10451 15612 15611 15626 15625 15625 15625 15625 15625 15625 15625 15625 15625 15625 15642 15641 15641 15641 15641 15641 15641 15641 15641 15641 93 102 100 100 100 100 100 100 108 
labels_S06_selected_tokens_18_4936_19_3119 9150 9204 9203 9203 9203 9203 9203 9203 9203 9203 9203 9203 9288 9287 12128 12127 12127 12127 12127 12127 12178 12177 12177 12246 12245 12245 12245 12245 12245 12245 13564 13563 13672 13716 13715 13715 13715 13715 13715 13715 13715 7334 7333 7333 7333 7333 7364 7363 7363 7363 7363 7363 7363 7363 7363 7363 7363 7363 7402 7401 22000 21999 21999 22020 22019 22019 22019 22019 22019 22019 22019 22019 22100 22099 22099 22099 22099 22099 22099 22099 
labels_S06_selected_tokens_19_3119_20_1666 4 1 1 1 1 1 1 16 15 15 15 15 15 15 18 9202 9204 9288 12128 12178 12177 12246 12245 12245 12245 12245 12245 12245 12245 13564 13563 13563 13672 13671 13671 13716 13715 13715 13715 13715 13715 13715 13715 7334 7333 7333 7333 7333 7333 7364 7363 7363 7363 7363 7363 7363 7363 7363 7363 7402 7401 7401 22000 21999 21999 21999 21999 22020 22019 22019 22019 22019 22019 22019 22100 22099 22099 22099 22099 22099 22099 22099 22099 
labels_S06_selected_tokens_1_1651_2_0132 8514 8554 8553 8553 8553 8553 8553 8553 8553 8553 8553 8553 8553 8553 8553 8558 17314 17368 17367 17486 6646 6645 6645 6645 6760 6759 6788 6787 15146 15145 15145 15145 15145 15145 15238 15308 5520 5572 5571 5571 5571 5658 5657 13552 13551 13634 13633 13633 13696 13695 2032 2031 2031 2031 2031 2031 2031 2031 2192 2191 2191 2191 2350 2349 17992 17991 17991 17991 17991 17991 17991 17991 17991 17991 17991 17991 17991 17991 17991 17991 17991 18024 18072 
labels_S06_selected_tokens_20_1666_21_0302 14022 14021 14021 14021 14021 14021 14021 14056 14055 14055 14100 14099 12126 12125 12125 12125 12194 12193 12193 12193 12246 12245 12245 12245 12245 12245 12245 13616 13615 13615 13615 13676 13675 13732 13731 19154 19153 19153 19153 19294 19386 19385 19385 19385 19385 19385 19385 19385 19385 19385 4560 4559 4559 4559 4559 4564 4563 4563 4563 4563 4563 4572 4571 4571 4571 4571 4571 14194 14193 14193 14193 14193 14193 14193 14193 14193 14210 14209 14209 14209 14209 14258 14257 14257 
labels_S06_selected_tokens_21_0302_21_894 14022 14021 14021 14021 14021 14021 14021 14021 14021 14056 14055 14055 14100 14099 12126 12194 12246 12245 12245 12245 12245 12245 12245 13616 13615 13615 13615 13615 13615 13676 13675 13732 13731 13731 19154 19153 19153 19153 19294 19386 19385 19385 19385 19385 19385 19385 19385 19385 19385 19385 4560 4559 4564 4563 4563 4563 4563 4563 4563 4563 4572 4571 4571 4571 4571 14194 14193 14193 14193 14193 14193 14193 14193 14193 14193 14193 14193 14210 14209 14209 14209 14209 14209 14258 
labels_S06_selected_tokens_21_894_22_7396 9144 9212 9266 21354 21353 21353 21353 21353 21353 21353 21353 21416 21470 21469 21469 12152 12151 12194 12193 12246 12245 12245 12245 12245 12245 12245 13616 13615 13615 13615 13615 13615 13676 13675 13675 13732 13731 13731 5046 5045 5045 5056 5055 5055 5055 5070 5069 5069 5069 5069 5069 6934 6933 6933 6938 6937 6937 6937 6937 6948 6947 6947 6947 6947 6947 6947 17104 17103 17103 17156 17155 17155 17155 17155 17155 17155 17155 17155 17212 17211 17211 17211 17211 
labels_S06_selected_tokens_22_7396_23_5008 9144 9212 9266 21354 21353 21416 21415 21415 21470 21469 21469 12152 12194 12246 12245 12245 13616 13615 13615 13615 13615 13615 13615 13615 13676 13675 13675 13675 13732 13731 13731 13731 5046 5045 5045 5056 5055 5055 5055 5070 5069 5069 5069 5069 5069 6934 6933 6938 6937 6948 6947 6947 6947 6947 6947 6947 6947 6947 6947 6947 6947 17104 17156 17155 17155 17155 17155 17155 17155 17155 17212 17211 17211 17211 
labels_S06_selected_tokens_23_5008_24_2198 21112 21111 21111 21148 21147 21190 21189 21189 21189 12120 12119 12119 12194 12193 12193 12246 12245 12245 12245 12245 12245 12245 13616 13615 13615 13615 13615 13615 13686 13685 13685 13754 5514 5513 5513 5624 5676 5675 5675 10272 10366 10365 10365 10365 10365 10365 10365 10432 10431 10431 10431 15618 15626 15625 15625 15625 15625 15625 15625 15625 15642 15641 15641 15641 15641 15641 15641 15641 15641 15641 
labels_S06_selected_tokens_24_2198_24_9219 21112 21148 21147 21147 21147 21147 21147 21190 21189 12120 12119 12194 12246 12245 12245 13616 13615 13615 13615 13615 13615 13615 13615 13615 13686 13685 13685 13754 13753 5514 5513 5624 5676 5675 5675 5675 10272 10271 10366 10365 10365 10365 10365 10432 10431 15618 15617 15626 15625 15625 15625 15625 15625 15625 15625 15625 15625 15625 15625 15625 15625 15625 15625 15642 15641 15641 15641 15641 
labels_S06_selected_tokens_24_9219_26_0457 2 8 18 17720 17719 17719 17719 17719 17719 17719 17719 17719 17719 17719 17719 17719 17820 17819 17819 17819 17819 17916 17915 17915 19222 19221 19221 19278 19277 19277 19374 19373 19373 19373 12138 12194 12193 12193 12246 12245 12245 12245 12245 12245 12245 13616 13615 13615 13615 13652 13651 13651 13744 13743 21366 21365 21365 21394 21393 21472 21471 21471 21471 7910 7912 7911 7911 7911 7911 7914 7913 7913 12934 12933 12933 12933 12933 12933 12946 12945 12945 12945 12945 12945 12992 12991 17926 17925 17925 17925 17925 17925 17925 17925 17925 18024 18023 18023 18023 18072 18071 18071 18071 18071 18071 18071 93 91 102 108 
labels_S06_selected_tokens_26_0457_27_2129 2 8 18 17 17720 17719 17719 17719 17719 17719 17719 17719 17719 17719 17719 17719 17719 17820 17819 17819 17916 17915 17915 17915 19222 19221 19221 19221 19278 19277 19277 19374 19373 12138 12194 12246 12245 12245 12245 12245 12245 13616 13615 13615 13615 13615 13652 13651 13651 13651 13651 13651 13744 21366 21365 21394 21393 21393 21472 21471 21471 21471 7910 7912 7911 7911 7911 7911 7914 7913 7913 7913 7913 12934 12933 12933 12933 12933 12933 12933 12933 12933 12946 12945 12945 12992 12991 17926 17925 17925 17925 17925 17925 17925 17925 18024 18023 18023 18023 18023 18023 18023 18023 18023 18072 18071 18071 18071 93 91 91 91 91 102 108 
labels_S06_selected_tokens_27_2129_28_1566 5170 5169 5216 5215 5274 5273 12134 12133 12133 12194 12193 12193 12193 12193 12246 12245 12245 12245 12245 12245 12245 13564 13563 13672 13716 13715 13715 13715 13715 13715 13715 7326 7390 7389 7418 7417 7417 7417 7417 18646 18645 18645 18645 18645 18645 18664 18663 18663 18663 18684 18683 18683 18683 11282 11281 11286 11285 11285 11292 11291 11291 16568 16567 16567 16567 16567 16618 16617 16617 16617 16660 16659 16659 16659 16659 93 102 100 100 100 100 100 100 100 100 100 100 100 100 100 100 108 
labels_S06_selected_tokens_28_1566_28_8764 3 12 18 13184 13183 13270 13269 13269 13269 13269 13269 13269 13269 13269 13340 13339 13339 6650 6649 6649 6649 6649 6649 6649 6756 6792 6791 6791 6791 6186 6185 6228 6227 6254 6253 6253 6253 7360 7359 7359 7359 7359 7359 7396 7395 7395 7395 7395 7434 7433 7433 7433 11448 11447 11447 11447 11447 11447 11447 11447 11478 11477 11477 11477 11477 11477 11548 93 102 108 
labels_S06_selected_tokens_28_8764_29_5006 13248 13247 13247 13247 13276 13275 13275 13340 13339 13339 6650 6649 6649 6649 6649 6649 6649 6649 6756 6792 6186 6228 6254 7360 7359 7359 7359 7359 7359 7359 7396 7395 7434 7433 7433 7433 7433 11448 11447 11447 11447 11447 11447 11447 11447 11447 11447 11447 11478 11477 11477 11477 11477 11477 11477 11477 11548 93 102 108 
labels_S06_selected_tokens_29_5006_30_4027 21112 21152 21151 21180 21179 21179 21179 7780 7779 7779 7779 7779 7802 7801 7801 7801 7820 7819 7819 7819 7819 7819 7819 6196 6195 6212 6211 6272 6271 11592 11591 11591 11591 11618 11617 11617 11617 11617 11694 11693 11693 11693 11693 11693 2022 2021 2021 2021 2021 2250 2249 2350 2349 2349 18178 18177 18232 18231 18231 18231 18231 18231 18231 18231 18282 18281 18281 18970 18969 18969 18969 18969 18969 18969 19022 19021 19021 19021 19021 19021 19021 19072 19071 19071 19071 93 102 108 
labels_S06_selected_tokens_2_0132_2_8371 8514 8554 8553 8553 8553 8553 8553 8553 8553 8553 8553 8553 8553 8553 8553 8553 8558 8557 17314 17313 17368 17486 6646 6760 6759 6788 15146 15145 15145 15145 15145 15145 15145 15145 15238 15308 15307 5520 5572 5571 5658 5657 5657 13552 13551 13634 13633 13633 13696 13695 2032 2031 2031 2031 2031 2031 2031 2031 2192 2191 2191 2350 2349 2349 2349 17992 17991 18024 18023 18023 18023 18023 18023 18023 18023 18023 18023 18023 18023 18072 
labels_S06_selected_tokens_2_8371_3_5009 13248 13247 13247 13247 13247 13247 13247 13247 13247 13276 13275 13275 13275 13340 13339 6650 6649 6649 6649 6649 6649 6649 6649 6720 6768 6767 6767 14342 14341 14341 14341 14341 14396 14395 14470 14469 2026 2025 2025 2025 2025 2164 2163 2354 2353 14956 14955 14955 14955 14955 14955 14955 14955 14955 14955 14955 14970 14969 14969 14969 15076 15075 15075 15075 
labels_S06_selected_tokens_30_4027_31_2829 21112 21111 21111 21152 21151 21151 21151 21151 21151 21151 21180 21179 21179 21179 21179 7780 7779 7779 7802 7801 7801 7820 7819 7819 6196 6212 6272 11592 11591 11591 11591 11591 11591 11591 11618 11617 11617 11617 11617 11694 11693 11693 11693 11693 2022 2021 2021 2021 2021 2021 2250 2249 2249 2350 2349 2349 18178 18177 18232 18231 18231 18231 18231 18231 18231 18231 18282 18281 18281 18970 18969 19022 19021 19021 19072 19071 19071 19071 93 102 100 100 100 100 100 108 
labels_S06_selected_tokens_31_2829_32_1435 9136 9135 9135 9135 9135 9135 9135 9135 9135 9135 9216 9215 9215 9215 9215 9215 9215 9215 9286 9285 9285 9285 6696 6756 6755 6792 6791 6791 6791 6791 6186 6228 6227 6227 6254 6253 6253 7300 7299 7299 7299 7299 7299 7299 7299 7299 7364 7363 7363 7363 7363 7363 7363 7363 7363 7363 7363 7363 7402 7401 21978 21977 21977 21977 22020 22019 22019 22019 22019 22019 22019 22060 22059 22059 22059 22059 22059 22059 22059 93 91 91 102 108 
labels_S06_selected_tokens_32_1435_33_0023 9136 9135 9135 9135 9135 9135 9135 9135 9216 9215 9215 9215 9215 9286 9285 9285 9285 6696 6695 6756 6755 6755 6755 6755 6755 6755 6792 6186 6228 6227 6254 7300 7299 7299 7299 7299 7299 7299 7299 7299 7364 7363 7363 7363 7363 7363 7363 7363 7363 7363 7363 7402 7401 7401 7401 21978 21977 21977 21977 22020 22019 22019 22019 22019 22019 22019 22060 22059 22059 22059 22059 22059 22059 93 91 91 91 91 91 91 91 91 102 108 
labels_S06_selected_tokens_33_0023_33_7756 13248 13276 13275 13275 13275 13275 13275 13352 13351 13351 13351 1002 1001 1001 1001 1001 1001 1001 1001 1001 1001 1001 1001 1100 1099 1099 1144 1143 1143 1143 6186 6185 6228 6227 6254 6253 6253 6253 7300 7299 7299 7299 7299 7299 7364 7363 7363 7363 7363 7363 7363 7363 7363 7402 7401 7401 7401 22000 21999 21999 22020 22019 22019 22019 22019 22019 22019 22019 22019 22019 22100 22099 22099 22099 22099 
labels_S06_selected_tokens_33_7756_34_5491 13248 13276 13275 13275 13352 13351 13351 13351 13351 1002 1001 1001 1001 1001 1001 1001 1001 1001 1001 1100 1099 1099 1099 1144 1143 6186 6228 6227 6254 7300 7299 7299 7299 7299 7299 7299 7364 7363 7363 7363 7363 7363 7363 7363 7363 7363 7363 7402 7401 7401 7401 22000 21999 21999 21999 21999 22020 22019 22019 22019 22019 22019 22019 22019 22019 22019 22100 22099 22099 22099 22099 22099 22099 22099 22099 
labels_S06_selected_tokens_34_5491_35_3533 8514 8513 8513 8513 8513 8513 8513 8513 8513 8513 8513 8513 8513 8513 8540 8539 8539 8539 8539 8578 8577 8577 474 518 517 517 517 517 517 517 517 517 517 517 517 517 517 540 539 539 539 6186 6185 6228 6227 6227 6254 6253 6253 7300 7299 7299 7299 7299 7299 7299 7299 7299 7299 7299 7299 7299 7380 7379 7379 7379 7416 7415 5342 5341 5430 5429 5498 5497 5497 93 102 108 
labels_S06_selected_tokens_35_3533_36_0196 8514 8513 8513 8540 8539 8539 8539 8578 8577 8577 474 473 518 517 517 517 517 517 517 517 517 517 517 517 517 540 539 539 539 6186 6228 6227 6254 6253 7300 7299 7299 7299 7299 7380 7379 7379 7379 7379 7379 7379 7379 7379 7379 7416 7415 7415 5342 5341 5430 5429 5429 5498 5497 5497 5497 5497 93 102 108 
labels_S06_selected_tokens_36_0196_36_6565 21112 21111 21162 21161 21161 21161 21161 21161 21161 21161 21161 21161 21168 21167 21167 6702 6701 6701 6701 6756 6755 6755 6755 6792 6791 6791 6791 6791 6791 6186 6228 6227 6254 6253 6253 7300 7299 7299 7299 7299 7299 7299 7299 7299 7299 7299 7380 7379 7379 7379 7416 7415 5342 5341 5341 5430 5429 5429 5498 93 102 108 
labels_S06_selected_tokens_36_6565_37_3769 2 8 18 21074 21073 21073 21073 21162 21161 21161 21161 21161 21161 21161 21161 21161 21161 21168 21167 21167 6702 6701 6701 6701 6701 6756 6755 6755 6755 6755 6755 6792 6791 6186 6228 6254 6253 7300 7299 7299 7299 7299 7299 7299 7299 7380 7379 7379 7379 7379 7379 7379 7379 7379 7379 7416 7415 7415 5342 5341 5430 5429 5429 5498 5497 5497 5497 93 102 108 
labels_S06_selected_tokens_37_3769_38_0665 12646 12694 12693 12693 12693 12693 12693 12693 12750 12749 12749 12749 12749 12749 16106 16105 16105 16105 16105 16105 16105 16105 16105 16105 16105 16136 16135 16135 16170 16169 16169 16169 16169 16169 5534 5608 5607 5607 5712 5711 10272 10366 10365 10365 10365 10365 10365 10432 10431 10431 15618 15626 15625 15625 15625 15625 15625 15625 15625 15625 15625 15625 15642 15641 15641 15641 15641 
labels_S06_selected_tokens_38_0665_38_8503 12646 12694 12750 12749 12749 12749 12749 12749 12749 12749 12749 12749 12749 12749 12749 12749 12749 12749 12749 12749 12749 16106 16105 16105 16105 16136 16135 16135 16135 16135 16135 16135 16135 16135 16135 16170 16169 16169 16169 16169 16169 5534 5533 5608 5607 5712 10272 10271 10271 10366 10365 10365 10365 10365 10365 10432 10431 10431 15618 15617 15626 15625 15625 15625 15625 15625 15625 15625 15625 15625 15625 15625 15625 15625 15625 15642 
labels_S06_selected_tokens_38_8503_39_4735 8906 8908 8907 8934 8933 8933 16106 16105 16105 16105 16105 16105 16105 16105 16105 16105 16105 16105 16105 16136 16135 16135 16135 16135 16135 16170 16169 16169 16169 16169 16169 5534 5608 5607 5607 5712 10328 10327 10327 10327 10327 10327 10327 10327 10327 10327 10327 10352 10351 10351 10436 5350 5349 5430 5429 5429 5429 5429 5429 5500 
labels_S06_selected_tokens_39_4735_40_1064 8906 8908 8934 8933 8933 16106 16105 16105 16105 16105 16105 16136 16135 16135 16135 16135 16135 16135 16135 16135 16135 16135 16135 16170 16169 16169 16169 16169 16169 16169 5534 5533 5608 5607 5607 5712 5711 10328 10327 10327 10327 10327 10327 10327 10327 10327 10327 10327 10327 10352 10351 10351 10436 5350 5430 5429 5429 5429 5429 5429 5500 
labels_S06_selected_tokens_3_5009_4_1257 13248 13247 13247 13247 13247 13247 13247 13276 13275 13340 13339 13339 6650 6649 6649 6649 6649 6649 6720 6768 6767 6767 14342 14341 14341 14341 14396 14395 14395 14470 14469 2026 2025 2025 2025 2164 2163 2354 2353 14956 14955 14955 14955 14955 14955 14955 14955 14955 14955 14955 14955 14970 14969 14969 14969 14969 14969 14969 14969 15076 
labels_S06_selected_tokens_40_1064_40_8744 9136 9135 9216 9215 9215 9215 9215 9296 9295 16080 16079 16079 16079 16079 16108 16107 16107 16107 16107 16107 16107 16107 16107 16107 16107 16107 16107 16107 16107 16146 16145 16145 16145 16145 22122 22121 22121 22121 22121 22188 22187 22187 22236 22235 10250 10249 10249 10249 10249 10249 10249 10249 10249 10249 10249 10249 10249 10249 10249 10249 10249 10249 10249 10346 10345 10410 10409 10409 22010 22054 22053 22053 22053 22053 22100 
labels_S06_selected_tokens_40_8744_41_6846 9136 9216 9215 9215 9215 9215 9296 9295 9295 9295 9295 16080 16079 16079 16079 16079 16108 16107 16107 16107 16107 16107 16107 16107 16107 16107 16107 16107 16107 16107 16146 16145 16145 16145 16145 16145 22122 22121 22121 22121 22121 22188 22187 22187 22187 22236 22235 22235 22235 10250 10249 10249 10249 10249 10249 10249 10249 10249 10249 10249 10249 10249 10249 10346 10345 10345 10410 10409 10409 10409 22010 22009 22054 22053 22053 22053 22053 22053 22100 
labels_S06_selected_tokens_41_6846_42_4998 14022 14021 14021 14021 14021 14021 14021 14021 14021 14021 14021 14021 14021 14070 14069 14130 14129 14129 16086 16085 16085 16085 16085 16085 16085 16085 16085 16085 16085 16085 16085 16136 16135 16135 16135 16135 16135 16135 16135 16135 16170 16169 16169 16169 16169 5534 5626 5625 5700 2074 2073 2073 2208 2207 2207 2207 2207 2207 2340 2339 2339 14190 14189 14189 14189 14189 14189 14189 14189 14189 14189 14189 14189 14210 14209 14209 14209 14209 14258 14257 
labels_S06_selected_tokens_42_4998_43_343 14022 14021 14021 14021 14021 14021 14021 14021 14021 14070 14069 14069 14130 14129 14129 16086 16085 16085 16085 16136 16135 16135 16135 16135 16135 16135 16135 16135 16135 16135 16135 16135 16135 16135 16135 16135 16170 16169 16169 16169 16169 16169 16169 5534 5626 5625 5625 5700 2074 2073 2073 2073 2073 2073 2073 2073 2073 2208 2207 2207 2207 2340 2339 14190 14189 14189 14189 14189 14189 14189 14189 14189 14189 14189 14189 14210 14209 14209 14209 14209 14209 14258 
labels_S06_selected_tokens_43_343_44_133 16468 16467 16514 16513 16513 16560 16559 16559 16559 16559 16559 16090 16089 16089 16089 16089 16089 16108 16107 16107 16107 16107 16107 16107 16107 16107 16107 16107 16107 16107 16107 16107 16107 16146 16145 16145 16145 22122 22121 22121 22121 22121 22192 22191 22191 22228 22227 22227 22227 22227 7332 7331 7331 7331 7331 7364 7363 7363 7363 7363 7363 7363 7363 7363 7363 7363 7363 7402 7401 22000 21999 21999 21999 21999 22020 22019 22100 
labels_S06_selected_tokens_44_133_44_9346 16468 16514 16513 16513 16513 16560 16559 16559 16559 16559 16559 16090 16089 16089 16089 16108 16107 16107 16107 16107 16107 16107 16107 16107 16107 16107 16107 16107 16107 16107 16146 16145 16145 16145 16145 16145 22122 22121 22121 22192 22191 22191 22228 22227 22227 22227 22227 22227 7332 7331 7331 7331 7331 7331 7331 7331 7331 7364 7363 7363 7363 7363 7363 7363 7363 7363 7402 7401 22000 21999 21999 21999 22020 22019 22019 22019 22019 22100 
labels_S06_selected_tokens_44_9346_45_712 16960 16959 16959 16959 16959 16959 16959 16959 16959 16959 16959 16959 16988 16987 16987 16987 17030 17029 17029 17029 17029 16098 16097 16097 16097 16097 16097 16097 16097 16136 16135 16135 16135 16168 16167 16167 16167 4790 4789 4789 4806 4805 4850 4849 4849 4849 648 650 649 649 649 649 649 649 649 649 649 649 649 649 652 651 651 651 18950 18949 18949 18949 18949 19068 19067 19067 19144 93 102 108 
labels_S06_selected_tokens_45_712_46_4122 16960 16959 16988 16987 16987 16987 16987 17030 17029 17029 17029 16098 16097 16097 16097 16136 16135 16135 16135 16135 16135 16135 16135 16135 16135 16168 16167 16167 16167 16167 16167 16167 4790 4789 4806 4805 4850 4849 4849 4849 648 647 650 649 649 649 649 649 649 649 649 649 649 649 652 651 651 651 18950 18949 18949 19068 19144 93 91 102 108 107 
labels_S06_selected_tokens_46_4122_47_1235 16468 16467 16467 16467 16514 16513 16560 16559 16559 16559 16559 16559 16090 16089 16089 16089 16089 16089 16136 16135 16135 16135 16170 16169 16169 16169 5534 5584 5583 5583 5650 11592 11591 11618 11617 11617 11617 11617 11694 11693 11693 11693 2126 2125 2125 2125 2125 2246 2245 2245 2245 2340 2339 14190 14189 14189 14189 14189 14189 14189 14189 14189 14189 14189 14210 14209 14209 14209 14258 
labels_S06_selected_tokens_47_1235_47_836 16468 16514 16513 16513 16513 16513 16513 16560 16559 16559 16559 16559 16090 16089 16089 16136 16135 16135 16135 16135 16135 16135 16170 16169 16169 16169 16169 5534 5533 5584 5583 5650 5649 11592 11591 11591 11618 11617 11617 11617 11694 11693 11693 11693 2126 2125 2125 2246 2245 2245 2245 2340 2339 14190 14189 14189 14189 14189 14189 14189 14189 14189 14210 14209 14209 14209 14209 14209 14258 
labels_S06_selected_tokens_47_836_48_573 12646 12690 12689 12689 12689 12689 12689 12689 12689 12689 12689 12689 12736 12735 12735 20466 20465 20465 20500 20499 20499 20499 20499 20499 20499 20499 20499 20499 20499 20499 20499 20499 20499 20532 20531 20531 5552 5626 5625 5690 5689 5689 15818 15817 15817 15817 15817 15817 15817 15817 15817 15817 15817 15817 15817 15817 15817 15824 15823 15823 15823 15823 15823 15823 15823 15828 15827 15827 15827 93 102 108 
labels_S06_selected_tokens_48_573_49_2609 12646 12690 12689 12689 12689 12689 12689 12689 12689 12736 12735 20466 20465 20465 20500 20499 20499 20499 20499 20499 20499 20499 20499 20499 20499 20499 20499 20499 20499 20499 20532 20531 5552 5626 5625 5690 5689 15818 15817 15817 15817 15817 15817 15817 15817 15817 15817 15817 15817 15817 15817 15817 15824 15823 15823 15823 15823 15823 15823 15823 15823 15828 15827 15827 93 102 108 
labels_S06_selected_tokens_49_2609_49_9739 14022 14021 14021 14021 14062 14061 14061 14061 14061 14061 14090 14089 14089 14089 20450 20449 20449 20449 20449 20449 20449 20449 20449 20449 20449 20449 20449 20449 20449 20500 20499 20499 20499 20532 20531 20531 20531 20531 5552 5584 5650 5649 11462 11461 11461 11461 11461 11461 11461 11461 11461 11461 11461 11461 11461 11461 11461 11461 11461 11461 11461 11461 11461 11461 11508 11566 11565 11565 11565 
labels_S06_selected_tokens_49_9739_50_7995 14022 14021 14021 14021 14021 14062 14090 14089 14089 20450 20449 20449 20449 20449 20449 20449 20449 20449 20449 20449 20449 20449 20449 20449 20449 20449 20449 20449 20449 20449 20500 20532 20531 20531 20531 5552 5551 5584 5583 5650 5649 11472 11471 11471 11471 11471 11471 11471 11471 11471 11471 11471 11471 11471 11478 11477 11477 11477 11477 11477 11477 11477 11477 11548 11547 11547 11547 11547 11547 11547 11547 11547 93 91 91 91 91 91 102 108 107 
labels_S06_selected_tokens_4_1257_5_1476 2 1 8 5 5 5 18 17 17 17720 17719 17719 17719 17719 17719 17719 17719 17719 17719 17719 17719 17830 17829 17829 17829 17878 17877 16686 16685 16685 16748 16747 16747 16758 16757 16757 6670 6669 6750 6749 6749 6749 6749 6749 6788 6787 6787 15146 15145 15145 15145 15145 15145 15145 15238 15308 5536 5535 5624 5623 5648 5647 5647 7332 7331 7331 7331 7331 7331 7331 7331 7331 7364 7363 7363 7363 7363 7363 7363 7363 7363 7363 7363 7363 7402 7401 7401 7401 7401 22000 21999 22020 22019 22019 22019 22019 22019 22019 22019 22100 
labels_S06_selected_tokens_50_7995_51_5276 14646 14778 14777 14777 14777 14777 14777 14777 14777 14777 14860 14859 14859 20438 20437 20437 20500 20499 20499 20499 20499 20499 20499 20499 20499 20499 20499 20499 20499 20499 20499 20499 20499 20499 20532 20531 5552 5626 5700 2016 2015 2015 2226 2225 2344 2343 2343 2343 2343 13398 13397 13397 13397 13397 13397 13397 13397 13397 13397 13397 13397 13397 13397 13397 13454 13453 13453 13453 13453 13502 13501 
labels_S06_selected_tokens_51_5276_52_2147 14646 14778 14777 14777 14777 14860 14859 14859 14859 14859 20438 20437 20437 20437 20437 20437 20437 20437 20437 20437 20437 20437 20437 20437 20437 20437 20437 20437 20437 20437 20500 20499 20499 20499 20532 20531 20531 5552 5626 5700 2016 2015 2226 2225 2225 2344 2343 2343 13398 13397 13397 13397 13397 13397 13397 13397 13397 13397 13397 13397 13454 13453 13453 13453 13502 13501 13501 
labels_S06_selected_tokens_52_2147_53_0299 16468 16482 16546 16545 16545 16545 16545 16545 17330 17329 17382 17381 17436 20444 20443 20443 20443 20443 20443 20443 20443 20443 20443 20443 20500 20499 20499 20499 20499 20499 20499 20499 20532 5552 5608 5712 5711 10328 10327 10327 10327 10327 10327 10327 10327 10327 10327 10327 10327 10372 10371 10371 10424 10423 10423 18592 18591 18591 18604 18603 18603 18603 18603 18603 18603 18603 18603 18603 18603 18603 18603 18603 18603 18603 18624 18623 18623 18623 18623 18623 
labels_S06_selected_tokens_53_0299_53_9609 16468 16482 16546 16545 16545 16545 16545 16545 16545 16545 16545 16545 16545 16545 16545 16545 17330 17329 17329 17382 17436 20444 20443 20443 20443 20443 20443 20443 20443 20443 20443 20443 20443 20443 20500 20499 20499 20499 20499 20499 20499 20499 20532 20531 20531 20531 5552 5608 5607 5712 5711 10328 10327 10327 10327 10327 10327 10327 10327 10327 10327 10327 10327 10327 10372 10371 10424 10423 10423 18592 18591 18591 18604 18603 18603 18603 18603 18603 18603 18603 18603 18603 18603 18624 18623 18623 18623 18623 18623 18623 18623 
labels_S06_selected_tokens_53_9609_55_1204 2 8 18 17720 17719 17719 17719 17719 17719 17719 17719 17719 17719 17719 17719 17719 17820 17819 17819 17916 17915 17915 17915 17915 17915 17915 17915 19222 19221 19221 19221 19278 19277 19277 19394 19393 20454 20453 20453 20500 20499 20499 20499 20499 20499 20499 20499 20499 20499 20499 20499 20499 20499 20499 20499 20499 20499 20499 20532 20531 5552 5626 5625 5700 2030 2029 2029 2029 2029 2180 2179 2179 2348 2347 15162 15161 15161 15161 15161 15234 15304 15303 19170 19169 19169 19169 19169 19320 19319 19319 19330 19329 19329 18016 18015 18015 18015 18015 18015 18015 18024 18023 18023 18023 18023 18023 18023 18023 18023 18072 18071 18071 18071 18071 
labels_S06_selected_tokens_55_1204_56_3064 17796 17820 17819 17819 17819 17819 17819 17819 17819 17819 17819 17819 17819 17819 17819 17819 17819 17819 17819 17916 17915 17915 17915 17915 17915 17915 19222 19221 19221 19221 19278 19277 19277 19277 19277 19394 19393 20454 20453 20453 20453 20453 20453 20453 20453 20453 20453 20453 20453 20453 20453 20453 20453 20453 20453 20453 20500 20499 20499 20499 20499 20499 20532 20531 20531 5552 5626 5625 5625 5700 2030 2029 2029 2029 2029 2180 2179 2179 2348 2347 2347 15162 15161 15161 15161 15161 15161 15161 15161 15234 15304 19170 19169 19169 19320 19319 19319 19330 19329 19329 19329 18016 18015 18024 18023 18023 18023 18023 18023 18023 18023 18023 18023 18072 18071 18071 18071 
labels_S06_selected_tokens_56_3064_57_3293 3 12 18 17720 17719 17719 17719 17719 17719 17719 17719 17719 17719 17719 17719 17822 17821 17821 17821 17864 17863 17863 17863 12898 12897 12897 12897 12897 12897 12950 13018 13017 13017 13017 13017 20466 20465 20465 20500 20499 20499 20499 20499 20499 20499 20499 20499 20499 20499 20499 20499 20499 20499 20499 20499 20499 20499 20499 20499 20520 20519 19240 19288 19287 19358 19357 10328 10327 10327 10327 10327 10327 10327 10327 10327 10327 10327 10327 10327 10327 10352 10436 10435 5350 5349 5430 5429 5498 5497 5497 5497 5497 5497 5497 5497 5497 5497 93 102 108 
labels_S06_selected_tokens_57_3293_58_3222 2 8 18 17720 17719 17719 17719 17719 17719 17719 17719 17719 17719 17719 17719 17719 17822 17821 17821 17821 17864 17863 17863 12898 12897 12897 12897 12897 12950 12949 12949 12949 12949 12949 12949 13018 20466 20465 20465 20500 20499 20499 20499 20499 20499 20499 20499 20499 20499 20499 20499 20499 20499 20499 20499 20499 20499 20520 20519 20519 19240 19288 19287 19358 10328 10327 10327 10327 10327 10327 10327 10327 10327 10327 10327 10327 10327 10352 10436 10435 5350 5430 5429 5429 5498 5497 5497 5497 5497 5497 5497 5497 5497 5497 93 102 108 
labels_S06_selected_tokens_58_3222_59_335 3 12 18 17720 17719 17719 17719 17719 17719 17719 17719 17719 17719 17719 17719 17719 17860 17859 17859 17859 17859 17859 17912 17911 17911 20460 20459 20500 20499 20499 20499 20499 20499 20499 20499 20499 20499 20544 20543 20543 20543 20543 6204 6203 6234 6282 10272 10271 10271 10366 10365 10365 10365 10432 10431 15680 15686 15685 15702 15701 15701 15701 15701 15701 15701 13626 13625 13666 13758 13757 13757 11442 11441 11441 11441 11441 11441 11441 11441 11441 11441 11441 11441 11441 11478 11477 11477 11477 11477 11477 11548 11547 11547 11547 11547 11547 93 102 108 
labels_S06_selected_tokens_59_335_60_2719 17796 17860 17859 17859 17859 17859 17859 17859 17859 17859 17859 17859 17859 17859 17859 17859 17859 17859 17859 17912 17911 17911 17911 20460 20459 20459 20459 20459 20459 20459 20459 20459 20500 20499 20544 20543 6204 6203 6203 6234 6282 10272 10271 10271 10366 10365 10365 10432 10431 15680 15686 15685 15685 15702 15701 15701 15701 15701 13626 13625 13666 13665 13758 13757 13757 11442 11441 11441 11441 11441 11441 11441 11441 11441 11441 11441 11441 11478 11477 11477 11477 11548 11547 11547 11547 11547 11547 11547 11547 93 102 108 
labels_S06_selected_tokens_5_1476_6_2939 2 8 18 17 17720 17719 17719 17719 17719 17719 17719 17719 17719 17719 17719 17719 17719 17719 17719 17719 17830 17829 17829 17829 17878 17877 17877 16686 16685 16685 16685 16748 16747 16758 16757 16757 6670 6669 6750 6749 6749 6788 6787 15146 15145 15145 15145 15145 15145 15145 15145 15238 15308 5536 5535 5624 5623 5648 5647 5647 5647 7332 7331 7331 7331 7331 7331 7331 7364 7363 7363 7363 7363 7363 7363 7363 7363 7363 7363 7363 7402 7401 7401 7401 21978 21977 21977 22020 22019 22019 22019 22019 22019 22019 22019 22019 22060 22059 22059 22059 22059 93 91 91 91 91 91 91 91 91 102 108 107 
labels_S06_selected_tokens_60_2719_61_2217 3 12 18 17720 17719 17719 17719 17719 17719 17719 17719 17719 17820 17819 17819 17819 17819 17916 17915 17915 17915 17915 17915 17915 19222 19221 19221 19278 19277 19394 19393 20454 20453 20453 20453 20500 20499 20499 20499 20499 20499 20499 20499 20499 20532 20531 20531 5552 5584 5583 5650 5649 11592 11591 11591 11618 11617 11617 11617 11617 11694 11693 11693 11693 11693 2022 2021 2021 2021 2021 2021 2021 2021 2250 2249 2350 2349 2349 2349 17992 17991 17991 17991 18024 18023 18023 18023 18023 18023 18023 18023 18023 18072 
labels_S06_selected_tokens_61_2217_62_4041 2 8 18 17720 17719 17719 17719 17719 17719 17719 17719 17719 17719 17719 17719 17719 17719 17719 17719 17820 17819 17916 17915 17915 17915 17915 17915 17915 17915 19222 19221 19221 19278 19277 19277 19277 19394 20454 20453 20453 20453 20453 20453 20453 20453 20453 20453 20453 20453 20453 20453 20453 20500 20499 20499 20499 20499 20532 20531 5552 5584 5583 5650 11592 11591 11591 11618 11617 11617 11617 11617 11694 11693 11693 11693 11693 11693 2022 2021 2021 2021 2021 2021 2021 2250 2249 2249 2350 2349 2349 17992 17991 17991 17991 18024 18023 18023 18023 18023 18023 18023 18023 18023 18023 18023 18023 18023 18023 18072 18071 18071 18071 18071 18071 18071 18071 
labels_S06_selected_tokens_62_4041_63_1811 4948 4956 4955 4955 4955 4955 4955 4955 4955 4970 4969 4969 4969 4969 4969 4969 4969 1048 1047 1047 1047 1047 1047 1047 1090 1089 1089 1089 1089 1089 1089 1089 1089 1089 1089 1128 1127 1127 1127 15166 15165 15214 15213 15314 2078 2077 2077 2244 2334 2333 2333 2333 13618 13617 13617 13617 13617 13617 13617 13617 13617 13617 13686 13685 13754 5304 5303 5303 5366 5365 5365 5432 5431 93 102 108 
labels_S06_selected_tokens_63_1811_63_9407 4948 4947 4956 4955 4955 4955 4955 4955 4955 4970 4969 4969 4969 4969 1048 1047 1047 1047 1047 1047 1047 1047 1047 1047 1047 1047 1047 1047 1090 1089 1089 1089 1089 1089 1089 1089 1128 1127 1127 15166 15165 15214 15314 2078 2077 2077 2244 2334 2333 2333 2333 2333 13618 13617 13617 13617 13617 13617 13617 13617 13617 13617 13617 13686 13685 13754 5304 5303 5303 5366 5365 5365 5365 5466 
labels_S06_selected_tokens_63_9407_64_6365 5170 5220 5236 5235 5235 1048 1047 1047 1047 1047 1047 1047 1047 1047 1047 1047 1047 1047 1090 1089 1128 1127 1127 15184 15183 15183 15192 15191 15191 15300 15299 15299 18170 18169 18169 18169 18169 18224 18223 18223 18223 18223 18298 18297 18297 18297 7170 7169 7169 7169 7169 7169 7169 7169 7169 7169 7169 7169 7169 7169 7204 7203 7203 7240 7239 93 102 108 
labels_S06_selected_tokens_64_6365_65_3301 5170 5220 5236 5235 5235 1048 1047 1047 1047 1047 1047 1047 1047 1047 1047 1047 1047 1047 1090 1089 1089 1128 1127 1127 15184 15183 15183 15192 15191 15191 15300 15299 15299 18170 18169 18169 18169 18224 18223 18223 18223 18298 18297 18297 18297 7170 7169 7169 7169 7169 7169 7169 7169 7169 7169 7169 7169 7204 7203 7203 7203 7203 7203 7240 93 102 108 
labels_S06_selected_tokens_65_3301_66_2142 8514 8513 8513 8513 8513 8513 8513 8513 8513 8513 8513 8513 8536 8535 8535 8590 8589 8589 1048 1047 1047 1047 1047 1047 1047 1047 1047 1047 1047 1090 1089 1089 1089 1128 1127 1127 15184 15183 15183 15192 15191 15191 15191 15300 15299 15299 18170 18169 18169 18218 18217 18217 18217 18217 18268 18267 18267 11472 11471 11471 11471 11471 11471 11471 11471 11471 11471 11471 11471 11471 11471 11471 11471 11471 11478 11477 11477 11477 11477 11477 11477 11548 11547 93 102 108 
labels_S06_selected_tokens_66_2142_67_0765 8514 8513 8513 8513 8513 8513 8513 8513 8536 8535 8535 8535 8535 8590 8589 1048 1047 1047 1047 1047 1047 1047 1047 1047 1047 1047 1047 1047 1047 1047 1047 1047 1090 1089 1089 1128 1127 1127 15184 15183 15192 15191 15191 15191 15300 15299 18170 18169 18169 18169 18169 18169 18218 18217 18217 18217 18268 18267 18267 11472 11471 11471 11471 11471 11471 11471 11471 11471 11471 11471 11471 11471 11471 11478 11477 11477 11477 11477 11477 11548 11547 93 102 108 
labels_S06_selected_tokens_67_0765_68_005 18808 18836 18862 18861 18861 18861 18861 18861 18861 18861 18861 18861 18861 18861 18861 18861 1048 1047 1047 1047 1047 1047 1047 1047 1047 1047 1047 1047 1047 1090 1089 1128 1127 1127 15184 15183 15183 15183 15234 15233 15304 19200 19199 19266 19265 19265 19265 19265 19350 19349 19349 19349 17332 17422 17421 17476 2134 2133 2133 2133 2133 2133 2133 2246 2245 2340 2339 14346 14345 14345 14345 14345 14345 14345 14345 14390 14389 14389 14424 14423 14423 14423 22004 22003 22003 22054 22053 22053 22053 22053 22100 
labels_S06_selected_tokens_68_005_68_9165 18808 18836 18835 18835 18862 18861 18861 18861 18861 18861 18861 1048 1047 1047 1047 1047 1047 1047 1047 1047 1047 1047 1047 1090 1089 1089 1089 1089 1128 1127 1127 1127 15184 15183 15183 15234 15233 15304 19200 19199 19266 19265 19265 19350 19349 19349 19349 19349 19349 17332 17422 17421 17476 2134 2133 2133 2133 2133 2133 2133 2133 2246 2340 2339 14346 14345 14345 14345 14345 14345 14390 14389 14389 14389 14389 14389 14424 14423 14423 22004 22003 22054 22053 22053 22053 22053 22053 22053 22100 
labels_S06_selected_tokens_68_9165_69_7171 20720 20719 20719 20719 20719 20719 20719 20719 20719 20734 20733 20733 20782 20781 20781 20781 1048 1047 1047 1047 1047 1047 1047 1047 1047 1047 1047 1090 1089 1089 1089 1089 1089 1089 1089 1128 1127 1127 15166 15165 15214 15266 15265 10320 10319 10319 10319 10319 10319 10319 10319 10319 10319 10319 10319 10372 10371 10371 10424 10423 10423 10423 18592 18591 18591 18604 18603 18603 18603 18603 18603 18603 18603 18603 18603 18603 18603 18624 
labels_S06_selected_tokens_69_7171_70_5097 20720 20719 20719 20719 20734 20733 20733 20733 20733 20733 20733 20733 20733 20782 1048 1047 1047 1047 1047 1047 1047 1047 1047 1047 1047 1047 1047 1047 1047 1090 1089 1089 1089 1089 1089 1089 1089 1089 1128 1127 15166 15165 15214 15266 15265 10320 10319 10319 10319 10319 10319 10319 10319 10319 10319 10372 10371 10424 10423 10423 10423 18592 18591 18591 18591 18591 18604 18603 18603 18603 18603 18603 18603 18603 18603 18603 18624 
labels_S06_selected_tokens_6_2939_7_2589 2 8 18 18750 18749 18749 18749 18836 18835 18835 18835 18862 18861 18861 18861 18861 18861 18861 18861 18861 18861 18861 18861 6696 6695 6695 6695 6750 6749 6749 6749 6788 6787 15146 15145 15145 15145 15145 15145 15145 15145 15145 15238 15308 5566 5565 5565 5624 5623 5656 5655 2030 2029 2029 2029 2180 2179 2348 2347 2347 15104 15103 15103 15103 15103 15103 15103 15103 15103 15103 15103 15103 15103 15103 15103 15103 15103 15200 15199 15199 15199 15199 15264 15263 15263 22004 22003 22003 22054 22053 22053 22053 22053 22053 22100 
labels_S06_selected_tokens_70_5097_71_269 14022 14074 14073 14073 14073 14073 14073 14073 14073 14126 14125 14125 998 997 997 997 997 997 997 997 997 997 997 1090 1089 1128 1127 15166 15165 15214 15213 15266 15265 10320 10319 10319 10319 10394 10414 10413 10413 12536 12535 12535 12542 12541 12541 12568 12567 12567 7170 7169 7169 7169 7169 7169 7169 7169 7169 7169 7169 7169 7169 7169 7169 7169 7204 7203 7203 7203 7240 93 102 108 
labels_S06_selected_tokens_71_269_72_021 14022 14074 14073 14073 14073 14073 14073 14126 14125 998 997 997 997 997 997 997 997 997 997 997 997 997 1090 1089 1089 1089 1089 1089 1128 1127 1127 15166 15165 15214 15213 15266 15265 10320 10319 10319 10394 10414 10413 10413 10413 12536 12535 12542 12541 12541 12568 12567 12567 7170 7169 7169 7169 7169 7169 7169 7169 7169 7169 7169 7169 7204 7203 7203 7203 7240 93 102 108 
labels_S06_selected_tokens_72_021_72_8761 16960 16959 16959 16959 16959 16959 16959 16962 16961 16961 16998 16997 16997 1038 1037 1037 1037 1037 1037 1037 1037 1090 1089 1128 1127 15164 15163 15242 15241 15248 15247 5566 5565 5624 5623 5656 2074 2073 2208 2207 2207 2340 2339 14358 14400 14460 14459 15150 15149 15149 15149 15149 15244 15314 15313 2052 2051 2051 2051 2051 2051 2051 2051 2051 2051 2192 2191 2191 2350 2349 2349 17992 17991 18024 18023 18023 18023 18023 18023 18023 18023 18023 18023 18072 
labels_S06_selected_tokens_72_8761_73_8714 16960 16959 16959 16959 16959 16959 16959 16959 16959 16959 16959 16962 16961 16961 16961 16998 16997 16997 1038 1037 1037 1037 1037 1037 1037 1037 1037 1037 1090 1089 1089 1089 1089 1089 1089 1089 1128 1127 1127 15164 15163 15242 15241 15248 5566 5565 5565 5624 5656 2074 2073 2208 2207 2340 14358 14357 14400 14460 15150 15149 15149 15149 15149 15244 15314 15313 15313 2052 2051 2051 2051 2051 2051 2051 2051 2192 2191 2350 2349 2349 17992 17991 17991 17991 18024 18023 18023 18023 18023 18023 18023 18023 18023 18023 18023 18023 18072 18071 
labels_S06_selected_tokens_73_8714_74_6245 4606 4626 4666 1048 1047 1047 1047 1047 1047 1047 1047 1047 1047 1047 1047 1090 1128 1127 15164 15163 15242 15248 15247 5566 5565 5624 5656 5655 2074 2242 2241 2241 2241 2292 19216 19215 19215 19266 19265 19265 19265 19265 19265 19350 19349 19349 19349 17332 17331 17380 17379 17379 17440 11448 11447 11447 11447 11447 11447 11447 11447 11447 11447 11447 11447 11478 11477 11477 11477 11548 93 102 108 
labels_S06_selected_tokens_74_6245_75_3608 4606 4626 4666 1048 1047 1047 1047 1047 1047 1047 1047 1047 1047 1047 1090 1089 1089 1089 1089 1128 1127 1127 15164 15242 15248 5566 5565 5624 5623 5656 2074 2073 2242 2292 2291 19216 19215 19215 19266 19265 19265 19265 19350 19349 19349 19349 17332 17331 17331 17380 17440 17439 11448 11447 11447 11447 11447 11447 11447 11447 11447 11447 11447 11447 11447 11478 11477 11477 11548 93 102 108 
labels_S06_selected_tokens_75_3608_76_1511 4 16 18 17720 17719 17719 17719 17719 17719 17719 17719 17719 17816 17815 17815 17815 17815 17902 17901 17901 17901 1048 1047 1047 1047 1047 1047 1047 1047 1047 1047 1090 1089 1128 1127 1127 15166 15165 15214 15314 15313 2104 2103 2103 2103 2103 2103 2202 2292 19216 19215 19280 19279 19279 19346 19345 11462 11461 11461 11461 11461 11461 11461 11461 11508 11566 11565 11565 11565 11565 11565 11565 11565 11565 11565 11565 11565 
labels_S06_selected_tokens_76_1511_77_0515 3 12 18 17720 17719 17719 17719 17719 17719 17719 17719 17719 17719 17719 17719 17719 17719 17719 17719 17719 17719 17816 17815 17815 17815 17815 17902 17901 1048 1047 1047 1047 1047 1047 1047 1047 1047 1047 1047 1047 1047 1047 1047 1090 1089 1089 1089 1089 1128 1127 1127 15166 15165 15214 15213 15314 15313 2104 2103 2103 2103 2202 2201 2292 19216 19215 19280 19279 19279 19346 19345 11462 11461 11461 11461 11461 11461 11461 11461 11461 11461 11508 11566 11565 11565 11565 11565 11565 
labels_S06_selected_tokens_77_0515_77_9375 3 12 18 18518 18554 18553 18553 18553 18553 18553 18553 18553 18553 18553 18553 18553 18553 18553 18553 18553 18564 18563 18563 18563 18563 18563 1052 1051 1051 1051 1051 1051 1051 1051 1051 1051 1051 1051 1051 1051 1051 1051 1051 1100 1099 1099 1146 1145 19210 19260 19259 19398 19397 19397 19397 19397 7332 7331 7331 7331 7331 7380 7379 7379 7379 7379 7379 7379 7379 7416 7415 5342 5430 5429 5429 5429 5498 5497 93 102 100 100 100 100 100 100 108 
labels_S06_selected_tokens_77_9375_78_8442 3 12 18 18518 18554 18553 18553 18553 18553 18553 18553 18553 18553 18553 18553 18553 18553 18553 18553 18553 18553 18564 18563 18563 18563 18563 18563 1052 1051 1051 1051 1051 1051 1051 1051 1051 1051 1051 1051 1051 1051 1051 1051 1051 1051 1100 1099 1099 1099 1146 1145 19210 19260 19259 19398 19397 7332 7331 7331 7331 7331 7331 7331 7331 7331 7380 7379 7379 7379 7379 7379 7379 7416 5342 5341 5430 5429 5429 5498 5497 93 91 102 100 100 100 100 100 108 
labels_S06_selected_tokens_78_8442_79_5554 4606 4626 4666 4665 1018 1017 1017 1017 1017 1017 1017 1017 1017 1017 1017 1017 1017 1017 1017 1100 1099 1099 1099 1146 19210 19209 19260 19398 19397 19397 19397 7362 7361 7361 7361 7361 7361 7396 7395 7395 7434 7433 7433 7433 7433 11448 11447 11447 11447 11447 11447 11447 11447 11447 11447 11447 11447 11447 11478 11477 11477 11477 11477 11477 11477 11548 93 102 108 
labels_S06_selected_tokens_79_5554_80_2397 4606 4626 4666 4665 1018 1017 1017 1017 1017 1017 1017 1017 1017 1017 1017 1017 1017 1017 1017 1100 1099 1099 1099 1146 19210 19209 19260 19398 19397 19397 19397 19397 7362 7361 7361 7361 7396 7395 7395 7434 7433 7433 7433 7433 11448 11447 11447 11447 11447 11447 11447 11447 11447 11447 11447 11447 11478 11477 11477 11477 11477 11477 11548 93 102 108 
labels_S06_selected_tokens_7_2589_8_132 2 8 18 18750 18749 18836 18835 18835 18835 18835 18862 18861 18861 18861 18861 18861 18861 18861 18861 6696 6695 6695 6750 6788 6787 15146 15145 15145 15145 15145 15145 15145 15145 15145 15145 15238 15308 5566 5565 5565 5624 5656 5655 2030 2029 2180 2179 2179 2348 2347 2347 15104 15103 15103 15103 15103 15103 15103 15103 15103 15103 15103 15103 15103 15103 15103 15103 15103 15103 15200 15199 15264 15263 15263 22004 22003 22003 22054 22053 22053 22053 22053 22053 22053 22100 
labels_S06_selected_tokens_80_2397_81_1712 8906 8918 8917 8922 8921 8921 1016 1015 1015 1015 1015 1015 1015 1015 1015 1015 1015 1015 1015 1100 1099 1144 1143 1143 1143 1143 6186 6185 6228 6227 6254 6253 6253 6253 7308 7307 7307 7396 7395 7395 7395 7450 7449 7449 10318 10317 10317 10317 10402 10401 10401 10401 10452 15680 15679 15679 15696 15695 15695 15695 15695 15695 15695 15695 15695 15728 15727 15727 15727 15727 15727 21998 21997 21997 21997 22054 22053 22053 22053 22053 22053 22100 22099 22099 22099 22099 22099 22099 22099 22099 22099 
labels_S06_selected_tokens_81_1712_82_066 8906 8918 8922 8921 1016 1015 1015 1015 1015 1015 1100 1099 1099 1099 1099 1099 1099 1099 1099 1099 1099 1144 1143 1143 1143 6186 6185 6228 6227 6254 6253 6253 6253 6253 6253 7308 7307 7307 7307 7396 7395 7395 7450 7449 7449 7449 7449 10318 10317 10317 10317 10402 10401 10401 10452 15680 15679 15696 15695 15695 15695 15695 15695 15695 15695 15695 15695 15728 15727 15727 15727 15727 21998 21997 21997 21997 22054 22053 22053 22053 22053 22053 22100 22099 22099 22099 22099 
labels_S06_selected_tokens_82_066_83_1064 18808 18836 18835 18835 18862 18861 18861 18861 18861 18861 18861 18861 18861 18861 18861 18861 1036 1035 1035 1035 1035 1035 1035 1035 1035 1035 1035 1100 1099 1099 1099 1146 19210 19314 19376 2084 2083 2226 2344 2343 2343 2343 2343 13618 13617 13617 13617 13617 13676 13732 13731 13731 19154 19153 19153 19294 19293 19366 19365 19365 19365 19365 19365 19365 19365 8474 8478 8482 8481 8481 8481 8481 8481 8481 8481 8481 13586 13585 13585 13585 13585 13585 13585 13585 13664 13663 13663 13722 13721 13721 21976 21975 21975 21975 21975 21975 22054 22053 22053 22100 22099 22099 
labels_S06_selected_tokens_83_1064_84_0937 18808 18836 18835 18862 18861 18861 18861 18861 18861 18861 18861 18861 18861 18861 1036 1035 1035 1035 1035 1035 1035 1035 1035 1100 1099 1099 1099 1099 1146 19210 19314 19376 2084 2226 2344 2343 2343 13618 13617 13617 13617 13617 13676 13675 13732 13731 19154 19153 19153 19153 19294 19293 19366 19365 19365 19365 19365 19365 19365 19365 8474 8478 8482 8481 8481 8481 8481 8481 8481 8481 8481 13586 13585 13585 13585 13585 13585 13585 13585 13585 13664 13663 13663 13722 13721 21976 21975 21975 22054 22053 22053 22053 22053 22100 22099 22099 22099 
labels_S06_selected_tokens_84_0937_84_8773 12646 12694 12693 12693 12693 12750 12749 12749 12749 12749 12749 12749 16106 16105 16105 16136 16135 16152 16151 16151 16151 18144 18143 18143 18143 18143 18143 18232 18231 18231 18231 18310 18309 19160 19292 19291 19291 19336 19335 19335 9020 9019 9019 9044 9043 9058 9057 9057 9057 648 647 650 649 649 654 653 653 653 653 17292 17291 17291 17291 17291 17291 17291 17291 17420 17419 17462 17461 5342 5341 5430 5429 5500 
labels_S06_selected_tokens_84_8773_85_6016 12646 12694 12693 12693 12693 12750 12749 12749 12749 12749 12749 12749 12749 16106 16105 16136 16135 16152 16151 16151 16151 16151 18144 18143 18143 18143 18143 18143 18232 18310 19160 19159 19159 19292 19336 19335 9020 9044 9043 9058 9057 9057 9057 648 647 650 649 654 653 653 653 653 653 653 653 17292 17291 17291 17291 17291 17291 17420 17419 17462 17461 5342 5341 5430 5429 5500 
labels_S06_selected_tokens_85_6016_86_4025 16960 16959 16959 16959 16959 16959 16959 16962 16961 16961 16998 16997 16997 6710 6709 6758 6757 6757 6774 6773 6773 6773 18128 18127 18127 18127 18232 18231 18231 18231 18231 18310 18309 18309 19160 19159 19316 19315 19315 19388 19387 19387 19387 8714 8713 8713 8713 8748 8747 8776 8775 2082 2224 2223 2342 2341 13398 13397 13397 13397 13397 13397 13397 13397 13397 13397 13397 13397 13397 13397 13397 13397 13397 13454 13453 13453 13453 13502 
labels_S06_selected_tokens_86_4025_87_1078 16960 16959 16959 16959 16962 16961 16961 16998 16997 16997 6710 6709 6758 6757 6757 6774 6773 6773 6773 18128 18127 18127 18127 18127 18232 18231 18231 18231 18231 18310 18309 19160 19316 19388 8714 8713 8713 8713 8748 8776 2082 2081 2224 2223 2342 2341 13398 13397 13397 13397 13397 13397 13397 13397 13397 13397 13397 13397 13397 13397 13397 13454 13453 13502 13501 13501 13501 13501 13501 
labels_S06_selected_tokens_87_1078_88_0368 3 12 18 17720 17719 17719 17719 17719 17719 17719 17719 17719 17719 17719 17719 17719 17719 17719 17834 17833 17833 17833 17914 17913 17913 3504 3503 3503 3526 3525 3525 3525 3525 3548 3547 3547 8718 8717 8717 8717 8717 8717 8717 8738 8737 8794 19244 19243 19243 19243 19292 19291 19291 19291 19291 19291 19372 19371 19371 4784 4796 4795 4795 4824 4823 4823 4823 3682 3684 3688 3687 3687 3687 3687 3687 3687 3687 3687 3687 3687 13406 13405 13405 13405 13405 13405 13454 13453 13453 13502 13501 
labels_S06_selected_tokens_88_0368_88_844 17796 17795 17795 17795 17795 17795 17795 17795 17795 17834 17833 17833 17833 17833 17833 17833 17833 17914 17913 3504 3503 3503 3503 3503 3503 3503 3503 3526 3525 3548 3547 3547 3547 8718 8717 8717 8717 8717 8717 8717 8738 8737 8737 8794 19244 19292 19372 4784 4796 4795 4824 4823 4823 4823 3682 3684 3688 3687 3687 3687 3687 13406 13405 13405 13405 13405 13405 13405 13405 13405 13454 13453 13453 13453 13453 13453 13453 13453 13502 
labels_S06_selected_tokens_88_844_89_8201 20720 20719 20719 20719 20719 20719 20719 20734 20733 20782 20781 20781 20781 20781 20781 1052 1051 1051 1051 1051 1051 1051 1051 1051 1051 1066 1065 1132 1131 1131 1131 1131 1131 18206 18205 18205 18205 18205 18232 18231 18231 18231 18231 18231 18310 18309 19208 19207 19207 19278 19277 19277 19277 19277 19277 19277 19277 19360 19359 19359 13576 13575 13575 13575 13668 13667 13667 13667 13694 13693 13693 11442 11441 11441 11441 11441 11441 11441 11441 11441 11441 11441 11441 11441 11441 11478 11477 11477 11477 11477 11477 11548 11547 93 102 108 
labels_S06_selected_tokens_89_8201_90_6053 20720 20719 20719 20719 20734 20733 20782 20781 20781 20781 20781 1052 1051 1051 1051 1051 1051 1051 1051 1051 1066 1065 1065 1065 1065 1065 1132 1131 1131 1131 18206 18205 18205 18205 18205 18205 18205 18232 18231 18231 18231 18231 18310 19208 19207 19278 19360 19359 13576 13575 13575 13668 13667 13667 13694 13693 13693 13693 11442 11441 11441 11441 11441 11441 11441 11441 11441 11441 11478 11477 11477 11477 11477 11548 93 102 108 
labels_S06_selected_tokens_8_132_8_9398 2 1 8 18 17 17 17 17 20720 20734 20733 20733 20733 20756 20755 20755 6706 6705 6705 6750 6749 6749 6788 6787 6787 15148 15147 15147 15147 15147 15218 15217 15217 15276 15275 5042 5041 5041 5041 5056 5055 5055 5055 5055 5055 5060 5059 5059 5059 5059 5059 7170 7169 7169 7169 7169 7169 7169 7169 7169 7169 7169 7169 7169 7169 7169 7204 7203 7203 7203 7203 7203 7203 7240 7239 7239 93 102 108 
labels_S06_selected_tokens_8_9398_9_7701 3 12 10 10 18 17 20720 20719 20719 20719 20719 20719 20719 20719 20719 20719 20719 20719 20719 20734 20733 20733 20756 20755 20755 6706 6705 6750 6749 6749 6749 6788 6787 6787 15148 15147 15147 15147 15147 15218 15217 15217 15276 15275 5042 5041 5041 5041 5041 5056 5055 5055 5060 5059 5059 5059 5059 5059 7170 7169 7169 7169 7169 7169 7169 7169 7169 7169 7169 7169 7169 7169 7204 7203 7203 7203 7203 7240 93 102 108 
labels_S06_selected_tokens_90_6053_91_5087 21112 21111 21122 21121 21121 21121 21121 21210 21209 8226 8225 8225 8225 8274 8273 8273 8273 8273 8292 8291 8291 8291 8291 18154 18153 18153 18153 18153 18232 18231 18231 18231 18310 18309 18309 19208 19278 19277 19277 19277 19277 19277 19360 19359 13604 13603 13684 13683 13683 13683 13683 13714 13713 13713 4558 4557 4557 4564 4563 4563 4563 4563 4563 4563 4563 4563 4563 4563 4572 4571 4571 4571 4571 14962 14961 14961 14961 14970 14969 14969 14969 14969 14969 14969 15076 15075 15075 15075 
labels_S06_selected_tokens_91_5087_92_3639 21112 21122 21121 21121 21121 21121 21210 21209 8226 8225 8225 8225 8225 8274 8273 8273 8273 8273 8292 8291 8291 8291 18154 18153 18153 18153 18153 18153 18232 18231 18231 18231 18231 18231 18310 19208 19278 19360 19359 13604 13603 13603 13684 13683 13714 13713 13713 13713 13713 4558 4557 4557 4557 4557 4557 4557 4564 4563 4563 4563 4563 4563 4563 4572 4571 4571 4571 4571 14962 14961 14961 14961 14970 14969 14969 14969 14969 14969 14969 15076 15075 15075 15075 15075 
labels_S06_selected_tokens_92_3639_93_35 21112 21111 21111 21111 21111 21111 21111 21148 21147 21147 21196 21195 21195 10980 10979 11022 11021 11021 11092 11091 11091 18164 18163 18163 18163 18232 18231 18231 18310 18309 19160 19159 19159 19316 19315 19315 19388 19387 19387 19387 19387 19387 8714 8713 8748 8747 8747 8776 2082 2081 2224 2342 2341 13618 13617 13617 13617 13670 13669 13669 13710 15118 15117 15117 15244 15314 15313 2052 2051 2051 2051 2051 2051 2051 2051 2051 2051 2192 2191 2350 2349 2349 2349 17992 17991 17991 17991 17991 17991 17991 18024 18023 18023 18023 18023 18023 18072 
labels_S06_selected_tokens_93_35_94_2642 21112 21111 21111 21148 21147 21147 21147 21196 21195 21195 10980 10979 11022 11021 11092 11091 11091 18164 18163 18163 18232 18231 18231 18231 18231 18231 18310 18309 19160 19316 19388 8714 8713 8748 8747 8776 2082 2224 2223 2342 13618 13617 13670 13669 13669 13669 13669 13669 13710 13709 13709 15118 15117 15117 15244 15314 15313 2052 2051 2051 2051 2051 2051 2051 2051 2051 2192 2191 2191 2191 2350 2349 2349 17992 17991 18024 18023 18023 18023 18023 18023 18023 18023 18023 18023 18023 18023 18023 18072 
labels_S06_selected_tokens_94_2642_95_2967 16960 16990 16989 16989 16989 16989 16989 16989 16989 16989 16989 17026 10956 10955 10955 11030 11029 11092 11091 11091 18164 18163 18163 18163 18232 18231 18231 18231 18231 18310 18309 19208 19207 19278 19277 19368 19367 19367 19367 19367 21372 21371 21371 21371 21424 21423 21466 21465 21465 21465 21465 21465 21465 648 650 649 652 651 651 5040 5039 5039 5039 5039 5039 5056 5055 5055 5062 5061 5061 5061 10304 10303 10303 10303 10303 10303 10303 10303 10303 10303 10303 10303 10392 10391 10391 10438 22010 22009 22009 22054 22053 22053 22053 22053 22053 22053 22053 22053 22100 
labels_S06_selected_tokens_95_2967_96_26696145124717 3 12 18 16936 16935 16935 16935 16935 16935 16935 16935 16935 16990 16989 17026 17025 10956 11030 11029 11029 11092 11091 11091 18164 18163 18232 18231 18231 18231 18231 18231 18231 18310 19208 19207 19278 19368 21372 21371 21424 21423 21423 21466 21465 21465 21465 21465 648 650 652 651 651 651 5040 5039 5039 5039 5039 5039 5056 5055 5055 5055 5062 5061 5061 5061 10304 10303 10303 10303 10303 10303 10303 10303 10303 10303 10392 10391 10438 10437 22010 22054 22053 22053 22053 22053 22053 22053 22053 22053 22053 22100 22099 22099 
labels_S06_selected_tokens_9_7701_10_873 2 8 18 17 17 17 17 12448 12447 12447 12447 12447 12447 12456 12455 12455 12480 12479 12479 12479 6688 6687 6687 6687 6687 6750 6749 6788 6787 6787 15182 15181 15214 15213 15268 15267 15267 15267 15267 7356 7355 7355 7355 7355 7355 7396 7395 7395 7395 7395 7395 7456 7455 7455 7455 8476 8475 8475 8478 8477 8477 8477 8480 8479 8479 8479 8479 19240 19239 19239 19239 19239 19239 19239 19239 19239 19320 19319 19319 19319 19330 19329 17960 17959 17959 17959 17959 17959 17959 17959 17959 18024 18023 18023 18023 18023 18023 18072 18071 18071 18071 18071 93 102 100 100 100 108 
