labels_S06_selected_tokens_0_0_0_5903 
0	1	11	0,0,5170_5220_5236_5235_6674_6673_6673_6750_6749_6749_6749_6788_6787_15148_15147_15147_15147_15147_15234_15233_15304_15303_19224_19223_19294_19293_19293_19338_19337_19337_2084_2083_2083_2083_2226_2344_2343_2343_13398_13397_13397_13397_13397_13397_13397_13397_13397_13397_13397_13397_13397_13454_13453_13453_13453_13453_13502
1

labels_S06_selected_tokens_0_5903_1_1651 
0	1	11	0,0,5170_5220_5236_5235_5235_6674_6750_6749_6788_6787_15148_15147_15147_15147_15147_15147_15147_15234_15233_15304_19224_19223_19294_19293_19338_19337_19337_19337_2084_2083_2083_2083_2226_2344_2343_2343_13398_13397_13397_13397_13397_13397_13397_13397_13397_13397_13397_13397_13397_13454_13453_13453_13453_13502_13501
1

labels_S06_selected_tokens_10_873_12_019 
0	1	16	0,0,2_1_1_1_1_1_1_1_1_8_18_17_17_12448_12447_12447_12447_12447_12447_12456_12455_12455_12455_12480_12479_12479_6688_6687_6687_6750_6788_6787_15182_15181_15214_15213_15268_15267_15267_15267_15267_15267_15267_15267_7356_7355_7355_7396_7395_7395_7395_7395_7395_7395_7456_7455_7455_7455_7455_8476_8475_8475_8475_8478_8477_8477_8477_8480_8479_8479_8479_19240_19239_19239_19239_19239_19239_19320_19319_19319_19319_19330_19329_17960_17959_17959_17959_17959_17959_17959_17959_17959_18024_18023_18023_18023_18072_18071_18071_18071_18071_93_91_91_91_91_91_91_91_91_102_108_107
1

labels_S06_selected_tokens_12_019_12_9908 
0	1	38	0,0,3_12_18_17720_17719_17719_17719_17719_17719_17719_17719_17719_17719_17719_17719_17816_17815_17815_17815_17918_17917_6672_6671_6750_6749_6788_6787_15148_15147_15147_15147_15234_15304_15303_19224_19223_19223_19294_19293_19293_19338_2136_2176_2175_2340_14358_14357_14357_14396_14395_14470_2026_2025_2025_2025_2164_2163_2354_2353_15162_15161_15161_15161_15161_15234_15233_15304_19170_19169_19169_19320_19319_19330_19329_19329_17960_17959_17959_17959_17959_17959_17959_17959_17959_18024_18023_18023_18072_18071_18071_18071_18071_93_102_108
1

labels_S06_selected_tokens_12_9908_14_0963 
0	1	38	0,0,2_8_5_5_18_17_17_17720_17719_17719_17719_17719_17719_17719_17719_17719_17719_17719_17719_17719_17816_17815_17815_17815_17815_17918_17917_6672_6750_6788_6787_15148_15147_15234_15233_15304_15303_19224_19223_19294_19293_19293_19338_19337_2136_2176_2175_2175_2340_14358_14357_14396_14395_14470_14469_2026_2025_2025_2025_2164_2354_2353_15162_15161_15161_15161_15161_15234_15304_19170_19169_19169_19169_19169_19320_19319_19319_19330_19329_19329_17960_17959_17959_17959_17959_17959_17959_17959_17959_18024_18023_18023_18023_18072_18071_18071_18071_18071_93_91_91_91_91_91_91_91_102_108_107
1

labels_S06_selected_tokens_14_0963_15_3963 
0	1	51	0,0,2_8_18_17_17_17_17_17_20720_20719_20719_20719_20719_20719_20719_20719_20719_20719_20719_20719_20719_20734_20733_20733_20733_20756_20755_20755_20755_6706_6705_6705_6750_6749_6749_6788_6787_6787_15182_15181_15181_15214_15314_15313_15313_15313_15313_15313_15313_15313_2078_2077_2077_2077_2077_2244_2334_2333_13606_13605_13688_13687_13687_13750_13749_13749_13749_13749_8476_8475_8475_8475_8478_8477_8477_8477_8477_8477_8480_8479_8479_8479_19240_19239_19239_19239_19239_19239_19320_19319_19319_19330_19329_19329_17960_17959_17959_17959_17959_17959_17959_17959_18024_18023_18023_18023_18072_18071_18071_18071_18071_94_91_91_91_106_105_105_105_105_105_105_105_105_105_105_105_108
1

labels_S06_selected_tokens_15_3963_16_6766 
0	1	51	0,0,2_1_8_5_18_17_17_20720_20719_20719_20719_20719_20719_20719_20719_20719_20719_20719_20719_20719_20719_20734_20733_20733_20756_20755_20755_6706_6750_6749_6788_6787_6787_15182_15181_15181_15214_15213_15314_15313_15313_15313_15313_15313_15313_15313_15313_2078_2077_2077_2077_2244_2334_13606_13605_13605_13688_13687_13750_13749_13749_13749_8476_8475_8475_8475_8478_8477_8477_8477_8477_8480_8479_8479_8479_19240_19239_19239_19239_19320_19319_19319_19319_19319_19319_19330_19329_19329_17960_17959_17959_17959_17959_17959_17959_17959_17959_17959_18024_18023_18023_18072_18071_18071_94_91_91_91_91_91_91_91_91_91_106_105_105_105_105_105_105_105_105_105_105_108
1

labels_S06_selected_tokens_16_6766_17_5999 
0	1	5	0,0,2_8_18_17720_17719_17719_17719_17719_17719_17719_17719_17719_17719_17719_17719_17719_17719_17719_17719_17826_17825_17825_17825_17825_17825_17825_17874_17873_12144_12143_12143_12194_12193_12193_12193_12193_12193_12193_12193_12246_12245_12245_12245_12245_12245_13614_13613_13656_13740_10324_10323_10402_10401_10401_10401_10401_10401_10401_10401_10401_10452_10451_15618_15617_15617_15626_15625_15625_15625_15625_15625_15625_15625_15625_15625_15642_15641_15641_15641_15641_15641_15641_15641_15641_15641_15641_15641_15641_15641_15641
1

labels_S06_selected_tokens_17_5999_18_4936 
0	1	5	0,0,2_8_18_17720_17719_17719_17719_17719_17719_17719_17719_17719_17719_17719_17719_17719_17719_17719_17826_17825_17825_17825_17825_17825_17874_17873_12144_12194_12246_12245_12245_12245_12245_12245_12245_13614_13613_13613_13613_13613_13656_13655_13740_13739_13739_13739_10324_10323_10323_10323_10402_10401_10401_10452_10451_15612_15611_15626_15625_15625_15625_15625_15625_15625_15625_15625_15625_15625_15642_15641_15641_15641_15641_15641_15641_15641_15641_15641_93_102_100_100_100_100_100_100_108
1

labels_S06_selected_tokens_18_4936_19_3119 
0	1	18	0,0,9150_9204_9203_9203_9203_9203_9203_9203_9203_9203_9203_9203_9288_9287_12128_12127_12127_12127_12127_12127_12178_12177_12177_12246_12245_12245_12245_12245_12245_12245_13564_13563_13672_13716_13715_13715_13715_13715_13715_13715_13715_7334_7333_7333_7333_7333_7364_7363_7363_7363_7363_7363_7363_7363_7363_7363_7363_7363_7402_7401_22000_21999_21999_22020_22019_22019_22019_22019_22019_22019_22019_22019_22100_22099_22099_22099_22099_22099_22099_22099
1

labels_S06_selected_tokens_19_3119_20_1666 
0	1	18	0,0,4_1_1_1_1_1_1_16_15_15_15_15_15_15_18_9202_9204_9288_12128_12178_12177_12246_12245_12245_12245_12245_12245_12245_12245_13564_13563_13563_13672_13671_13671_13716_13715_13715_13715_13715_13715_13715_13715_7334_7333_7333_7333_7333_7333_7364_7363_7363_7363_7363_7363_7363_7363_7363_7363_7402_7401_7401_22000_21999_21999_21999_21999_22020_22019_22019_22019_22019_22019_22019_22100_22099_22099_22099_22099_22099_22099_22099_22099
1

labels_S06_selected_tokens_1_1651_2_0132 
0	1	14	0,0,8514_8554_8553_8553_8553_8553_8553_8553_8553_8553_8553_8553_8553_8553_8553_8558_17314_17368_17367_17486_6646_6645_6645_6645_6760_6759_6788_6787_15146_15145_15145_15145_15145_15145_15238_15308_5520_5572_5571_5571_5571_5658_5657_13552_13551_13634_13633_13633_13696_13695_2032_2031_2031_2031_2031_2031_2031_2031_2192_2191_2191_2191_2350_2349_17992_17991_17991_17991_17991_17991_17991_17991_17991_17991_17991_17991_17991_17991_17991_17991_17991_18024_18072
1

labels_S06_selected_tokens_20_1666_21_0302 
0	1	26	0,0,14022_14021_14021_14021_14021_14021_14021_14056_14055_14055_14100_14099_12126_12125_12125_12125_12194_12193_12193_12193_12246_12245_12245_12245_12245_12245_12245_13616_13615_13615_13615_13676_13675_13732_13731_19154_19153_19153_19153_19294_19386_19385_19385_19385_19385_19385_19385_19385_19385_19385_4560_4559_4559_4559_4559_4564_4563_4563_4563_4563_4563_4572_4571_4571_4571_4571_4571_14194_14193_14193_14193_14193_14193_14193_14193_14193_14210_14209_14209_14209_14209_14258_14257_14257
1

labels_S06_selected_tokens_21_0302_21_894 
0	1	26	0,0,14022_14021_14021_14021_14021_14021_14021_14021_14021_14056_14055_14055_14100_14099_12126_12194_12246_12245_12245_12245_12245_12245_12245_13616_13615_13615_13615_13615_13615_13676_13675_13732_13731_13731_19154_19153_19153_19153_19294_19386_19385_19385_19385_19385_19385_19385_19385_19385_19385_19385_4560_4559_4564_4563_4563_4563_4563_4563_4563_4563_4572_4571_4571_4571_4571_14194_14193_14193_14193_14193_14193_14193_14193_14193_14193_14193_14193_14210_14209_14209_14209_14209_14209_14258
1

labels_S06_selected_tokens_21_894_22_7396 
0	1	55	0,0,9144_9212_9266_21354_21353_21353_21353_21353_21353_21353_21353_21416_21470_21469_21469_12152_12151_12194_12193_12246_12245_12245_12245_12245_12245_12245_13616_13615_13615_13615_13615_13615_13676_13675_13675_13732_13731_13731_5046_5045_5045_5056_5055_5055_5055_5070_5069_5069_5069_5069_5069_6934_6933_6933_6938_6937_6937_6937_6937_6948_6947_6947_6947_6947_6947_6947_17104_17103_17103_17156_17155_17155_17155_17155_17155_17155_17155_17155_17212_17211_17211_17211_17211
1

labels_S06_selected_tokens_22_7396_23_5008 
0	1	55	0,0,9144_9212_9266_21354_21353_21416_21415_21415_21470_21469_21469_12152_12194_12246_12245_12245_13616_13615_13615_13615_13615_13615_13615_13615_13676_13675_13675_13675_13732_13731_13731_13731_5046_5045_5045_5056_5055_5055_5055_5070_5069_5069_5069_5069_5069_6934_6933_6938_6937_6948_6947_6947_6947_6947_6947_6947_6947_6947_6947_6947_6947_17104_17156_17155_17155_17155_17155_17155_17155_17155_17212_17211_17211_17211
1

labels_S06_selected_tokens_23_5008_24_2198 
0	1	56	0,0,21112_21111_21111_21148_21147_21190_21189_21189_21189_12120_12119_12119_12194_12193_12193_12246_12245_12245_12245_12245_12245_12245_13616_13615_13615_13615_13615_13615_13686_13685_13685_13754_5514_5513_5513_5624_5676_5675_5675_10272_10366_10365_10365_10365_10365_10365_10365_10432_10431_10431_10431_15618_15626_15625_15625_15625_15625_15625_15625_15625_15642_15641_15641_15641_15641_15641_15641_15641_15641_15641
1

labels_S06_selected_tokens_24_2198_24_9219 
0	1	56	0,0,21112_21148_21147_21147_21147_21147_21147_21190_21189_12120_12119_12194_12246_12245_12245_13616_13615_13615_13615_13615_13615_13615_13615_13615_13686_13685_13685_13754_13753_5514_5513_5624_5676_5675_5675_5675_10272_10271_10366_10365_10365_10365_10365_10432_10431_15618_15617_15626_15625_15625_15625_15625_15625_15625_15625_15625_15625_15625_15625_15625_15625_15625_15625_15642_15641_15641_15641_15641
1

labels_S06_selected_tokens_24_9219_26_0457 
0	1	43	0,0,2_8_18_17720_17719_17719_17719_17719_17719_17719_17719_17719_17719_17719_17719_17719_17820_17819_17819_17819_17819_17916_17915_17915_19222_19221_19221_19278_19277_19277_19374_19373_19373_19373_12138_12194_12193_12193_12246_12245_12245_12245_12245_12245_12245_13616_13615_13615_13615_13652_13651_13651_13744_13743_21366_21365_21365_21394_21393_21472_21471_21471_21471_7910_7912_7911_7911_7911_7911_7914_7913_7913_12934_12933_12933_12933_12933_12933_12946_12945_12945_12945_12945_12945_12992_12991_17926_17925_17925_17925_17925_17925_17925_17925_17925_18024_18023_18023_18023_18072_18071_18071_18071_18071_18071_18071_93_91_102_108
1

labels_S06_selected_tokens_26_0457_27_2129 
0	1	43	0,0,2_8_18_17_17720_17719_17719_17719_17719_17719_17719_17719_17719_17719_17719_17719_17719_17820_17819_17819_17916_17915_17915_17915_19222_19221_19221_19221_19278_19277_19277_19374_19373_12138_12194_12246_12245_12245_12245_12245_12245_13616_13615_13615_13615_13615_13652_13651_13651_13651_13651_13651_13744_21366_21365_21394_21393_21393_21472_21471_21471_21471_7910_7912_7911_7911_7911_7911_7914_7913_7913_7913_7913_12934_12933_12933_12933_12933_12933_12933_12933_12933_12946_12945_12945_12992_12991_17926_17925_17925_17925_17925_17925_17925_17925_18024_18023_18023_18023_18023_18023_18023_18023_18023_18072_18071_18071_18071_93_91_91_91_91_102_108
1

labels_S06_selected_tokens_27_2129_28_1566 
0	1	10	0,0,5170_5169_5216_5215_5274_5273_12134_12133_12133_12194_12193_12193_12193_12193_12246_12245_12245_12245_12245_12245_12245_13564_13563_13672_13716_13715_13715_13715_13715_13715_13715_7326_7390_7389_7418_7417_7417_7417_7417_18646_18645_18645_18645_18645_18645_18664_18663_18663_18663_18684_18683_18683_18683_11282_11281_11286_11285_11285_11292_11291_11291_16568_16567_16567_16567_16567_16618_16617_16617_16617_16660_16659_16659_16659_16659_93_102_100_100_100_100_100_100_100_100_100_100_100_100_100_100_108
1

labels_S06_selected_tokens_28_1566_28_8764 
0	1	23	0,0,3_12_18_13184_13183_13270_13269_13269_13269_13269_13269_13269_13269_13269_13340_13339_13339_6650_6649_6649_6649_6649_6649_6649_6756_6792_6791_6791_6791_6186_6185_6228_6227_6254_6253_6253_6253_7360_7359_7359_7359_7359_7359_7396_7395_7395_7395_7395_7434_7433_7433_7433_11448_11447_11447_11447_11447_11447_11447_11447_11478_11477_11477_11477_11477_11477_11548_93_102_108
1

labels_S06_selected_tokens_28_8764_29_5006 
0	1	23	0,0,13248_13247_13247_13247_13276_13275_13275_13340_13339_13339_6650_6649_6649_6649_6649_6649_6649_6649_6756_6792_6186_6228_6254_7360_7359_7359_7359_7359_7359_7359_7396_7395_7434_7433_7433_7433_7433_11448_11447_11447_11447_11447_11447_11447_11447_11447_11447_11447_11478_11477_11477_11477_11477_11477_11477_11477_11548_93_102_108
1

labels_S06_selected_tokens_29_5006_30_4027 
0	1	58	0,0,21112_21152_21151_21180_21179_21179_21179_7780_7779_7779_7779_7779_7802_7801_7801_7801_7820_7819_7819_7819_7819_7819_7819_6196_6195_6212_6211_6272_6271_11592_11591_11591_11591_11618_11617_11617_11617_11617_11694_11693_11693_11693_11693_11693_2022_2021_2021_2021_2021_2250_2249_2350_2349_2349_18178_18177_18232_18231_18231_18231_18231_18231_18231_18231_18282_18281_18281_18970_18969_18969_18969_18969_18969_18969_19022_19021_19021_19021_19021_19021_19021_19072_19071_19071_19071_93_102_108
1

labels_S06_selected_tokens_2_0132_2_8371 
0	1	14	0,0,8514_8554_8553_8553_8553_8553_8553_8553_8553_8553_8553_8553_8553_8553_8553_8553_8558_8557_17314_17313_17368_17486_6646_6760_6759_6788_15146_15145_15145_15145_15145_15145_15145_15145_15238_15308_15307_5520_5572_5571_5658_5657_5657_13552_13551_13634_13633_13633_13696_13695_2032_2031_2031_2031_2031_2031_2031_2031_2192_2191_2191_2350_2349_2349_2349_17992_17991_18024_18023_18023_18023_18023_18023_18023_18023_18023_18023_18023_18023_18072
1

labels_S06_selected_tokens_2_8371_3_5009 
0	1	24	0,0,13248_13247_13247_13247_13247_13247_13247_13247_13247_13276_13275_13275_13275_13340_13339_6650_6649_6649_6649_6649_6649_6649_6649_6720_6768_6767_6767_14342_14341_14341_14341_14341_14396_14395_14470_14469_2026_2025_2025_2025_2025_2164_2163_2354_2353_14956_14955_14955_14955_14955_14955_14955_14955_14955_14955_14955_14970_14969_14969_14969_15076_15075_15075_15075
1

labels_S06_selected_tokens_30_4027_31_2829 
0	1	58	0,0,21112_21111_21111_21152_21151_21151_21151_21151_21151_21151_21180_21179_21179_21179_21179_7780_7779_7779_7802_7801_7801_7820_7819_7819_6196_6212_6272_11592_11591_11591_11591_11591_11591_11591_11618_11617_11617_11617_11617_11694_11693_11693_11693_11693_2022_2021_2021_2021_2021_2021_2250_2249_2249_2350_2349_2349_18178_18177_18232_18231_18231_18231_18231_18231_18231_18231_18282_18281_18281_18970_18969_19022_19021_19021_19072_19071_19071_19071_93_102_100_100_100_100_100_108
1

labels_S06_selected_tokens_31_2829_32_1435 
0	1	19	0,0,9136_9135_9135_9135_9135_9135_9135_9135_9135_9135_9216_9215_9215_9215_9215_9215_9215_9215_9286_9285_9285_9285_6696_6756_6755_6792_6791_6791_6791_6791_6186_6228_6227_6227_6254_6253_6253_7300_7299_7299_7299_7299_7299_7299_7299_7299_7364_7363_7363_7363_7363_7363_7363_7363_7363_7363_7363_7363_7402_7401_21978_21977_21977_21977_22020_22019_22019_22019_22019_22019_22019_22060_22059_22059_22059_22059_22059_22059_22059_93_91_91_102_108
1

labels_S06_selected_tokens_32_1435_33_0023 
0	1	19	0,0,9136_9135_9135_9135_9135_9135_9135_9135_9216_9215_9215_9215_9215_9286_9285_9285_9285_6696_6695_6756_6755_6755_6755_6755_6755_6755_6792_6186_6228_6227_6254_7300_7299_7299_7299_7299_7299_7299_7299_7299_7364_7363_7363_7363_7363_7363_7363_7363_7363_7363_7363_7402_7401_7401_7401_21978_21977_21977_21977_22020_22019_22019_22019_22019_22019_22019_22060_22059_22059_22059_22059_22059_22059_93_91_91_91_91_91_91_91_91_102_108
1

labels_S06_selected_tokens_33_0023_33_7756 
0	1	22	0,0,13248_13276_13275_13275_13275_13275_13275_13352_13351_13351_13351_1002_1001_1001_1001_1001_1001_1001_1001_1001_1001_1001_1001_1100_1099_1099_1144_1143_1143_1143_6186_6185_6228_6227_6254_6253_6253_6253_7300_7299_7299_7299_7299_7299_7364_7363_7363_7363_7363_7363_7363_7363_7363_7402_7401_7401_7401_22000_21999_21999_22020_22019_22019_22019_22019_22019_22019_22019_22019_22019_22100_22099_22099_22099_22099
1

labels_S06_selected_tokens_33_7756_34_5491 
0	1	22	0,0,13248_13276_13275_13275_13352_13351_13351_13351_13351_1002_1001_1001_1001_1001_1001_1001_1001_1001_1001_1100_1099_1099_1099_1144_1143_6186_6228_6227_6254_7300_7299_7299_7299_7299_7299_7299_7364_7363_7363_7363_7363_7363_7363_7363_7363_7363_7363_7402_7401_7401_7401_22000_21999_21999_21999_21999_22020_22019_22019_22019_22019_22019_22019_22019_22019_22019_22100_22099_22099_22099_22099_22099_22099_22099_22099
1

labels_S06_selected_tokens_34_5491_35_3533 
0	1	13	0,0,8514_8513_8513_8513_8513_8513_8513_8513_8513_8513_8513_8513_8513_8513_8540_8539_8539_8539_8539_8578_8577_8577_474_518_517_517_517_517_517_517_517_517_517_517_517_517_517_540_539_539_539_6186_6185_6228_6227_6227_6254_6253_6253_7300_7299_7299_7299_7299_7299_7299_7299_7299_7299_7299_7299_7299_7380_7379_7379_7379_7416_7415_5342_5341_5430_5429_5498_5497_5497_93_102_108
1

labels_S06_selected_tokens_35_3533_36_0196 
0	1	13	0,0,8514_8513_8513_8540_8539_8539_8539_8578_8577_8577_474_473_518_517_517_517_517_517_517_517_517_517_517_517_517_540_539_539_539_6186_6228_6227_6254_6253_7300_7299_7299_7299_7299_7380_7379_7379_7379_7379_7379_7379_7379_7379_7379_7416_7415_7415_5342_5341_5430_5429_5429_5498_5497_5497_5497_5497_93_102_108
1

labels_S06_selected_tokens_36_0196_36_6565 
0	1	54	0,0,21112_21111_21162_21161_21161_21161_21161_21161_21161_21161_21161_21161_21168_21167_21167_6702_6701_6701_6701_6756_6755_6755_6755_6792_6791_6791_6791_6791_6791_6186_6228_6227_6254_6253_6253_7300_7299_7299_7299_7299_7299_7299_7299_7299_7299_7299_7380_7379_7379_7379_7416_7415_5342_5341_5341_5430_5429_5429_5498_93_102_108
1

labels_S06_selected_tokens_36_6565_37_3769 
0	1	54	0,0,2_8_18_21074_21073_21073_21073_21162_21161_21161_21161_21161_21161_21161_21161_21161_21161_21168_21167_21167_6702_6701_6701_6701_6701_6756_6755_6755_6755_6755_6755_6792_6791_6186_6228_6254_6253_7300_7299_7299_7299_7299_7299_7299_7299_7380_7379_7379_7379_7379_7379_7379_7379_7379_7379_7416_7415_7415_5342_5341_5430_5429_5429_5498_5497_5497_5497_93_102_108
1

labels_S06_selected_tokens_37_3769_38_0665 
0	1	8	0,0,12646_12694_12693_12693_12693_12693_12693_12693_12750_12749_12749_12749_12749_12749_16106_16105_16105_16105_16105_16105_16105_16105_16105_16105_16105_16136_16135_16135_16170_16169_16169_16169_16169_16169_5534_5608_5607_5607_5712_5711_10272_10366_10365_10365_10365_10365_10365_10432_10431_10431_15618_15626_15625_15625_15625_15625_15625_15625_15625_15625_15625_15625_15642_15641_15641_15641_15641
1

labels_S06_selected_tokens_38_0665_38_8503 
0	1	8	0,0,12646_12694_12750_12749_12749_12749_12749_12749_12749_12749_12749_12749_12749_12749_12749_12749_12749_12749_12749_12749_12749_16106_16105_16105_16105_16136_16135_16135_16135_16135_16135_16135_16135_16135_16135_16170_16169_16169_16169_16169_16169_5534_5533_5608_5607_5712_10272_10271_10271_10366_10365_10365_10365_10365_10365_10432_10431_10431_15618_15617_15626_15625_15625_15625_15625_15625_15625_15625_15625_15625_15625_15625_15625_15625_15625_15642
1

labels_S06_selected_tokens_38_8503_39_4735 
0	1	17	0,0,8906_8908_8907_8934_8933_8933_16106_16105_16105_16105_16105_16105_16105_16105_16105_16105_16105_16105_16105_16136_16135_16135_16135_16135_16135_16170_16169_16169_16169_16169_16169_5534_5608_5607_5607_5712_10328_10327_10327_10327_10327_10327_10327_10327_10327_10327_10327_10352_10351_10351_10436_5350_5349_5430_5429_5429_5429_5429_5429_5500
1

labels_S06_selected_tokens_39_4735_40_1064 
0	1	17	0,0,8906_8908_8934_8933_8933_16106_16105_16105_16105_16105_16105_16136_16135_16135_16135_16135_16135_16135_16135_16135_16135_16135_16135_16170_16169_16169_16169_16169_16169_16169_5534_5533_5608_5607_5607_5712_5711_10328_10327_10327_10327_10327_10327_10327_10327_10327_10327_10327_10327_10352_10351_10351_10436_5350_5430_5429_5429_5429_5429_5429_5500
1

labels_S06_selected_tokens_3_5009_4_1257 
0	1	24	0,0,13248_13247_13247_13247_13247_13247_13247_13276_13275_13340_13339_13339_6650_6649_6649_6649_6649_6649_6720_6768_6767_6767_14342_14341_14341_14341_14396_14395_14395_14470_14469_2026_2025_2025_2025_2164_2163_2354_2353_14956_14955_14955_14955_14955_14955_14955_14955_14955_14955_14955_14955_14970_14969_14969_14969_14969_14969_14969_14969_15076
1

labels_S06_selected_tokens_40_1064_40_8744 
0	1	20	0,0,9136_9135_9216_9215_9215_9215_9215_9296_9295_16080_16079_16079_16079_16079_16108_16107_16107_16107_16107_16107_16107_16107_16107_16107_16107_16107_16107_16107_16107_16146_16145_16145_16145_16145_22122_22121_22121_22121_22121_22188_22187_22187_22236_22235_10250_10249_10249_10249_10249_10249_10249_10249_10249_10249_10249_10249_10249_10249_10249_10249_10249_10249_10249_10346_10345_10410_10409_10409_22010_22054_22053_22053_22053_22053_22100
1

labels_S06_selected_tokens_40_8744_41_6846 
0	1	20	0,0,9136_9216_9215_9215_9215_9215_9296_9295_9295_9295_9295_16080_16079_16079_16079_16079_16108_16107_16107_16107_16107_16107_16107_16107_16107_16107_16107_16107_16107_16107_16146_16145_16145_16145_16145_16145_22122_22121_22121_22121_22121_22188_22187_22187_22187_22236_22235_22235_22235_10250_10249_10249_10249_10249_10249_10249_10249_10249_10249_10249_10249_10249_10249_10346_10345_10345_10410_10409_10409_10409_22010_22009_22054_22053_22053_22053_22053_22053_22100
1

labels_S06_selected_tokens_41_6846_42_4998 
0	1	27	0,0,14022_14021_14021_14021_14021_14021_14021_14021_14021_14021_14021_14021_14021_14070_14069_14130_14129_14129_16086_16085_16085_16085_16085_16085_16085_16085_16085_16085_16085_16085_16085_16136_16135_16135_16135_16135_16135_16135_16135_16135_16170_16169_16169_16169_16169_5534_5626_5625_5700_2074_2073_2073_2208_2207_2207_2207_2207_2207_2340_2339_2339_14190_14189_14189_14189_14189_14189_14189_14189_14189_14189_14189_14189_14210_14209_14209_14209_14209_14258_14257
1

labels_S06_selected_tokens_42_4998_43_343 
0	1	27	0,0,14022_14021_14021_14021_14021_14021_14021_14021_14021_14070_14069_14069_14130_14129_14129_16086_16085_16085_16085_16136_16135_16135_16135_16135_16135_16135_16135_16135_16135_16135_16135_16135_16135_16135_16135_16135_16170_16169_16169_16169_16169_16169_16169_5534_5626_5625_5625_5700_2074_2073_2073_2073_2073_2073_2073_2073_2073_2208_2207_2207_2207_2340_2339_14190_14189_14189_14189_14189_14189_14189_14189_14189_14189_14189_14189_14210_14209_14209_14209_14209_14209_14258
1

labels_S06_selected_tokens_43_343_44_133 
0	1	31	0,0,16468_16467_16514_16513_16513_16560_16559_16559_16559_16559_16559_16090_16089_16089_16089_16089_16089_16108_16107_16107_16107_16107_16107_16107_16107_16107_16107_16107_16107_16107_16107_16107_16107_16146_16145_16145_16145_22122_22121_22121_22121_22121_22192_22191_22191_22228_22227_22227_22227_22227_7332_7331_7331_7331_7331_7364_7363_7363_7363_7363_7363_7363_7363_7363_7363_7363_7363_7402_7401_22000_21999_21999_21999_21999_22020_22019_22100
1

labels_S06_selected_tokens_44_133_44_9346 
0	1	31	0,0,16468_16514_16513_16513_16513_16560_16559_16559_16559_16559_16559_16090_16089_16089_16089_16108_16107_16107_16107_16107_16107_16107_16107_16107_16107_16107_16107_16107_16107_16107_16146_16145_16145_16145_16145_16145_22122_22121_22121_22192_22191_22191_22228_22227_22227_22227_22227_22227_7332_7331_7331_7331_7331_7331_7331_7331_7331_7364_7363_7363_7363_7363_7363_7363_7363_7363_7402_7401_22000_21999_21999_21999_22020_22019_22019_22019_22019_22100
1

labels_S06_selected_tokens_44_9346_45_712 
0	1	35	0,0,16960_16959_16959_16959_16959_16959_16959_16959_16959_16959_16959_16959_16988_16987_16987_16987_17030_17029_17029_17029_17029_16098_16097_16097_16097_16097_16097_16097_16097_16136_16135_16135_16135_16168_16167_16167_16167_4790_4789_4789_4806_4805_4850_4849_4849_4849_648_650_649_649_649_649_649_649_649_649_649_649_649_649_652_651_651_651_18950_18949_18949_18949_18949_19068_19067_19067_19144_93_102_108
1

labels_S06_selected_tokens_45_712_46_4122 
0	1	35	0,0,16960_16959_16988_16987_16987_16987_16987_17030_17029_17029_17029_16098_16097_16097_16097_16136_16135_16135_16135_16135_16135_16135_16135_16135_16135_16168_16167_16167_16167_16167_16167_16167_4790_4789_4806_4805_4850_4849_4849_4849_648_647_650_649_649_649_649_649_649_649_649_649_649_649_652_651_651_651_18950_18949_18949_19068_19144_93_91_102_108_107
1

labels_S06_selected_tokens_46_4122_47_1235 
0	1	30	0,0,16468_16467_16467_16467_16514_16513_16560_16559_16559_16559_16559_16559_16090_16089_16089_16089_16089_16089_16136_16135_16135_16135_16170_16169_16169_16169_5534_5584_5583_5583_5650_11592_11591_11618_11617_11617_11617_11617_11694_11693_11693_11693_2126_2125_2125_2125_2125_2246_2245_2245_2245_2340_2339_14190_14189_14189_14189_14189_14189_14189_14189_14189_14189_14189_14210_14209_14209_14209_14258
1

labels_S06_selected_tokens_47_1235_47_836 
0	1	30	0,0,16468_16514_16513_16513_16513_16513_16513_16560_16559_16559_16559_16559_16090_16089_16089_16136_16135_16135_16135_16135_16135_16135_16170_16169_16169_16169_16169_5534_5533_5584_5583_5650_5649_11592_11591_11591_11618_11617_11617_11617_11694_11693_11693_11693_2126_2125_2125_2246_2245_2245_2245_2340_2339_14190_14189_14189_14189_14189_14189_14189_14189_14189_14210_14209_14209_14209_14209_14209_14258
1

labels_S06_selected_tokens_47_836_48_573 
0	1	21	0,0,12646_12690_12689_12689_12689_12689_12689_12689_12689_12689_12689_12689_12736_12735_12735_20466_20465_20465_20500_20499_20499_20499_20499_20499_20499_20499_20499_20499_20499_20499_20499_20499_20499_20532_20531_20531_5552_5626_5625_5690_5689_5689_15818_15817_15817_15817_15817_15817_15817_15817_15817_15817_15817_15817_15817_15817_15817_15824_15823_15823_15823_15823_15823_15823_15823_15828_15827_15827_15827_93_102_108
1

labels_S06_selected_tokens_48_573_49_2609 
0	1	21	0,0,12646_12690_12689_12689_12689_12689_12689_12689_12689_12736_12735_20466_20465_20465_20500_20499_20499_20499_20499_20499_20499_20499_20499_20499_20499_20499_20499_20499_20499_20499_20532_20531_5552_5626_5625_5690_5689_15818_15817_15817_15817_15817_15817_15817_15817_15817_15817_15817_15817_15817_15817_15817_15824_15823_15823_15823_15823_15823_15823_15823_15823_15828_15827_15827_93_102_108
1

labels_S06_selected_tokens_49_2609_49_9739 
0	1	28	0,0,14022_14021_14021_14021_14062_14061_14061_14061_14061_14061_14090_14089_14089_14089_20450_20449_20449_20449_20449_20449_20449_20449_20449_20449_20449_20449_20449_20449_20449_20500_20499_20499_20499_20532_20531_20531_20531_20531_5552_5584_5650_5649_11462_11461_11461_11461_11461_11461_11461_11461_11461_11461_11461_11461_11461_11461_11461_11461_11461_11461_11461_11461_11461_11461_11508_11566_11565_11565_11565
1

labels_S06_selected_tokens_49_9739_50_7995 
0	1	28	0,0,14022_14021_14021_14021_14021_14062_14090_14089_14089_20450_20449_20449_20449_20449_20449_20449_20449_20449_20449_20449_20449_20449_20449_20449_20449_20449_20449_20449_20449_20449_20500_20532_20531_20531_20531_5552_5551_5584_5583_5650_5649_11472_11471_11471_11471_11471_11471_11471_11471_11471_11471_11471_11471_11471_11478_11477_11477_11477_11477_11477_11477_11477_11477_11548_11547_11547_11547_11547_11547_11547_11547_11547_93_91_91_91_91_91_102_108_107
1

labels_S06_selected_tokens_4_1257_5_1476 
0	1	42	0,0,2_1_8_5_5_5_18_17_17_17720_17719_17719_17719_17719_17719_17719_17719_17719_17719_17719_17719_17830_17829_17829_17829_17878_17877_16686_16685_16685_16748_16747_16747_16758_16757_16757_6670_6669_6750_6749_6749_6749_6749_6749_6788_6787_6787_15146_15145_15145_15145_15145_15145_15145_15238_15308_5536_5535_5624_5623_5648_5647_5647_7332_7331_7331_7331_7331_7331_7331_7331_7331_7364_7363_7363_7363_7363_7363_7363_7363_7363_7363_7363_7363_7402_7401_7401_7401_7401_22000_21999_22020_22019_22019_22019_22019_22019_22019_22019_22100
1

labels_S06_selected_tokens_50_7995_51_5276 
0	1	29	0,0,14646_14778_14777_14777_14777_14777_14777_14777_14777_14777_14860_14859_14859_20438_20437_20437_20500_20499_20499_20499_20499_20499_20499_20499_20499_20499_20499_20499_20499_20499_20499_20499_20499_20499_20532_20531_5552_5626_5700_2016_2015_2015_2226_2225_2344_2343_2343_2343_2343_13398_13397_13397_13397_13397_13397_13397_13397_13397_13397_13397_13397_13397_13397_13397_13454_13453_13453_13453_13453_13502_13501
1

labels_S06_selected_tokens_51_5276_52_2147 
0	1	29	0,0,14646_14778_14777_14777_14777_14860_14859_14859_14859_14859_20438_20437_20437_20437_20437_20437_20437_20437_20437_20437_20437_20437_20437_20437_20437_20437_20437_20437_20437_20437_20500_20499_20499_20499_20532_20531_20531_5552_5626_5700_2016_2015_2226_2225_2225_2344_2343_2343_13398_13397_13397_13397_13397_13397_13397_13397_13397_13397_13397_13397_13454_13453_13453_13453_13502_13501_13501
1

labels_S06_selected_tokens_52_2147_53_0299 
0	1	32	0,0,16468_16482_16546_16545_16545_16545_16545_16545_17330_17329_17382_17381_17436_20444_20443_20443_20443_20443_20443_20443_20443_20443_20443_20443_20500_20499_20499_20499_20499_20499_20499_20499_20532_5552_5608_5712_5711_10328_10327_10327_10327_10327_10327_10327_10327_10327_10327_10327_10327_10372_10371_10371_10424_10423_10423_18592_18591_18591_18604_18603_18603_18603_18603_18603_18603_18603_18603_18603_18603_18603_18603_18603_18603_18603_18624_18623_18623_18623_18623_18623
1

labels_S06_selected_tokens_53_0299_53_9609 
0	1	32	0,0,16468_16482_16546_16545_16545_16545_16545_16545_16545_16545_16545_16545_16545_16545_16545_16545_17330_17329_17329_17382_17436_20444_20443_20443_20443_20443_20443_20443_20443_20443_20443_20443_20443_20443_20500_20499_20499_20499_20499_20499_20499_20499_20532_20531_20531_20531_5552_5608_5607_5712_5711_10328_10327_10327_10327_10327_10327_10327_10327_10327_10327_10327_10327_10327_10372_10371_10424_10423_10423_18592_18591_18591_18604_18603_18603_18603_18603_18603_18603_18603_18603_18603_18603_18624_18623_18623_18623_18623_18623_18623_18623
1

labels_S06_selected_tokens_53_9609_55_1204 
0	1	44	0,0,2_8_18_17720_17719_17719_17719_17719_17719_17719_17719_17719_17719_17719_17719_17719_17820_17819_17819_17916_17915_17915_17915_17915_17915_17915_17915_19222_19221_19221_19221_19278_19277_19277_19394_19393_20454_20453_20453_20500_20499_20499_20499_20499_20499_20499_20499_20499_20499_20499_20499_20499_20499_20499_20499_20499_20499_20499_20532_20531_5552_5626_5625_5700_2030_2029_2029_2029_2029_2180_2179_2179_2348_2347_15162_15161_15161_15161_15161_15234_15304_15303_19170_19169_19169_19169_19169_19320_19319_19319_19330_19329_19329_18016_18015_18015_18015_18015_18015_18015_18024_18023_18023_18023_18023_18023_18023_18023_18023_18072_18071_18071_18071_18071
1

labels_S06_selected_tokens_55_1204_56_3064 
0	1	44	0,0,17796_17820_17819_17819_17819_17819_17819_17819_17819_17819_17819_17819_17819_17819_17819_17819_17819_17819_17819_17916_17915_17915_17915_17915_17915_17915_19222_19221_19221_19221_19278_19277_19277_19277_19277_19394_19393_20454_20453_20453_20453_20453_20453_20453_20453_20453_20453_20453_20453_20453_20453_20453_20453_20453_20453_20453_20500_20499_20499_20499_20499_20499_20532_20531_20531_5552_5626_5625_5625_5700_2030_2029_2029_2029_2029_2180_2179_2179_2348_2347_2347_15162_15161_15161_15161_15161_15161_15161_15161_15234_15304_19170_19169_19169_19320_19319_19319_19330_19329_19329_19329_18016_18015_18024_18023_18023_18023_18023_18023_18023_18023_18023_18023_18072_18071_18071_18071
1

labels_S06_selected_tokens_56_3064_57_3293 
0	1	37	0,0,3_12_18_17720_17719_17719_17719_17719_17719_17719_17719_17719_17719_17719_17719_17822_17821_17821_17821_17864_17863_17863_17863_12898_12897_12897_12897_12897_12897_12950_13018_13017_13017_13017_13017_20466_20465_20465_20500_20499_20499_20499_20499_20499_20499_20499_20499_20499_20499_20499_20499_20499_20499_20499_20499_20499_20499_20499_20499_20520_20519_19240_19288_19287_19358_19357_10328_10327_10327_10327_10327_10327_10327_10327_10327_10327_10327_10327_10327_10327_10352_10436_10435_5350_5349_5430_5429_5498_5497_5497_5497_5497_5497_5497_5497_5497_5497_93_102_108
1

labels_S06_selected_tokens_57_3293_58_3222 
0	1	37	0,0,2_8_18_17720_17719_17719_17719_17719_17719_17719_17719_17719_17719_17719_17719_17719_17822_17821_17821_17821_17864_17863_17863_12898_12897_12897_12897_12897_12950_12949_12949_12949_12949_12949_12949_13018_20466_20465_20465_20500_20499_20499_20499_20499_20499_20499_20499_20499_20499_20499_20499_20499_20499_20499_20499_20499_20499_20520_20519_20519_19240_19288_19287_19358_10328_10327_10327_10327_10327_10327_10327_10327_10327_10327_10327_10327_10327_10352_10436_10435_5350_5430_5429_5429_5498_5497_5497_5497_5497_5497_5497_5497_5497_5497_93_102_108
1

labels_S06_selected_tokens_58_3222_59_335 
0	1	41	0,0,3_12_18_17720_17719_17719_17719_17719_17719_17719_17719_17719_17719_17719_17719_17719_17860_17859_17859_17859_17859_17859_17912_17911_17911_20460_20459_20500_20499_20499_20499_20499_20499_20499_20499_20499_20499_20544_20543_20543_20543_20543_6204_6203_6234_6282_10272_10271_10271_10366_10365_10365_10365_10432_10431_15680_15686_15685_15702_15701_15701_15701_15701_15701_15701_13626_13625_13666_13758_13757_13757_11442_11441_11441_11441_11441_11441_11441_11441_11441_11441_11441_11441_11441_11478_11477_11477_11477_11477_11477_11548_11547_11547_11547_11547_11547_93_102_108
1

labels_S06_selected_tokens_59_335_60_2719 
0	1	41	0,0,17796_17860_17859_17859_17859_17859_17859_17859_17859_17859_17859_17859_17859_17859_17859_17859_17859_17859_17859_17912_17911_17911_17911_20460_20459_20459_20459_20459_20459_20459_20459_20459_20500_20499_20544_20543_6204_6203_6203_6234_6282_10272_10271_10271_10366_10365_10365_10432_10431_15680_15686_15685_15685_15702_15701_15701_15701_15701_13626_13625_13666_13665_13758_13757_13757_11442_11441_11441_11441_11441_11441_11441_11441_11441_11441_11441_11441_11478_11477_11477_11477_11548_11547_11547_11547_11547_11547_11547_11547_93_102_108
1

labels_S06_selected_tokens_5_1476_6_2939 
0	1	42	0,0,2_8_18_17_17720_17719_17719_17719_17719_17719_17719_17719_17719_17719_17719_17719_17719_17719_17719_17719_17830_17829_17829_17829_17878_17877_17877_16686_16685_16685_16685_16748_16747_16758_16757_16757_6670_6669_6750_6749_6749_6788_6787_15146_15145_15145_15145_15145_15145_15145_15145_15238_15308_5536_5535_5624_5623_5648_5647_5647_5647_7332_7331_7331_7331_7331_7331_7331_7364_7363_7363_7363_7363_7363_7363_7363_7363_7363_7363_7363_7402_7401_7401_7401_21978_21977_21977_22020_22019_22019_22019_22019_22019_22019_22019_22019_22060_22059_22059_22059_22059_93_91_91_91_91_91_91_91_91_102_108_107
1

labels_S06_selected_tokens_60_2719_61_2217 
0	1	45	0,0,3_12_18_17720_17719_17719_17719_17719_17719_17719_17719_17719_17820_17819_17819_17819_17819_17916_17915_17915_17915_17915_17915_17915_19222_19221_19221_19278_19277_19394_19393_20454_20453_20453_20453_20500_20499_20499_20499_20499_20499_20499_20499_20499_20532_20531_20531_5552_5584_5583_5650_5649_11592_11591_11591_11618_11617_11617_11617_11617_11694_11693_11693_11693_11693_2022_2021_2021_2021_2021_2021_2021_2021_2250_2249_2350_2349_2349_2349_17992_17991_17991_17991_18024_18023_18023_18023_18023_18023_18023_18023_18023_18072
1

labels_S06_selected_tokens_61_2217_62_4041 
0	1	45	0,0,2_8_18_17720_17719_17719_17719_17719_17719_17719_17719_17719_17719_17719_17719_17719_17719_17719_17719_17820_17819_17916_17915_17915_17915_17915_17915_17915_17915_19222_19221_19221_19278_19277_19277_19277_19394_20454_20453_20453_20453_20453_20453_20453_20453_20453_20453_20453_20453_20453_20453_20453_20500_20499_20499_20499_20499_20532_20531_5552_5584_5583_5650_11592_11591_11591_11618_11617_11617_11617_11617_11694_11693_11693_11693_11693_11693_2022_2021_2021_2021_2021_2021_2021_2250_2249_2249_2350_2349_2349_17992_17991_17991_17991_18024_18023_18023_18023_18023_18023_18023_18023_18023_18023_18023_18023_18023_18023_18072_18071_18071_18071_18071_18071_18071_18071
1

labels_S06_selected_tokens_62_4041_63_1811 
0	1	6	0,0,4948_4956_4955_4955_4955_4955_4955_4955_4955_4970_4969_4969_4969_4969_4969_4969_4969_1048_1047_1047_1047_1047_1047_1047_1090_1089_1089_1089_1089_1089_1089_1089_1089_1089_1089_1128_1127_1127_1127_15166_15165_15214_15213_15314_2078_2077_2077_2244_2334_2333_2333_2333_13618_13617_13617_13617_13617_13617_13617_13617_13617_13617_13686_13685_13754_5304_5303_5303_5366_5365_5365_5432_5431_93_102_108
1

labels_S06_selected_tokens_63_1811_63_9407 
0	1	6	0,0,4948_4947_4956_4955_4955_4955_4955_4955_4955_4970_4969_4969_4969_4969_1048_1047_1047_1047_1047_1047_1047_1047_1047_1047_1047_1047_1047_1047_1090_1089_1089_1089_1089_1089_1089_1089_1128_1127_1127_15166_15165_15214_15314_2078_2077_2077_2244_2334_2333_2333_2333_2333_13618_13617_13617_13617_13617_13617_13617_13617_13617_13617_13617_13686_13685_13754_5304_5303_5303_5366_5365_5365_5365_5466
1

labels_S06_selected_tokens_63_9407_64_6365 
0	1	9	0,0,5170_5220_5236_5235_5235_1048_1047_1047_1047_1047_1047_1047_1047_1047_1047_1047_1047_1047_1090_1089_1128_1127_1127_15184_15183_15183_15192_15191_15191_15300_15299_15299_18170_18169_18169_18169_18169_18224_18223_18223_18223_18223_18298_18297_18297_18297_7170_7169_7169_7169_7169_7169_7169_7169_7169_7169_7169_7169_7169_7169_7204_7203_7203_7240_7239_93_102_108
1

labels_S06_selected_tokens_64_6365_65_3301 
0	1	9	0,0,5170_5220_5236_5235_5235_1048_1047_1047_1047_1047_1047_1047_1047_1047_1047_1047_1047_1047_1090_1089_1089_1128_1127_1127_15184_15183_15183_15192_15191_15191_15300_15299_15299_18170_18169_18169_18169_18224_18223_18223_18223_18298_18297_18297_18297_7170_7169_7169_7169_7169_7169_7169_7169_7169_7169_7169_7169_7204_7203_7203_7203_7203_7203_7240_93_102_108
1

labels_S06_selected_tokens_65_3301_66_2142 
0	1	12	0,0,8514_8513_8513_8513_8513_8513_8513_8513_8513_8513_8513_8513_8536_8535_8535_8590_8589_8589_1048_1047_1047_1047_1047_1047_1047_1047_1047_1047_1047_1090_1089_1089_1089_1128_1127_1127_15184_15183_15183_15192_15191_15191_15191_15300_15299_15299_18170_18169_18169_18218_18217_18217_18217_18217_18268_18267_18267_11472_11471_11471_11471_11471_11471_11471_11471_11471_11471_11471_11471_11471_11471_11471_11471_11471_11478_11477_11477_11477_11477_11477_11477_11548_11547_93_102_108
1

labels_S06_selected_tokens_66_2142_67_0765 
0	1	12	0,0,8514_8513_8513_8513_8513_8513_8513_8513_8536_8535_8535_8535_8535_8590_8589_1048_1047_1047_1047_1047_1047_1047_1047_1047_1047_1047_1047_1047_1047_1047_1047_1047_1090_1089_1089_1128_1127_1127_15184_15183_15192_15191_15191_15191_15300_15299_18170_18169_18169_18169_18169_18169_18218_18217_18217_18217_18268_18267_18267_11472_11471_11471_11471_11471_11471_11471_11471_11471_11471_11471_11471_11471_11471_11478_11477_11477_11477_11477_11477_11548_11547_93_102_108
1

labels_S06_selected_tokens_67_0765_68_005 
0	1	46	0,0,18808_18836_18862_18861_18861_18861_18861_18861_18861_18861_18861_18861_18861_18861_18861_18861_1048_1047_1047_1047_1047_1047_1047_1047_1047_1047_1047_1047_1047_1090_1089_1128_1127_1127_15184_15183_15183_15183_15234_15233_15304_19200_19199_19266_19265_19265_19265_19265_19350_19349_19349_19349_17332_17422_17421_17476_2134_2133_2133_2133_2133_2133_2133_2246_2245_2340_2339_14346_14345_14345_14345_14345_14345_14345_14345_14390_14389_14389_14424_14423_14423_14423_22004_22003_22003_22054_22053_22053_22053_22053_22100
1

labels_S06_selected_tokens_68_005_68_9165 
0	1	46	0,0,18808_18836_18835_18835_18862_18861_18861_18861_18861_18861_18861_1048_1047_1047_1047_1047_1047_1047_1047_1047_1047_1047_1047_1090_1089_1089_1089_1089_1128_1127_1127_1127_15184_15183_15183_15234_15233_15304_19200_19199_19266_19265_19265_19350_19349_19349_19349_19349_19349_17332_17422_17421_17476_2134_2133_2133_2133_2133_2133_2133_2133_2246_2340_2339_14346_14345_14345_14345_14345_14345_14390_14389_14389_14389_14389_14389_14424_14423_14423_22004_22003_22054_22053_22053_22053_22053_22053_22053_22100
1

labels_S06_selected_tokens_68_9165_69_7171 
0	1	49	0,0,20720_20719_20719_20719_20719_20719_20719_20719_20719_20734_20733_20733_20782_20781_20781_20781_1048_1047_1047_1047_1047_1047_1047_1047_1047_1047_1047_1090_1089_1089_1089_1089_1089_1089_1089_1128_1127_1127_15166_15165_15214_15266_15265_10320_10319_10319_10319_10319_10319_10319_10319_10319_10319_10319_10319_10372_10371_10371_10424_10423_10423_10423_18592_18591_18591_18604_18603_18603_18603_18603_18603_18603_18603_18603_18603_18603_18603_18624
1

labels_S06_selected_tokens_69_7171_70_5097 
0	1	49	0,0,20720_20719_20719_20719_20734_20733_20733_20733_20733_20733_20733_20733_20733_20782_1048_1047_1047_1047_1047_1047_1047_1047_1047_1047_1047_1047_1047_1047_1047_1090_1089_1089_1089_1089_1089_1089_1089_1089_1128_1127_15166_15165_15214_15266_15265_10320_10319_10319_10319_10319_10319_10319_10319_10319_10319_10372_10371_10424_10423_10423_10423_18592_18591_18591_18591_18591_18604_18603_18603_18603_18603_18603_18603_18603_18603_18603_18624
1

labels_S06_selected_tokens_6_2939_7_2589 
0	1	48	0,0,2_8_18_18750_18749_18749_18749_18836_18835_18835_18835_18862_18861_18861_18861_18861_18861_18861_18861_18861_18861_18861_18861_6696_6695_6695_6695_6750_6749_6749_6749_6788_6787_15146_15145_15145_15145_15145_15145_15145_15145_15145_15238_15308_5566_5565_5565_5624_5623_5656_5655_2030_2029_2029_2029_2180_2179_2348_2347_2347_15104_15103_15103_15103_15103_15103_15103_15103_15103_15103_15103_15103_15103_15103_15103_15103_15103_15200_15199_15199_15199_15199_15264_15263_15263_22004_22003_22003_22054_22053_22053_22053_22053_22053_22100
1

labels_S06_selected_tokens_70_5097_71_269 
0	1	25	0,0,14022_14074_14073_14073_14073_14073_14073_14073_14073_14126_14125_14125_998_997_997_997_997_997_997_997_997_997_997_1090_1089_1128_1127_15166_15165_15214_15213_15266_15265_10320_10319_10319_10319_10394_10414_10413_10413_12536_12535_12535_12542_12541_12541_12568_12567_12567_7170_7169_7169_7169_7169_7169_7169_7169_7169_7169_7169_7169_7169_7169_7169_7169_7204_7203_7203_7203_7240_93_102_108
1

labels_S06_selected_tokens_71_269_72_021 
0	1	25	0,0,14022_14074_14073_14073_14073_14073_14073_14126_14125_998_997_997_997_997_997_997_997_997_997_997_997_997_1090_1089_1089_1089_1089_1089_1128_1127_1127_15166_15165_15214_15213_15266_15265_10320_10319_10319_10394_10414_10413_10413_10413_12536_12535_12542_12541_12541_12568_12567_12567_7170_7169_7169_7169_7169_7169_7169_7169_7169_7169_7169_7169_7204_7203_7203_7203_7240_93_102_108
1

labels_S06_selected_tokens_72_021_72_8761 
0	1	33	0,0,16960_16959_16959_16959_16959_16959_16959_16962_16961_16961_16998_16997_16997_1038_1037_1037_1037_1037_1037_1037_1037_1090_1089_1128_1127_15164_15163_15242_15241_15248_15247_5566_5565_5624_5623_5656_2074_2073_2208_2207_2207_2340_2339_14358_14400_14460_14459_15150_15149_15149_15149_15149_15244_15314_15313_2052_2051_2051_2051_2051_2051_2051_2051_2051_2051_2192_2191_2191_2350_2349_2349_17992_17991_18024_18023_18023_18023_18023_18023_18023_18023_18023_18023_18072
1

labels_S06_selected_tokens_72_8761_73_8714 
0	1	33	0,0,16960_16959_16959_16959_16959_16959_16959_16959_16959_16959_16959_16962_16961_16961_16961_16998_16997_16997_1038_1037_1037_1037_1037_1037_1037_1037_1037_1037_1090_1089_1089_1089_1089_1089_1089_1089_1128_1127_1127_15164_15163_15242_15241_15248_5566_5565_5565_5624_5656_2074_2073_2208_2207_2340_14358_14357_14400_14460_15150_15149_15149_15149_15149_15244_15314_15313_15313_2052_2051_2051_2051_2051_2051_2051_2051_2192_2191_2350_2349_2349_17992_17991_17991_17991_18024_18023_18023_18023_18023_18023_18023_18023_18023_18023_18023_18023_18072_18071
1

labels_S06_selected_tokens_73_8714_74_6245 
0	1	3	0,0,4606_4626_4666_1048_1047_1047_1047_1047_1047_1047_1047_1047_1047_1047_1047_1090_1128_1127_15164_15163_15242_15248_15247_5566_5565_5624_5656_5655_2074_2242_2241_2241_2241_2292_19216_19215_19215_19266_19265_19265_19265_19265_19265_19350_19349_19349_19349_17332_17331_17380_17379_17379_17440_11448_11447_11447_11447_11447_11447_11447_11447_11447_11447_11447_11447_11478_11477_11477_11477_11548_93_102_108
1

labels_S06_selected_tokens_74_6245_75_3608 
0	1	3	0,0,4606_4626_4666_1048_1047_1047_1047_1047_1047_1047_1047_1047_1047_1047_1090_1089_1089_1089_1089_1128_1127_1127_15164_15242_15248_5566_5565_5624_5623_5656_2074_2073_2242_2292_2291_19216_19215_19215_19266_19265_19265_19265_19350_19349_19349_19349_17332_17331_17331_17380_17440_17439_11448_11447_11447_11447_11447_11447_11447_11447_11447_11447_11447_11447_11447_11478_11477_11477_11548_93_102_108
1

labels_S06_selected_tokens_75_3608_76_1511 
0	1	36	0,0,4_16_18_17720_17719_17719_17719_17719_17719_17719_17719_17719_17816_17815_17815_17815_17815_17902_17901_17901_17901_1048_1047_1047_1047_1047_1047_1047_1047_1047_1047_1090_1089_1128_1127_1127_15166_15165_15214_15314_15313_2104_2103_2103_2103_2103_2103_2202_2292_19216_19215_19280_19279_19279_19346_19345_11462_11461_11461_11461_11461_11461_11461_11461_11508_11566_11565_11565_11565_11565_11565_11565_11565_11565_11565_11565_11565
1

labels_S06_selected_tokens_76_1511_77_0515 
0	1	36	0,0,3_12_18_17720_17719_17719_17719_17719_17719_17719_17719_17719_17719_17719_17719_17719_17719_17719_17719_17719_17719_17816_17815_17815_17815_17815_17902_17901_1048_1047_1047_1047_1047_1047_1047_1047_1047_1047_1047_1047_1047_1047_1047_1090_1089_1089_1089_1089_1128_1127_1127_15166_15165_15214_15213_15314_15313_2104_2103_2103_2103_2202_2201_2292_19216_19215_19280_19279_19279_19346_19345_11462_11461_11461_11461_11461_11461_11461_11461_11461_11461_11508_11566_11565_11565_11565_11565_11565
1

labels_S06_selected_tokens_77_0515_77_9375 
0	1	39	0,0,3_12_18_18518_18554_18553_18553_18553_18553_18553_18553_18553_18553_18553_18553_18553_18553_18553_18553_18553_18564_18563_18563_18563_18563_18563_1052_1051_1051_1051_1051_1051_1051_1051_1051_1051_1051_1051_1051_1051_1051_1051_1051_1100_1099_1099_1146_1145_19210_19260_19259_19398_19397_19397_19397_19397_7332_7331_7331_7331_7331_7380_7379_7379_7379_7379_7379_7379_7379_7416_7415_5342_5430_5429_5429_5429_5498_5497_93_102_100_100_100_100_100_100_108
1

labels_S06_selected_tokens_77_9375_78_8442 
0	1	39	0,0,3_12_18_18518_18554_18553_18553_18553_18553_18553_18553_18553_18553_18553_18553_18553_18553_18553_18553_18553_18553_18564_18563_18563_18563_18563_18563_1052_1051_1051_1051_1051_1051_1051_1051_1051_1051_1051_1051_1051_1051_1051_1051_1051_1051_1100_1099_1099_1099_1146_1145_19210_19260_19259_19398_19397_7332_7331_7331_7331_7331_7331_7331_7331_7331_7380_7379_7379_7379_7379_7379_7379_7416_5342_5341_5430_5429_5429_5498_5497_93_91_102_100_100_100_100_100_108
1

labels_S06_selected_tokens_78_8442_79_5554 
0	1	4	0,0,4606_4626_4666_4665_1018_1017_1017_1017_1017_1017_1017_1017_1017_1017_1017_1017_1017_1017_1017_1100_1099_1099_1099_1146_19210_19209_19260_19398_19397_19397_19397_7362_7361_7361_7361_7361_7361_7396_7395_7395_7434_7433_7433_7433_7433_11448_11447_11447_11447_11447_11447_11447_11447_11447_11447_11447_11447_11447_11478_11477_11477_11477_11477_11477_11477_11548_93_102_108
1

labels_S06_selected_tokens_79_5554_80_2397 
0	1	4	0,0,4606_4626_4666_4665_1018_1017_1017_1017_1017_1017_1017_1017_1017_1017_1017_1017_1017_1017_1017_1100_1099_1099_1099_1146_19210_19209_19260_19398_19397_19397_19397_19397_7362_7361_7361_7361_7396_7395_7395_7434_7433_7433_7433_7433_11448_11447_11447_11447_11447_11447_11447_11447_11447_11447_11447_11447_11478_11477_11477_11477_11477_11477_11548_93_102_108
1

labels_S06_selected_tokens_7_2589_8_132 
0	1	48	0,0,2_8_18_18750_18749_18836_18835_18835_18835_18835_18862_18861_18861_18861_18861_18861_18861_18861_18861_6696_6695_6695_6750_6788_6787_15146_15145_15145_15145_15145_15145_15145_15145_15145_15145_15238_15308_5566_5565_5565_5624_5656_5655_2030_2029_2180_2179_2179_2348_2347_2347_15104_15103_15103_15103_15103_15103_15103_15103_15103_15103_15103_15103_15103_15103_15103_15103_15103_15103_15200_15199_15264_15263_15263_22004_22003_22003_22054_22053_22053_22053_22053_22053_22053_22100
1

labels_S06_selected_tokens_80_2397_81_1712 
0	1	15	0,0,8906_8918_8917_8922_8921_8921_1016_1015_1015_1015_1015_1015_1015_1015_1015_1015_1015_1015_1015_1100_1099_1144_1143_1143_1143_1143_6186_6185_6228_6227_6254_6253_6253_6253_7308_7307_7307_7396_7395_7395_7395_7450_7449_7449_10318_10317_10317_10317_10402_10401_10401_10401_10452_15680_15679_15679_15696_15695_15695_15695_15695_15695_15695_15695_15695_15728_15727_15727_15727_15727_15727_21998_21997_21997_21997_22054_22053_22053_22053_22053_22053_22100_22099_22099_22099_22099_22099_22099_22099_22099_22099
1

labels_S06_selected_tokens_81_1712_82_066 
0	1	15	0,0,8906_8918_8922_8921_1016_1015_1015_1015_1015_1015_1100_1099_1099_1099_1099_1099_1099_1099_1099_1099_1099_1144_1143_1143_1143_6186_6185_6228_6227_6254_6253_6253_6253_6253_6253_7308_7307_7307_7307_7396_7395_7395_7450_7449_7449_7449_7449_10318_10317_10317_10317_10402_10401_10401_10452_15680_15679_15696_15695_15695_15695_15695_15695_15695_15695_15695_15695_15728_15727_15727_15727_15727_21998_21997_21997_21997_22054_22053_22053_22053_22053_22053_22100_22099_22099_22099_22099
1

labels_S06_selected_tokens_82_066_83_1064 
0	1	47	0,0,18808_18836_18835_18835_18862_18861_18861_18861_18861_18861_18861_18861_18861_18861_18861_18861_1036_1035_1035_1035_1035_1035_1035_1035_1035_1035_1035_1100_1099_1099_1099_1146_19210_19314_19376_2084_2083_2226_2344_2343_2343_2343_2343_13618_13617_13617_13617_13617_13676_13732_13731_13731_19154_19153_19153_19294_19293_19366_19365_19365_19365_19365_19365_19365_19365_8474_8478_8482_8481_8481_8481_8481_8481_8481_8481_8481_13586_13585_13585_13585_13585_13585_13585_13585_13664_13663_13663_13722_13721_13721_21976_21975_21975_21975_21975_21975_22054_22053_22053_22100_22099_22099
1

labels_S06_selected_tokens_83_1064_84_0937 
0	1	47	0,0,18808_18836_18835_18862_18861_18861_18861_18861_18861_18861_18861_18861_18861_18861_1036_1035_1035_1035_1035_1035_1035_1035_1035_1100_1099_1099_1099_1099_1146_19210_19314_19376_2084_2226_2344_2343_2343_13618_13617_13617_13617_13617_13676_13675_13732_13731_19154_19153_19153_19153_19294_19293_19366_19365_19365_19365_19365_19365_19365_19365_8474_8478_8482_8481_8481_8481_8481_8481_8481_8481_8481_13586_13585_13585_13585_13585_13585_13585_13585_13585_13664_13663_13663_13722_13721_21976_21975_21975_22054_22053_22053_22053_22053_22100_22099_22099_22099
1

labels_S06_selected_tokens_84_0937_84_8773 
0	1	7	0,0,12646_12694_12693_12693_12693_12750_12749_12749_12749_12749_12749_12749_16106_16105_16105_16136_16135_16152_16151_16151_16151_18144_18143_18143_18143_18143_18143_18232_18231_18231_18231_18310_18309_19160_19292_19291_19291_19336_19335_19335_9020_9019_9019_9044_9043_9058_9057_9057_9057_648_647_650_649_649_654_653_653_653_653_17292_17291_17291_17291_17291_17291_17291_17291_17420_17419_17462_17461_5342_5341_5430_5429_5500
1

labels_S06_selected_tokens_84_8773_85_6016 
0	1	7	0,0,12646_12694_12693_12693_12693_12750_12749_12749_12749_12749_12749_12749_12749_16106_16105_16136_16135_16152_16151_16151_16151_16151_18144_18143_18143_18143_18143_18143_18232_18310_19160_19159_19159_19292_19336_19335_9020_9044_9043_9058_9057_9057_9057_648_647_650_649_654_653_653_653_653_653_653_653_17292_17291_17291_17291_17291_17291_17420_17419_17462_17461_5342_5341_5430_5429_5500
1

labels_S06_selected_tokens_85_6016_86_4025 
0	1	34	0,0,16960_16959_16959_16959_16959_16959_16959_16962_16961_16961_16998_16997_16997_6710_6709_6758_6757_6757_6774_6773_6773_6773_18128_18127_18127_18127_18232_18231_18231_18231_18231_18310_18309_18309_19160_19159_19316_19315_19315_19388_19387_19387_19387_8714_8713_8713_8713_8748_8747_8776_8775_2082_2224_2223_2342_2341_13398_13397_13397_13397_13397_13397_13397_13397_13397_13397_13397_13397_13397_13397_13397_13397_13397_13454_13453_13453_13453_13502
1

labels_S06_selected_tokens_86_4025_87_1078 
0	1	34	0,0,16960_16959_16959_16959_16962_16961_16961_16998_16997_16997_6710_6709_6758_6757_6757_6774_6773_6773_6773_18128_18127_18127_18127_18127_18232_18231_18231_18231_18231_18310_18309_19160_19316_19388_8714_8713_8713_8713_8748_8776_2082_2081_2224_2223_2342_2341_13398_13397_13397_13397_13397_13397_13397_13397_13397_13397_13397_13397_13397_13397_13397_13454_13453_13502_13501_13501_13501_13501_13501
1

labels_S06_selected_tokens_87_1078_88_0368 
0	1	40	0,0,3_12_18_17720_17719_17719_17719_17719_17719_17719_17719_17719_17719_17719_17719_17719_17719_17719_17834_17833_17833_17833_17914_17913_17913_3504_3503_3503_3526_3525_3525_3525_3525_3548_3547_3547_8718_8717_8717_8717_8717_8717_8717_8738_8737_8794_19244_19243_19243_19243_19292_19291_19291_19291_19291_19291_19372_19371_19371_4784_4796_4795_4795_4824_4823_4823_4823_3682_3684_3688_3687_3687_3687_3687_3687_3687_3687_3687_3687_3687_13406_13405_13405_13405_13405_13405_13454_13453_13453_13502_13501
1

labels_S06_selected_tokens_88_0368_88_844 
0	1	40	0,0,17796_17795_17795_17795_17795_17795_17795_17795_17795_17834_17833_17833_17833_17833_17833_17833_17833_17914_17913_3504_3503_3503_3503_3503_3503_3503_3503_3526_3525_3548_3547_3547_3547_8718_8717_8717_8717_8717_8717_8717_8738_8737_8737_8794_19244_19292_19372_4784_4796_4795_4824_4823_4823_4823_3682_3684_3688_3687_3687_3687_3687_13406_13405_13405_13405_13405_13405_13405_13405_13405_13454_13453_13453_13453_13453_13453_13453_13453_13502
1

labels_S06_selected_tokens_88_844_89_8201 
0	1	50	0,0,20720_20719_20719_20719_20719_20719_20719_20734_20733_20782_20781_20781_20781_20781_20781_1052_1051_1051_1051_1051_1051_1051_1051_1051_1051_1066_1065_1132_1131_1131_1131_1131_1131_18206_18205_18205_18205_18205_18232_18231_18231_18231_18231_18231_18310_18309_19208_19207_19207_19278_19277_19277_19277_19277_19277_19277_19277_19360_19359_19359_13576_13575_13575_13575_13668_13667_13667_13667_13694_13693_13693_11442_11441_11441_11441_11441_11441_11441_11441_11441_11441_11441_11441_11441_11441_11478_11477_11477_11477_11477_11477_11548_11547_93_102_108
1

labels_S06_selected_tokens_89_8201_90_6053 
0	1	50	0,0,20720_20719_20719_20719_20734_20733_20782_20781_20781_20781_20781_1052_1051_1051_1051_1051_1051_1051_1051_1051_1066_1065_1065_1065_1065_1065_1132_1131_1131_1131_18206_18205_18205_18205_18205_18205_18205_18232_18231_18231_18231_18231_18310_19208_19207_19278_19360_19359_13576_13575_13575_13668_13667_13667_13694_13693_13693_13693_11442_11441_11441_11441_11441_11441_11441_11441_11441_11441_11478_11477_11477_11477_11477_11548_93_102_108
1

labels_S06_selected_tokens_8_132_8_9398 
0	1	52	0,0,2_1_8_18_17_17_17_17_20720_20734_20733_20733_20733_20756_20755_20755_6706_6705_6705_6750_6749_6749_6788_6787_6787_15148_15147_15147_15147_15147_15218_15217_15217_15276_15275_5042_5041_5041_5041_5056_5055_5055_5055_5055_5055_5060_5059_5059_5059_5059_5059_7170_7169_7169_7169_7169_7169_7169_7169_7169_7169_7169_7169_7169_7169_7169_7204_7203_7203_7203_7203_7203_7203_7240_7239_7239_93_102_108
1

labels_S06_selected_tokens_8_9398_9_7701 
0	1	52	0,0,3_12_10_10_18_17_20720_20719_20719_20719_20719_20719_20719_20719_20719_20719_20719_20719_20719_20734_20733_20733_20756_20755_20755_6706_6705_6750_6749_6749_6749_6788_6787_6787_15148_15147_15147_15147_15147_15218_15217_15217_15276_15275_5042_5041_5041_5041_5041_5056_5055_5055_5060_5059_5059_5059_5059_5059_7170_7169_7169_7169_7169_7169_7169_7169_7169_7169_7169_7169_7169_7169_7204_7203_7203_7203_7203_7240_93_102_108
1

labels_S06_selected_tokens_90_6053_91_5087 
0	1	53	0,0,21112_21111_21122_21121_21121_21121_21121_21210_21209_8226_8225_8225_8225_8274_8273_8273_8273_8273_8292_8291_8291_8291_8291_18154_18153_18153_18153_18153_18232_18231_18231_18231_18310_18309_18309_19208_19278_19277_19277_19277_19277_19277_19360_19359_13604_13603_13684_13683_13683_13683_13683_13714_13713_13713_4558_4557_4557_4564_4563_4563_4563_4563_4563_4563_4563_4563_4563_4563_4572_4571_4571_4571_4571_14962_14961_14961_14961_14970_14969_14969_14969_14969_14969_14969_15076_15075_15075_15075
1

labels_S06_selected_tokens_91_5087_92_3639 
0	1	53	0,0,21112_21122_21121_21121_21121_21121_21210_21209_8226_8225_8225_8225_8225_8274_8273_8273_8273_8273_8292_8291_8291_8291_18154_18153_18153_18153_18153_18153_18232_18231_18231_18231_18231_18231_18310_19208_19278_19360_19359_13604_13603_13603_13684_13683_13714_13713_13713_13713_13713_4558_4557_4557_4557_4557_4557_4557_4564_4563_4563_4563_4563_4563_4563_4572_4571_4571_4571_4571_14962_14961_14961_14961_14970_14969_14969_14969_14969_14969_14969_15076_15075_15075_15075_15075
1

labels_S06_selected_tokens_92_3639_93_35 
0	1	57	0,0,21112_21111_21111_21111_21111_21111_21111_21148_21147_21147_21196_21195_21195_10980_10979_11022_11021_11021_11092_11091_11091_18164_18163_18163_18163_18232_18231_18231_18310_18309_19160_19159_19159_19316_19315_19315_19388_19387_19387_19387_19387_19387_8714_8713_8748_8747_8747_8776_2082_2081_2224_2342_2341_13618_13617_13617_13617_13670_13669_13669_13710_15118_15117_15117_15244_15314_15313_2052_2051_2051_2051_2051_2051_2051_2051_2051_2051_2192_2191_2350_2349_2349_2349_17992_17991_17991_17991_17991_17991_17991_18024_18023_18023_18023_18023_18023_18072
1

labels_S06_selected_tokens_93_35_94_2642 
0	1	57	0,0,21112_21111_21111_21148_21147_21147_21147_21196_21195_21195_10980_10979_11022_11021_11092_11091_11091_18164_18163_18163_18232_18231_18231_18231_18231_18231_18310_18309_19160_19316_19388_8714_8713_8748_8747_8776_2082_2224_2223_2342_13618_13617_13670_13669_13669_13669_13669_13669_13710_13709_13709_15118_15117_15117_15244_15314_15313_2052_2051_2051_2051_2051_2051_2051_2051_2051_2192_2191_2191_2191_2350_2349_2349_17992_17991_18024_18023_18023_18023_18023_18023_18023_18023_18023_18023_18023_18023_18023_18072
1

labels_S06_selected_tokens_94_2642_95_2967 
0	1	59	0,0,16960_16990_16989_16989_16989_16989_16989_16989_16989_16989_16989_17026_10956_10955_10955_11030_11029_11092_11091_11091_18164_18163_18163_18163_18232_18231_18231_18231_18231_18310_18309_19208_19207_19278_19277_19368_19367_19367_19367_19367_21372_21371_21371_21371_21424_21423_21466_21465_21465_21465_21465_21465_21465_648_650_649_652_651_651_5040_5039_5039_5039_5039_5039_5056_5055_5055_5062_5061_5061_5061_10304_10303_10303_10303_10303_10303_10303_10303_10303_10303_10303_10303_10392_10391_10391_10438_22010_22009_22009_22054_22053_22053_22053_22053_22053_22053_22053_22053_22100
1

labels_S06_selected_tokens_95_2967_96_26696145124717 
0	1	59	0,0,3_12_18_16936_16935_16935_16935_16935_16935_16935_16935_16935_16990_16989_17026_17025_10956_11030_11029_11029_11092_11091_11091_18164_18163_18232_18231_18231_18231_18231_18231_18231_18310_19208_19207_19278_19368_21372_21371_21424_21423_21423_21466_21465_21465_21465_21465_648_650_652_651_651_651_5040_5039_5039_5039_5039_5039_5056_5055_5055_5055_5062_5061_5061_5061_10304_10303_10303_10303_10303_10303_10303_10303_10303_10303_10392_10391_10438_10437_22010_22054_22053_22053_22053_22053_22053_22053_22053_22053_22053_22100_22099_22099
1

labels_S06_selected_tokens_9_7701_10_873 
0	1	16	0,0,2_8_18_17_17_17_17_12448_12447_12447_12447_12447_12447_12456_12455_12455_12480_12479_12479_12479_6688_6687_6687_6687_6687_6750_6749_6788_6787_6787_15182_15181_15214_15213_15268_15267_15267_15267_15267_7356_7355_7355_7355_7355_7355_7396_7395_7395_7395_7395_7395_7456_7455_7455_7455_8476_8475_8475_8478_8477_8477_8477_8480_8479_8479_8479_8479_19240_19239_19239_19239_19239_19239_19239_19239_19239_19320_19319_19319_19319_19330_19329_17960_17959_17959_17959_17959_17959_17959_17959_17959_18024_18023_18023_18023_18023_18023_18072_18071_18071_18071_18071_93_102_100_100_100_108
1

