labels_S10_selected_tokens_0_0_0_5845 5170 5220 5236 5235 5235 6674 6673 6673 6750 6749 6788 6787 6787 15148 15147 15234 15233 15233 15304 15303 19224 19223 19294 19293 19293 19293 19338 19337 19337 19337 2084 2083 2083 2226 2344 2343 2343 2343 13398 13397 13397 13397 13397 13397 13397 13397 13397 13397 13454 13453 13453 13453 13453 13502 13501 13501 
labels_S10_selected_tokens_0_5845_1_2127 5170 5220 5219 5236 5235 5235 5235 6674 6673 6750 6749 6788 6787 15148 15147 15234 15233 15233 15233 15304 15303 19224 19223 19223 19294 19293 19293 19293 19338 19337 2084 2083 2083 2083 2226 2225 2344 2343 2343 2343 2343 13398 13397 13397 13397 13397 13397 13397 13454 13453 13453 13453 13453 13453 13453 13502 13501 13501 13501 13501 13501 
labels_S10_selected_tokens_100_5685_101_2975 12646 12694 12693 12693 12693 12750 12749 12749 12749 12749 12749 12749 16106 16136 16135 16135 16135 16135 16152 16151 16151 16151 16151 16151 18144 18143 18143 18143 18143 18143 18143 18143 18232 18310 19160 19159 19292 19336 9020 9044 9043 9043 9058 9057 9057 648 647 650 654 653 653 653 653 653 17292 17291 17291 17291 17291 17291 17291 17291 17291 17420 17419 17419 17462 17461 5342 5430 5500 
labels_S10_selected_tokens_101_2975_102_2414 8514 8513 8536 8535 8535 8535 8590 8589 8589 1052 1051 1051 1051 1051 1051 1051 1051 1066 1065 1065 1065 1065 1132 1131 1131 18206 18205 18205 18205 18205 18232 18231 18231 18231 18231 18231 18231 18231 18231 18231 18310 18309 19160 19292 19291 19291 19291 19291 19291 19291 19291 19372 4784 4796 4795 4824 4823 4823 4823 3682 3684 3688 13406 13405 13405 13405 13405 13405 13405 13405 13405 13405 13405 13405 13405 13405 13405 13405 13405 13405 13405 13405 13405 13454 13453 13453 13453 13453 13453 13502 13501 13501 
labels_S10_selected_tokens_102_2414_103_3175 2 1 8 18 17 8498 8497 8497 8497 8497 8497 8497 8536 8535 8535 8535 8590 8589 8589 8589 1052 1051 1051 1051 1051 1051 1051 1066 1065 1065 1065 1132 1131 1131 1131 1131 18206 18205 18205 18205 18205 18232 18231 18231 18231 18310 19160 19292 19291 19291 19291 19372 19371 4784 4796 4795 4824 4823 3682 3681 3684 3688 3687 3687 13406 13405 13405 13405 13405 13405 13405 13405 13405 13405 13405 13405 13405 13405 13405 13405 13405 13405 13405 13405 13454 13453 13453 13453 13453 13453 13453 13502 13501 13501 13501 13501 13501 13501 13501 13501 13501 13501 13501 13501 13501 13501 
labels_S10_selected_tokens_103_3175_104_1738 13248 13276 13275 13275 13275 13352 13351 13351 13351 13351 1002 1001 1001 1001 1001 1001 1001 1001 1066 1065 1065 1132 1131 1131 1131 1131 18206 18205 18205 18205 18205 18232 18231 18231 18231 18231 18231 18231 18231 18310 18309 19208 19207 19207 19207 19207 19207 19207 19207 19207 19278 19360 13576 13575 13668 13694 13693 11442 11441 11441 11441 11441 11441 11441 11441 11441 11441 11441 11441 11441 11441 11478 11477 11477 11477 11477 11477 11477 11477 11548 11547 93 102 108 
labels_S10_selected_tokens_104_1738_104_9578 13248 13276 13275 13275 13275 13352 13351 13351 13351 1002 1001 1001 1001 1001 1001 1001 1001 1066 1065 1065 1132 1131 1131 1131 1131 1131 18206 18205 18205 18205 18205 18232 18231 18231 18231 18231 18231 18231 18231 18231 18310 19208 19278 19360 19359 13576 13575 13575 13668 13667 13694 13693 13693 11442 11441 11441 11441 11441 11441 11441 11441 11441 11441 11441 11478 11477 11477 11477 11477 11477 11477 11477 11548 93 102 108 
labels_S10_selected_tokens_104_9578_105_7422 16960 16959 16959 16959 16959 16962 16961 16961 16998 16997 16997 6710 6709 6709 6758 6757 6774 6773 6773 18128 18127 18127 18127 18232 18231 18231 18231 18231 18231 18231 18310 18309 19160 19159 19316 19315 19315 19315 19388 19387 8714 8713 8713 8748 8747 8776 2082 2224 2223 2342 2341 13398 13397 13397 13397 13397 13397 13397 13397 13397 13397 13397 13397 13397 13397 13397 13397 13454 13453 13453 13453 13453 13453 13502 13501 13501 
labels_S10_selected_tokens_105_7422_106_5505 16960 16962 16961 16961 16998 16997 16997 6710 6709 6709 6758 6757 6757 6757 6774 6773 6773 6773 18128 18127 18127 18127 18232 18231 18231 18231 18231 18231 18231 18231 18231 18231 18231 18310 19160 19316 19388 8714 8713 8713 8713 8748 8776 2082 2081 2224 2342 2341 2341 13398 13397 13397 13397 13397 13397 13397 13397 13397 13397 13397 13397 13397 13397 13397 13397 13397 13397 13397 13454 13453 13453 13453 13453 13502 13501 13501 13501 13501 13501 
labels_S10_selected_tokens_106_5505_107_3872 17796 17795 17795 17795 17795 17795 17795 17795 17795 17795 17795 17795 17834 17833 17833 17833 17914 17913 3504 3503 3503 3503 3526 3525 3525 3525 3548 3547 3547 3547 3547 8718 8717 8717 8738 8737 8737 8794 8793 19244 19243 19243 19292 19291 19291 19372 19371 19371 4784 4796 4795 4824 4823 3682 3681 3681 3684 3688 3687 3687 3687 13406 13405 13405 13405 13405 13405 13405 13405 13405 13405 13405 13405 13405 13405 13454 13453 13453 13453 13453 13502 13501 
labels_S10_selected_tokens_107_3872_108_1702 17796 17795 17795 17795 17795 17795 17795 17795 17834 17833 17833 17833 17914 17913 3504 3503 3503 3503 3503 3526 3525 3525 3548 3547 3547 3547 3547 3547 8718 8717 8717 8717 8717 8738 8737 8737 8737 8794 19244 19292 19372 19371 19371 4784 4796 4824 3682 3681 3681 3681 3681 3684 3688 3687 13406 13405 13405 13405 13405 13405 13405 13405 13405 13405 13405 13405 13405 13454 13453 13453 13453 13453 13453 13502 13501 13501 
labels_S10_selected_tokens_108_1702_108_8906 20720 20734 20782 20781 1052 1051 1051 1051 1051 1051 1051 1051 1066 1065 1065 1065 1132 1131 1131 1131 18206 18205 18205 18205 18232 18231 18231 18231 18231 18231 18231 18231 18310 18309 18309 19208 19207 19278 19277 19360 19359 19359 13576 13575 13668 13667 13694 13693 13693 13693 11442 11441 11441 11441 11441 11441 11441 11441 11441 11478 11477 11477 11477 11477 11477 11477 11548 93 102 108 
labels_S10_selected_tokens_108_8906_109_5787 20720 20734 20782 20781 20781 1052 1051 1051 1051 1051 1051 1051 1051 1066 1065 1065 1065 1132 1131 1131 1131 1131 18206 18205 18205 18205 18232 18231 18231 18231 18231 18231 18231 18231 18231 18310 19208 19278 19360 19359 13576 13575 13575 13668 13667 13694 13693 13693 11442 11441 11441 11441 11441 11441 11441 11441 11478 11477 11477 11477 11477 11477 11477 11548 93 102 108 
labels_S10_selected_tokens_109_5787_110_4094 21112 21122 21121 21210 21209 21209 8226 8225 8225 8225 8274 8273 8273 8273 8292 8291 8291 8291 18154 18153 18153 18153 18153 18232 18231 18231 18231 18231 18310 18309 19208 19207 19278 19277 19277 19277 19360 19359 19359 13604 13603 13684 13683 13714 13713 13713 4558 4557 4557 4557 4557 4557 4557 4557 4564 4563 4563 4563 4572 4571 4571 4571 4571 4571 4571 4571 4571 4571 14962 14961 14961 14961 14970 14969 14969 14969 14969 14969 14969 15076 15075 
labels_S10_selected_tokens_10_0873_10_7244 20720 20719 20719 20734 20756 20755 20755 6706 6705 6705 6750 6749 6788 6787 6787 15148 15147 15147 15218 15217 15217 15276 15275 5042 5041 5041 5056 5055 5055 5055 5055 5055 5055 5060 5059 5059 5059 5059 7170 7169 7169 7169 7169 7169 7169 7169 7169 7169 7169 7169 7169 7204 7203 7203 7203 7203 7203 7203 7240 93 102 108 
labels_S10_selected_tokens_10_7244_11_5757 12454 12456 12455 12455 12455 12480 12479 12479 6688 6687 6687 6687 6687 6750 6788 6787 15182 15181 15214 15268 15267 15267 15267 15267 7356 7355 7355 7355 7396 7395 7395 7395 7456 7455 7455 7455 8476 8475 8475 8478 8477 8477 8477 8477 8477 8477 8480 8479 19240 19239 19239 19239 19239 19239 19239 19320 19319 19319 19319 19319 19319 19319 19330 19329 19329 19329 19329 18016 18015 18015 18015 18015 18015 18015 18015 18024 18023 18023 18023 18072 18071 18071 18071 
labels_S10_selected_tokens_110_4094_111_2175 21112 21122 21121 21121 21210 21209 21209 8226 8225 8225 8225 8274 8273 8273 8273 8273 8292 8291 8291 8291 18154 18153 18153 18153 18153 18232 18231 18231 18231 18231 18310 19208 19207 19278 19360 13604 13603 13603 13684 13714 13713 13713 13713 4558 4557 4557 4557 4557 4557 4557 4557 4557 4564 4563 4563 4563 4572 4571 4571 4571 4571 4571 4571 4571 4571 4571 4571 14962 14961 14970 14969 14969 14969 14969 14969 14969 14969 14969 15076 
labels_S10_selected_tokens_111_2175_112_121 16960 16959 16959 16962 16961 16961 16998 16997 16997 6710 6709 6758 6774 6773 6773 6773 18128 18127 18127 18127 18127 18232 18231 18310 19208 19207 19278 19360 19359 19359 13552 13634 13633 13696 2032 2031 2192 2350 2349 2349 2349 18184 18183 18183 18183 18183 18252 18251 18314 18313 18313 15108 15107 15107 15216 15294 15293 2052 2051 2051 2051 2051 2051 2051 2051 2051 2192 2191 2191 2350 2349 2349 17992 17991 17991 17991 18024 18023 18023 18023 18023 18023 18023 18023 18023 18072 18071 18071 
labels_S10_selected_tokens_112_121_113_0519 16960 16959 16962 16961 16961 16998 16997 16997 6710 6709 6758 6774 6773 6773 6773 18128 18127 18127 18127 18127 18127 18232 18231 18310 19208 19278 19360 19359 13552 13551 13634 13633 13696 13695 2032 2031 2031 2192 2350 2349 2349 18184 18183 18183 18183 18252 18251 18314 18313 18313 18313 15108 15107 15216 15294 15293 2052 2051 2051 2051 2051 2051 2051 2051 2051 2051 2051 2192 2191 2350 2349 2349 17930 17929 17929 17929 17929 17929 17929 17929 17929 17929 17929 17929 18024 18023 18023 18072 93 102 108 
labels_S10_selected_tokens_113_0519_113_9163 21112 21148 21147 21147 21196 21195 10980 10979 11022 11021 11092 11091 18164 18163 18163 18163 18163 18163 18232 18231 18231 18231 18231 18310 18309 19160 19316 19315 19315 19315 19315 19388 8714 8713 8748 8747 8776 2082 2081 2224 2342 2341 13618 13670 13669 13669 13669 13710 15118 15117 15244 15314 2052 2051 2051 2051 2051 2051 2051 2051 2051 2051 2051 2192 2191 2191 2350 2349 2349 17992 17991 17991 17991 17991 17991 17991 17991 17991 18024 18023 18023 18023 18023 18072 
labels_S10_selected_tokens_113_9163_114_7972 21112 21148 21147 21147 21196 21195 10980 10979 11022 11092 11091 11091 18164 18163 18163 18163 18232 18231 18231 18231 18231 18231 18231 18231 18310 19160 19316 19388 8714 8748 8776 2082 2081 2224 2342 2341 13618 13670 13669 13669 13710 13709 15118 15117 15117 15244 15314 15313 2052 2051 2051 2051 2051 2051 2051 2051 2051 2051 2051 2192 2191 2350 2349 2349 17930 17929 17929 17929 17929 17929 17929 17929 17929 17929 17929 17929 17929 17929 17929 17929 17929 18024 18072 93 102 108 
labels_S10_selected_tokens_114_7972_115_7972 16960 16959 16990 16989 16989 16989 17026 10956 10955 11030 11029 11029 11092 11091 18164 18163 18163 18163 18232 18231 18231 18310 19208 19207 19207 19207 19278 19368 19367 19367 21372 21371 21371 21424 21423 21423 21466 21465 21465 21465 21465 21465 648 650 649 649 649 652 651 651 5040 5039 5039 5039 5039 5039 5039 5056 5055 5055 5055 5055 5062 5061 5061 5061 10304 10303 10303 10303 10303 10303 10303 10303 10303 10303 10303 10303 10303 10303 10392 10391 10438 10437 22010 22009 22009 22054 22053 22053 22053 22053 22053 22053 22053 22053 22053 22100 
labels_S10_selected_tokens_115_7972_116_8046 16960 16959 16990 16989 16989 16989 16989 17026 10956 10955 10955 11030 11029 11029 11092 11091 11091 18164 18163 18163 18163 18232 18231 18231 18231 18231 18231 18231 18310 19208 19207 19207 19278 19368 21372 21424 21423 21423 21423 21466 21465 21465 21465 21465 648 650 649 649 652 651 651 5040 5039 5039 5039 5039 5039 5039 5039 5039 5056 5055 5055 5055 5055 5062 5061 5061 5061 10304 10303 10303 10303 10303 10303 10303 10303 10303 10303 10303 10392 10391 10438 22010 22009 22009 22054 22053 22053 22053 22053 22053 22053 22053 22053 22053 22053 22100 22099 
labels_S10_selected_tokens_11_5757_12_418 12454 12456 12455 12455 12480 12479 12479 12479 6688 6687 6687 6750 6788 15182 15181 15214 15268 15267 15267 15267 15267 7356 7355 7396 7395 7395 7395 7395 7456 7455 7455 7455 8476 8475 8475 8478 8477 8477 8477 8477 8477 8477 8477 8477 8480 8479 8479 8479 19240 19239 19239 19320 19319 19319 19319 19319 19319 19319 19319 19319 19330 19329 19329 18016 18015 18015 18015 18015 18015 18015 18015 18015 18015 18015 18024 18023 18023 18023 18023 18072 18071 18071 
labels_S10_selected_tokens_12_418_13_432 20720 20719 20719 20719 20734 20733 20756 20755 6706 6705 6705 6750 6749 6749 6788 6787 6787 15148 15147 15234 15233 15304 19224 19223 19223 19294 19293 19293 19338 19337 2084 2083 2083 2226 2344 2343 13606 13605 13605 13688 13687 13750 13749 13749 13749 13749 8476 8475 8475 8478 8477 8477 8477 8477 8477 8477 8477 8480 8479 8479 8479 19240 19239 19239 19239 19239 19320 19319 19319 19319 19319 19330 19329 17960 17959 17959 17959 17959 17959 17959 17959 17959 17959 17959 17959 18024 18023 18023 18023 18023 18072 18071 18071 18071 93 91 102 108 107 
labels_S10_selected_tokens_13_432_14_373 20720 20734 20733 20733 20756 20755 6706 6705 6705 6750 6749 6788 6787 15148 15147 15234 15233 15304 15303 19224 19223 19294 19293 19338 19337 19337 2084 2083 2226 2225 2344 2343 2343 13606 13605 13688 13687 13687 13750 13749 13749 13749 8476 8475 8475 8475 8478 8477 8477 8477 8477 8477 8480 8479 8479 8479 19240 19239 19239 19239 19320 19319 19319 19319 19319 19319 19319 19330 19329 17960 17959 17959 17959 17959 17959 17959 17959 17959 17959 17959 18024 18023 18023 18023 18023 18072 18071 18071 18071 93 102 108 
labels_S10_selected_tokens_14_373_15_2139 8514 8513 8513 8513 8513 8513 8513 8530 8529 8529 8529 8586 8585 12140 12139 12139 12194 12193 12193 12246 12245 12245 12245 12245 12245 13616 13615 13615 13615 13686 13754 5514 5513 5513 5513 5620 5688 5687 21374 21373 21373 21422 21421 21421 21421 21474 21473 21473 21473 7910 7912 7911 7911 7911 7911 7911 7911 7911 7914 7913 7913 12792 12791 12791 12791 12791 12791 12822 12821 12821 12821 12821 12821 12821 12821 12821 12852 12851 12851 93 102 108 
labels_S10_selected_tokens_15_2139_16_0589 8514 8513 8513 8513 8513 8513 8513 8513 8513 8530 8529 8529 8529 8586 8585 12140 12194 12246 12245 12245 12245 13616 13615 13615 13615 13686 13754 5514 5513 5513 5513 5620 5619 5688 5687 21374 21373 21373 21373 21422 21421 21474 21473 21473 7910 7912 7911 7911 7911 7911 7911 7911 7911 7914 7913 7913 7913 12792 12791 12822 12821 12821 12821 12821 12821 12821 12821 12821 12821 12821 12821 12852 12851 12851 12851 12851 12851 12851 12851 12851 93 102 108 
labels_S10_selected_tokens_16_0589_16_7676 17796 17795 17795 17795 17795 17795 17795 17795 17795 17795 17795 17795 17795 17795 17826 17825 17825 17825 17874 17873 12144 12143 12143 12194 12193 12193 12246 12245 12245 12245 12245 12245 12245 13614 13613 13613 13613 13656 13655 13740 13739 10324 10323 10323 10323 10402 10401 10401 10452 10451 10451 15618 15617 15626 15625 15625 15625 15625 15625 15625 15642 15641 15641 15641 15641 15641 15641 15641 15641 
labels_S10_selected_tokens_16_7676_17_4997 4 16 18 17720 17719 17719 17719 17719 17719 17719 17719 17719 17719 17719 17719 17719 17826 17825 17825 17825 17825 17874 17873 12144 12194 12246 12245 12245 12245 12245 12245 13614 13613 13613 13613 13613 13613 13656 13655 13740 13739 10324 10323 10323 10323 10402 10401 10401 10401 10401 10452 10451 10451 15618 15626 15625 15625 15625 15625 15625 15625 15625 15625 15625 15642 15641 15641 15641 15641 15641 15641 
labels_S10_selected_tokens_17_4997_18_256 9150 9204 9203 9203 9203 9203 9203 9203 9203 9203 9288 9287 12128 12127 12127 12127 12127 12178 12246 12245 12245 12245 12245 12245 12245 13564 13563 13563 13672 13671 13671 13671 13671 13716 13715 13715 13715 13715 7334 7333 7333 7333 7333 7333 7364 7363 7363 7363 7363 7363 7363 7363 7402 7401 7401 22000 21999 21999 22020 22019 22019 22019 22019 22019 22019 22019 22019 22019 22019 22019 22019 22019 22019 22100 
labels_S10_selected_tokens_18_256_18_9602 9150 9204 9203 9203 9203 9288 9287 12128 12127 12178 12246 12245 12245 12245 12245 13564 13563 13563 13672 13671 13671 13671 13716 13715 13715 13715 13715 13715 13715 13715 7334 7333 7333 7333 7333 7364 7363 7363 7363 7363 7363 7363 7363 7402 7401 7401 22000 21999 21999 21999 22020 22019 22019 22019 22019 22019 22019 22019 22019 22019 22019 22019 22019 22019 22019 22019 22100 22099 
labels_S10_selected_tokens_18_9602_19_8187 14022 14056 14055 14055 14055 14055 14055 14055 14055 14100 12126 12125 12125 12194 12193 12246 12245 12245 12245 12245 12245 13616 13615 13615 13615 13615 13676 13675 13675 13732 13731 19154 19153 19153 19153 19294 19293 19293 19386 19385 19385 19385 19385 19385 19385 4560 4559 4559 4559 4559 4559 4564 4563 4563 4563 4563 4563 4563 4563 4572 4571 4571 4571 14194 14193 14193 14193 14210 14209 14209 14209 14209 14209 14209 14209 14258 14257 14257 14257 14257 14257 14257 14257 14257 
labels_S10_selected_tokens_19_8187_20_5557 14022 14021 14021 14021 14021 14056 14055 14100 12126 12194 12246 12245 12245 12245 12245 12245 13616 13615 13615 13615 13676 13675 13732 13731 13731 19154 19153 19153 19153 19294 19293 19293 19386 19385 19385 19385 19385 19385 4560 4559 4559 4559 4559 4559 4559 4564 4563 4563 4563 4563 4563 4563 4572 4571 4571 4571 14194 14193 14193 14193 14193 14210 14209 14209 14209 14209 14209 14209 14209 14258 14257 14257 
labels_S10_selected_tokens_1_2127_2_1328 8514 8513 8513 8513 8513 8554 8553 8553 8553 8553 8558 8557 17314 17368 17367 17486 17485 6646 6645 6645 6645 6760 6788 6787 6787 15146 15145 15145 15145 15145 15145 15238 15308 5520 5572 5571 5658 5657 5657 5657 13552 13634 13633 13696 2032 2031 2031 2031 2031 2031 2031 2031 2031 2031 2031 2031 2031 2192 2191 2191 2191 2350 2349 2349 17930 17929 17929 17929 17929 17929 17929 17929 17929 17929 17929 17929 17929 17929 17929 17929 17929 17929 18024 18023 18023 18023 18072 93 102 108 
labels_S10_selected_tokens_20_5557_21_2427 16468 16502 16544 16543 16543 16543 16543 16543 12138 12137 12137 12137 12194 12193 12193 12193 12193 12246 12245 12245 12245 12245 12245 12245 13614 13613 13613 13613 13613 13613 13613 13656 13740 13739 10324 10323 10323 10323 10402 10401 10401 10401 10401 10401 10401 10452 10451 15618 15617 15626 15625 15625 15625 15625 15625 15625 15625 15625 15642 15641 15641 15641 15641 15641 15641 15641 15641 
labels_S10_selected_tokens_21_2427_21_8137 16468 16502 16544 16543 16543 12138 12137 12194 12193 12246 12245 12245 12245 12245 12245 12245 13614 13613 13613 13613 13656 13655 13740 13739 13739 10324 10323 10323 10402 10401 10401 10401 10401 10401 10452 10451 10451 15618 15617 15626 15625 15625 15625 15625 15625 15625 15625 15625 15625 15642 15641 15641 15641 15641 15641 
labels_S10_selected_tokens_21_8137_22_5602 21112 21148 21147 21190 21189 21189 12120 12119 12119 12194 12193 12246 12245 12245 12245 12245 12245 13616 13615 13615 13615 13676 13675 13732 13731 13731 13731 5046 5045 5045 5056 5055 5055 5055 5055 5055 5055 5070 5069 5069 5069 5069 6934 6938 6937 6937 6948 6947 6947 6947 6947 6947 6947 6947 6947 17104 17156 17155 17155 17155 17155 17155 17155 17155 17155 17155 17212 17211 17211 17211 17211 17211 17211 
labels_S10_selected_tokens_22_5602_23_256 21112 21148 21147 21147 21147 21190 21189 21189 12120 12194 12246 12245 12245 12245 13616 13615 13615 13615 13615 13676 13675 13732 13731 5046 5045 5045 5045 5056 5055 5055 5055 5055 5055 5070 5069 5069 5069 5069 5069 6934 6933 6938 6948 6947 6947 6947 6947 6947 6947 6947 6947 6947 6947 17104 17156 17155 17155 17155 17155 17155 17155 17155 17212 17211 17211 17211 17211 17211 
labels_S10_selected_tokens_23_256_23_9418 21112 21148 21190 21189 21189 21189 12120 12119 12119 12194 12193 12193 12193 12193 12246 12245 12245 12245 12245 12245 13616 13615 13615 13615 13686 13754 5514 5513 5513 5513 5624 5623 5623 5676 5675 10272 10271 10271 10366 10365 10365 10365 10365 10365 10365 10365 10432 10431 10431 15618 15617 15626 15625 15625 15625 15625 15625 15625 15625 15642 15641 15641 15641 15641 15641 15641 15641 
labels_S10_selected_tokens_23_9418_24_5669 21112 21111 21111 21148 21147 21147 21147 21190 21189 21189 12120 12119 12194 12246 12245 12245 12245 13616 13615 13615 13615 13615 13686 13685 13754 13753 5514 5513 5624 5676 5675 5675 5675 10272 10271 10366 10365 10365 10365 10365 10365 10365 10365 10432 10431 15618 15617 15626 15625 15625 15625 15625 15625 15625 15642 15641 15641 15641 15641 15641 15641 
labels_S10_selected_tokens_24_5669_25_6621 17796 17820 17819 17819 17819 17819 17819 17819 17819 17819 17819 17819 17819 17819 17819 17916 17915 19222 19278 19374 19373 19373 19373 19373 12138 12194 12193 12193 12193 12246 12245 12245 12245 12245 12245 12245 13616 13615 13615 13615 13652 13651 13651 13651 13651 13744 13743 21366 21365 21365 21394 21393 21472 21471 21471 21471 7910 7912 7911 7911 7911 7911 7911 7911 7911 7914 7913 7913 7913 12934 12933 12933 12933 12933 12933 12933 12946 12945 12945 12945 12945 12945 12945 12992 12991 17926 17925 17925 17925 17925 17925 17925 17925 17925 17925 17925 17925 17925 17925 18024 18023 18023 18072 18071 18071 93 102 108 
labels_S10_selected_tokens_25_6621_26_7679 17796 17795 17795 17795 17795 17795 17795 17820 17819 17819 17819 17819 17819 17819 17916 17915 19222 19221 19278 19277 19374 19373 19373 12138 12194 12246 12245 12245 12245 12245 12245 13616 13615 13615 13615 13652 13651 13651 13651 13651 13651 13651 13744 13743 21366 21365 21394 21393 21393 21472 21471 21471 21471 7910 7912 7911 7911 7911 7911 7911 7911 7911 7914 7913 7913 7913 7913 12934 12933 12933 12933 12933 12933 12933 12933 12933 12933 12933 12933 12946 12945 12945 12945 12945 12945 12992 12991 17980 17979 17979 17979 17979 17979 17979 17979 17979 17979 17979 17979 17979 17979 17979 18024 18023 18023 18023 18072 18071 18071 
labels_S10_selected_tokens_26_7679_27_4675 5170 5216 5274 5273 12134 12133 12133 12194 12193 12193 12193 12246 12245 12245 12245 12245 12245 13564 13563 13563 13672 13716 13715 13715 13715 13715 13715 13715 13715 7326 7390 7389 7418 7417 7417 7417 7417 18646 18645 18645 18645 18645 18645 18645 18664 18663 18684 18683 18683 18683 18683 11282 11286 11285 11285 11285 11285 11285 11285 11285 11285 11285 11292 11291 11291 16568 16624 16660 
labels_S10_selected_tokens_27_4675_28_101 5170 5216 5274 5273 5273 12134 12194 12246 12245 12245 12245 12245 12245 13564 13563 13563 13672 13671 13716 13715 13715 13715 13715 13715 13715 7326 7390 7389 7418 7417 7417 7417 18646 18645 18645 18645 18645 18645 18645 18645 18664 18663 18684 18683 18683 18683 11282 11286 11285 11285 11285 11285 11285 11285 11285 11285 11285 11292 16568 16624 16660 
labels_S10_selected_tokens_28_101_29_0128 21112 21111 21148 21147 21147 21190 21189 21189 12120 12119 12119 12194 12193 12193 12246 12245 12245 12245 12245 12245 12245 13616 13615 13615 13615 13678 13677 13677 13706 4774 4773 4800 4799 4814 4813 4813 6934 6938 6937 6937 6937 6937 6937 6948 6947 6947 6947 6947 17320 17319 17319 17319 17319 17319 17412 17411 17468 17467 17467 17467 17467 17467 17467 15818 15817 15817 15817 15824 15823 15823 15828 15827 15827 15827 15827 15827 15827 15827 15827 15827 15827 15827 15827 15827 15827 15827 93 102 108 
labels_S10_selected_tokens_29_0128_29_7981 21112 21148 21147 21190 21189 21189 12120 12194 12246 12245 12245 13616 13615 13615 13615 13615 13615 13615 13615 13678 13677 13677 13706 13705 13705 4774 4800 4799 4814 4813 4813 6934 6938 6937 6937 6937 6937 6948 6947 6947 6947 17320 17319 17319 17319 17319 17319 17412 17411 17411 17468 17467 17467 17467 17467 17467 15818 15817 15817 15817 15824 15823 15823 15823 15828 15827 15827 15827 15827 15827 15827 15827 15827 15827 93 102 108 
labels_S10_selected_tokens_29_7981_30_4628 8514 8513 8513 8513 8513 8513 8513 8513 8513 8536 8535 8564 8563 8563 6672 6756 6755 6755 6792 6791 6791 6791 6791 6186 6185 6228 6227 6227 6254 6253 6253 6253 7358 7357 7366 7365 7365 7365 7408 7407 7407 7407 21384 21383 21392 21391 21478 21477 21477 8476 8475 8478 8477 8477 8477 8477 8477 8477 8480 8479 8479 19004 19056 19110 
labels_S10_selected_tokens_2_1328_3_0536 8514 8513 8513 8513 8554 8553 8553 8553 8553 8553 8553 8553 8553 8553 8553 8558 17314 17368 17367 17486 17485 6646 6645 6645 6760 6788 15146 15145 15238 15308 5520 5519 5572 5571 5571 5571 5571 5571 5571 5571 5571 5658 5657 13552 13634 13633 13696 2032 2031 2031 2031 2031 2031 2031 2031 2031 2031 2031 2031 2031 2031 2192 2191 2191 2191 2350 2349 2349 17930 17929 17929 17929 17929 17929 17929 17929 17929 17929 17929 17929 17929 17929 17929 17929 17929 18024 18072 93 102 108 
labels_S10_selected_tokens_30_4628_31_0577 8514 8513 8513 8513 8513 8513 8513 8536 8535 8535 8564 8563 6672 6671 6756 6755 6755 6755 6792 6791 6186 6228 6227 6227 6254 7358 7357 7366 7365 7365 7365 7365 7365 7408 7407 21384 21383 21392 21391 21478 21477 21477 21477 8476 8475 8475 8475 8478 8477 8477 8477 8477 8477 8480 19004 19056 19110 
labels_S10_selected_tokens_31_0577_31_7543 13248 13247 13247 13247 13247 13276 13275 13275 13275 13340 13339 6650 6649 6649 6649 6756 6792 6791 6791 6791 6186 6185 6185 6185 6228 6227 6254 6253 6253 7360 7359 7359 7359 7359 7396 7395 7395 7395 7395 7434 7433 7433 7433 7433 11448 11447 11447 11447 11447 11447 11447 11447 11478 11477 11477 11477 11477 11477 11477 11548 11547 11547 11547 93 91 91 102 108 
labels_S10_selected_tokens_31_7543_32_4408 13248 13247 13247 13247 13247 13247 13247 13276 13275 13275 13340 13339 13339 6650 6649 6649 6756 6755 6792 6791 6791 6186 6185 6228 6227 6254 7360 7359 7359 7359 7359 7396 7395 7395 7395 7434 7433 7433 7433 7433 11448 11447 11447 11447 11447 11447 11447 11447 11447 11478 11477 11477 11477 11477 11548 11547 93 91 91 91 91 91 91 91 91 102 108 
labels_S10_selected_tokens_32_4408_33_1339 14022 14070 14069 14069 14069 14098 14097 2984 2983 2983 2983 3046 3045 3045 3060 3059 3059 6186 6185 6185 6228 6227 6254 6253 6253 6253 7358 7357 7357 7357 7390 7389 7418 7417 7417 7417 7417 18646 18645 18645 18645 18645 18645 18645 18664 18663 18684 18683 18683 18683 18683 11282 11286 11285 11285 11285 11285 11285 11285 11285 11285 11285 11292 11291 16568 16624 16660 
labels_S10_selected_tokens_33_1339_33_8007 3 12 18 13964 14042 14041 14041 14041 14041 14098 14097 2984 2983 2983 3046 3045 3045 3060 3059 6186 6228 6254 6253 7358 7357 7357 7357 7390 7389 7389 7389 7418 7417 7417 7417 7417 18646 18645 18645 18645 18645 18645 18664 18663 18663 18684 18683 18683 18683 11282 11286 11285 11285 11285 11285 11285 11285 11285 11285 11285 11292 11291 16568 16624 16660 
labels_S10_selected_tokens_33_8007_34_6949 21112 21152 21151 21151 21151 21151 21151 21180 21179 21179 21179 21179 21179 7780 7779 7779 7802 7801 7820 7819 7819 7819 6196 6195 6212 6211 6211 6272 6271 11592 11591 11591 11591 11591 11591 11618 11617 11617 11617 11617 11694 11693 11693 11693 11693 2022 2021 2021 2021 2021 2021 2021 2250 2249 2350 2349 18178 18177 18232 18231 18231 18231 18231 18231 18231 18231 18231 18231 18231 18231 18231 18231 18231 18231 18231 18231 18282 18281 18281 18281 19002 19001 19001 19028 19027 19027 19136 
labels_S10_selected_tokens_34_6949_35_5844 21112 21152 21151 21151 21151 21151 21151 21180 21179 21179 21179 21179 7780 7779 7779 7802 7820 7819 7819 7819 6196 6212 6272 11592 11591 11591 11591 11591 11591 11591 11618 11617 11617 11617 11694 11693 11693 11693 11693 2022 2021 2021 2021 2021 2021 2021 2021 2250 2249 2249 2249 2249 2350 2349 2349 18178 18177 18177 18232 18231 18231 18231 18231 18231 18231 18231 18231 18231 18231 18231 18231 18231 18231 18231 18231 18231 18282 18281 18970 18969 18969 19022 19021 19072 93 102 108 
labels_S10_selected_tokens_35_5844_36_4162 2722 2721 2772 2771 2771 2771 2771 2771 2786 2785 2785 6186 6185 6185 6185 6228 6227 6254 6253 6253 6253 6253 7358 7357 7357 7398 7397 7448 7447 7447 15112 15111 15214 15213 15314 15313 2052 2051 2051 2051 2051 2051 2051 2051 2051 2051 2051 2051 2192 2191 2350 2349 2349 17930 17929 17929 17929 17929 17929 17929 17929 17929 17929 17929 17929 17929 17929 17929 17929 17929 17929 17929 17929 17929 17929 17929 18024 18072 93 102 108 
labels_S10_selected_tokens_36_4162_37_2144 2722 2721 2721 2721 2772 2771 2771 2771 2771 2771 2786 2785 6186 6185 6228 6254 6253 7358 7357 7357 7398 7448 7447 7447 15112 15111 15214 15213 15314 15313 15313 2052 2051 2051 2051 2051 2051 2051 2051 2051 2051 2051 2051 2051 2192 2191 2350 2349 2349 17930 17929 17929 17929 17929 17929 17929 17929 17929 17929 17929 17929 17929 17929 17929 17929 17929 17929 17929 17929 17929 17929 17929 17929 18024 18072 93 102 108 
labels_S10_selected_tokens_37_2144_37_8999 9136 9216 9215 9215 9215 9286 9285 9285 6696 6695 6695 6756 6792 6791 6791 6791 6791 6186 6185 6185 6228 6227 6254 6253 6253 7300 7299 7299 7299 7299 7299 7299 7299 7364 7363 7363 7363 7363 7363 7363 7402 7401 7401 7401 22000 21999 21999 21999 22020 22019 22019 22019 22019 22019 22019 22019 22019 22019 22019 22019 22019 22019 22019 22019 22019 22019 22100 
labels_S10_selected_tokens_37_8999_38_5785 9136 9135 9135 9216 9215 9215 9215 9286 9285 9285 6696 6695 6756 6755 6755 6792 6791 6186 6185 6228 6227 6254 6253 7300 7299 7299 7299 7299 7299 7299 7299 7299 7299 7299 7364 7363 7363 7363 7402 7401 7401 7401 22000 21999 21999 21999 21999 22020 22019 22019 22019 22019 22019 22019 22019 22019 22019 22019 22019 22019 22019 22019 22019 22019 22019 22100 
labels_S10_selected_tokens_38_5785_39_3384 13248 13276 13275 13275 13275 13352 13351 13351 13351 1002 1001 1001 1001 1001 1001 1001 1001 1001 1100 1099 1144 1143 1143 1143 6186 6185 6185 6228 6227 6227 6254 6253 6253 7300 7299 7299 7299 7299 7299 7364 7363 7363 7363 7363 7363 7363 7363 7363 7363 7402 7401 7401 7401 7401 22000 21999 21999 21999 21999 21999 22020 22019 22019 22019 22019 22019 22019 22019 22019 22019 22100 22099 22099 22099 
labels_S10_selected_tokens_39_3384_40_1463 13248 13276 13275 13275 13275 13275 13352 13351 13351 13351 1002 1001 1001 1001 1001 1001 1001 1001 1001 1100 1099 1099 1144 1143 1143 6186 6185 6185 6228 6227 6254 6253 7300 7299 7299 7364 7363 7363 7363 7363 7363 7363 7363 7363 7363 7363 7363 7402 7401 7401 7401 22000 21999 21999 21999 21999 22020 22019 22019 22019 22019 22019 22019 22019 22019 22019 22019 22019 22019 22019 22019 22019 22019 22019 22019 22100 22099 22099 22099 
labels_S10_selected_tokens_3_0536_3_8534 12454 12456 12455 12480 12479 12479 6688 6687 6687 6687 6687 6746 6745 6745 6768 6767 14322 14321 14321 14390 14389 14389 14424 14423 14423 18138 18137 18137 18137 18137 18137 18137 18232 18231 18231 18231 18231 18310 19238 19237 19310 19309 19392 19391 19391 19391 15840 15839 15839 15839 15839 15839 15839 15839 15844 15843 15843 15843 15843 15852 15851 15851 14942 14941 14941 14941 14941 14941 14970 14969 14969 14969 14969 14969 15076 15075 15075 15075 
labels_S10_selected_tokens_3_8534_4_6843 12454 12456 12455 12455 12455 12455 12455 12480 12479 12479 12479 6688 6687 6687 6746 6745 6768 14322 14321 14321 14390 14389 14389 14389 14389 14424 14423 14423 18138 18137 18137 18137 18137 18232 18231 18231 18231 18231 18310 19238 19237 19310 19309 19309 19392 19391 19391 15840 15839 15839 15839 15839 15839 15839 15839 15839 15844 15843 15843 15843 15843 15852 15851 15851 15851 14942 14941 14941 14941 14970 14969 14969 14969 14969 14969 15076 15075 15075 15075 15075 15075 
labels_S10_selected_tokens_40_1463_40_7117 2722 2721 2721 2721 2721 2721 2772 2771 2771 2771 2771 2786 2785 2785 2785 6186 6185 6185 6185 6185 6228 6227 6227 6254 6253 6253 7300 7299 7299 7299 7299 7299 7299 7299 7299 7380 7379 7379 7379 7379 7379 7416 7415 5342 5341 5430 5429 5429 5498 5497 5497 5497 93 102 108 
labels_S10_selected_tokens_40_7117_41_2258 2722 2721 2721 2721 2721 2721 2772 2771 2771 2771 2771 2771 2786 2785 6186 6185 6185 6228 6227 6254 6253 7300 7299 7299 7299 7299 7299 7299 7299 7299 7299 7380 7379 7379 7379 7379 7379 7416 7415 5342 5341 5430 5429 5498 5497 5497 93 102 108 
labels_S10_selected_tokens_41_2258_41_9375 8514 8513 8513 8513 8513 8513 8513 8513 8513 8540 8539 8539 8539 8578 8577 8577 474 473 518 517 517 517 517 517 517 517 517 540 539 539 539 6186 6185 6185 6185 6185 6228 6227 6254 6253 6253 7300 7299 7299 7299 7299 7299 7299 7380 7379 7379 7379 7379 7379 7416 7415 5342 5341 5430 5429 5429 5498 5497 5497 93 102 100 100 108 
labels_S10_selected_tokens_41_9375_42_6655 8514 8513 8513 8513 8513 8513 8513 8513 8540 8539 8539 8578 8577 8577 8577 474 473 518 517 517 517 517 517 540 539 539 539 539 6186 6185 6228 6227 6254 6253 6253 7300 7299 7299 7299 7299 7299 7299 7299 7380 7379 7379 7379 7379 7379 7379 7379 7416 7415 7415 5342 5430 5429 5429 5429 5498 5497 5497 5497 5497 5497 93 102 100 100 100 108 
labels_S10_selected_tokens_42_6655_43_2253 21112 21162 21161 21168 21167 6702 6701 6701 6701 6756 6792 6791 6791 6791 6186 6185 6185 6228 6227 6227 6254 6253 6253 6253 7300 7299 7299 7299 7299 7299 7299 7299 7299 7380 7379 7379 7379 7379 7416 7415 7415 5342 5341 5430 5429 5429 5429 5498 5497 5497 5497 93 102 108 
labels_S10_selected_tokens_43_2253_43_6585 21112 21162 21168 6702 6701 6701 6701 6756 6755 6792 6791 6186 6185 6228 6227 6254 6253 7300 7299 7299 7299 7299 7299 7299 7299 7299 7299 7380 7379 7379 7416 7415 7415 5342 5430 5429 5429 5498 93 102 108 
labels_S10_selected_tokens_43_6585_44_2602 12646 12694 12693 12693 12693 12693 12693 12750 12749 12749 12749 16106 16105 16105 16105 16105 16105 16105 16105 16136 16135 16170 16169 16169 16169 16169 5534 5608 5607 5712 10272 10271 10366 10365 10365 10365 10365 10365 10365 10365 10365 10365 10432 10431 15618 15617 15626 15625 15625 15625 15625 15625 15625 15625 15642 15641 15641 15641 
labels_S10_selected_tokens_44_2602_44_8674 12646 12694 12693 12693 12750 12749 12749 12749 12749 12749 16106 16105 16105 16105 16105 16136 16135 16135 16135 16135 16170 16169 16169 16169 16169 5534 5608 5607 5712 5711 10272 10366 10365 10365 10365 10365 10365 10365 10365 10365 10432 10431 10431 15618 15617 15626 15625 15625 15625 15625 15625 15625 15625 15625 15642 15641 15641 15641 15641 
labels_S10_selected_tokens_44_8674_45_4516 8906 8908 8934 8933 8933 16106 16105 16105 16105 16105 16105 16105 16105 16105 16105 16105 16136 16135 16135 16170 16169 16169 16169 16169 5534 5608 5607 5712 5711 10328 10327 10327 10327 10327 10327 10327 10327 10327 10327 10327 10327 10327 10327 10327 10352 10351 10351 10436 10435 10435 5350 5349 5349 5430 5429 5500 
labels_S10_selected_tokens_45_4516_46_081 8906 8908 8934 8933 8933 8933 16106 16105 16105 16105 16105 16105 16136 16135 16135 16135 16135 16135 16135 16170 16169 16169 16169 5534 5533 5608 5607 5712 5711 10328 10327 10327 10327 10327 10327 10327 10327 10327 10327 10327 10327 10352 10351 10351 10436 5350 5349 5349 5430 5429 5429 5498 5497 5497 5497 5497 5497 5497 93 102 108 
labels_S10_selected_tokens_46_081_46_8009 9136 9216 9215 9215 9215 9296 9295 9295 16080 16079 16079 16108 16107 16107 16107 16107 16107 16107 16107 16146 16145 16145 16145 22122 22121 22121 22188 22187 22187 22236 22235 22235 22235 22235 22235 10250 10249 10249 10249 10249 10249 10249 10249 10249 10249 10249 10249 10249 10249 10249 10249 10249 10346 10345 10345 10345 10410 10409 10409 22010 22009 22054 22053 22053 22053 22053 22053 22053 22053 22100 
labels_S10_selected_tokens_46_8009_47_497 9136 9216 9215 9215 9296 9295 9295 9295 16080 16079 16079 16079 16108 16107 16107 16107 16107 16107 16107 16146 16145 16145 16145 16145 22122 22121 22121 22121 22188 22187 22187 22187 22236 22235 22235 22235 10250 10249 10249 10249 10249 10249 10249 10249 10249 10249 10249 10249 10249 10249 10249 10249 10249 10346 10410 10409 10409 22010 22009 22054 22053 22053 22053 22053 22053 22053 22053 22100 
labels_S10_selected_tokens_47_497_48_1473 14022 14021 14021 14070 14069 14069 14130 14129 14129 16086 16085 16085 16085 16085 16085 16085 16085 16085 16085 16136 16170 16169 16169 16169 5534 5533 5626 5625 5700 5699 2074 2073 2073 2073 2073 2073 2073 2073 2073 2073 2073 2073 2208 2207 2207 2340 2339 14190 14189 14189 14189 14189 14189 14210 14209 14209 14209 14209 14209 14209 14209 14209 14258 
labels_S10_selected_tokens_48_1473_48_8258 14022 14021 14021 14021 14070 14069 14069 14130 14129 16086 16085 16085 16085 16085 16085 16136 16135 16135 16135 16135 16135 16135 16135 16170 16169 16169 16169 5534 5533 5533 5626 5700 2074 2073 2073 2073 2073 2073 2073 2073 2073 2073 2073 2073 2073 2073 2208 2207 2207 2207 2340 2339 14190 14189 14189 14189 14210 14209 14209 14209 14209 14209 14209 14209 14209 14258 
labels_S10_selected_tokens_48_8258_49_6535 16468 16514 16513 16513 16560 16559 16559 16559 16559 16090 16089 16089 16089 16089 16108 16107 16107 16107 16107 16107 16146 16145 16145 16145 22122 22121 22121 22121 22192 22191 22191 22191 22228 22227 22227 22227 22227 22227 7332 7331 7331 7331 7331 7331 7331 7364 7363 7363 7363 7363 7363 7363 7363 7363 7402 7401 7401 22000 21999 21999 22020 22019 22019 22019 22019 22019 22019 22019 22019 22019 22019 22019 22100 22099 22099 22099 22099 22099 22099 22099 22099 
labels_S10_selected_tokens_49_6535_50_4061 16468 16514 16513 16560 16559 16559 16559 16090 16089 16089 16089 16089 16108 16107 16107 16107 16107 16107 16107 16107 16146 16145 16145 16145 22122 22121 22121 22121 22121 22192 22191 22191 22228 22227 22227 22227 22227 22227 7332 7331 7331 7331 7331 7331 7364 7363 7363 7363 7363 7363 7363 7363 7363 7402 7401 7401 7401 22000 21999 21999 21999 21999 22020 22019 22019 22019 22019 22019 22019 22019 22019 22019 22100 
labels_S10_selected_tokens_4_6843_5_2525 13248 13247 13247 13247 13247 13276 13275 13275 13340 13339 13339 6650 6649 6649 6649 6720 6768 6767 14342 14341 14341 14341 14396 14395 14470 14469 2026 2025 2025 2025 2025 2025 2025 2025 2164 2163 2163 2354 14956 14955 14955 14955 14955 14970 14969 14969 14969 14969 14969 14969 15076 15075 15075 15075 15075 
labels_S10_selected_tokens_50_4061_51_0452 16960 16959 16959 16959 16959 16959 16959 16988 16987 16987 17030 17029 17029 17029 17029 17029 16098 16097 16097 16097 16097 16097 16097 16136 16168 16167 16167 16167 16167 4790 4789 4806 4805 4850 4849 4849 4849 648 647 650 649 649 649 649 649 649 649 649 649 649 649 652 651 651 651 651 19016 19044 19043 19043 19110 19109 
labels_S10_selected_tokens_51_0452_51_6288 16960 16959 16959 16959 16959 16988 16987 17030 17029 17029 17029 16098 16097 16097 16097 16097 16097 16136 16135 16135 16135 16135 16135 16135 16168 16167 16167 16167 16167 16167 4790 4806 4805 4850 4849 4849 4849 648 650 649 649 649 649 649 649 649 649 649 649 649 649 649 652 19016 19044 19110 
labels_S10_selected_tokens_51_6288_52_4455 17796 17795 17795 17795 17795 17795 17795 17795 17795 17795 17795 17834 17833 17833 17833 17914 17913 16084 16083 16083 16083 16083 16083 16083 16120 16119 16119 16119 16119 16166 16165 16165 16165 16165 12538 12537 12537 12537 12540 12539 12539 12548 12547 12547 12547 12547 7324 7323 7323 7323 7323 7323 7323 7323 7398 7397 7397 7397 7397 7397 7397 7397 7397 7448 7447 7447 7447 14892 14891 14970 14969 14969 14969 14969 14969 14969 14969 14969 15076 15075 
labels_S10_selected_tokens_52_4455_53_2778 17796 17795 17795 17795 17795 17795 17795 17795 17795 17795 17795 17795 17834 17833 17833 17833 17914 17913 17913 16084 16083 16083 16083 16083 16083 16120 16119 16119 16119 16119 16119 16119 16166 16165 16165 16165 16165 12538 12537 12537 12537 12540 12539 12539 12548 12547 12547 12547 7324 7323 7323 7323 7323 7323 7323 7323 7398 7397 7397 7397 7397 7397 7397 7397 7397 7397 7397 7448 7447 7447 7447 14892 14970 14969 14969 14969 14969 14969 14969 14969 15076 
labels_S10_selected_tokens_53_2778_53_9736 17796 17795 17795 17795 17795 17795 17795 17795 17795 17795 17834 17833 17833 17833 17833 17914 17913 17913 16084 16083 16083 16083 16083 16083 16083 16083 16120 16119 16119 16170 16169 16169 16169 16169 16169 5534 5533 5626 5625 5708 1766 1765 1765 1765 1765 1765 1846 1845 1845 1845 1845 1845 1845 1845 1845 1845 1845 1845 1845 1845 1845 1998 1997 1997 1997 1997 1997 1997 
labels_S10_selected_tokens_53_9736_54_6456 17796 17795 17795 17795 17795 17795 17795 17795 17795 17795 17795 17795 17795 17795 17834 17833 17833 17833 17914 17913 17913 16084 16083 16083 16083 16083 16083 16083 16120 16119 16119 16119 16119 16170 16169 16169 16169 16169 16169 5534 5626 5625 5708 5707 1766 1765 1765 1765 1765 1765 1846 1845 1845 1845 1845 1845 1845 1845 1845 1845 1845 1998 1997 1997 1997 
labels_S10_selected_tokens_54_6456_55_3131 16468 16514 16513 16513 16560 16559 16559 16559 16559 16090 16089 16089 16089 16089 16089 16136 16135 16135 16135 16170 16169 16169 16169 16169 5534 5584 5650 5649 11592 11591 11591 11618 11617 11617 11617 11617 11694 11693 11693 2126 2125 2125 2125 2125 2125 2125 2125 2246 2245 2245 2340 2339 2339 14190 14189 14189 14210 14209 14209 14209 14209 14209 14209 14258 14257 
labels_S10_selected_tokens_55_3131_55_9889 16468 16514 16513 16513 16560 16559 16559 16559 16559 16090 16089 16089 16136 16135 16135 16135 16135 16170 16169 16169 16169 5534 5533 5584 5583 5650 11592 11591 11591 11591 11591 11618 11617 11617 11617 11617 11694 11693 11693 2126 2125 2125 2125 2125 2125 2125 2125 2246 2245 2245 2340 14190 14189 14189 14210 14209 14209 14209 14209 14209 14209 14209 14209 14258 14257 14257 
labels_S10_selected_tokens_55_9889_56_869 17796 17834 17833 17833 17833 17833 17833 17833 17833 17833 17833 17833 17833 17914 17913 17913 16084 16083 16083 16083 16083 16083 16083 16083 16120 16168 16167 16167 16167 4790 4804 4803 4803 4842 4841 7358 7398 7397 7397 7448 7447 7447 15112 15214 15213 15213 15314 15313 2052 2051 2051 2051 2051 2051 2051 2051 2051 2051 2192 2191 2191 2350 2349 17930 17929 17929 17929 17929 17929 17929 17929 17929 17929 17929 17929 17929 17929 17929 17929 17929 17929 18024 18072 93 102 108 
labels_S10_selected_tokens_56_869_57_8529 17796 17795 17795 17795 17795 17795 17795 17795 17795 17795 17795 17795 17795 17795 17795 17795 17834 17833 17833 17833 17914 17913 17913 16084 16083 16083 16083 16120 16119 16119 16168 16167 16167 16167 16167 16167 16167 4790 4804 4803 4842 4841 7358 7357 7398 7397 7397 7448 7447 15112 15111 15214 15213 15314 15313 2052 2051 2051 2051 2051 2051 2051 2051 2051 2051 2051 2051 2192 2191 2191 2350 2349 17930 17929 17929 17929 17929 17929 17929 17929 17929 17929 17929 17929 17929 17929 17929 17929 17929 17929 17929 18024 18072 93 102 108 
labels_S10_selected_tokens_57_8529_58_5173 12646 12690 12689 12689 12689 12689 12689 12689 12689 12736 20466 20465 20465 20465 20500 20499 20499 20499 20499 20499 20499 20499 20499 20499 20532 20531 20531 5552 5551 5626 5625 5690 5689 15818 15817 15817 15817 15817 15817 15817 15817 15817 15817 15817 15817 15817 15824 15823 15823 15823 15823 15828 15827 15827 15827 15827 15827 15827 15827 15827 15827 93 102 108 
labels_S10_selected_tokens_58_5173_59_1733 12646 12645 12690 12689 12689 12689 12689 12689 12689 12689 12736 20466 20465 20465 20465 20465 20465 20465 20500 20499 20499 20499 20499 20499 20532 20531 5552 5626 5625 5690 5689 15818 15817 15817 15817 15817 15817 15817 15817 15817 15817 15817 15817 15817 15817 15824 15823 15823 15823 15823 15823 15823 15828 15827 15827 15827 15827 15827 15827 15827 15827 93 102 108 
labels_S10_selected_tokens_59_1733_59_8294 14022 14062 14061 14061 14061 14061 14061 14061 14061 14090 14089 14089 14089 20450 20449 20449 20449 20449 20449 20449 20449 20500 20499 20499 20499 20532 20531 20531 5552 5584 5583 5650 5649 11472 11471 11471 11471 11471 11471 11471 11471 11471 11471 11471 11471 11471 11478 11477 11477 11477 11477 11477 11477 11548 11547 11547 11547 11547 11547 11547 11547 93 102 108 
labels_S10_selected_tokens_59_8294_60_4575 14022 14062 14061 14061 14090 14089 14089 20450 20449 20449 20449 20449 20449 20449 20500 20499 20499 20499 20499 20499 20532 20531 20531 5552 5584 5650 5649 11472 11471 11471 11471 11471 11471 11471 11471 11471 11471 11471 11471 11471 11478 11477 11477 11477 11477 11477 11477 11477 11548 11547 11547 11547 11547 11547 11547 11547 93 91 91 102 108 
labels_S10_selected_tokens_5_2525_5_8563 13248 13247 13247 13247 13247 13247 13247 13247 13247 13247 13247 13276 13275 13340 13339 6650 6649 6649 6649 6649 6720 6768 6767 14342 14341 14341 14341 14396 14395 14470 2026 2025 2025 2025 2025 2025 2025 2164 2163 2354 2353 2353 14956 14955 14955 14955 14970 14969 14969 14969 14969 14969 14969 14969 14969 14969 14969 15076 
labels_S10_selected_tokens_5_8563_6_8008 2 8 18 17720 17719 17719 17719 17719 17719 17719 17719 17830 17829 17829 17829 17878 17877 17877 16686 16748 16747 16758 16757 16757 6670 6669 6750 6749 6749 6749 6749 6788 6787 6787 15146 15145 15145 15145 15145 15238 15237 15308 5536 5535 5624 5623 5648 5647 5647 7332 7331 7331 7331 7331 7331 7364 7363 7363 7363 7363 7363 7363 7363 7363 7402 7401 7401 7401 22000 21999 21999 22020 22019 22019 22019 22019 22019 22019 22019 22019 22019 22019 22019 22019 22019 22019 22100 22099 22099 22099 22099 22099 
labels_S10_selected_tokens_60_4575_61_0888 14646 14778 14777 14777 14777 14860 14859 14859 14859 14859 20438 20437 20437 20437 20437 20437 20437 20437 20500 20499 20499 20499 20499 20499 20532 20531 20531 5552 5626 5700 2016 2015 2015 2226 2344 2343 2343 2343 2343 13398 13397 13397 13397 13397 13397 13397 13397 13397 13397 13454 13453 13453 13453 13453 13453 13502 13501 13501 13501 13501 13501 
labels_S10_selected_tokens_61_0888_61_7462 14646 14778 14777 14777 14777 14860 14859 14859 14859 14859 14859 20438 20437 20437 20437 20437 20437 20437 20437 20437 20500 20499 20499 20532 20531 20531 5552 5626 5625 5625 5700 2016 2015 2226 2344 2343 2343 2343 2343 13398 13397 13397 13397 13397 13397 13397 13397 13397 13397 13454 13453 13453 13453 13453 13453 13453 13502 13501 13501 13501 13501 13501 13501 13501 
labels_S10_selected_tokens_61_7462_62_5685 16960 16959 16959 16959 16959 16959 16959 16990 16989 16989 17008 17007 17007 17007 20444 20443 20443 20443 20443 20443 20500 20532 20531 20531 20531 20531 20531 5548 5588 5587 5698 5697 5697 15090 15089 15202 15201 15294 15293 15293 15293 2052 2051 2051 2051 2051 2051 2051 2051 2051 2051 2051 2051 2051 2192 2191 2191 2350 2349 2349 17930 17929 17929 17929 17929 17929 17929 17929 17929 17929 17929 17929 17929 17929 17929 18024 18072 93 102 108 
labels_S10_selected_tokens_62_5685_63_3333 16960 16959 16990 16989 16989 17008 17007 17007 20444 20443 20443 20443 20443 20443 20500 20499 20499 20499 20532 20531 20531 20531 20531 5548 5588 5698 5697 5697 15090 15089 15089 15202 15201 15294 15293 2052 2051 2051 2051 2051 2051 2051 2051 2051 2051 2051 2051 2051 2051 2051 2192 2191 2191 2350 2349 17930 17929 17929 17929 17929 17929 17929 17929 17929 17929 17929 17929 17929 17929 18024 18072 93 102 108 
labels_S10_selected_tokens_63_3333_63_9558 4606 4622 4648 17336 17382 17381 17436 17435 17435 17435 17435 17435 17435 20444 20443 20443 20443 20443 20443 20443 20500 20499 20499 20532 20531 20531 5552 5608 5712 5711 10272 10366 10365 10365 10365 10365 10365 10365 10365 10365 10432 10431 10431 15618 15617 15626 15625 15625 15625 15625 15625 15625 15625 15642 15641 15641 15641 15641 15641 15641 
labels_S10_selected_tokens_63_9558_64_5682 4606 4622 4648 17336 17382 17436 17435 17435 17435 17435 20444 20443 20443 20443 20443 20443 20443 20443 20443 20443 20443 20500 20499 20532 20531 20531 5552 5608 5607 5712 10272 10366 10365 10365 10365 10365 10365 10365 10432 15618 15626 15625 15625 15625 15625 15625 15625 15625 15625 15625 15625 15625 15625 15642 15641 15641 15641 15641 15641 
labels_S10_selected_tokens_64_5682_65_3335 16468 16482 16481 16481 16546 16545 16545 16545 16545 17330 17329 17382 17381 17381 17436 17435 17435 20444 20443 20443 20443 20443 20443 20443 20500 20532 20531 5552 5551 5608 5712 10328 10327 10327 10327 10327 10327 10327 10327 10327 10327 10327 10372 10371 10371 10371 10424 10423 10423 10423 18592 18591 18591 18591 18591 18604 18603 18603 18603 18603 18603 18603 18603 18603 18603 18603 18603 18603 18603 18603 18624 18623 18623 18623 18623 
labels_S10_selected_tokens_65_3335_66_0968 16468 16482 16546 17330 17329 17329 17329 17329 17382 17381 17436 17435 20444 20443 20443 20443 20443 20443 20443 20443 20443 20443 20500 20532 20531 5552 5608 5712 5711 10328 10327 10327 10327 10327 10327 10327 10327 10327 10327 10372 10371 10371 10371 10424 10423 10423 10423 18592 18591 18591 18591 18591 18604 18603 18603 18603 18603 18603 18603 18603 18603 18603 18603 18603 18603 18603 18603 18603 18624 18623 18623 18623 18623 18623 
labels_S10_selected_tokens_66_0968_67_0693 2 8 18 17720 17719 17719 17719 17719 17719 17719 17719 17820 17819 17819 17819 17819 17819 17819 17916 17915 19222 19221 19278 19277 19277 19394 19393 20454 20453 20453 20453 20453 20453 20453 20453 20500 20499 20499 20499 20532 20531 20531 5552 5626 5625 5700 2030 2029 2029 2029 2029 2029 2180 2179 2179 2348 2347 15162 15161 15234 15233 15233 15233 15304 15303 19170 19169 19169 19169 19320 19319 19319 19319 19319 19330 19329 19329 18016 18015 18015 18015 18015 18015 18015 18015 18015 18024 18023 18023 18023 18023 18023 18023 18023 18072 
labels_S10_selected_tokens_67_0693_68_0131 17796 17795 17795 17795 17795 17820 17819 17819 17819 17819 17819 17819 17819 17916 17915 19222 19221 19278 19277 19277 19394 19393 19393 20454 20453 20453 20453 20453 20453 20453 20500 20499 20499 20532 20531 20531 5552 5626 5700 2030 2029 2029 2029 2029 2029 2180 2179 2179 2179 2348 2347 15162 15161 15234 15233 15233 15233 15233 15304 19170 19169 19169 19169 19169 19320 19319 19319 19319 19319 19330 19329 19329 18016 18015 18015 18015 18015 18015 18015 18015 18015 18015 18015 18024 18023 18023 18023 18023 18023 18023 18023 18072 
labels_S10_selected_tokens_68_0131_68_7419 17796 17795 17795 17795 17795 17795 17795 17795 17795 17795 17795 17795 17795 17795 17795 17822 17821 17821 17821 17864 12898 12897 12950 12949 12949 13018 20466 20465 20465 20465 20500 20499 20499 20499 20499 20499 20499 20499 20499 20499 20499 20520 20519 19240 19288 19287 19358 10328 10327 10327 10327 10327 10327 10327 10327 10327 10327 10327 10352 10351 10436 10435 5350 5430 5429 5429 5498 5497 93 102 108 
labels_S10_selected_tokens_68_7419_69_4746 2 8 18 17720 17719 17719 17719 17719 17719 17719 17719 17719 17719 17719 17822 17821 17821 17864 17863 17863 12898 12897 12950 12949 12949 12949 13018 20466 20465 20465 20465 20465 20465 20465 20500 20499 20499 20499 20499 20499 20520 20519 20519 19240 19288 19358 19357 10328 10327 10327 10327 10327 10327 10327 10327 10327 10327 10352 10351 10351 10436 10435 5350 5349 5430 5429 5429 5429 5429 5429 5500 
labels_S10_selected_tokens_69_4746_70_3547 17796 17795 17795 17795 17795 17795 17795 17860 17859 17859 17859 17859 17859 17859 17859 17859 17859 17859 17859 17859 17859 17859 17912 17911 17911 17911 20460 20459 20459 20459 20459 20500 20499 20499 20544 20543 20543 20543 20543 6204 6203 6234 6282 10272 10271 10366 10365 10432 10431 10431 15680 15679 15686 15702 15701 15701 15701 15701 15701 15701 15701 15701 13626 13666 13665 13758 13757 13757 11442 11441 11441 11441 11441 11441 11478 11477 11477 11477 11477 11477 11477 11477 11548 93 102 108 
labels_S10_selected_tokens_6_8008_7_7968 2 8 18 17720 17719 17719 17719 17719 17719 17719 17719 17719 17719 17719 17719 17830 17829 17829 17829 17829 17878 17877 16686 16685 16748 16747 16747 16758 16757 16757 6670 6750 6749 6749 6749 6749 6788 6787 15146 15145 15145 15145 15145 15145 15145 15238 15308 5536 5535 5624 5623 5648 5647 5647 7332 7331 7331 7331 7331 7331 7331 7364 7363 7363 7363 7363 7363 7363 7363 7363 7363 7363 7402 7401 7401 22000 21999 21999 21999 21999 22020 22019 22019 22019 22019 22019 22019 22019 22019 22019 22019 22019 22019 22019 22019 22019 22019 22100 
labels_S10_selected_tokens_70_3547_71_2325 17796 17795 17795 17795 17795 17795 17795 17795 17795 17795 17795 17795 17795 17860 17859 17859 17859 17859 17859 17859 17859 17859 17859 17912 17911 17911 17911 20460 20459 20459 20459 20459 20459 20500 20499 20544 20543 20543 6204 6203 6203 6234 6282 10272 10366 10365 10432 10431 10431 15680 15679 15686 15702 15701 15701 15701 15701 15701 15701 15701 13626 13625 13666 13758 13757 13757 13757 11442 11441 11441 11441 11441 11441 11478 11477 11477 11477 11477 11477 11477 11477 11477 11548 93 102 108 
labels_S10_selected_tokens_71_2325_72_2036 17796 17795 17795 17795 17795 17795 17795 17795 17795 17795 17795 17820 17819 17819 17819 17819 17916 17915 17915 19222 19221 19278 19277 19394 19393 19393 20454 20453 20453 20453 20453 20453 20453 20500 20499 20499 20499 20532 20531 20531 5552 5584 5583 5650 5649 11592 11591 11591 11591 11618 11617 11617 11617 11617 11694 11693 11693 11693 11693 2022 2021 2021 2021 2021 2021 2021 2021 2021 2250 2249 2350 2349 2349 17992 17991 17991 17991 17991 17991 17991 17991 17991 17991 17991 17991 17991 17991 17991 17991 17991 18024 18023 18023 18023 18072 
labels_S10_selected_tokens_72_2036_73_177 17796 17795 17795 17795 17795 17795 17820 17819 17819 17819 17819 17819 17819 17819 17819 17916 17915 19222 19221 19278 19277 19277 19277 19277 19394 19393 19393 20454 20453 20453 20453 20453 20453 20500 20499 20499 20532 20531 20531 5552 5584 5583 5650 11592 11591 11591 11591 11618 11617 11617 11617 11617 11694 11693 11693 11693 11693 2022 2021 2021 2021 2021 2021 2021 2021 2021 2250 2249 2350 2349 2349 2349 17930 17929 17929 17929 17929 17929 17929 17929 17929 17929 17929 17929 17929 17929 17929 17929 17929 17929 18024 18072 93 102 108 
labels_S10_selected_tokens_73_177_73_779 12646 12666 12665 12665 12665 12754 12753 12753 12753 1012 1011 1011 1011 1011 1090 1089 1089 1089 1089 1089 1128 1127 15164 15163 15242 15248 15247 15247 5558 5557 5602 5601 5650 11592 11591 11591 11591 11591 11591 11591 11591 11591 11591 11591 11591 11642 11641 11641 11641 11650 5312 5311 5430 5429 5429 5429 5429 5500 
labels_S10_selected_tokens_73_779_74_4042 12646 12666 12665 12665 12665 12665 12665 12754 12753 12753 12753 1012 1011 1011 1011 1011 1011 1011 1011 1011 1090 1089 1128 1127 1127 15164 15242 15248 15247 5558 5557 5557 5602 5601 5650 5649 11592 11591 11591 11591 11591 11591 11591 11591 11591 11591 11591 11591 11642 11641 11641 11641 11641 11650 5312 5311 5430 5429 5429 5429 5500 
labels_S10_selected_tokens_74_4042_75_0093 4948 4956 4955 4955 4955 4955 4970 4969 4969 4969 4969 4969 4969 1048 1047 1090 1089 1089 1089 1089 1089 1089 1089 1089 1128 1127 1127 15166 15165 15214 15213 15314 2078 2077 2077 2244 2243 2334 2333 2333 13618 13617 13617 13617 13617 13617 13617 13617 13686 13754 13753 5304 5303 5303 5303 5366 5365 5365 5466 
labels_S10_selected_tokens_75_0093_75_6343 4948 4956 4955 4955 4955 4955 4955 4955 4970 4969 4969 4969 4969 4969 1048 1047 1047 1047 1047 1047 1047 1090 1089 1089 1089 1128 1127 1127 15166 15165 15165 15214 15213 15314 15313 2078 2077 2077 2244 2334 2333 2333 13618 13617 13617 13617 13617 13617 13617 13686 13685 13685 13754 13753 5304 5303 5303 5366 5365 5365 5466 
labels_S10_selected_tokens_75_6343_76_2988 5170 5220 5236 5235 5235 1048 1047 1047 1047 1047 1047 1047 1047 1090 1089 1089 1089 1128 1127 15184 15183 15183 15192 15191 15191 15300 15299 15299 18170 18169 18169 18224 18223 18223 18223 18223 18223 18298 18297 18297 18297 18297 7170 7169 7169 7169 7169 7169 7169 7169 7204 7203 7203 7203 7203 7203 7203 7203 7240 7239 7239 93 102 108 
labels_S10_selected_tokens_76_2988_76_9873 5170 5220 5219 5236 5235 5235 5235 5235 1048 1047 1047 1047 1047 1090 1089 1089 1089 1128 1127 15184 15183 15192 15191 15191 15191 15300 15299 15299 15299 18170 18169 18169 18169 18169 18169 18224 18223 18223 18223 18298 18297 18297 18297 7170 7169 7169 7169 7169 7169 7169 7169 7169 7169 7169 7204 7203 7203 7203 7203 7203 7203 7240 7239 7239 93 102 108 
labels_S10_selected_tokens_76_9873_77_6185 8514 8513 8513 8513 8513 8513 8513 8513 8536 8535 8535 8590 8589 8589 1048 1047 1047 1047 1047 1047 1090 1089 1089 1128 1127 1127 15184 15183 15192 15191 15191 15300 15299 18170 18169 18169 18169 18169 18169 18218 18217 18217 18217 18268 18267 18267 11464 11463 11463 11463 11463 11463 11463 11463 11463 11463 11463 11463 11508 11507 11566 
labels_S10_selected_tokens_77_6185_78_3162 8514 8513 8513 8513 8513 8513 8513 8536 8535 8535 8535 8590 8589 8589 1048 1047 1047 1047 1047 1047 1047 1047 1047 1090 1128 1127 1127 15184 15183 15192 15191 15191 15300 15299 15299 18170 18169 18169 18169 18169 18169 18218 18217 18217 18217 18268 18267 11472 11471 11471 11471 11471 11471 11471 11471 11471 11471 11471 11471 11471 11471 11478 11477 11477 11548 93 102 108 
labels_S10_selected_tokens_78_3162_79_1578 18808 18807 18836 18835 18835 18835 18862 18861 18861 18861 18861 1048 1047 1047 1047 1047 1047 1090 1089 1089 1128 1127 1127 15184 15183 15234 15233 15304 19200 19199 19199 19266 19265 19265 19265 19265 19350 19349 17332 17331 17331 17422 17476 17475 2134 2133 2133 2133 2133 2133 2133 2246 2245 2340 2339 2339 14346 14390 14389 14389 14389 14389 14389 14424 14423 14423 22004 22003 22003 22054 22053 22053 22053 22053 22053 22053 22053 22053 22053 22053 22053 22100 
labels_S10_selected_tokens_79_1578_79_9799 18808 18836 18835 18862 18861 18861 18861 18861 18861 1048 1047 1047 1047 1047 1047 1090 1089 1089 1128 1127 15184 15183 15183 15234 15304 19200 19199 19199 19199 19266 19265 19265 19265 19350 19349 19349 19349 17332 17331 17422 17476 17475 2134 2133 2133 2133 2133 2133 2133 2133 2246 2245 2340 2339 2339 14346 14345 14345 14390 14389 14389 14389 14389 14389 14424 14423 22004 22003 22003 22054 22053 22053 22053 22053 22053 22053 22053 22053 22053 22100 
labels_S10_selected_tokens_79_9799_80_6601 20720 20734 20782 1048 1047 1047 1047 1047 1047 1047 1090 1089 1089 1089 1089 1128 1127 1127 15166 15165 15214 15266 15265 10320 10319 10319 10319 10319 10319 10319 10372 10371 10371 10371 10371 10371 10424 10423 10423 10423 10423 18592 18591 18591 18591 18591 18604 18603 18603 18603 18603 18603 18603 18603 18603 18603 18603 18603 18603 18603 18603 18603 18603 18624 18623 18623 
labels_S10_selected_tokens_7_7968_8_6269 18808 18836 18835 18835 18835 18862 18861 18861 18861 6696 6695 6695 6750 6749 6749 6788 6787 15146 15145 15145 15145 15145 15145 15145 15238 15308 5566 5565 5565 5624 5656 5655 2030 2029 2029 2029 2029 2029 2180 2179 2179 2348 2347 15104 15103 15103 15103 15200 15199 15199 15199 15199 15199 15199 15199 15199 15264 15263 21988 21987 21987 21987 22054 22053 22053 22053 22053 22053 22053 22053 22053 22053 22053 22053 22060 22059 22059 22059 93 102 108 
labels_S10_selected_tokens_80_6601_81_3785 20720 20719 20734 20733 20733 20782 20781 1048 1047 1047 1047 1047 1047 1047 1090 1089 1089 1089 1128 1127 1127 15166 15165 15165 15214 15266 15265 10320 10319 10319 10319 10319 10319 10319 10319 10372 10371 10371 10424 10423 10423 10423 18592 18591 18591 18591 18591 18604 18603 18603 18603 18603 18603 18603 18603 18603 18603 18603 18603 18603 18603 18603 18603 18603 18603 18603 18624 18623 18623 18623 
labels_S10_selected_tokens_81_3785_82_0426 14022 14074 14073 14073 14073 14073 14126 14125 14125 998 997 997 997 997 997 997 997 1090 1089 1128 1127 15166 15165 15214 15314 2122 2121 2121 2121 2202 2201 2294 2293 2293 12536 12535 12535 12542 12541 12541 12568 12567 12567 12567 7170 7169 7169 7169 7169 7169 7169 7169 7204 7203 7203 7203 7203 7203 7203 7240 7239 93 102 108 
labels_S10_selected_tokens_82_0426_82_6931 14022 14074 14073 14073 14073 14126 14125 14125 998 997 997 997 997 997 997 1090 1089 1128 1127 1127 15166 15165 15214 15213 15266 10320 10319 10319 10394 10393 10393 10414 10413 12536 12535 12535 12542 12541 12568 12567 12567 12567 12567 12567 7170 7169 7169 7169 7169 7169 7169 7169 7204 7203 7203 7203 7203 7203 7203 7240 93 102 108 
labels_S10_selected_tokens_82_6931_83_5008 16960 16959 16959 16962 16961 16961 16998 16997 1038 1037 1037 1037 1037 1037 1037 1090 1089 1128 1127 15164 15163 15242 15248 15247 5566 5565 5565 5624 5656 2074 2208 2207 2340 2339 14358 14400 14460 15150 15244 15243 15314 15313 2052 2051 2051 2051 2051 2051 2051 2051 2051 2192 2191 2191 2191 2350 2349 2349 17992 17991 17991 17991 17991 17991 17991 17991 17991 17991 18024 18023 18023 18023 18023 18023 18023 18023 18023 18023 18072 
labels_S10_selected_tokens_83_5008_84_3404 16960 16962 16961 16961 16998 16997 1038 1037 1037 1037 1037 1037 1090 1089 1089 1089 1089 1128 1127 1127 15164 15242 15248 15247 5566 5565 5624 5656 5655 2074 2073 2208 2207 2340 14358 14400 14460 15150 15149 15244 15243 15314 15313 15313 2052 2051 2051 2051 2051 2051 2051 2051 2051 2051 2051 2192 2191 2191 2350 2349 2349 17930 17929 17929 17929 17929 17929 17929 17929 17929 17929 17929 17929 17929 17929 17929 17929 18024 18072 93 102 108 
labels_S10_selected_tokens_84_3404_85_0019 4606 4626 4666 1048 1047 1047 1047 1047 1047 1047 1090 1128 1127 1127 15164 15242 15248 5566 5624 5656 5655 2074 2242 2241 2241 2241 2292 19216 19215 19215 19266 19265 19265 19265 19265 19265 19350 19349 19349 17332 17331 17380 17379 17440 17439 11448 11447 11447 11447 11447 11447 11447 11447 11447 11478 11477 11477 11477 11477 11477 11548 93 102 108 
labels_S10_selected_tokens_85_0019_85_7095 4606 4626 4666 1048 1047 1047 1047 1047 1047 1047 1047 1047 1090 1089 1128 1127 1127 15164 15242 15248 5566 5565 5624 5656 2074 2073 2242 2241 2241 2292 19216 19215 19215 19215 19215 19266 19265 19265 19265 19350 19349 19349 19349 19349 17332 17331 17380 17379 17379 17440 11448 11447 11447 11447 11447 11447 11447 11447 11447 11447 11478 11477 11477 11477 11548 11547 93 102 108 
labels_S10_selected_tokens_85_7095_86_3892 17796 17795 17795 17795 17795 17795 17795 17795 17795 17795 17816 17815 17815 17815 17902 17901 17901 17901 1048 1047 1047 1047 1090 1089 1089 1089 1089 1089 1128 1127 15166 15165 15214 15314 2104 2103 2103 2103 2103 2202 2201 2292 19216 19215 19280 19346 11472 11471 11471 11471 11471 11471 11471 11471 11471 11471 11478 11477 11477 11477 11477 11477 11548 93 102 108 
labels_S10_selected_tokens_86_3892_87_0692 17796 17795 17795 17795 17795 17816 17815 17815 17815 17815 17815 17815 17815 17902 17901 17901 17901 1048 1047 1047 1047 1047 1047 1090 1089 1089 1128 1127 1127 15166 15165 15214 15213 15314 2104 2103 2103 2103 2103 2202 2201 2292 19216 19280 19346 11472 11471 11471 11471 11471 11471 11471 11471 11471 11471 11478 11477 11477 11477 11477 11477 11477 11548 93 102 108 
labels_S10_selected_tokens_87_0692_87_7175 4606 4626 4666 1018 1017 1017 1017 1017 1017 1017 1017 1017 1017 1017 1100 1099 1099 1099 1146 19210 19209 19314 19376 2084 2226 2344 2343 2343 2343 2343 13558 13557 13557 13557 13557 13557 13557 13557 13557 13664 13663 13663 13722 13721 21976 21975 21975 22054 22053 22053 22053 22053 22053 22053 22053 22053 22053 22053 22053 22053 22053 22053 22100 
labels_S10_selected_tokens_87_7175_88_3466 4606 4626 4666 1018 1017 1017 1017 1017 1017 1017 1017 1017 1100 1099 1099 1099 1146 19210 19209 19314 19376 2084 2226 2344 2343 2343 2343 2343 2343 2343 13558 13557 13557 13557 13557 13664 13663 13663 13722 13721 13721 21976 22054 22053 22053 22053 22053 22053 22053 22053 22053 22053 22053 22053 22053 22053 22053 22053 22053 22053 22100 
labels_S10_selected_tokens_88_3466_88_8973 16468 16490 16489 16489 16489 16489 16489 16520 16519 16519 16519 16519 16519 1000 999 999 999 999 1100 1099 1099 1124 1123 1123 5524 5523 5608 5712 10272 10271 10366 10365 10365 10365 10365 10365 10365 10432 10431 10431 15618 15617 15626 15625 15625 15625 15625 15625 15642 15641 15641 15641 15641 
labels_S10_selected_tokens_88_8973_89_445 16468 16490 16489 16489 16489 16489 16489 16520 16519 16519 16519 16519 1000 999 999 999 999 999 999 1100 1099 1099 1124 1123 1123 5524 5523 5608 5712 10272 10366 10365 10365 10365 10365 10365 10365 10432 10431 15618 15617 15626 15625 15625 15625 15625 15625 15625 15625 15625 15625 15642 15641 
labels_S10_selected_tokens_89_445_90_2063 17796 17795 17795 17795 17795 17795 17795 17816 17815 17815 17815 17902 17901 17901 17901 1052 1051 1051 1051 1051 1051 1051 1100 1099 1099 1099 1124 1123 1123 1123 5524 5523 5626 5700 2074 2073 2073 2073 2073 2073 2073 2232 2231 2231 2231 2231 2231 2264 2263 2263 2263 18178 18232 18231 18231 18231 18231 18231 18231 18231 18231 18231 18231 18231 18282 18281 18281 19002 19001 19001 19001 19028 19027 19136 
labels_S10_selected_tokens_8_6269_9_4197 18808 18836 18835 18835 18835 18862 18861 18861 18861 18861 6696 6695 6695 6750 6749 6788 6787 6787 15146 15145 15145 15145 15145 15145 15238 15308 5566 5565 5624 5623 5656 5655 2030 2029 2029 2029 2029 2180 2179 2179 2348 2347 15104 15103 15103 15200 15199 15199 15199 15199 15199 15199 15199 15199 15199 15199 15264 15263 22004 22003 22054 22053 22053 22053 22053 22053 22053 22053 22053 22053 22053 22053 22053 22053 22053 22053 22100 
labels_S10_selected_tokens_90_2063_90_9855 17796 17795 17795 17795 17795 17795 17795 17795 17795 17816 17815 17815 17815 17902 17901 17901 17901 1052 1051 1051 1051 1051 1051 1051 1100 1099 1099 1124 1123 1123 5524 5523 5523 5626 5700 2074 2073 2073 2073 2232 2231 2231 2231 2231 2231 2231 2264 18178 18177 18177 18177 18232 18231 18231 18231 18231 18231 18231 18231 18231 18231 18231 18231 18231 18231 18231 18282 18281 18970 18969 19022 19072 93 91 102 108 
labels_S10_selected_tokens_90_9855_91_609 18536 18550 18549 18549 18549 18549 18549 18549 18549 18549 18549 18549 18549 18564 18563 18563 18563 18563 18563 1052 1051 1051 1051 1051 1051 1051 1051 1051 1100 1099 1099 1099 1146 1145 19210 19209 19260 19398 19397 19397 19397 19397 7332 7331 7331 7380 7379 7379 7379 7379 7379 7379 7416 7415 7415 5342 5430 5429 5429 5500 
labels_S10_selected_tokens_91_609_92_305 18536 18535 18535 18550 18549 18549 18549 18549 18549 18549 18549 18549 18549 18549 18549 18549 18549 18564 18563 18563 18563 18563 18563 1052 1051 1051 1051 1051 1051 1051 1051 1100 1099 1099 1099 1099 1146 1145 19210 19209 19260 19398 19397 19397 19397 7332 7331 7331 7331 7331 7331 7331 7331 7331 7331 7380 7379 7379 7416 7415 5342 5341 5341 5341 5341 5341 5430 5500 
labels_S10_selected_tokens_92_305_93_0163 18808 18836 18835 18835 18862 18861 18861 18861 18861 18861 18861 18861 1036 1035 1035 1035 1035 1035 1035 1035 1100 1099 1099 1146 1145 1145 19210 19260 19259 19398 19397 19397 19397 7332 7331 7331 7331 7331 7364 7363 7363 7363 7363 7363 7363 7363 7402 7401 7401 7401 22000 21999 21999 22020 22019 22019 22019 22019 22019 22019 22019 22019 22019 22019 22019 22019 22019 22019 22100 
labels_S10_selected_tokens_93_0163_93_7084 18808 18836 18835 18835 18862 18861 18861 18861 18861 1036 1035 1035 1035 1035 1035 1035 1100 1099 1099 1099 1099 1146 1145 19210 19209 19209 19260 19398 19397 19397 19397 7332 7331 7331 7331 7331 7331 7331 7364 7363 7363 7363 7363 7402 7401 7401 7401 22000 21999 21999 22020 22019 22019 22019 22019 22019 22019 22019 22019 22019 22019 22100 22099 22099 22099 22099 22099 
labels_S10_selected_tokens_93_7084_94_3007 4606 4626 4666 4665 4665 1018 1017 1017 1017 1017 1017 1017 1017 1017 1017 1100 1099 1099 1099 1146 1145 19210 19209 19260 19398 19397 19397 19397 19397 7362 7396 7395 7434 7433 7433 7433 11448 11447 11447 11447 11447 11447 11447 11447 11447 11447 11478 11477 11477 11477 11477 11477 11477 11548 93 102 108 
labels_S10_selected_tokens_94_3007_94_8904 4606 4626 4666 4665 1018 1017 1017 1017 1017 1017 1017 1017 1017 1017 1100 1099 1099 1099 1146 19210 19209 19260 19259 19398 19397 19397 19397 7362 7361 7361 7396 7395 7434 7433 7433 7433 7433 7433 11448 11447 11447 11447 11447 11447 11447 11447 11478 11477 11477 11477 11477 11477 11477 11548 93 102 108 
labels_S10_selected_tokens_94_8904_95_6585 8906 8918 8922 8921 8921 1016 1015 1015 1015 1015 1015 1015 1100 1099 1099 1099 1144 1143 1143 1143 6186 6185 6228 6254 6253 6253 6253 6253 7308 7307 7307 7396 7395 7395 7450 7449 7449 10318 10317 10317 10317 10402 10452 10451 10451 15680 15679 15696 15695 15695 15695 15695 15695 15695 15728 15727 15727 15727 15727 15727 15727 21998 21997 22054 22053 22053 22053 22053 22053 22053 22053 22053 22053 22053 22100 
labels_S10_selected_tokens_95_6585_96_4736 8906 8918 8922 1016 1015 1015 1015 1015 1015 1100 1099 1099 1099 1144 1143 1143 6186 6185 6228 6227 6254 6253 6253 6253 7308 7307 7307 7307 7396 7395 7450 7449 10318 10317 10317 10317 10317 10317 10402 10401 10452 10451 15680 15679 15679 15696 15695 15695 15695 15695 15728 15727 15727 15727 15727 21998 21997 21997 21997 21997 22054 22053 22053 22053 22053 22053 22053 22053 22053 22053 22053 22053 22053 22053 22053 22053 22053 22053 22053 22100 
labels_S10_selected_tokens_96_4736_97_4111 18808 18836 18862 18861 18861 18861 18861 18861 18861 1036 1035 1035 1035 1100 1099 1099 1099 1099 1146 1145 19210 19314 19376 2084 2226 2225 2344 2343 2343 13618 13676 13675 13732 13731 13731 19154 19153 19153 19294 19293 19293 19366 19365 19365 19365 19365 19365 8474 8473 8473 8478 8482 8481 8481 8481 8481 8481 8481 8481 8481 8481 13586 13585 13585 13585 13585 13585 13585 13585 13585 13585 13585 13664 13663 13663 13722 13721 21976 21975 22054 22053 22053 22053 22053 22053 22053 22053 22053 22053 22053 22053 22100 
labels_S10_selected_tokens_97_4111_98_3311 18808 18836 18835 18862 18861 18861 18861 18861 18861 1036 1035 1035 1035 1035 1100 1099 1099 1099 1146 19210 19314 19376 2084 2226 2225 2344 2343 2343 13618 13617 13676 13675 13732 13731 19154 19153 19153 19294 19293 19293 19366 19365 19365 19365 19365 19365 8474 8473 8473 8478 8482 8481 8481 8481 8481 8481 8481 8481 8481 8481 13586 13585 13585 13585 13585 13585 13585 13585 13585 13664 13663 13663 13722 13721 13721 21976 22054 22053 22053 22053 22053 22053 22053 22053 22053 22100 22099 22099 22099 22099 
labels_S10_selected_tokens_98_3311_99_0111 4948 4956 4955 4955 4955 4955 4970 4969 4969 4969 4969 4969 4969 1052 1051 1051 1051 1051 1051 1051 1100 1099 1099 1146 19210 19209 19260 19398 19397 19397 19397 19397 19397 7308 7396 7395 7395 7450 7449 10318 10317 10317 10317 10317 10317 10402 10401 10401 10452 10451 15618 15617 15617 15626 15625 15625 15625 15625 15625 15625 15642 15641 15641 15641 15641 15641 
labels_S10_selected_tokens_99_0111_99_7376 4948 4956 4955 4955 4955 4955 4970 4969 4969 4969 4969 4969 1052 1051 1051 1051 1100 1099 1099 1099 1099 1099 1146 1145 19210 19209 19260 19398 19397 19397 19397 19397 19397 19397 19397 7308 7307 7396 7395 7450 7449 7449 10318 10317 10317 10317 10317 10402 10401 10401 10401 10401 10452 10451 15618 15617 15626 15625 15625 15625 15625 15625 15625 15625 15625 15642 15641 15641 15641 15641 15641 
labels_S10_selected_tokens_99_7376_100_5685 12646 12694 12693 12693 12693 12750 12749 12749 12749 12749 12749 12749 16106 16136 16135 16135 16135 16152 16151 16151 16151 16151 18144 18143 18143 18143 18143 18232 18231 18231 18231 18231 18310 18309 18309 19160 19292 19291 19291 19291 19336 9020 9019 9019 9044 9043 9058 9057 9057 648 650 654 653 653 653 653 653 653 17292 17291 17291 17291 17291 17291 17291 17291 17291 17420 17419 17462 17461 17461 17461 5342 5341 5341 5341 5341 5341 5430 5500 
labels_S10_selected_tokens_9_4197_10_0873 20720 20719 20719 20734 20733 20756 20755 20755 6706 6705 6705 6750 6749 6749 6749 6788 6787 6787 15148 15147 15218 15217 15217 15276 15275 5042 5041 5041 5041 5056 5055 5055 5055 5055 5055 5060 5059 5059 5059 5059 5059 7170 7169 7169 7169 7169 7169 7169 7169 7204 7203 7203 7203 7203 7203 7203 7203 7203 7203 7203 7203 7240 93 102 108 
