labels_S10_selected_tokens_0_0_0_5845 
0	1	15	0,0,5170_5220_5236_5235_5235_6674_6673_6673_6750_6749_6788_6787_6787_15148_15147_15234_15233_15233_15304_15303_19224_19223_19294_19293_19293_19293_19338_19337_19337_19337_2084_2083_2083_2226_2344_2343_2343_2343_13398_13397_13397_13397_13397_13397_13397_13397_13397_13397_13454_13453_13453_13453_13453_13502_13501_13501
1

labels_S10_selected_tokens_0_5845_1_2127 
0	1	15	0,0,5170_5220_5219_5236_5235_5235_5235_6674_6673_6750_6749_6788_6787_15148_15147_15234_15233_15233_15233_15304_15303_19224_19223_19223_19294_19293_19293_19293_19338_19337_2084_2083_2083_2083_2226_2225_2344_2343_2343_2343_2343_13398_13397_13397_13397_13397_13397_13397_13454_13453_13453_13453_13453_13453_13453_13502_13501_13501_13501_13501_13501
1

labels_S10_selected_tokens_100_5685_101_2975 
0	1	11	0,0,12646_12694_12693_12693_12693_12750_12749_12749_12749_12749_12749_12749_16106_16136_16135_16135_16135_16135_16152_16151_16151_16151_16151_16151_18144_18143_18143_18143_18143_18143_18143_18143_18232_18310_19160_19159_19292_19336_9020_9044_9043_9043_9058_9057_9057_648_647_650_654_653_653_653_653_653_17292_17291_17291_17291_17291_17291_17291_17291_17291_17420_17419_17419_17462_17461_5342_5430_5500
1

labels_S10_selected_tokens_101_2975_102_2414 
0	1	17	0,0,8514_8513_8536_8535_8535_8535_8590_8589_8589_1052_1051_1051_1051_1051_1051_1051_1051_1066_1065_1065_1065_1065_1132_1131_1131_18206_18205_18205_18205_18205_18232_18231_18231_18231_18231_18231_18231_18231_18231_18231_18310_18309_19160_19292_19291_19291_19291_19291_19291_19291_19291_19372_4784_4796_4795_4824_4823_4823_4823_3682_3684_3688_13406_13405_13405_13405_13405_13405_13405_13405_13405_13405_13405_13405_13405_13405_13405_13405_13405_13405_13405_13405_13405_13454_13453_13453_13453_13453_13453_13502_13501_13501
1

labels_S10_selected_tokens_102_2414_103_3175 
0	1	17	0,0,2_1_8_18_17_8498_8497_8497_8497_8497_8497_8497_8536_8535_8535_8535_8590_8589_8589_8589_1052_1051_1051_1051_1051_1051_1051_1066_1065_1065_1065_1132_1131_1131_1131_1131_18206_18205_18205_18205_18205_18232_18231_18231_18231_18310_19160_19292_19291_19291_19291_19372_19371_4784_4796_4795_4824_4823_3682_3681_3684_3688_3687_3687_13406_13405_13405_13405_13405_13405_13405_13405_13405_13405_13405_13405_13405_13405_13405_13405_13405_13405_13405_13405_13454_13453_13453_13453_13453_13453_13453_13502_13501_13501_13501_13501_13501_13501_13501_13501_13501_13501_13501_13501_13501_13501
1

labels_S10_selected_tokens_103_3175_104_1738 
0	1	30	0,0,13248_13276_13275_13275_13275_13352_13351_13351_13351_13351_1002_1001_1001_1001_1001_1001_1001_1001_1066_1065_1065_1132_1131_1131_1131_1131_18206_18205_18205_18205_18205_18232_18231_18231_18231_18231_18231_18231_18231_18310_18309_19208_19207_19207_19207_19207_19207_19207_19207_19207_19278_19360_13576_13575_13668_13694_13693_11442_11441_11441_11441_11441_11441_11441_11441_11441_11441_11441_11441_11441_11441_11478_11477_11477_11477_11477_11477_11477_11477_11548_11547_93_102_108
1

labels_S10_selected_tokens_104_1738_104_9578 
0	1	30	0,0,13248_13276_13275_13275_13275_13352_13351_13351_13351_1002_1001_1001_1001_1001_1001_1001_1001_1066_1065_1065_1132_1131_1131_1131_1131_1131_18206_18205_18205_18205_18205_18232_18231_18231_18231_18231_18231_18231_18231_18231_18310_19208_19278_19360_19359_13576_13575_13575_13668_13667_13694_13693_13693_11442_11441_11441_11441_11441_11441_11441_11441_11441_11441_11441_11478_11477_11477_11477_11477_11477_11477_11477_11548_93_102_108
1

labels_S10_selected_tokens_104_9578_105_7422 
0	1	48	0,0,16960_16959_16959_16959_16959_16962_16961_16961_16998_16997_16997_6710_6709_6709_6758_6757_6774_6773_6773_18128_18127_18127_18127_18232_18231_18231_18231_18231_18231_18231_18310_18309_19160_19159_19316_19315_19315_19315_19388_19387_8714_8713_8713_8748_8747_8776_2082_2224_2223_2342_2341_13398_13397_13397_13397_13397_13397_13397_13397_13397_13397_13397_13397_13397_13397_13397_13397_13454_13453_13453_13453_13453_13453_13502_13501_13501
1

labels_S10_selected_tokens_105_7422_106_5505 
0	1	48	0,0,16960_16962_16961_16961_16998_16997_16997_6710_6709_6709_6758_6757_6757_6757_6774_6773_6773_6773_18128_18127_18127_18127_18232_18231_18231_18231_18231_18231_18231_18231_18231_18231_18231_18310_19160_19316_19388_8714_8713_8713_8713_8748_8776_2082_2081_2224_2342_2341_2341_13398_13397_13397_13397_13397_13397_13397_13397_13397_13397_13397_13397_13397_13397_13397_13397_13397_13397_13397_13454_13453_13453_13453_13453_13502_13501_13501_13501_13501_13501
1

labels_S10_selected_tokens_106_5505_107_3872 
0	1	58	0,0,17796_17795_17795_17795_17795_17795_17795_17795_17795_17795_17795_17795_17834_17833_17833_17833_17914_17913_3504_3503_3503_3503_3526_3525_3525_3525_3548_3547_3547_3547_3547_8718_8717_8717_8738_8737_8737_8794_8793_19244_19243_19243_19292_19291_19291_19372_19371_19371_4784_4796_4795_4824_4823_3682_3681_3681_3684_3688_3687_3687_3687_13406_13405_13405_13405_13405_13405_13405_13405_13405_13405_13405_13405_13405_13405_13454_13453_13453_13453_13453_13502_13501
1

labels_S10_selected_tokens_107_3872_108_1702 
0	1	58	0,0,17796_17795_17795_17795_17795_17795_17795_17795_17834_17833_17833_17833_17914_17913_3504_3503_3503_3503_3503_3526_3525_3525_3548_3547_3547_3547_3547_3547_8718_8717_8717_8717_8717_8738_8737_8737_8737_8794_19244_19292_19372_19371_19371_4784_4796_4824_3682_3681_3681_3681_3681_3684_3688_3687_13406_13405_13405_13405_13405_13405_13405_13405_13405_13405_13405_13405_13405_13454_13453_13453_13453_13453_13453_13502_13501_13501
1

labels_S10_selected_tokens_108_1702_108_8906 
0	1	70	0,0,20720_20734_20782_20781_1052_1051_1051_1051_1051_1051_1051_1051_1066_1065_1065_1065_1132_1131_1131_1131_18206_18205_18205_18205_18232_18231_18231_18231_18231_18231_18231_18231_18310_18309_18309_19208_19207_19278_19277_19360_19359_19359_13576_13575_13668_13667_13694_13693_13693_13693_11442_11441_11441_11441_11441_11441_11441_11441_11441_11478_11477_11477_11477_11477_11477_11477_11548_93_102_108
1

labels_S10_selected_tokens_108_8906_109_5787 
0	1	70	0,0,20720_20734_20782_20781_20781_1052_1051_1051_1051_1051_1051_1051_1051_1066_1065_1065_1065_1132_1131_1131_1131_1131_18206_18205_18205_18205_18232_18231_18231_18231_18231_18231_18231_18231_18231_18310_19208_19278_19360_19359_13576_13575_13575_13668_13667_13694_13693_13693_11442_11441_11441_11441_11441_11441_11441_11441_11478_11477_11477_11477_11477_11477_11477_11548_93_102_108
1

labels_S10_selected_tokens_109_5787_110_4094 
0	1	73	0,0,21112_21122_21121_21210_21209_21209_8226_8225_8225_8225_8274_8273_8273_8273_8292_8291_8291_8291_18154_18153_18153_18153_18153_18232_18231_18231_18231_18231_18310_18309_19208_19207_19278_19277_19277_19277_19360_19359_19359_13604_13603_13684_13683_13714_13713_13713_4558_4557_4557_4557_4557_4557_4557_4557_4564_4563_4563_4563_4572_4571_4571_4571_4571_4571_4571_4571_4571_4571_14962_14961_14961_14961_14970_14969_14969_14969_14969_14969_14969_15076_15075
1

labels_S10_selected_tokens_10_0873_10_7244 
0	1	72	0,0,20720_20719_20719_20734_20756_20755_20755_6706_6705_6705_6750_6749_6788_6787_6787_15148_15147_15147_15218_15217_15217_15276_15275_5042_5041_5041_5056_5055_5055_5055_5055_5055_5055_5060_5059_5059_5059_5059_7170_7169_7169_7169_7169_7169_7169_7169_7169_7169_7169_7169_7169_7204_7203_7203_7203_7203_7203_7203_7240_93_102_108
1

labels_S10_selected_tokens_10_7244_11_5757 
0	1	24	0,0,12454_12456_12455_12455_12455_12480_12479_12479_6688_6687_6687_6687_6687_6750_6788_6787_15182_15181_15214_15268_15267_15267_15267_15267_7356_7355_7355_7355_7396_7395_7395_7395_7456_7455_7455_7455_8476_8475_8475_8478_8477_8477_8477_8477_8477_8477_8480_8479_19240_19239_19239_19239_19239_19239_19239_19320_19319_19319_19319_19319_19319_19319_19330_19329_19329_19329_19329_18016_18015_18015_18015_18015_18015_18015_18015_18024_18023_18023_18023_18072_18071_18071_18071
1

labels_S10_selected_tokens_110_4094_111_2175 
0	1	73	0,0,21112_21122_21121_21121_21210_21209_21209_8226_8225_8225_8225_8274_8273_8273_8273_8273_8292_8291_8291_8291_18154_18153_18153_18153_18153_18232_18231_18231_18231_18231_18310_19208_19207_19278_19360_13604_13603_13603_13684_13714_13713_13713_13713_4558_4557_4557_4557_4557_4557_4557_4557_4557_4564_4563_4563_4563_4572_4571_4571_4571_4571_4571_4571_4571_4571_4571_4571_14962_14961_14970_14969_14969_14969_14969_14969_14969_14969_14969_15076
1

labels_S10_selected_tokens_111_2175_112_121 
0	1	49	0,0,16960_16959_16959_16962_16961_16961_16998_16997_16997_6710_6709_6758_6774_6773_6773_6773_18128_18127_18127_18127_18127_18232_18231_18310_19208_19207_19278_19360_19359_19359_13552_13634_13633_13696_2032_2031_2192_2350_2349_2349_2349_18184_18183_18183_18183_18183_18252_18251_18314_18313_18313_15108_15107_15107_15216_15294_15293_2052_2051_2051_2051_2051_2051_2051_2051_2051_2192_2191_2191_2350_2349_2349_17992_17991_17991_17991_18024_18023_18023_18023_18023_18023_18023_18023_18023_18072_18071_18071
1

labels_S10_selected_tokens_112_121_113_0519 
0	1	49	0,0,16960_16959_16962_16961_16961_16998_16997_16997_6710_6709_6758_6774_6773_6773_6773_18128_18127_18127_18127_18127_18127_18232_18231_18310_19208_19278_19360_19359_13552_13551_13634_13633_13696_13695_2032_2031_2031_2192_2350_2349_2349_18184_18183_18183_18183_18252_18251_18314_18313_18313_18313_15108_15107_15216_15294_15293_2052_2051_2051_2051_2051_2051_2051_2051_2051_2051_2051_2192_2191_2350_2349_2349_17930_17929_17929_17929_17929_17929_17929_17929_17929_17929_17929_17929_18024_18023_18023_18072_93_102_108
1

labels_S10_selected_tokens_113_0519_113_9163 
0	1	78	0,0,21112_21148_21147_21147_21196_21195_10980_10979_11022_11021_11092_11091_18164_18163_18163_18163_18163_18163_18232_18231_18231_18231_18231_18310_18309_19160_19316_19315_19315_19315_19315_19388_8714_8713_8748_8747_8776_2082_2081_2224_2342_2341_13618_13670_13669_13669_13669_13710_15118_15117_15244_15314_2052_2051_2051_2051_2051_2051_2051_2051_2051_2051_2051_2192_2191_2191_2350_2349_2349_17992_17991_17991_17991_17991_17991_17991_17991_17991_18024_18023_18023_18023_18023_18072
1

labels_S10_selected_tokens_113_9163_114_7972 
0	1	78	0,0,21112_21148_21147_21147_21196_21195_10980_10979_11022_11092_11091_11091_18164_18163_18163_18163_18232_18231_18231_18231_18231_18231_18231_18231_18310_19160_19316_19388_8714_8748_8776_2082_2081_2224_2342_2341_13618_13670_13669_13669_13710_13709_15118_15117_15117_15244_15314_15313_2052_2051_2051_2051_2051_2051_2051_2051_2051_2051_2051_2192_2191_2350_2349_2349_17930_17929_17929_17929_17929_17929_17929_17929_17929_17929_17929_17929_17929_17929_17929_17929_17929_18024_18072_93_102_108
1

labels_S10_selected_tokens_114_7972_115_7972 
0	1	80	0,0,16960_16959_16990_16989_16989_16989_17026_10956_10955_11030_11029_11029_11092_11091_18164_18163_18163_18163_18232_18231_18231_18310_19208_19207_19207_19207_19278_19368_19367_19367_21372_21371_21371_21424_21423_21423_21466_21465_21465_21465_21465_21465_648_650_649_649_649_652_651_651_5040_5039_5039_5039_5039_5039_5039_5056_5055_5055_5055_5055_5062_5061_5061_5061_10304_10303_10303_10303_10303_10303_10303_10303_10303_10303_10303_10303_10303_10303_10392_10391_10438_10437_22010_22009_22009_22054_22053_22053_22053_22053_22053_22053_22053_22053_22053_22100
1

labels_S10_selected_tokens_115_7972_116_8046 
0	1	80	0,0,16960_16959_16990_16989_16989_16989_16989_17026_10956_10955_10955_11030_11029_11029_11092_11091_11091_18164_18163_18163_18163_18232_18231_18231_18231_18231_18231_18231_18310_19208_19207_19207_19278_19368_21372_21424_21423_21423_21423_21466_21465_21465_21465_21465_648_650_649_649_652_651_651_5040_5039_5039_5039_5039_5039_5039_5039_5039_5056_5055_5055_5055_5055_5062_5061_5061_5061_10304_10303_10303_10303_10303_10303_10303_10303_10303_10303_10303_10392_10391_10438_22010_22009_22009_22054_22053_22053_22053_22053_22053_22053_22053_22053_22053_22053_22100_22099
1

labels_S10_selected_tokens_11_5757_12_418 
0	1	24	0,0,12454_12456_12455_12455_12480_12479_12479_12479_6688_6687_6687_6750_6788_15182_15181_15214_15268_15267_15267_15267_15267_7356_7355_7396_7395_7395_7395_7395_7456_7455_7455_7455_8476_8475_8475_8478_8477_8477_8477_8477_8477_8477_8477_8477_8480_8479_8479_8479_19240_19239_19239_19320_19319_19319_19319_19319_19319_19319_19319_19319_19330_19329_19329_18016_18015_18015_18015_18015_18015_18015_18015_18015_18015_18015_18024_18023_18023_18023_18023_18072_18071_18071
1

labels_S10_selected_tokens_12_418_13_432 
0	1	71	0,0,20720_20719_20719_20719_20734_20733_20756_20755_6706_6705_6705_6750_6749_6749_6788_6787_6787_15148_15147_15234_15233_15304_19224_19223_19223_19294_19293_19293_19338_19337_2084_2083_2083_2226_2344_2343_13606_13605_13605_13688_13687_13750_13749_13749_13749_13749_8476_8475_8475_8478_8477_8477_8477_8477_8477_8477_8477_8480_8479_8479_8479_19240_19239_19239_19239_19239_19320_19319_19319_19319_19319_19330_19329_17960_17959_17959_17959_17959_17959_17959_17959_17959_17959_17959_17959_18024_18023_18023_18023_18023_18072_18071_18071_18071_93_91_102_108_107
1

labels_S10_selected_tokens_13_432_14_373 
0	1	71	0,0,20720_20734_20733_20733_20756_20755_6706_6705_6705_6750_6749_6788_6787_15148_15147_15234_15233_15304_15303_19224_19223_19294_19293_19338_19337_19337_2084_2083_2226_2225_2344_2343_2343_13606_13605_13688_13687_13687_13750_13749_13749_13749_8476_8475_8475_8475_8478_8477_8477_8477_8477_8477_8480_8479_8479_8479_19240_19239_19239_19239_19320_19319_19319_19319_19319_19319_19319_19330_19329_17960_17959_17959_17959_17959_17959_17959_17959_17959_17959_17959_18024_18023_18023_18023_18023_18072_18071_18071_18071_93_102_108
1

labels_S10_selected_tokens_14_373_15_2139 
0	1	20	0,0,8514_8513_8513_8513_8513_8513_8513_8530_8529_8529_8529_8586_8585_12140_12139_12139_12194_12193_12193_12246_12245_12245_12245_12245_12245_13616_13615_13615_13615_13686_13754_5514_5513_5513_5513_5620_5688_5687_21374_21373_21373_21422_21421_21421_21421_21474_21473_21473_21473_7910_7912_7911_7911_7911_7911_7911_7911_7911_7914_7913_7913_12792_12791_12791_12791_12791_12791_12822_12821_12821_12821_12821_12821_12821_12821_12821_12852_12851_12851_93_102_108
1

labels_S10_selected_tokens_15_2139_16_0589 
0	1	20	0,0,8514_8513_8513_8513_8513_8513_8513_8513_8513_8530_8529_8529_8529_8586_8585_12140_12194_12246_12245_12245_12245_13616_13615_13615_13615_13686_13754_5514_5513_5513_5513_5620_5619_5688_5687_21374_21373_21373_21373_21422_21421_21474_21473_21473_7910_7912_7911_7911_7911_7911_7911_7911_7911_7914_7913_7913_7913_12792_12791_12822_12821_12821_12821_12821_12821_12821_12821_12821_12821_12821_12821_12852_12851_12851_12851_12851_12851_12851_12851_12851_93_102_108
1

labels_S10_selected_tokens_16_0589_16_7676 
0	1	8	0,0,17796_17795_17795_17795_17795_17795_17795_17795_17795_17795_17795_17795_17795_17795_17826_17825_17825_17825_17874_17873_12144_12143_12143_12194_12193_12193_12246_12245_12245_12245_12245_12245_12245_13614_13613_13613_13613_13656_13655_13740_13739_10324_10323_10323_10323_10402_10401_10401_10452_10451_10451_15618_15617_15626_15625_15625_15625_15625_15625_15625_15642_15641_15641_15641_15641_15641_15641_15641_15641
1

labels_S10_selected_tokens_16_7676_17_4997 
0	1	8	0,0,4_16_18_17720_17719_17719_17719_17719_17719_17719_17719_17719_17719_17719_17719_17719_17826_17825_17825_17825_17825_17874_17873_12144_12194_12246_12245_12245_12245_12245_12245_13614_13613_13613_13613_13613_13613_13656_13655_13740_13739_10324_10323_10323_10323_10402_10401_10401_10401_10401_10452_10451_10451_15618_15626_15625_15625_15625_15625_15625_15625_15625_15625_15625_15642_15641_15641_15641_15641_15641_15641
1

labels_S10_selected_tokens_17_4997_18_256 
0	1	26	0,0,9150_9204_9203_9203_9203_9203_9203_9203_9203_9203_9288_9287_12128_12127_12127_12127_12127_12178_12246_12245_12245_12245_12245_12245_12245_13564_13563_13563_13672_13671_13671_13671_13671_13716_13715_13715_13715_13715_7334_7333_7333_7333_7333_7333_7364_7363_7363_7363_7363_7363_7363_7363_7402_7401_7401_22000_21999_21999_22020_22019_22019_22019_22019_22019_22019_22019_22019_22019_22019_22019_22019_22019_22019_22100
1

labels_S10_selected_tokens_18_256_18_9602 
0	1	26	0,0,9150_9204_9203_9203_9203_9288_9287_12128_12127_12178_12246_12245_12245_12245_12245_13564_13563_13563_13672_13671_13671_13671_13716_13715_13715_13715_13715_13715_13715_13715_7334_7333_7333_7333_7333_7364_7363_7363_7363_7363_7363_7363_7363_7402_7401_7401_22000_21999_21999_21999_22020_22019_22019_22019_22019_22019_22019_22019_22019_22019_22019_22019_22019_22019_22019_22019_22100_22099
1

labels_S10_selected_tokens_18_9602_19_8187 
0	1	35	0,0,14022_14056_14055_14055_14055_14055_14055_14055_14055_14100_12126_12125_12125_12194_12193_12246_12245_12245_12245_12245_12245_13616_13615_13615_13615_13615_13676_13675_13675_13732_13731_19154_19153_19153_19153_19294_19293_19293_19386_19385_19385_19385_19385_19385_19385_4560_4559_4559_4559_4559_4559_4564_4563_4563_4563_4563_4563_4563_4563_4572_4571_4571_4571_14194_14193_14193_14193_14210_14209_14209_14209_14209_14209_14209_14209_14258_14257_14257_14257_14257_14257_14257_14257_14257
1

labels_S10_selected_tokens_19_8187_20_5557 
0	1	35	0,0,14022_14021_14021_14021_14021_14056_14055_14100_12126_12194_12246_12245_12245_12245_12245_12245_13616_13615_13615_13615_13676_13675_13732_13731_13731_19154_19153_19153_19153_19294_19293_19293_19386_19385_19385_19385_19385_19385_4560_4559_4559_4559_4559_4559_4559_4564_4563_4563_4563_4563_4563_4563_4572_4571_4571_4571_14194_14193_14193_14193_14193_14210_14209_14209_14209_14209_14209_14209_14209_14258_14257_14257
1

labels_S10_selected_tokens_1_2127_2_1328 
0	1	21	0,0,8514_8513_8513_8513_8513_8554_8553_8553_8553_8553_8558_8557_17314_17368_17367_17486_17485_6646_6645_6645_6645_6760_6788_6787_6787_15146_15145_15145_15145_15145_15145_15238_15308_5520_5572_5571_5658_5657_5657_5657_13552_13634_13633_13696_2032_2031_2031_2031_2031_2031_2031_2031_2031_2031_2031_2031_2031_2192_2191_2191_2191_2350_2349_2349_17930_17929_17929_17929_17929_17929_17929_17929_17929_17929_17929_17929_17929_17929_17929_17929_17929_17929_18024_18023_18023_18023_18072_93_102_108
1

labels_S10_selected_tokens_20_5557_21_2427 
0	1	43	0,0,16468_16502_16544_16543_16543_16543_16543_16543_12138_12137_12137_12137_12194_12193_12193_12193_12193_12246_12245_12245_12245_12245_12245_12245_13614_13613_13613_13613_13613_13613_13613_13656_13740_13739_10324_10323_10323_10323_10402_10401_10401_10401_10401_10401_10401_10452_10451_15618_15617_15626_15625_15625_15625_15625_15625_15625_15625_15625_15642_15641_15641_15641_15641_15641_15641_15641_15641
1

labels_S10_selected_tokens_21_2427_21_8137 
0	1	43	0,0,16468_16502_16544_16543_16543_12138_12137_12194_12193_12246_12245_12245_12245_12245_12245_12245_13614_13613_13613_13613_13656_13655_13740_13739_13739_10324_10323_10323_10402_10401_10401_10401_10401_10401_10452_10451_10451_15618_15617_15626_15625_15625_15625_15625_15625_15625_15625_15625_15625_15642_15641_15641_15641_15641_15641
1

labels_S10_selected_tokens_21_8137_22_5602 
0	1	76	0,0,21112_21148_21147_21190_21189_21189_12120_12119_12119_12194_12193_12246_12245_12245_12245_12245_12245_13616_13615_13615_13615_13676_13675_13732_13731_13731_13731_5046_5045_5045_5056_5055_5055_5055_5055_5055_5055_5070_5069_5069_5069_5069_6934_6938_6937_6937_6948_6947_6947_6947_6947_6947_6947_6947_6947_17104_17156_17155_17155_17155_17155_17155_17155_17155_17155_17155_17212_17211_17211_17211_17211_17211_17211
1

labels_S10_selected_tokens_22_5602_23_256 
0	1	76	0,0,21112_21148_21147_21147_21147_21190_21189_21189_12120_12194_12246_12245_12245_12245_13616_13615_13615_13615_13615_13676_13675_13732_13731_5046_5045_5045_5045_5056_5055_5055_5055_5055_5055_5070_5069_5069_5069_5069_5069_6934_6933_6938_6948_6947_6947_6947_6947_6947_6947_6947_6947_6947_6947_17104_17156_17155_17155_17155_17155_17155_17155_17155_17212_17211_17211_17211_17211_17211
1

labels_S10_selected_tokens_23_256_23_9418 
0	1	77	0,0,21112_21148_21190_21189_21189_21189_12120_12119_12119_12194_12193_12193_12193_12193_12246_12245_12245_12245_12245_12245_13616_13615_13615_13615_13686_13754_5514_5513_5513_5513_5624_5623_5623_5676_5675_10272_10271_10271_10366_10365_10365_10365_10365_10365_10365_10365_10432_10431_10431_15618_15617_15626_15625_15625_15625_15625_15625_15625_15625_15642_15641_15641_15641_15641_15641_15641_15641
1

labels_S10_selected_tokens_23_9418_24_5669 
0	1	77	0,0,21112_21111_21111_21148_21147_21147_21147_21190_21189_21189_12120_12119_12194_12246_12245_12245_12245_13616_13615_13615_13615_13615_13686_13685_13754_13753_5514_5513_5624_5676_5675_5675_5675_10272_10271_10366_10365_10365_10365_10365_10365_10365_10365_10432_10431_15618_15617_15626_15625_15625_15625_15625_15625_15625_15642_15641_15641_15641_15641_15641_15641
1

labels_S10_selected_tokens_24_5669_25_6621 
0	1	62	0,0,17796_17820_17819_17819_17819_17819_17819_17819_17819_17819_17819_17819_17819_17819_17819_17916_17915_19222_19278_19374_19373_19373_19373_19373_12138_12194_12193_12193_12193_12246_12245_12245_12245_12245_12245_12245_13616_13615_13615_13615_13652_13651_13651_13651_13651_13744_13743_21366_21365_21365_21394_21393_21472_21471_21471_21471_7910_7912_7911_7911_7911_7911_7911_7911_7911_7914_7913_7913_7913_12934_12933_12933_12933_12933_12933_12933_12946_12945_12945_12945_12945_12945_12945_12992_12991_17926_17925_17925_17925_17925_17925_17925_17925_17925_17925_17925_17925_17925_17925_18024_18023_18023_18072_18071_18071_93_102_108
1

labels_S10_selected_tokens_25_6621_26_7679 
0	1	62	0,0,17796_17795_17795_17795_17795_17795_17795_17820_17819_17819_17819_17819_17819_17819_17916_17915_19222_19221_19278_19277_19374_19373_19373_12138_12194_12246_12245_12245_12245_12245_12245_13616_13615_13615_13615_13652_13651_13651_13651_13651_13651_13651_13744_13743_21366_21365_21394_21393_21393_21472_21471_21471_21471_7910_7912_7911_7911_7911_7911_7911_7911_7911_7914_7913_7913_7913_7913_12934_12933_12933_12933_12933_12933_12933_12933_12933_12933_12933_12933_12946_12945_12945_12945_12945_12945_12992_12991_17980_17979_17979_17979_17979_17979_17979_17979_17979_17979_17979_17979_17979_17979_17979_18024_18023_18023_18023_18072_18071_18071
1

labels_S10_selected_tokens_26_7679_27_4675 
0	1	14	0,0,5170_5216_5274_5273_12134_12133_12133_12194_12193_12193_12193_12246_12245_12245_12245_12245_12245_13564_13563_13563_13672_13716_13715_13715_13715_13715_13715_13715_13715_7326_7390_7389_7418_7417_7417_7417_7417_18646_18645_18645_18645_18645_18645_18645_18664_18663_18684_18683_18683_18683_18683_11282_11286_11285_11285_11285_11285_11285_11285_11285_11285_11285_11292_11291_11291_16568_16624_16660
1

labels_S10_selected_tokens_27_4675_28_101 
0	1	14	0,0,5170_5216_5274_5273_5273_12134_12194_12246_12245_12245_12245_12245_12245_13564_13563_13563_13672_13671_13716_13715_13715_13715_13715_13715_13715_7326_7390_7389_7418_7417_7417_7417_18646_18645_18645_18645_18645_18645_18645_18645_18664_18663_18684_18683_18683_18683_11282_11286_11285_11285_11285_11285_11285_11285_11285_11285_11285_11292_16568_16624_16660
1

labels_S10_selected_tokens_28_101_29_0128 
0	1	75	0,0,21112_21111_21148_21147_21147_21190_21189_21189_12120_12119_12119_12194_12193_12193_12246_12245_12245_12245_12245_12245_12245_13616_13615_13615_13615_13678_13677_13677_13706_4774_4773_4800_4799_4814_4813_4813_6934_6938_6937_6937_6937_6937_6937_6948_6947_6947_6947_6947_17320_17319_17319_17319_17319_17319_17412_17411_17468_17467_17467_17467_17467_17467_17467_15818_15817_15817_15817_15824_15823_15823_15828_15827_15827_15827_15827_15827_15827_15827_15827_15827_15827_15827_15827_15827_15827_15827_93_102_108
1

labels_S10_selected_tokens_29_0128_29_7981 
0	1	75	0,0,21112_21148_21147_21190_21189_21189_12120_12194_12246_12245_12245_13616_13615_13615_13615_13615_13615_13615_13615_13678_13677_13677_13706_13705_13705_4774_4800_4799_4814_4813_4813_6934_6938_6937_6937_6937_6937_6948_6947_6947_6947_17320_17319_17319_17319_17319_17319_17412_17411_17411_17468_17467_17467_17467_17467_17467_15818_15817_15817_15817_15824_15823_15823_15823_15828_15827_15827_15827_15827_15827_15827_15827_15827_15827_93_102_108
1

labels_S10_selected_tokens_29_7981_30_4628 
0	1	19	0,0,8514_8513_8513_8513_8513_8513_8513_8513_8513_8536_8535_8564_8563_8563_6672_6756_6755_6755_6792_6791_6791_6791_6791_6186_6185_6228_6227_6227_6254_6253_6253_6253_7358_7357_7366_7365_7365_7365_7408_7407_7407_7407_21384_21383_21392_21391_21478_21477_21477_8476_8475_8478_8477_8477_8477_8477_8477_8477_8480_8479_8479_19004_19056_19110
1

labels_S10_selected_tokens_2_1328_3_0536 
0	1	21	0,0,8514_8513_8513_8513_8554_8553_8553_8553_8553_8553_8553_8553_8553_8553_8553_8558_17314_17368_17367_17486_17485_6646_6645_6645_6760_6788_15146_15145_15238_15308_5520_5519_5572_5571_5571_5571_5571_5571_5571_5571_5571_5658_5657_13552_13634_13633_13696_2032_2031_2031_2031_2031_2031_2031_2031_2031_2031_2031_2031_2031_2031_2192_2191_2191_2191_2350_2349_2349_17930_17929_17929_17929_17929_17929_17929_17929_17929_17929_17929_17929_17929_17929_17929_17929_17929_18024_18072_93_102_108
1

labels_S10_selected_tokens_30_4628_31_0577 
0	1	19	0,0,8514_8513_8513_8513_8513_8513_8513_8536_8535_8535_8564_8563_6672_6671_6756_6755_6755_6755_6792_6791_6186_6228_6227_6227_6254_7358_7357_7366_7365_7365_7365_7365_7365_7408_7407_21384_21383_21392_21391_21478_21477_21477_21477_8476_8475_8475_8475_8478_8477_8477_8477_8477_8477_8480_19004_19056_19110
1

labels_S10_selected_tokens_31_0577_31_7543 
0	1	32	0,0,13248_13247_13247_13247_13247_13276_13275_13275_13275_13340_13339_6650_6649_6649_6649_6756_6792_6791_6791_6791_6186_6185_6185_6185_6228_6227_6254_6253_6253_7360_7359_7359_7359_7359_7396_7395_7395_7395_7395_7434_7433_7433_7433_7433_11448_11447_11447_11447_11447_11447_11447_11447_11478_11477_11477_11477_11477_11477_11477_11548_11547_11547_11547_93_91_91_102_108
1

labels_S10_selected_tokens_31_7543_32_4408 
0	1	32	0,0,13248_13247_13247_13247_13247_13247_13247_13276_13275_13275_13340_13339_13339_6650_6649_6649_6756_6755_6792_6791_6791_6186_6185_6228_6227_6254_7360_7359_7359_7359_7359_7396_7395_7395_7395_7434_7433_7433_7433_7433_11448_11447_11447_11447_11447_11447_11447_11447_11447_11478_11477_11477_11477_11477_11548_11547_93_91_91_91_91_91_91_91_91_102_108
1

labels_S10_selected_tokens_32_4408_33_1339 
0	1	38	0,0,14022_14070_14069_14069_14069_14098_14097_2984_2983_2983_2983_3046_3045_3045_3060_3059_3059_6186_6185_6185_6228_6227_6254_6253_6253_6253_7358_7357_7357_7357_7390_7389_7418_7417_7417_7417_7417_18646_18645_18645_18645_18645_18645_18645_18664_18663_18684_18683_18683_18683_18683_11282_11286_11285_11285_11285_11285_11285_11285_11285_11285_11285_11292_11291_16568_16624_16660
1

labels_S10_selected_tokens_33_1339_33_8007 
0	1	38	0,0,3_12_18_13964_14042_14041_14041_14041_14041_14098_14097_2984_2983_2983_3046_3045_3045_3060_3059_6186_6228_6254_6253_7358_7357_7357_7357_7390_7389_7389_7389_7418_7417_7417_7417_7417_18646_18645_18645_18645_18645_18645_18664_18663_18663_18684_18683_18683_18683_11282_11286_11285_11285_11285_11285_11285_11285_11285_11285_11285_11292_11291_16568_16624_16660
1

labels_S10_selected_tokens_33_8007_34_6949 
0	1	79	0,0,21112_21152_21151_21151_21151_21151_21151_21180_21179_21179_21179_21179_21179_7780_7779_7779_7802_7801_7820_7819_7819_7819_6196_6195_6212_6211_6211_6272_6271_11592_11591_11591_11591_11591_11591_11618_11617_11617_11617_11617_11694_11693_11693_11693_11693_2022_2021_2021_2021_2021_2021_2021_2250_2249_2350_2349_18178_18177_18232_18231_18231_18231_18231_18231_18231_18231_18231_18231_18231_18231_18231_18231_18231_18231_18231_18231_18282_18281_18281_18281_19002_19001_19001_19028_19027_19027_19136
1

labels_S10_selected_tokens_34_6949_35_5844 
0	1	79	0,0,21112_21152_21151_21151_21151_21151_21151_21180_21179_21179_21179_21179_7780_7779_7779_7802_7820_7819_7819_7819_6196_6212_6272_11592_11591_11591_11591_11591_11591_11591_11618_11617_11617_11617_11694_11693_11693_11693_11693_2022_2021_2021_2021_2021_2021_2021_2021_2250_2249_2249_2249_2249_2350_2349_2349_18178_18177_18177_18232_18231_18231_18231_18231_18231_18231_18231_18231_18231_18231_18231_18231_18231_18231_18231_18231_18231_18282_18281_18970_18969_18969_19022_19021_19072_93_102_108
1

labels_S10_selected_tokens_35_5844_36_4162 
0	1	41	0,0,2722_2721_2772_2771_2771_2771_2771_2771_2786_2785_2785_6186_6185_6185_6185_6228_6227_6254_6253_6253_6253_6253_7358_7357_7357_7398_7397_7448_7447_7447_15112_15111_15214_15213_15314_15313_2052_2051_2051_2051_2051_2051_2051_2051_2051_2051_2051_2051_2192_2191_2350_2349_2349_17930_17929_17929_17929_17929_17929_17929_17929_17929_17929_17929_17929_17929_17929_17929_17929_17929_17929_17929_17929_17929_17929_17929_18024_18072_93_102_108
1

labels_S10_selected_tokens_36_4162_37_2144 
0	1	41	0,0,2722_2721_2721_2721_2772_2771_2771_2771_2771_2771_2786_2785_6186_6185_6228_6254_6253_7358_7357_7357_7398_7448_7447_7447_15112_15111_15214_15213_15314_15313_15313_2052_2051_2051_2051_2051_2051_2051_2051_2051_2051_2051_2051_2051_2192_2191_2350_2349_2349_17930_17929_17929_17929_17929_17929_17929_17929_17929_17929_17929_17929_17929_17929_17929_17929_17929_17929_17929_17929_17929_17929_17929_17929_18024_18072_93_102_108
1

labels_S10_selected_tokens_37_2144_37_8999 
0	1	27	0,0,9136_9216_9215_9215_9215_9286_9285_9285_6696_6695_6695_6756_6792_6791_6791_6791_6791_6186_6185_6185_6228_6227_6254_6253_6253_7300_7299_7299_7299_7299_7299_7299_7299_7364_7363_7363_7363_7363_7363_7363_7402_7401_7401_7401_22000_21999_21999_21999_22020_22019_22019_22019_22019_22019_22019_22019_22019_22019_22019_22019_22019_22019_22019_22019_22019_22019_22100
1

labels_S10_selected_tokens_37_8999_38_5785 
0	1	27	0,0,9136_9135_9135_9216_9215_9215_9215_9286_9285_9285_6696_6695_6756_6755_6755_6792_6791_6186_6185_6228_6227_6254_6253_7300_7299_7299_7299_7299_7299_7299_7299_7299_7299_7299_7364_7363_7363_7363_7402_7401_7401_7401_22000_21999_21999_21999_21999_22020_22019_22019_22019_22019_22019_22019_22019_22019_22019_22019_22019_22019_22019_22019_22019_22019_22019_22100
1

labels_S10_selected_tokens_38_5785_39_3384 
0	1	31	0,0,13248_13276_13275_13275_13275_13352_13351_13351_13351_1002_1001_1001_1001_1001_1001_1001_1001_1001_1100_1099_1144_1143_1143_1143_6186_6185_6185_6228_6227_6227_6254_6253_6253_7300_7299_7299_7299_7299_7299_7364_7363_7363_7363_7363_7363_7363_7363_7363_7363_7402_7401_7401_7401_7401_22000_21999_21999_21999_21999_21999_22020_22019_22019_22019_22019_22019_22019_22019_22019_22019_22100_22099_22099_22099
1

labels_S10_selected_tokens_39_3384_40_1463 
0	1	31	0,0,13248_13276_13275_13275_13275_13275_13352_13351_13351_13351_1002_1001_1001_1001_1001_1001_1001_1001_1001_1100_1099_1099_1144_1143_1143_6186_6185_6185_6228_6227_6254_6253_7300_7299_7299_7364_7363_7363_7363_7363_7363_7363_7363_7363_7363_7363_7363_7402_7401_7401_7401_22000_21999_21999_21999_21999_22020_22019_22019_22019_22019_22019_22019_22019_22019_22019_22019_22019_22019_22019_22019_22019_22019_22019_22019_22100_22099_22099_22099
1

labels_S10_selected_tokens_3_0536_3_8534 
0	1	23	0,0,12454_12456_12455_12480_12479_12479_6688_6687_6687_6687_6687_6746_6745_6745_6768_6767_14322_14321_14321_14390_14389_14389_14424_14423_14423_18138_18137_18137_18137_18137_18137_18137_18232_18231_18231_18231_18231_18310_19238_19237_19310_19309_19392_19391_19391_19391_15840_15839_15839_15839_15839_15839_15839_15839_15844_15843_15843_15843_15843_15852_15851_15851_14942_14941_14941_14941_14941_14941_14970_14969_14969_14969_14969_14969_15076_15075_15075_15075
1

labels_S10_selected_tokens_3_8534_4_6843 
0	1	23	0,0,12454_12456_12455_12455_12455_12455_12455_12480_12479_12479_12479_6688_6687_6687_6746_6745_6768_14322_14321_14321_14390_14389_14389_14389_14389_14424_14423_14423_18138_18137_18137_18137_18137_18232_18231_18231_18231_18231_18310_19238_19237_19310_19309_19309_19392_19391_19391_15840_15839_15839_15839_15839_15839_15839_15839_15839_15844_15843_15843_15843_15843_15852_15851_15851_15851_14942_14941_14941_14941_14970_14969_14969_14969_14969_14969_15076_15075_15075_15075_15075_15075
1

labels_S10_selected_tokens_40_1463_40_7117 
0	1	40	0,0,2722_2721_2721_2721_2721_2721_2772_2771_2771_2771_2771_2786_2785_2785_2785_6186_6185_6185_6185_6185_6228_6227_6227_6254_6253_6253_7300_7299_7299_7299_7299_7299_7299_7299_7299_7380_7379_7379_7379_7379_7379_7416_7415_5342_5341_5430_5429_5429_5498_5497_5497_5497_93_102_108
1

labels_S10_selected_tokens_40_7117_41_2258 
0	1	40	0,0,2722_2721_2721_2721_2721_2721_2772_2771_2771_2771_2771_2771_2786_2785_6186_6185_6185_6228_6227_6254_6253_7300_7299_7299_7299_7299_7299_7299_7299_7299_7299_7380_7379_7379_7379_7379_7379_7416_7415_5342_5341_5430_5429_5498_5497_5497_93_102_108
1

labels_S10_selected_tokens_41_2258_41_9375 
0	1	18	0,0,8514_8513_8513_8513_8513_8513_8513_8513_8513_8540_8539_8539_8539_8578_8577_8577_474_473_518_517_517_517_517_517_517_517_517_540_539_539_539_6186_6185_6185_6185_6185_6228_6227_6254_6253_6253_7300_7299_7299_7299_7299_7299_7299_7380_7379_7379_7379_7379_7379_7416_7415_5342_5341_5430_5429_5429_5498_5497_5497_93_102_100_100_108
1

labels_S10_selected_tokens_41_9375_42_6655 
0	1	18	0,0,8514_8513_8513_8513_8513_8513_8513_8513_8540_8539_8539_8578_8577_8577_8577_474_473_518_517_517_517_517_517_540_539_539_539_539_6186_6185_6228_6227_6254_6253_6253_7300_7299_7299_7299_7299_7299_7299_7299_7380_7379_7379_7379_7379_7379_7379_7379_7416_7415_7415_5342_5430_5429_5429_5429_5498_5497_5497_5497_5497_5497_93_102_100_100_100_108
1

labels_S10_selected_tokens_42_6655_43_2253 
0	1	74	0,0,21112_21162_21161_21168_21167_6702_6701_6701_6701_6756_6792_6791_6791_6791_6186_6185_6185_6228_6227_6227_6254_6253_6253_6253_7300_7299_7299_7299_7299_7299_7299_7299_7299_7380_7379_7379_7379_7379_7416_7415_7415_5342_5341_5430_5429_5429_5429_5498_5497_5497_5497_93_102_108
1

labels_S10_selected_tokens_43_2253_43_6585 
0	1	74	0,0,21112_21162_21168_6702_6701_6701_6701_6756_6755_6792_6791_6186_6185_6228_6227_6254_6253_7300_7299_7299_7299_7299_7299_7299_7299_7299_7299_7380_7379_7379_7416_7415_7415_5342_5430_5429_5429_5498_93_102_108
1

labels_S10_selected_tokens_43_6585_44_2602 
0	1	12	0,0,12646_12694_12693_12693_12693_12693_12693_12750_12749_12749_12749_16106_16105_16105_16105_16105_16105_16105_16105_16136_16135_16170_16169_16169_16169_16169_5534_5608_5607_5712_10272_10271_10366_10365_10365_10365_10365_10365_10365_10365_10365_10365_10432_10431_15618_15617_15626_15625_15625_15625_15625_15625_15625_15625_15642_15641_15641_15641
1

labels_S10_selected_tokens_44_2602_44_8674 
0	1	12	0,0,12646_12694_12693_12693_12750_12749_12749_12749_12749_12749_16106_16105_16105_16105_16105_16136_16135_16135_16135_16135_16170_16169_16169_16169_16169_5534_5608_5607_5712_5711_10272_10366_10365_10365_10365_10365_10365_10365_10365_10365_10432_10431_10431_15618_15617_15626_15625_15625_15625_15625_15625_15625_15625_15625_15642_15641_15641_15641_15641
1

labels_S10_selected_tokens_44_8674_45_4516 
0	1	25	0,0,8906_8908_8934_8933_8933_16106_16105_16105_16105_16105_16105_16105_16105_16105_16105_16105_16136_16135_16135_16170_16169_16169_16169_16169_5534_5608_5607_5712_5711_10328_10327_10327_10327_10327_10327_10327_10327_10327_10327_10327_10327_10327_10327_10327_10352_10351_10351_10436_10435_10435_5350_5349_5349_5430_5429_5500
1

labels_S10_selected_tokens_45_4516_46_081 
0	1	25	0,0,8906_8908_8934_8933_8933_8933_16106_16105_16105_16105_16105_16105_16136_16135_16135_16135_16135_16135_16135_16170_16169_16169_16169_5534_5533_5608_5607_5712_5711_10328_10327_10327_10327_10327_10327_10327_10327_10327_10327_10327_10327_10352_10351_10351_10436_5350_5349_5349_5430_5429_5429_5498_5497_5497_5497_5497_5497_5497_93_102_108
1

labels_S10_selected_tokens_46_081_46_8009 
0	1	28	0,0,9136_9216_9215_9215_9215_9296_9295_9295_16080_16079_16079_16108_16107_16107_16107_16107_16107_16107_16107_16146_16145_16145_16145_22122_22121_22121_22188_22187_22187_22236_22235_22235_22235_22235_22235_10250_10249_10249_10249_10249_10249_10249_10249_10249_10249_10249_10249_10249_10249_10249_10249_10249_10346_10345_10345_10345_10410_10409_10409_22010_22009_22054_22053_22053_22053_22053_22053_22053_22053_22100
1

labels_S10_selected_tokens_46_8009_47_497 
0	1	28	0,0,9136_9216_9215_9215_9296_9295_9295_9295_16080_16079_16079_16079_16108_16107_16107_16107_16107_16107_16107_16146_16145_16145_16145_16145_22122_22121_22121_22121_22188_22187_22187_22187_22236_22235_22235_22235_10250_10249_10249_10249_10249_10249_10249_10249_10249_10249_10249_10249_10249_10249_10249_10249_10249_10346_10410_10409_10409_22010_22009_22054_22053_22053_22053_22053_22053_22053_22053_22100
1

labels_S10_selected_tokens_47_497_48_1473 
0	1	36	0,0,14022_14021_14021_14070_14069_14069_14130_14129_14129_16086_16085_16085_16085_16085_16085_16085_16085_16085_16085_16136_16170_16169_16169_16169_5534_5533_5626_5625_5700_5699_2074_2073_2073_2073_2073_2073_2073_2073_2073_2073_2073_2073_2208_2207_2207_2340_2339_14190_14189_14189_14189_14189_14189_14210_14209_14209_14209_14209_14209_14209_14209_14209_14258
1

labels_S10_selected_tokens_48_1473_48_8258 
0	1	36	0,0,14022_14021_14021_14021_14070_14069_14069_14130_14129_16086_16085_16085_16085_16085_16085_16136_16135_16135_16135_16135_16135_16135_16135_16170_16169_16169_16169_5534_5533_5533_5626_5700_2074_2073_2073_2073_2073_2073_2073_2073_2073_2073_2073_2073_2073_2073_2208_2207_2207_2207_2340_2339_14190_14189_14189_14189_14210_14209_14209_14209_14209_14209_14209_14209_14209_14258
1

labels_S10_selected_tokens_48_8258_49_6535 
0	1	45	0,0,16468_16514_16513_16513_16560_16559_16559_16559_16559_16090_16089_16089_16089_16089_16108_16107_16107_16107_16107_16107_16146_16145_16145_16145_22122_22121_22121_22121_22192_22191_22191_22191_22228_22227_22227_22227_22227_22227_7332_7331_7331_7331_7331_7331_7331_7364_7363_7363_7363_7363_7363_7363_7363_7363_7402_7401_7401_22000_21999_21999_22020_22019_22019_22019_22019_22019_22019_22019_22019_22019_22019_22019_22100_22099_22099_22099_22099_22099_22099_22099_22099
1

labels_S10_selected_tokens_49_6535_50_4061 
0	1	45	0,0,16468_16514_16513_16560_16559_16559_16559_16090_16089_16089_16089_16089_16108_16107_16107_16107_16107_16107_16107_16107_16146_16145_16145_16145_22122_22121_22121_22121_22121_22192_22191_22191_22228_22227_22227_22227_22227_22227_7332_7331_7331_7331_7331_7331_7364_7363_7363_7363_7363_7363_7363_7363_7363_7402_7401_7401_7401_22000_21999_21999_21999_21999_22020_22019_22019_22019_22019_22019_22019_22019_22019_22019_22100
1

labels_S10_selected_tokens_4_6843_5_2525 
0	1	33	0,0,13248_13247_13247_13247_13247_13276_13275_13275_13340_13339_13339_6650_6649_6649_6649_6720_6768_6767_14342_14341_14341_14341_14396_14395_14470_14469_2026_2025_2025_2025_2025_2025_2025_2025_2164_2163_2163_2354_14956_14955_14955_14955_14955_14970_14969_14969_14969_14969_14969_14969_15076_15075_15075_15075_15075
1

labels_S10_selected_tokens_50_4061_51_0452 
0	1	50	0,0,16960_16959_16959_16959_16959_16959_16959_16988_16987_16987_17030_17029_17029_17029_17029_17029_16098_16097_16097_16097_16097_16097_16097_16136_16168_16167_16167_16167_16167_4790_4789_4806_4805_4850_4849_4849_4849_648_647_650_649_649_649_649_649_649_649_649_649_649_649_652_651_651_651_651_19016_19044_19043_19043_19110_19109
1

labels_S10_selected_tokens_51_0452_51_6288 
0	1	50	0,0,16960_16959_16959_16959_16959_16988_16987_17030_17029_17029_17029_16098_16097_16097_16097_16097_16097_16136_16135_16135_16135_16135_16135_16135_16168_16167_16167_16167_16167_16167_4790_4806_4805_4850_4849_4849_4849_648_650_649_649_649_649_649_649_649_649_649_649_649_649_649_652_19016_19044_19110
1

labels_S10_selected_tokens_51_6288_52_4455 
0	1	59	0,0,17796_17795_17795_17795_17795_17795_17795_17795_17795_17795_17795_17834_17833_17833_17833_17914_17913_16084_16083_16083_16083_16083_16083_16083_16120_16119_16119_16119_16119_16166_16165_16165_16165_16165_12538_12537_12537_12537_12540_12539_12539_12548_12547_12547_12547_12547_7324_7323_7323_7323_7323_7323_7323_7323_7398_7397_7397_7397_7397_7397_7397_7397_7397_7448_7447_7447_7447_14892_14891_14970_14969_14969_14969_14969_14969_14969_14969_14969_15076_15075
1

labels_S10_selected_tokens_52_4455_53_2778 
0	1	59	0,0,17796_17795_17795_17795_17795_17795_17795_17795_17795_17795_17795_17795_17834_17833_17833_17833_17914_17913_17913_16084_16083_16083_16083_16083_16083_16120_16119_16119_16119_16119_16119_16119_16166_16165_16165_16165_16165_12538_12537_12537_12537_12540_12539_12539_12548_12547_12547_12547_7324_7323_7323_7323_7323_7323_7323_7323_7398_7397_7397_7397_7397_7397_7397_7397_7397_7397_7397_7448_7447_7447_7447_14892_14970_14969_14969_14969_14969_14969_14969_14969_15076
1

labels_S10_selected_tokens_53_2778_53_9736 
0	1	57	0,0,17796_17795_17795_17795_17795_17795_17795_17795_17795_17795_17834_17833_17833_17833_17833_17914_17913_17913_16084_16083_16083_16083_16083_16083_16083_16083_16120_16119_16119_16170_16169_16169_16169_16169_16169_5534_5533_5626_5625_5708_1766_1765_1765_1765_1765_1765_1846_1845_1845_1845_1845_1845_1845_1845_1845_1845_1845_1845_1845_1845_1845_1998_1997_1997_1997_1997_1997_1997
1

labels_S10_selected_tokens_53_9736_54_6456 
0	1	57	0,0,17796_17795_17795_17795_17795_17795_17795_17795_17795_17795_17795_17795_17795_17795_17834_17833_17833_17833_17914_17913_17913_16084_16083_16083_16083_16083_16083_16083_16120_16119_16119_16119_16119_16170_16169_16169_16169_16169_16169_5534_5626_5625_5708_5707_1766_1765_1765_1765_1765_1765_1846_1845_1845_1845_1845_1845_1845_1845_1845_1845_1845_1998_1997_1997_1997
1

labels_S10_selected_tokens_54_6456_55_3131 
0	1	44	0,0,16468_16514_16513_16513_16560_16559_16559_16559_16559_16090_16089_16089_16089_16089_16089_16136_16135_16135_16135_16170_16169_16169_16169_16169_5534_5584_5650_5649_11592_11591_11591_11618_11617_11617_11617_11617_11694_11693_11693_2126_2125_2125_2125_2125_2125_2125_2125_2246_2245_2245_2340_2339_2339_14190_14189_14189_14210_14209_14209_14209_14209_14209_14209_14258_14257
1

labels_S10_selected_tokens_55_3131_55_9889 
0	1	44	0,0,16468_16514_16513_16513_16560_16559_16559_16559_16559_16090_16089_16089_16136_16135_16135_16135_16135_16170_16169_16169_16169_5534_5533_5584_5583_5650_11592_11591_11591_11591_11591_11618_11617_11617_11617_11617_11694_11693_11693_2126_2125_2125_2125_2125_2125_2125_2125_2246_2245_2245_2340_14190_14189_14189_14210_14209_14209_14209_14209_14209_14209_14209_14209_14258_14257_14257
1

labels_S10_selected_tokens_55_9889_56_869 
0	1	56	0,0,17796_17834_17833_17833_17833_17833_17833_17833_17833_17833_17833_17833_17833_17914_17913_17913_16084_16083_16083_16083_16083_16083_16083_16083_16120_16168_16167_16167_16167_4790_4804_4803_4803_4842_4841_7358_7398_7397_7397_7448_7447_7447_15112_15214_15213_15213_15314_15313_2052_2051_2051_2051_2051_2051_2051_2051_2051_2051_2192_2191_2191_2350_2349_17930_17929_17929_17929_17929_17929_17929_17929_17929_17929_17929_17929_17929_17929_17929_17929_17929_17929_18024_18072_93_102_108
1

labels_S10_selected_tokens_56_869_57_8529 
0	1	56	0,0,17796_17795_17795_17795_17795_17795_17795_17795_17795_17795_17795_17795_17795_17795_17795_17795_17834_17833_17833_17833_17914_17913_17913_16084_16083_16083_16083_16120_16119_16119_16168_16167_16167_16167_16167_16167_16167_4790_4804_4803_4842_4841_7358_7357_7398_7397_7397_7448_7447_15112_15111_15214_15213_15314_15313_2052_2051_2051_2051_2051_2051_2051_2051_2051_2051_2051_2051_2192_2191_2191_2350_2349_17930_17929_17929_17929_17929_17929_17929_17929_17929_17929_17929_17929_17929_17929_17929_17929_17929_17929_17929_18024_18072_93_102_108
1

labels_S10_selected_tokens_57_8529_58_5173 
0	1	29	0,0,12646_12690_12689_12689_12689_12689_12689_12689_12689_12736_20466_20465_20465_20465_20500_20499_20499_20499_20499_20499_20499_20499_20499_20499_20532_20531_20531_5552_5551_5626_5625_5690_5689_15818_15817_15817_15817_15817_15817_15817_15817_15817_15817_15817_15817_15817_15824_15823_15823_15823_15823_15828_15827_15827_15827_15827_15827_15827_15827_15827_15827_93_102_108
1

labels_S10_selected_tokens_58_5173_59_1733 
0	1	29	0,0,12646_12645_12690_12689_12689_12689_12689_12689_12689_12689_12736_20466_20465_20465_20465_20465_20465_20465_20500_20499_20499_20499_20499_20499_20532_20531_5552_5626_5625_5690_5689_15818_15817_15817_15817_15817_15817_15817_15817_15817_15817_15817_15817_15817_15817_15824_15823_15823_15823_15823_15823_15823_15828_15827_15827_15827_15827_15827_15827_15827_15827_93_102_108
1

labels_S10_selected_tokens_59_1733_59_8294 
0	1	37	0,0,14022_14062_14061_14061_14061_14061_14061_14061_14061_14090_14089_14089_14089_20450_20449_20449_20449_20449_20449_20449_20449_20500_20499_20499_20499_20532_20531_20531_5552_5584_5583_5650_5649_11472_11471_11471_11471_11471_11471_11471_11471_11471_11471_11471_11471_11471_11478_11477_11477_11477_11477_11477_11477_11548_11547_11547_11547_11547_11547_11547_11547_93_102_108
1

labels_S10_selected_tokens_59_8294_60_4575 
0	1	37	0,0,14022_14062_14061_14061_14090_14089_14089_20450_20449_20449_20449_20449_20449_20449_20500_20499_20499_20499_20499_20499_20532_20531_20531_5552_5584_5650_5649_11472_11471_11471_11471_11471_11471_11471_11471_11471_11471_11471_11471_11471_11478_11477_11477_11477_11477_11477_11477_11477_11548_11547_11547_11547_11547_11547_11547_11547_93_91_91_102_108
1

labels_S10_selected_tokens_5_2525_5_8563 
0	1	33	0,0,13248_13247_13247_13247_13247_13247_13247_13247_13247_13247_13247_13276_13275_13340_13339_6650_6649_6649_6649_6649_6720_6768_6767_14342_14341_14341_14341_14396_14395_14470_2026_2025_2025_2025_2025_2025_2025_2164_2163_2354_2353_2353_14956_14955_14955_14955_14970_14969_14969_14969_14969_14969_14969_14969_14969_14969_14969_15076
1

labels_S10_selected_tokens_5_8563_6_8008 
0	1	61	0,0,2_8_18_17720_17719_17719_17719_17719_17719_17719_17719_17830_17829_17829_17829_17878_17877_17877_16686_16748_16747_16758_16757_16757_6670_6669_6750_6749_6749_6749_6749_6788_6787_6787_15146_15145_15145_15145_15145_15238_15237_15308_5536_5535_5624_5623_5648_5647_5647_7332_7331_7331_7331_7331_7331_7364_7363_7363_7363_7363_7363_7363_7363_7363_7402_7401_7401_7401_22000_21999_21999_22020_22019_22019_22019_22019_22019_22019_22019_22019_22019_22019_22019_22019_22019_22019_22100_22099_22099_22099_22099_22099
1

labels_S10_selected_tokens_60_4575_61_0888 
0	1	39	0,0,14646_14778_14777_14777_14777_14860_14859_14859_14859_14859_20438_20437_20437_20437_20437_20437_20437_20437_20500_20499_20499_20499_20499_20499_20532_20531_20531_5552_5626_5700_2016_2015_2015_2226_2344_2343_2343_2343_2343_13398_13397_13397_13397_13397_13397_13397_13397_13397_13397_13454_13453_13453_13453_13453_13453_13502_13501_13501_13501_13501_13501
1

labels_S10_selected_tokens_61_0888_61_7462 
0	1	39	0,0,14646_14778_14777_14777_14777_14860_14859_14859_14859_14859_14859_20438_20437_20437_20437_20437_20437_20437_20437_20437_20500_20499_20499_20532_20531_20531_5552_5626_5625_5625_5700_2016_2015_2226_2344_2343_2343_2343_2343_13398_13397_13397_13397_13397_13397_13397_13397_13397_13397_13454_13453_13453_13453_13453_13453_13453_13502_13501_13501_13501_13501_13501_13501_13501
1

labels_S10_selected_tokens_61_7462_62_5685 
0	1	51	0,0,16960_16959_16959_16959_16959_16959_16959_16990_16989_16989_17008_17007_17007_17007_20444_20443_20443_20443_20443_20443_20500_20532_20531_20531_20531_20531_20531_5548_5588_5587_5698_5697_5697_15090_15089_15202_15201_15294_15293_15293_15293_2052_2051_2051_2051_2051_2051_2051_2051_2051_2051_2051_2051_2051_2192_2191_2191_2350_2349_2349_17930_17929_17929_17929_17929_17929_17929_17929_17929_17929_17929_17929_17929_17929_17929_18024_18072_93_102_108
1

labels_S10_selected_tokens_62_5685_63_3333 
0	1	51	0,0,16960_16959_16990_16989_16989_17008_17007_17007_20444_20443_20443_20443_20443_20443_20500_20499_20499_20499_20532_20531_20531_20531_20531_5548_5588_5698_5697_5697_15090_15089_15089_15202_15201_15294_15293_2052_2051_2051_2051_2051_2051_2051_2051_2051_2051_2051_2051_2051_2051_2051_2192_2191_2191_2350_2349_17930_17929_17929_17929_17929_17929_17929_17929_17929_17929_17929_17929_17929_17929_18024_18072_93_102_108
1

labels_S10_selected_tokens_63_3333_63_9558 
0	1	6	0,0,4606_4622_4648_17336_17382_17381_17436_17435_17435_17435_17435_17435_17435_20444_20443_20443_20443_20443_20443_20443_20500_20499_20499_20532_20531_20531_5552_5608_5712_5711_10272_10366_10365_10365_10365_10365_10365_10365_10365_10365_10432_10431_10431_15618_15617_15626_15625_15625_15625_15625_15625_15625_15625_15642_15641_15641_15641_15641_15641_15641
1

labels_S10_selected_tokens_63_9558_64_5682 
0	1	6	0,0,4606_4622_4648_17336_17382_17436_17435_17435_17435_17435_20444_20443_20443_20443_20443_20443_20443_20443_20443_20443_20443_20500_20499_20532_20531_20531_5552_5608_5607_5712_10272_10366_10365_10365_10365_10365_10365_10365_10432_15618_15626_15625_15625_15625_15625_15625_15625_15625_15625_15625_15625_15625_15625_15642_15641_15641_15641_15641_15641
1

labels_S10_selected_tokens_64_5682_65_3335 
0	1	46	0,0,16468_16482_16481_16481_16546_16545_16545_16545_16545_17330_17329_17382_17381_17381_17436_17435_17435_20444_20443_20443_20443_20443_20443_20443_20500_20532_20531_5552_5551_5608_5712_10328_10327_10327_10327_10327_10327_10327_10327_10327_10327_10327_10372_10371_10371_10371_10424_10423_10423_10423_18592_18591_18591_18591_18591_18604_18603_18603_18603_18603_18603_18603_18603_18603_18603_18603_18603_18603_18603_18603_18624_18623_18623_18623_18623
1

labels_S10_selected_tokens_65_3335_66_0968 
0	1	46	0,0,16468_16482_16546_17330_17329_17329_17329_17329_17382_17381_17436_17435_20444_20443_20443_20443_20443_20443_20443_20443_20443_20443_20500_20532_20531_5552_5608_5712_5711_10328_10327_10327_10327_10327_10327_10327_10327_10327_10327_10372_10371_10371_10371_10424_10423_10423_10423_18592_18591_18591_18591_18591_18604_18603_18603_18603_18603_18603_18603_18603_18603_18603_18603_18603_18603_18603_18603_18603_18624_18623_18623_18623_18623_18623
1

labels_S10_selected_tokens_66_0968_67_0693 
0	1	63	0,0,2_8_18_17720_17719_17719_17719_17719_17719_17719_17719_17820_17819_17819_17819_17819_17819_17819_17916_17915_19222_19221_19278_19277_19277_19394_19393_20454_20453_20453_20453_20453_20453_20453_20453_20500_20499_20499_20499_20532_20531_20531_5552_5626_5625_5700_2030_2029_2029_2029_2029_2029_2180_2179_2179_2348_2347_15162_15161_15234_15233_15233_15233_15304_15303_19170_19169_19169_19169_19320_19319_19319_19319_19319_19330_19329_19329_18016_18015_18015_18015_18015_18015_18015_18015_18015_18024_18023_18023_18023_18023_18023_18023_18023_18072
1

labels_S10_selected_tokens_67_0693_68_0131 
0	1	63	0,0,17796_17795_17795_17795_17795_17820_17819_17819_17819_17819_17819_17819_17819_17916_17915_19222_19221_19278_19277_19277_19394_19393_19393_20454_20453_20453_20453_20453_20453_20453_20500_20499_20499_20532_20531_20531_5552_5626_5700_2030_2029_2029_2029_2029_2029_2180_2179_2179_2179_2348_2347_15162_15161_15234_15233_15233_15233_15233_15304_19170_19169_19169_19169_19169_19320_19319_19319_19319_19319_19330_19329_19329_18016_18015_18015_18015_18015_18015_18015_18015_18015_18015_18015_18024_18023_18023_18023_18023_18023_18023_18023_18072
1

labels_S10_selected_tokens_68_0131_68_7419 
0	1	54	0,0,17796_17795_17795_17795_17795_17795_17795_17795_17795_17795_17795_17795_17795_17795_17795_17822_17821_17821_17821_17864_12898_12897_12950_12949_12949_13018_20466_20465_20465_20465_20500_20499_20499_20499_20499_20499_20499_20499_20499_20499_20499_20520_20519_19240_19288_19287_19358_10328_10327_10327_10327_10327_10327_10327_10327_10327_10327_10327_10352_10351_10436_10435_5350_5430_5429_5429_5498_5497_93_102_108
1

labels_S10_selected_tokens_68_7419_69_4746 
0	1	54	0,0,2_8_18_17720_17719_17719_17719_17719_17719_17719_17719_17719_17719_17719_17822_17821_17821_17864_17863_17863_12898_12897_12950_12949_12949_12949_13018_20466_20465_20465_20465_20465_20465_20465_20500_20499_20499_20499_20499_20499_20520_20519_20519_19240_19288_19358_19357_10328_10327_10327_10327_10327_10327_10327_10327_10327_10327_10352_10351_10351_10436_10435_5350_5349_5430_5429_5429_5429_5429_5429_5500
1

labels_S10_selected_tokens_69_4746_70_3547 
0	1	60	0,0,17796_17795_17795_17795_17795_17795_17795_17860_17859_17859_17859_17859_17859_17859_17859_17859_17859_17859_17859_17859_17859_17859_17912_17911_17911_17911_20460_20459_20459_20459_20459_20500_20499_20499_20544_20543_20543_20543_20543_6204_6203_6234_6282_10272_10271_10366_10365_10432_10431_10431_15680_15679_15686_15702_15701_15701_15701_15701_15701_15701_15701_15701_13626_13666_13665_13758_13757_13757_11442_11441_11441_11441_11441_11441_11478_11477_11477_11477_11477_11477_11477_11477_11548_93_102_108
1

labels_S10_selected_tokens_6_8008_7_7968 
0	1	61	0,0,2_8_18_17720_17719_17719_17719_17719_17719_17719_17719_17719_17719_17719_17719_17830_17829_17829_17829_17829_17878_17877_16686_16685_16748_16747_16747_16758_16757_16757_6670_6750_6749_6749_6749_6749_6788_6787_15146_15145_15145_15145_15145_15145_15145_15238_15308_5536_5535_5624_5623_5648_5647_5647_7332_7331_7331_7331_7331_7331_7331_7364_7363_7363_7363_7363_7363_7363_7363_7363_7363_7363_7402_7401_7401_22000_21999_21999_21999_21999_22020_22019_22019_22019_22019_22019_22019_22019_22019_22019_22019_22019_22019_22019_22019_22019_22019_22100
1

labels_S10_selected_tokens_70_3547_71_2325 
0	1	60	0,0,17796_17795_17795_17795_17795_17795_17795_17795_17795_17795_17795_17795_17795_17860_17859_17859_17859_17859_17859_17859_17859_17859_17859_17912_17911_17911_17911_20460_20459_20459_20459_20459_20459_20500_20499_20544_20543_20543_6204_6203_6203_6234_6282_10272_10366_10365_10432_10431_10431_15680_15679_15686_15702_15701_15701_15701_15701_15701_15701_15701_13626_13625_13666_13758_13757_13757_13757_11442_11441_11441_11441_11441_11441_11478_11477_11477_11477_11477_11477_11477_11477_11477_11548_93_102_108
1

labels_S10_selected_tokens_71_2325_72_2036 
0	1	64	0,0,17796_17795_17795_17795_17795_17795_17795_17795_17795_17795_17795_17820_17819_17819_17819_17819_17916_17915_17915_19222_19221_19278_19277_19394_19393_19393_20454_20453_20453_20453_20453_20453_20453_20500_20499_20499_20499_20532_20531_20531_5552_5584_5583_5650_5649_11592_11591_11591_11591_11618_11617_11617_11617_11617_11694_11693_11693_11693_11693_2022_2021_2021_2021_2021_2021_2021_2021_2021_2250_2249_2350_2349_2349_17992_17991_17991_17991_17991_17991_17991_17991_17991_17991_17991_17991_17991_17991_17991_17991_17991_18024_18023_18023_18023_18072
1

labels_S10_selected_tokens_72_2036_73_177 
0	1	64	0,0,17796_17795_17795_17795_17795_17795_17820_17819_17819_17819_17819_17819_17819_17819_17819_17916_17915_19222_19221_19278_19277_19277_19277_19277_19394_19393_19393_20454_20453_20453_20453_20453_20453_20500_20499_20499_20532_20531_20531_5552_5584_5583_5650_11592_11591_11591_11591_11618_11617_11617_11617_11617_11694_11693_11693_11693_11693_2022_2021_2021_2021_2021_2021_2021_2021_2021_2250_2249_2350_2349_2349_2349_17930_17929_17929_17929_17929_17929_17929_17929_17929_17929_17929_17929_17929_17929_17929_17929_17929_17929_18024_18072_93_102_108
1

labels_S10_selected_tokens_73_177_73_779 
0	1	7	0,0,12646_12666_12665_12665_12665_12754_12753_12753_12753_1012_1011_1011_1011_1011_1090_1089_1089_1089_1089_1089_1128_1127_15164_15163_15242_15248_15247_15247_5558_5557_5602_5601_5650_11592_11591_11591_11591_11591_11591_11591_11591_11591_11591_11591_11591_11642_11641_11641_11641_11650_5312_5311_5430_5429_5429_5429_5429_5500
1

labels_S10_selected_tokens_73_779_74_4042 
0	1	7	0,0,12646_12666_12665_12665_12665_12665_12665_12754_12753_12753_12753_1012_1011_1011_1011_1011_1011_1011_1011_1011_1090_1089_1128_1127_1127_15164_15242_15248_15247_5558_5557_5557_5602_5601_5650_5649_11592_11591_11591_11591_11591_11591_11591_11591_11591_11591_11591_11591_11642_11641_11641_11641_11641_11650_5312_5311_5430_5429_5429_5429_5500
1

labels_S10_selected_tokens_74_4042_75_0093 
0	1	9	0,0,4948_4956_4955_4955_4955_4955_4970_4969_4969_4969_4969_4969_4969_1048_1047_1090_1089_1089_1089_1089_1089_1089_1089_1089_1128_1127_1127_15166_15165_15214_15213_15314_2078_2077_2077_2244_2243_2334_2333_2333_13618_13617_13617_13617_13617_13617_13617_13617_13686_13754_13753_5304_5303_5303_5303_5366_5365_5365_5466
1

labels_S10_selected_tokens_75_0093_75_6343 
0	1	9	0,0,4948_4956_4955_4955_4955_4955_4955_4955_4970_4969_4969_4969_4969_4969_1048_1047_1047_1047_1047_1047_1047_1090_1089_1089_1089_1128_1127_1127_15166_15165_15165_15214_15213_15314_15313_2078_2077_2077_2244_2334_2333_2333_13618_13617_13617_13617_13617_13617_13617_13686_13685_13685_13754_13753_5304_5303_5303_5366_5365_5365_5466
1

labels_S10_selected_tokens_75_6343_76_2988 
0	1	13	0,0,5170_5220_5236_5235_5235_1048_1047_1047_1047_1047_1047_1047_1047_1090_1089_1089_1089_1128_1127_15184_15183_15183_15192_15191_15191_15300_15299_15299_18170_18169_18169_18224_18223_18223_18223_18223_18223_18298_18297_18297_18297_18297_7170_7169_7169_7169_7169_7169_7169_7169_7204_7203_7203_7203_7203_7203_7203_7203_7240_7239_7239_93_102_108
1

labels_S10_selected_tokens_76_2988_76_9873 
0	1	13	0,0,5170_5220_5219_5236_5235_5235_5235_5235_1048_1047_1047_1047_1047_1090_1089_1089_1089_1128_1127_15184_15183_15192_15191_15191_15191_15300_15299_15299_15299_18170_18169_18169_18169_18169_18169_18224_18223_18223_18223_18298_18297_18297_18297_7170_7169_7169_7169_7169_7169_7169_7169_7169_7169_7169_7204_7203_7203_7203_7203_7203_7203_7240_7239_7239_93_102_108
1

labels_S10_selected_tokens_76_9873_77_6185 
0	1	16	0,0,8514_8513_8513_8513_8513_8513_8513_8513_8536_8535_8535_8590_8589_8589_1048_1047_1047_1047_1047_1047_1090_1089_1089_1128_1127_1127_15184_15183_15192_15191_15191_15300_15299_18170_18169_18169_18169_18169_18169_18218_18217_18217_18217_18268_18267_18267_11464_11463_11463_11463_11463_11463_11463_11463_11463_11463_11463_11463_11508_11507_11566
1

labels_S10_selected_tokens_77_6185_78_3162 
0	1	16	0,0,8514_8513_8513_8513_8513_8513_8513_8536_8535_8535_8535_8590_8589_8589_1048_1047_1047_1047_1047_1047_1047_1047_1047_1090_1128_1127_1127_15184_15183_15192_15191_15191_15300_15299_15299_18170_18169_18169_18169_18169_18169_18218_18217_18217_18217_18268_18267_11472_11471_11471_11471_11471_11471_11471_11471_11471_11471_11471_11471_11471_11471_11478_11477_11477_11548_93_102_108
1

labels_S10_selected_tokens_78_3162_79_1578 
0	1	65	0,0,18808_18807_18836_18835_18835_18835_18862_18861_18861_18861_18861_1048_1047_1047_1047_1047_1047_1090_1089_1089_1128_1127_1127_15184_15183_15234_15233_15304_19200_19199_19199_19266_19265_19265_19265_19265_19350_19349_17332_17331_17331_17422_17476_17475_2134_2133_2133_2133_2133_2133_2133_2246_2245_2340_2339_2339_14346_14390_14389_14389_14389_14389_14389_14424_14423_14423_22004_22003_22003_22054_22053_22053_22053_22053_22053_22053_22053_22053_22053_22053_22053_22100
1

labels_S10_selected_tokens_79_1578_79_9799 
0	1	65	0,0,18808_18836_18835_18862_18861_18861_18861_18861_18861_1048_1047_1047_1047_1047_1047_1090_1089_1089_1128_1127_15184_15183_15183_15234_15304_19200_19199_19199_19199_19266_19265_19265_19265_19350_19349_19349_19349_17332_17331_17422_17476_17475_2134_2133_2133_2133_2133_2133_2133_2133_2246_2245_2340_2339_2339_14346_14345_14345_14390_14389_14389_14389_14389_14389_14424_14423_22004_22003_22003_22054_22053_22053_22053_22053_22053_22053_22053_22053_22053_22100
1

labels_S10_selected_tokens_79_9799_80_6601 
0	1	69	0,0,20720_20734_20782_1048_1047_1047_1047_1047_1047_1047_1090_1089_1089_1089_1089_1128_1127_1127_15166_15165_15214_15266_15265_10320_10319_10319_10319_10319_10319_10319_10372_10371_10371_10371_10371_10371_10424_10423_10423_10423_10423_18592_18591_18591_18591_18591_18604_18603_18603_18603_18603_18603_18603_18603_18603_18603_18603_18603_18603_18603_18603_18603_18603_18624_18623_18623
1

labels_S10_selected_tokens_7_7968_8_6269 
0	1	68	0,0,18808_18836_18835_18835_18835_18862_18861_18861_18861_6696_6695_6695_6750_6749_6749_6788_6787_15146_15145_15145_15145_15145_15145_15145_15238_15308_5566_5565_5565_5624_5656_5655_2030_2029_2029_2029_2029_2029_2180_2179_2179_2348_2347_15104_15103_15103_15103_15200_15199_15199_15199_15199_15199_15199_15199_15199_15264_15263_21988_21987_21987_21987_22054_22053_22053_22053_22053_22053_22053_22053_22053_22053_22053_22053_22060_22059_22059_22059_93_102_108
1

labels_S10_selected_tokens_80_6601_81_3785 
0	1	69	0,0,20720_20719_20734_20733_20733_20782_20781_1048_1047_1047_1047_1047_1047_1047_1090_1089_1089_1089_1128_1127_1127_15166_15165_15165_15214_15266_15265_10320_10319_10319_10319_10319_10319_10319_10319_10372_10371_10371_10424_10423_10423_10423_18592_18591_18591_18591_18591_18604_18603_18603_18603_18603_18603_18603_18603_18603_18603_18603_18603_18603_18603_18603_18603_18603_18603_18603_18624_18623_18623_18623
1

labels_S10_selected_tokens_81_3785_82_0426 
0	1	34	0,0,14022_14074_14073_14073_14073_14073_14126_14125_14125_998_997_997_997_997_997_997_997_1090_1089_1128_1127_15166_15165_15214_15314_2122_2121_2121_2121_2202_2201_2294_2293_2293_12536_12535_12535_12542_12541_12541_12568_12567_12567_12567_7170_7169_7169_7169_7169_7169_7169_7169_7204_7203_7203_7203_7203_7203_7203_7240_7239_93_102_108
1

labels_S10_selected_tokens_82_0426_82_6931 
0	1	34	0,0,14022_14074_14073_14073_14073_14126_14125_14125_998_997_997_997_997_997_997_1090_1089_1128_1127_1127_15166_15165_15214_15213_15266_10320_10319_10319_10394_10393_10393_10414_10413_12536_12535_12535_12542_12541_12568_12567_12567_12567_12567_12567_7170_7169_7169_7169_7169_7169_7169_7169_7204_7203_7203_7203_7203_7203_7203_7240_93_102_108
1

labels_S10_selected_tokens_82_6931_83_5008 
0	1	47	0,0,16960_16959_16959_16962_16961_16961_16998_16997_1038_1037_1037_1037_1037_1037_1037_1090_1089_1128_1127_15164_15163_15242_15248_15247_5566_5565_5565_5624_5656_2074_2208_2207_2340_2339_14358_14400_14460_15150_15244_15243_15314_15313_2052_2051_2051_2051_2051_2051_2051_2051_2051_2192_2191_2191_2191_2350_2349_2349_17992_17991_17991_17991_17991_17991_17991_17991_17991_17991_18024_18023_18023_18023_18023_18023_18023_18023_18023_18023_18072
1

labels_S10_selected_tokens_83_5008_84_3404 
0	1	47	0,0,16960_16962_16961_16961_16998_16997_1038_1037_1037_1037_1037_1037_1090_1089_1089_1089_1089_1128_1127_1127_15164_15242_15248_15247_5566_5565_5624_5656_5655_2074_2073_2208_2207_2340_14358_14400_14460_15150_15149_15244_15243_15314_15313_15313_2052_2051_2051_2051_2051_2051_2051_2051_2051_2051_2051_2192_2191_2191_2350_2349_2349_17930_17929_17929_17929_17929_17929_17929_17929_17929_17929_17929_17929_17929_17929_17929_17929_18024_18072_93_102_108
1

labels_S10_selected_tokens_84_3404_85_0019 
0	1	3	0,0,4606_4626_4666_1048_1047_1047_1047_1047_1047_1047_1090_1128_1127_1127_15164_15242_15248_5566_5624_5656_5655_2074_2242_2241_2241_2241_2292_19216_19215_19215_19266_19265_19265_19265_19265_19265_19350_19349_19349_17332_17331_17380_17379_17440_17439_11448_11447_11447_11447_11447_11447_11447_11447_11447_11478_11477_11477_11477_11477_11477_11548_93_102_108
1

labels_S10_selected_tokens_85_0019_85_7095 
0	1	3	0,0,4606_4626_4666_1048_1047_1047_1047_1047_1047_1047_1047_1047_1090_1089_1128_1127_1127_15164_15242_15248_5566_5565_5624_5656_2074_2073_2242_2241_2241_2292_19216_19215_19215_19215_19215_19266_19265_19265_19265_19350_19349_19349_19349_19349_17332_17331_17380_17379_17379_17440_11448_11447_11447_11447_11447_11447_11447_11447_11447_11447_11478_11477_11477_11477_11548_11547_93_102_108
1

labels_S10_selected_tokens_85_7095_86_3892 
0	1	53	0,0,17796_17795_17795_17795_17795_17795_17795_17795_17795_17795_17816_17815_17815_17815_17902_17901_17901_17901_1048_1047_1047_1047_1090_1089_1089_1089_1089_1089_1128_1127_15166_15165_15214_15314_2104_2103_2103_2103_2103_2202_2201_2292_19216_19215_19280_19346_11472_11471_11471_11471_11471_11471_11471_11471_11471_11471_11478_11477_11477_11477_11477_11477_11548_93_102_108
1

labels_S10_selected_tokens_86_3892_87_0692 
0	1	53	0,0,17796_17795_17795_17795_17795_17816_17815_17815_17815_17815_17815_17815_17815_17902_17901_17901_17901_1048_1047_1047_1047_1047_1047_1090_1089_1089_1128_1127_1127_15166_15165_15214_15213_15314_2104_2103_2103_2103_2103_2202_2201_2292_19216_19280_19346_11472_11471_11471_11471_11471_11471_11471_11471_11471_11471_11478_11477_11477_11477_11477_11477_11477_11548_93_102_108
1

labels_S10_selected_tokens_87_0692_87_7175 
0	1	5	0,0,4606_4626_4666_1018_1017_1017_1017_1017_1017_1017_1017_1017_1017_1017_1100_1099_1099_1099_1146_19210_19209_19314_19376_2084_2226_2344_2343_2343_2343_2343_13558_13557_13557_13557_13557_13557_13557_13557_13557_13664_13663_13663_13722_13721_21976_21975_21975_22054_22053_22053_22053_22053_22053_22053_22053_22053_22053_22053_22053_22053_22053_22053_22100
1

labels_S10_selected_tokens_87_7175_88_3466 
0	1	5	0,0,4606_4626_4666_1018_1017_1017_1017_1017_1017_1017_1017_1017_1100_1099_1099_1099_1146_19210_19209_19314_19376_2084_2226_2344_2343_2343_2343_2343_2343_2343_13558_13557_13557_13557_13557_13664_13663_13663_13722_13721_13721_21976_22054_22053_22053_22053_22053_22053_22053_22053_22053_22053_22053_22053_22053_22053_22053_22053_22053_22053_22100
1

labels_S10_selected_tokens_88_3466_88_8973 
0	1	42	0,0,16468_16490_16489_16489_16489_16489_16489_16520_16519_16519_16519_16519_16519_1000_999_999_999_999_1100_1099_1099_1124_1123_1123_5524_5523_5608_5712_10272_10271_10366_10365_10365_10365_10365_10365_10365_10432_10431_10431_15618_15617_15626_15625_15625_15625_15625_15625_15642_15641_15641_15641_15641
1

labels_S10_selected_tokens_88_8973_89_445 
0	1	42	0,0,16468_16490_16489_16489_16489_16489_16489_16520_16519_16519_16519_16519_1000_999_999_999_999_999_999_1100_1099_1099_1124_1123_1123_5524_5523_5608_5712_10272_10366_10365_10365_10365_10365_10365_10365_10432_10431_15618_15617_15626_15625_15625_15625_15625_15625_15625_15625_15625_15625_15642_15641
1

labels_S10_selected_tokens_89_445_90_2063 
0	1	52	0,0,17796_17795_17795_17795_17795_17795_17795_17816_17815_17815_17815_17902_17901_17901_17901_1052_1051_1051_1051_1051_1051_1051_1100_1099_1099_1099_1124_1123_1123_1123_5524_5523_5626_5700_2074_2073_2073_2073_2073_2073_2073_2232_2231_2231_2231_2231_2231_2264_2263_2263_2263_18178_18232_18231_18231_18231_18231_18231_18231_18231_18231_18231_18231_18231_18282_18281_18281_19002_19001_19001_19001_19028_19027_19136
1

labels_S10_selected_tokens_8_6269_9_4197 
0	1	68	0,0,18808_18836_18835_18835_18835_18862_18861_18861_18861_18861_6696_6695_6695_6750_6749_6788_6787_6787_15146_15145_15145_15145_15145_15145_15238_15308_5566_5565_5624_5623_5656_5655_2030_2029_2029_2029_2029_2180_2179_2179_2348_2347_15104_15103_15103_15200_15199_15199_15199_15199_15199_15199_15199_15199_15199_15199_15264_15263_22004_22003_22054_22053_22053_22053_22053_22053_22053_22053_22053_22053_22053_22053_22053_22053_22053_22053_22100
1

labels_S10_selected_tokens_90_2063_90_9855 
0	1	52	0,0,17796_17795_17795_17795_17795_17795_17795_17795_17795_17816_17815_17815_17815_17902_17901_17901_17901_1052_1051_1051_1051_1051_1051_1051_1100_1099_1099_1124_1123_1123_5524_5523_5523_5626_5700_2074_2073_2073_2073_2232_2231_2231_2231_2231_2231_2231_2264_18178_18177_18177_18177_18232_18231_18231_18231_18231_18231_18231_18231_18231_18231_18231_18231_18231_18231_18231_18282_18281_18970_18969_19022_19072_93_91_102_108
1

labels_S10_selected_tokens_90_9855_91_609 
0	1	55	0,0,18536_18550_18549_18549_18549_18549_18549_18549_18549_18549_18549_18549_18549_18564_18563_18563_18563_18563_18563_1052_1051_1051_1051_1051_1051_1051_1051_1051_1100_1099_1099_1099_1146_1145_19210_19209_19260_19398_19397_19397_19397_19397_7332_7331_7331_7380_7379_7379_7379_7379_7379_7379_7416_7415_7415_5342_5430_5429_5429_5500
1

labels_S10_selected_tokens_91_609_92_305 
0	1	55	0,0,18536_18535_18535_18550_18549_18549_18549_18549_18549_18549_18549_18549_18549_18549_18549_18549_18549_18564_18563_18563_18563_18563_18563_1052_1051_1051_1051_1051_1051_1051_1051_1100_1099_1099_1099_1099_1146_1145_19210_19209_19260_19398_19397_19397_19397_7332_7331_7331_7331_7331_7331_7331_7331_7331_7331_7380_7379_7379_7416_7415_5342_5341_5341_5341_5341_5341_5430_5500
1

labels_S10_selected_tokens_92_305_93_0163 
0	1	66	0,0,18808_18836_18835_18835_18862_18861_18861_18861_18861_18861_18861_18861_1036_1035_1035_1035_1035_1035_1035_1035_1100_1099_1099_1146_1145_1145_19210_19260_19259_19398_19397_19397_19397_7332_7331_7331_7331_7331_7364_7363_7363_7363_7363_7363_7363_7363_7402_7401_7401_7401_22000_21999_21999_22020_22019_22019_22019_22019_22019_22019_22019_22019_22019_22019_22019_22019_22019_22019_22100
1

labels_S10_selected_tokens_93_0163_93_7084 
0	1	66	0,0,18808_18836_18835_18835_18862_18861_18861_18861_18861_1036_1035_1035_1035_1035_1035_1035_1100_1099_1099_1099_1099_1146_1145_19210_19209_19209_19260_19398_19397_19397_19397_7332_7331_7331_7331_7331_7331_7331_7364_7363_7363_7363_7363_7402_7401_7401_7401_22000_21999_21999_22020_22019_22019_22019_22019_22019_22019_22019_22019_22019_22019_22100_22099_22099_22099_22099_22099
1

labels_S10_selected_tokens_93_7084_94_3007 
0	1	4	0,0,4606_4626_4666_4665_4665_1018_1017_1017_1017_1017_1017_1017_1017_1017_1017_1100_1099_1099_1099_1146_1145_19210_19209_19260_19398_19397_19397_19397_19397_7362_7396_7395_7434_7433_7433_7433_11448_11447_11447_11447_11447_11447_11447_11447_11447_11447_11478_11477_11477_11477_11477_11477_11477_11548_93_102_108
1

labels_S10_selected_tokens_94_3007_94_8904 
0	1	4	0,0,4606_4626_4666_4665_1018_1017_1017_1017_1017_1017_1017_1017_1017_1017_1100_1099_1099_1099_1146_19210_19209_19260_19259_19398_19397_19397_19397_7362_7361_7361_7396_7395_7434_7433_7433_7433_7433_7433_11448_11447_11447_11447_11447_11447_11447_11447_11478_11477_11477_11477_11477_11477_11477_11548_93_102_108
1

labels_S10_selected_tokens_94_8904_95_6585 
0	1	22	0,0,8906_8918_8922_8921_8921_1016_1015_1015_1015_1015_1015_1015_1100_1099_1099_1099_1144_1143_1143_1143_6186_6185_6228_6254_6253_6253_6253_6253_7308_7307_7307_7396_7395_7395_7450_7449_7449_10318_10317_10317_10317_10402_10452_10451_10451_15680_15679_15696_15695_15695_15695_15695_15695_15695_15728_15727_15727_15727_15727_15727_15727_21998_21997_22054_22053_22053_22053_22053_22053_22053_22053_22053_22053_22053_22100
1

labels_S10_selected_tokens_95_6585_96_4736 
0	1	22	0,0,8906_8918_8922_1016_1015_1015_1015_1015_1015_1100_1099_1099_1099_1144_1143_1143_6186_6185_6228_6227_6254_6253_6253_6253_7308_7307_7307_7307_7396_7395_7450_7449_10318_10317_10317_10317_10317_10317_10402_10401_10452_10451_15680_15679_15679_15696_15695_15695_15695_15695_15728_15727_15727_15727_15727_21998_21997_21997_21997_21997_22054_22053_22053_22053_22053_22053_22053_22053_22053_22053_22053_22053_22053_22053_22053_22053_22053_22053_22053_22100
1

labels_S10_selected_tokens_96_4736_97_4111 
0	1	67	0,0,18808_18836_18862_18861_18861_18861_18861_18861_18861_1036_1035_1035_1035_1100_1099_1099_1099_1099_1146_1145_19210_19314_19376_2084_2226_2225_2344_2343_2343_13618_13676_13675_13732_13731_13731_19154_19153_19153_19294_19293_19293_19366_19365_19365_19365_19365_19365_8474_8473_8473_8478_8482_8481_8481_8481_8481_8481_8481_8481_8481_8481_13586_13585_13585_13585_13585_13585_13585_13585_13585_13585_13585_13664_13663_13663_13722_13721_21976_21975_22054_22053_22053_22053_22053_22053_22053_22053_22053_22053_22053_22053_22100
1

labels_S10_selected_tokens_97_4111_98_3311 
0	1	67	0,0,18808_18836_18835_18862_18861_18861_18861_18861_18861_1036_1035_1035_1035_1035_1100_1099_1099_1099_1146_19210_19314_19376_2084_2226_2225_2344_2343_2343_13618_13617_13676_13675_13732_13731_19154_19153_19153_19294_19293_19293_19366_19365_19365_19365_19365_19365_8474_8473_8473_8478_8482_8481_8481_8481_8481_8481_8481_8481_8481_8481_13586_13585_13585_13585_13585_13585_13585_13585_13585_13664_13663_13663_13722_13721_13721_21976_22054_22053_22053_22053_22053_22053_22053_22053_22053_22100_22099_22099_22099_22099
1

labels_S10_selected_tokens_98_3311_99_0111 
0	1	10	0,0,4948_4956_4955_4955_4955_4955_4970_4969_4969_4969_4969_4969_4969_1052_1051_1051_1051_1051_1051_1051_1100_1099_1099_1146_19210_19209_19260_19398_19397_19397_19397_19397_19397_7308_7396_7395_7395_7450_7449_10318_10317_10317_10317_10317_10317_10402_10401_10401_10452_10451_15618_15617_15617_15626_15625_15625_15625_15625_15625_15625_15642_15641_15641_15641_15641_15641
1

labels_S10_selected_tokens_99_0111_99_7376 
0	1	10	0,0,4948_4956_4955_4955_4955_4955_4970_4969_4969_4969_4969_4969_1052_1051_1051_1051_1100_1099_1099_1099_1099_1099_1146_1145_19210_19209_19260_19398_19397_19397_19397_19397_19397_19397_19397_7308_7307_7396_7395_7450_7449_7449_10318_10317_10317_10317_10317_10402_10401_10401_10401_10401_10452_10451_15618_15617_15626_15625_15625_15625_15625_15625_15625_15625_15625_15642_15641_15641_15641_15641_15641
1

labels_S10_selected_tokens_99_7376_100_5685 
0	1	11	0,0,12646_12694_12693_12693_12693_12750_12749_12749_12749_12749_12749_12749_16106_16136_16135_16135_16135_16152_16151_16151_16151_16151_18144_18143_18143_18143_18143_18232_18231_18231_18231_18231_18310_18309_18309_19160_19292_19291_19291_19291_19336_9020_9019_9019_9044_9043_9058_9057_9057_648_650_654_653_653_653_653_653_653_17292_17291_17291_17291_17291_17291_17291_17291_17291_17420_17419_17462_17461_17461_17461_5342_5341_5341_5341_5341_5341_5430_5500
1

labels_S10_selected_tokens_9_4197_10_0873 
0	1	72	0,0,20720_20719_20719_20734_20733_20756_20755_20755_6706_6705_6705_6750_6749_6749_6749_6788_6787_6787_15148_15147_15218_15217_15217_15276_15275_5042_5041_5041_5041_5056_5055_5055_5055_5055_5055_5060_5059_5059_5059_5059_5059_7170_7169_7169_7169_7169_7169_7169_7169_7204_7203_7203_7203_7203_7203_7203_7203_7203_7203_7203_7203_7240_93_102_108
1

