S16_selected_tokens_0107 analysis information:
Number of steps:
20
Cutoff frequencies were: 
5000 5158 5316 5474 5632 5789 5947 6105 6263 6421 6579 6737 6895 7053 7211 7368 7526 7684 7842 8000
Number of coefficients for prediction: 
5
Number of formants: 
3
Winner is:
7684 7684 7684
Errors (total,f1,f2,f3): 
344.8 642.1 464.2 547 570.4 885.2 755.3 365 219 202 211.5 370.5 404.9 348.2 347.2 469.2 168.9 121.3 125.5 126
123.4 195.6 127.8 143.4 125.7 202.2 172.1 61.3 38.9 38.8 39.3 72.8 49.6 63.8 31.3 45 26.5 28.4 32 33.1
151.3 235.7 183 190.7 205.3 352.7 304 158.5 74.3 63.6 77.4 158.7 183.1 142 135.8 169 52.6 50.4 51.7 52.1
70.1 210.8 153.4 212.9 239.4 330.3 279.2 145.2 105.8 99.6 94.8 139 172.2 142.4 180.1 255.2 89.8 42.5 41.8 40.8
Coefficients are (row-wise by formant):
998.5 -19.2 -244.5 15.2 -139.2 34.1
2047.7 48.8 -84.3 19.3 -62.2 44.4
2955.6 2.8 -69 11.4 -46 1.3
