S16_selected_tokens_0047 analysis information:
Number of steps:
20
Cutoff frequencies were: 
5000 5158 5316 5474 5632 5789 5947 6105 6263 6421 6579 6737 6895 7053 7211 7368 7526 7684 7842 8000
Number of coefficients for prediction: 
5
Number of formants: 
3
Winner is:
7684 7684 7684
Errors (total,f1,f2,f3): 
337 351.6 321.6 325.4 208.8 236.5 191.5 211.8 168.1 172.5 190.8 178 258.4 190.3 355.8 315 384.6 116.8 121.3 245.5
34.9 41.7 35.6 31.8 25.6 27.2 28.9 25.3 22.9 14.3 15.3 23.4 23.2 25.3 27.4 23.4 20.3 24.1 19.3 39.4
106.6 100.4 82 62.9 45 44.4 47 57.6 61.8 51.5 69.2 75.9 139.2 93.2 207.5 163.4 207 50.7 59.1 114.7
195.5 209.5 204 230.7 138.2 164.9 115.6 128.9 83.4 106.7 106.3 78.7 96 71.8 120.9 128.2 157.3 42 42.9 91.4
Coefficients are (row-wise by formant):
418.8 14.1 39.8 -52.1 -8.1 9.7
885.7 -57.6 364.7 -227.5 52.4 -95.7
2752.1 84.7 57.4 -106.9 -68.1 -15.1
