S16_selected_tokens_0007 analysis information:
Number of steps:
20
Cutoff frequencies were: 
5000 5158 5316 5474 5632 5789 5947 6105 6263 6421 6579 6737 6895 7053 7211 7368 7526 7684 7842 8000
Number of coefficients for prediction: 
5
Number of formants: 
3
Winner is:
5947 5947 5947
Errors (total,f1,f2,f3): 
272.7 431 708.9 567.1 259.1 407 39.7 42.9 45.4 46.8 48.8 50.2 54.4 58.4 59.5 62.7 64.3 65.3 67.7 71.8
13.9 13.9 35.8 11.7 22.3 13.4 16.2 16.2 15.9 15.1 13.2 8.5 5.1 4.2 3.6 3.6 3.8 4 4.6 5.3
105.6 157.4 352.2 288.7 134.1 159.7 10.3 10.5 12.6 16.4 19.6 24.6 28.6 28.3 28.3 27.3 28.1 29.5 31 33.6
153.2 259.7 320.9 266.7 102.7 233.9 13.2 16.2 16.9 15.3 16 17.1 20.7 25.9 27.6 31.8 32.4 31.8 32.1 32.9
Coefficients are (row-wise by formant):
528 49.3 -75.6 -25.2 12.4 1.4
1751.7 -215.4 -61.2 -49.5 -26.7 -24.3
3031.8 42.1 5.5 7.4 -13.8 -12.3
