S16_selected_tokens_0077 analysis information:
Number of steps:
20
Cutoff frequencies were: 
5000 5158 5316 5474 5632 5789 5947 6105 6263 6421 6579 6737 6895 7053 7211 7368 7526 7684 7842 8000
Number of coefficients for prediction: 
5
Number of formants: 
3
Winner is:
6579 6579 6579
Errors (total,f1,f2,f3): 
310.5 191 496.8 141.7 30.1 30.4 33.3 33.4 27.5 26.4 26.3 27.6 29.5 32.2 38.6 52.9 87.6 149.9 481.9 952.1
4 5.2 12.6 4.8 3.5 4 5.6 5.1 2.8 2.9 2.8 2.8 2.8 2.9 3.2 3.5 4.4 8.3 93.7 83.3
144.4 120.7 244.2 63.3 24.3 23.7 24.7 25.6 22.4 19.3 16.6 18.6 21.3 23.9 29.4 39.5 56.5 73.4 137.7 352.6
162.1 65.1 240 73.6 2.3 2.7 3 2.7 2.3 4.2 6.9 6.2 5.4 5.4 6 9.9 26.7 68.2 250.5 516.2
Coefficients are (row-wise by formant):
347.7 7.3 19.3 15.9 -2.3 6.6
1513.6 -56.7 162.2 40.9 -37.5 5.6
2593.9 -38.4 0.9 16.4 -3.8 9
