S16_selected_tokens_0033 analysis information:
Number of steps:
20
Cutoff frequencies were: 
5000 5158 5316 5474 5632 5789 5947 6105 6263 6421 6579 6737 6895 7053 7211 7368 7526 7684 7842 8000
Number of coefficients for prediction: 
5
Number of formants: 
3
Winner is:
6105 6105 6105
Errors (total,f1,f2,f3): 
124.6 155.8 317.4 296.8 45 51 44.3 41 41.9 50.7 82.5 162.6 152.6 97.5 172.2 154.1 111.9 372.7 280.6 461.4
2.1 3.5 16.6 23.4 5 4.4 2.8 2.1 3 3.6 5.4 3.1 2.3 2.1 2.2 2.3 2.4 2.5 2.8 3.3
43.2 74.5 189.4 234.8 28.9 35.8 32.4 29.5 28 33.4 53 87.8 132.3 83.1 80.8 92.9 90.9 88.4 74.8 137.2
79.3 77.8 111.4 38.6 11.1 10.8 9.1 9.4 10.9 13.7 24.1 71.7 18 12.3 89.2 58.9 18.6 281.8 203 320.9
Coefficients are (row-wise by formant):
469.9 -87.3 20.2 0.7 4.4 4.2
2117.7 173.4 -424.8 -60.6 -81 -31.5
2883.2 -91 -10.3 -32.5 6.1 2.5
