S16_selected_tokens_0106 analysis information:
Number of steps:
20
Cutoff frequencies were: 
5000 5158 5316 5474 5632 5789 5947 6105 6263 6421 6579 6737 6895 7053 7211 7368 7526 7684 7842 8000
Number of coefficients for prediction: 
5
Number of formants: 
3
Winner is:
6105 6105 6105
Errors (total,f1,f2,f3): 
10329.5 10241.3 303 324.9 209.9 412.5 81.9 32.5 33.2 40.2 57.7 357.8 230 218.7 112.1 115.8 100.1 98.6 101.7 108.9
144.2 82 91.8 109.8 54 99.1 26 5.7 6.2 9.4 14.3 43.5 26 30.7 14.9 16.1 13.8 13.3 13.7 16
111.5 108.4 109.2 123.5 80 152.3 24.8 13.3 12.9 13.8 19.1 103 65 62.1 40.8 43 33 30.1 29 32.1
10073.8 10050.9 102 91.6 75.9 161.1 31.1 13.5 14.1 17 24.3 211.3 139 125.9 56.4 56.7 53.3 55.2 59 60.8
Coefficients are (row-wise by formant):
980.9 115.8 -106.4 27.7 -24 -1.7
1814.3 -82.1 51.1 -21.4 24 2.2
2795 -59 23.9 -36.7 14.4 -8.2
