S16_selected_tokens_0091 analysis information:
Number of steps:
20
Cutoff frequencies were: 
5000 5158 5316 5474 5632 5789 5947 6105 6263 6421 6579 6737 6895 7053 7211 7368 7526 7684 7842 8000
Number of coefficients for prediction: 
5
Number of formants: 
3
Winner is:
7053 7053 7053
Errors (total,f1,f2,f3): 
148 100.4 102.6 50.4 130.5 256.9 44.9 41.6 36.9 39.5 44.5 45.1 38.3 34.6 35.9 37 37.1 39.2 39.6 40.2
9.6 8.9 10.8 12.9 21.3 26.5 20.4 17.8 13.8 15.4 19.1 19.5 13 8.4 8.5 8.6 8.4 8.5 8.5 8.4
21.6 12.5 12.3 14.2 67.1 141 13.2 13.1 13 13.6 14.3 14.1 13.7 14 14.4 14.5 13.9 13.8 15 15.5
116.8 79 79.5 23.3 42.1 89.4 11.3 10.7 10.1 10.5 11.1 11.5 11.6 12.2 13 13.9 14.8 16.9 16.1 16.3
Coefficients are (row-wise by formant):
539 79.8 -29.9 0.4 -22.6 -8.8
2217.8 73.7 -56 15.2 -20.7 7.7
3054.1 -13.6 -9.2 -21.9 -2.2 3.4
