S16_selected_tokens_0058 analysis information:
Number of steps:
20
Cutoff frequencies were: 
5000 5158 5316 5474 5632 5789 5947 6105 6263 6421 6579 6737 6895 7053 7211 7368 7526 7684 7842 8000
Number of coefficients for prediction: 
5
Number of formants: 
3
Winner is:
6737 6737 6737
Errors (total,f1,f2,f3): 
54.6 68.8 186.9 191.6 249.3 79.1 86.5 99.2 79.6 67.6 62.8 47.7 56.6 234.4 485.9 446.9 385 396 710.3 523.5
2.4 8.3 14 16.6 17.9 15.8 19.8 20.6 18.9 12.4 10.2 8.4 11.6 30.4 21.8 20.6 15.5 14.6 41.8 25.8
33.5 46.3 49.6 52.9 51.9 49.1 53.5 48 44.5 41.5 39.5 24.7 27.2 167 395.4 371.4 303.5 288.1 473.4 357.9
18.7 14.2 123.3 122.1 179.5 14.2 13.2 30.6 16.2 13.7 13.1 14.6 17.8 37 68.7 54.9 66 93.3 195.1 139.8
Coefficients are (row-wise by formant):
458.4 -17.4 19.6 -16.5 -33.3 4.8
801 -391.4 272.7 -168.4 56.4 26.5
3013.3 213.2 -105.1 10 -18.6 12.2
