S16_selected_tokens_0095 analysis information:
Number of steps:
20
Cutoff frequencies were: 
5000 5158 5316 5474 5632 5789 5947 6105 6263 6421 6579 6737 6895 7053 7211 7368 7526 7684 7842 8000
Number of coefficients for prediction: 
5
Number of formants: 
3
Winner is:
5789 5789 5789
Errors (total,f1,f2,f3): 
328.1 246.3 624.8 300.7 258.9 55.2 67.7 81.3 88.2 93.7 75.2 73.7 82.5 94.2 98.4 98.5 109 92.7 77.7 67.6
50.1 14.6 63.3 46.1 15.4 8.4 8.3 6 8.2 8.5 5.7 3.6 4.5 4.7 6.8 10.3 16.6 21.5 17.3 12.5
185.6 127.7 357.3 144.1 129.9 26.2 33.8 36.3 31.5 32.3 30.2 28.2 31.4 22.5 19.3 19 20.4 18.7 17.4 17
92.4 104 204.2 110.5 113.6 20.6 25.6 39 48.5 52.9 39.3 41.9 46.6 67 72.3 69.2 72 52.5 43 38.1
Coefficients are (row-wise by formant):
703.1 -97.3 -12 7.8 -28.5 4
2134.2 -28.7 -176.6 -27.3 -42.1 -19.7
2743.7 -310.2 -91.6 -67.4 -42.3 -33.5
