S16_selected_tokens_0114 analysis information:
Number of steps:
20
Cutoff frequencies were: 
5000 5158 5316 5474 5632 5789 5947 6105 6263 6421 6579 6737 6895 7053 7211 7368 7526 7684 7842 8000
Number of coefficients for prediction: 
5
Number of formants: 
3
Winner is:
6263 6263 6263
Errors (total,f1,f2,f3): 
10390.4 10494.7 10520.7 416.3 10273.3 10284.8 450.9 257.4 58.7 164.7 75.7 106.9 224.4 189.5 147.8 103.9 80.1 75.5 90.1 111.8
83.6 77.3 82.5 65.7 28.5 33.7 77.1 30.1 18.8 24.8 21.8 26.4 29.4 26.3 22.9 19.5 14 11.9 16.8 19.7
200.4 280.7 291.8 196.9 135.4 136.4 195 119.3 13.6 72.8 22.1 34.8 53.1 49.1 45.8 34.4 25.4 27.8 33.9 40.1
10106.4 10136.7 10146.4 153.7 10109.4 10114.7 178.8 108 26.3 67.1 31.8 45.7 141.9 114.1 79.1 50 40.7 35.8 39.4 52
Coefficients are (row-wise by formant):
895.6 -26 -138.3 2.1 -40.8 2.1
1874.6 61.4 58.1 5.8 2.1 -14.5
2777.9 -43.4 14.9 -32.9 4.8 -30.3
