S16_selected_tokens_0081 analysis information:
Number of steps:
20
Cutoff frequencies were: 
5000 5158 5316 5474 5632 5789 5947 6105 6263 6421 6579 6737 6895 7053 7211 7368 7526 7684 7842 8000
Number of coefficients for prediction: 
5
Number of formants: 
3
Winner is:
7211 7211 7211
Errors (total,f1,f2,f3): 
150.9 108.5 82.4 217.1 340.5 452.8 239.3 362.3 63.6 66 63.9 62.9 62.5 68.5 61.6 87.2 102.7 79.1 68.2 67.7
13.6 13.6 12.7 17.7 22.4 37 26.3 26.5 17.2 18.8 18.8 19.2 20.5 14.7 15.3 15.1 14.7 13.1 12.8 14
110.1 74.9 49.1 118.6 236.5 331.4 162.7 200.6 26.4 26.8 25.3 24.4 23.7 23.7 24.7 28.5 41.7 40.5 31.1 25.1
27.2 20 20.6 80.8 81.6 84.4 50.3 135.2 20 20.4 19.8 19.3 18.3 30.1 21.6 43.6 46.3 25.5 24.3 28.6
Coefficients are (row-wise by formant):
546.9 -133.6 -79.8 15.8 14.7 6
2460.2 387.6 -74.6 -5 31.5 22.7
3093.6 79 -6.8 -5.3 18.5 31.4
