S16_selected_tokens_0100 analysis information:
Number of steps:
20
Cutoff frequencies were: 
5000 5158 5316 5474 5632 5789 5947 6105 6263 6421 6579 6737 6895 7053 7211 7368 7526 7684 7842 8000
Number of coefficients for prediction: 
5
Number of formants: 
3
Winner is:
6105 6105 6105
Errors (total,f1,f2,f3): 
104.3 96.6 446.2 505.6 43.8 45.8 44.9 42.6 48.5 49.9 48.8 68.2 54 50.3 49.7 46.8 48.1 48.2 50.9 57.4
10.1 10 53.3 36.2 13.3 13.2 13.5 14 21.2 20 15.1 9.9 9.3 8.6 8.7 8.8 9.2 9.4 9.2 9.9
52.3 37.7 258.1 335.8 18 18 17.9 16.9 17.1 18.3 18.2 18.2 18.5 16.8 17.9 16.3 16.9 17.1 16.5 17.3
41.9 48.9 134.8 133.6 12.5 14.6 13.5 11.7 10.2 11.6 15.5 40.1 26.2 24.9 23.1 21.7 22 21.7 25.2 30.2
Coefficients are (row-wise by formant):
588.1 -153.3 -49.5 33.2 9.4 3.1
2408.3 261.7 -70.4 -35.7 -23.9 6.6
3004 84.9 11.3 -22.8 -16.4 -13.3
