S16_selected_tokens_0026 analysis information:
Number of steps:
20
Cutoff frequencies were: 
5000 5158 5316 5474 5632 5789 5947 6105 6263 6421 6579 6737 6895 7053 7211 7368 7526 7684 7842 8000
Number of coefficients for prediction: 
5
Number of formants: 
3
Winner is:
6737 6737 6737
Errors (total,f1,f2,f3): 
226.8 155.9 248.9 165.8 239.4 291.9 65.8 65.8 63.5 58.8 56.7 51.7 57.1 97.8 167.7 162.3 142.7 117.3 149.3 283.7
13.2 10.8 11.2 10.3 31.3 30.2 11.1 11.2 11.4 10.4 9.9 6.7 5.5 3.7 3.6 4.2 4.5 9.2 7.1 77.7
107.4 36.1 36.8 46.4 123.4 164.8 22.1 20.4 19.7 21.2 23.2 26.8 31.8 51 39.9 41.3 38.5 45.6 71.2 89.2
106.2 109 200.9 109.1 84.7 96.9 32.6 34.2 32.4 27.2 23.6 18.2 19.8 43.1 124.2 116.8 99.7 62.5 71 116.8
Coefficients are (row-wise by formant):
563.6 -67.5 -51.7 -40.5 -27.9 -17.4
1931.6 273.3 -53.4 -17.2 -68.1 -18
3061.9 -108 114 -51.4 6.6 -28.1
