S16_selected_tokens_0017 analysis information:
Number of steps:
20
Cutoff frequencies were: 
5000 5158 5316 5474 5632 5789 5947 6105 6263 6421 6579 6737 6895 7053 7211 7368 7526 7684 7842 8000
Number of coefficients for prediction: 
5
Number of formants: 
3
Winner is:
6421 6421 6421
Errors (total,f1,f2,f3): 
29.8 211 322.5 10047.2 10185.8 502.3 194.1 11.5 11.2 10.8 12.6 14.5 16.7 16.4 15.2 14.3 14.4 13.6 12.3 11.9
3.1 11.6 27.8 7.8 11.7 23.8 28.3 2.7 2.8 2.7 3.8 4.4 4.6 5 4.4 3.7 3.7 3.7 3.6 3.7
9.4 138.1 174.1 37.9 111.4 276.7 96.2 1.4 1.4 1.5 1.8 1.9 1.8 2.2 2.4 2.5 3.2 3.4 3.2 3.1
17.3 61.3 120.6 10001.5 10062.7 201.8 69.6 7.4 7 6.6 7 8.2 10.3 9.2 8.4 8.1 7.5 6.5 5.5 5.1
Coefficients are (row-wise by formant):
539.3 41.6 0.9 0.1 -3.5 5.8
1966.5 -1.1 -0.4 6.8 -3.4 1.7
2965.9 -93 10.1 -11.1 -15.7 10.2
