S16_selected_tokens_0110 analysis information:
Number of steps:
20
Cutoff frequencies were: 
5000 5158 5316 5474 5632 5789 5947 6105 6263 6421 6579 6737 6895 7053 7211 7368 7526 7684 7842 8000
Number of coefficients for prediction: 
5
Number of formants: 
3
Winner is:
6263 6263 6263
Errors (total,f1,f2,f3): 
10554.6 10676.1 10681.4 785.4 744 707.5 584.7 268 57.5 67.2 68.7 90.6 150.8 193.4 174.3 173 175 161.5 164 214.7
188.5 176.5 155.2 161.3 155.4 186.7 157 34 13.1 17.6 17.7 16.3 12.7 19 18.5 18 18.2 19 22.8 27.2
206.8 264.2 238.5 312.8 268.7 230.2 194.4 110.3 16.9 17.4 18.7 19.4 26.4 40.9 34.6 34.6 41.8 41.2 47.2 76.4
10159.3 10235.4 10287.7 311.3 319.9 290.6 233.3 123.7 27.5 32.2 32.3 54.9 111.7 133.5 121.2 120.4 115 101.3 94 111.1
Coefficients are (row-wise by formant):
979.6 -25.2 -178.2 19.3 -66.2 6.7
1863.8 44.8 76.2 31.2 45.5 24.4
2819.1 -30.2 43.8 18.3 38.5 12.5
