S16_selected_tokens_0029 analysis information:
Number of steps:
20
Cutoff frequencies were: 
5000 5158 5316 5474 5632 5789 5947 6105 6263 6421 6579 6737 6895 7053 7211 7368 7526 7684 7842 8000
Number of coefficients for prediction: 
5
Number of formants: 
3
Winner is:
6105 6105 6105
Errors (total,f1,f2,f3): 
395.3 307.9 405.6 421 432.1 195.8 51.7 50.1 55 61.4 79.4 81.4 82.9 92.1 92.7 121.5 166.3 121.3 201.9 404.2
13.9 14.3 15.1 21.9 22.3 14.7 11 9.3 11.3 12.2 11.5 10.7 10.9 9 8.7 8.2 10.2 8.3 70.5 171
306.2 237.7 328.6 350 349 130.6 22 21.8 24.4 29.6 45.7 43.1 39.7 41.8 36.4 34.8 77.3 38.8 56 77.1
75.2 55.9 61.9 49.1 60.8 50.5 18.7 19 19.3 19.6 22.2 27.6 32.3 41.3 47.6 78.5 78.8 74.2 75.4 156.1
Coefficients are (row-wise by formant):
498.4 -112.4 -27.3 -3.7 -5.9 -0.4
2284.8 512.6 -154.1 23.9 -15.7 26.1
3007.5 3.3 129.7 -18.8 40.9 -10.1
