S16_selected_tokens_0085 analysis information:
Number of steps:
20
Cutoff frequencies were: 
5000 5158 5316 5474 5632 5789 5947 6105 6263 6421 6579 6737 6895 7053 7211 7368 7526 7684 7842 8000
Number of coefficients for prediction: 
5
Number of formants: 
3
Winner is:
7053 7053 7053
Errors (total,f1,f2,f3): 
90.3 98.2 166.1 197.8 201.5 188.7 156.7 41 36.2 36.4 35.2 35.7 31.5 29.5 31 31.3 31.1 31.4 31.9 35.1
10.2 12.5 24.5 33.8 28.5 24.2 30.9 21 15.8 15.3 13.5 13.6 8.7 7 6.7 6.7 6.7 7 7.2 8.4
26.7 17.1 77.5 86.1 95.1 88.9 72.4 13.6 13.5 13.9 14 14.8 14.6 14.4 14.2 14.4 14.9 14.9 14.9 15.5
53.4 68.6 64.1 77.9 77.9 75.6 53.4 6.4 6.9 7.2 7.7 7.3 8.2 8.1 10.1 10.2 9.5 9.5 9.8 11.2
Coefficients are (row-wise by formant):
530.5 -26.4 -103.5 17.5 19.6 16.8
2301.4 395.4 -110 -19.6 -13.4 18.7
3018 127.3 -16.7 -11.7 -10.4 6.9
