S16_selected_tokens_0013 analysis information:
Number of steps:
20
Cutoff frequencies were: 
5000 5158 5316 5474 5632 5789 5947 6105 6263 6421 6579 6737 6895 7053 7211 7368 7526 7684 7842 8000
Number of coefficients for prediction: 
5
Number of formants: 
3
Winner is:
5947 5947 5947
Errors (total,f1,f2,f3): 
30.1 256.9 221.6 211.8 75.1 12.1 11.1 12.7 13 13.2 13 12.3 12.5 12.5 12.1 12.4 14.4 19.1 19.9 23.1
2.2 2.6 18.1 5.2 2.5 2.6 2.5 2.7 2.6 2 2.5 2 2.3 2.1 2.1 2.3 2.6 2.9 2.9 2.9
2.4 95.1 122.2 108.8 2.9 2.8 2.5 2.8 2.9 3.7 3.1 3.2 3.1 2.4 2 2.4 3.1 4 3.8 4.3
25.5 159.2 81.3 97.8 69.7 6.7 6.1 7.2 7.5 7.5 7.4 7.1 7.1 8 8 7.7 8.7 12.2 13.2 15.9
Coefficients are (row-wise by formant):
555.2 -9.9 -6.9 3.6 -1.3 4
2012.4 -114.4 7.6 -2.8 -1.9 -2.2
2845.9 -164.7 7.1 2 1.1 -7.7
