S16_selected_tokens_0036 analysis information:
Number of steps:
20
Cutoff frequencies were: 
5000 5158 5316 5474 5632 5789 5947 6105 6263 6421 6579 6737 6895 7053 7211 7368 7526 7684 7842 8000
Number of coefficients for prediction: 
5
Number of formants: 
3
Winner is:
8000 8000 8000
Errors (total,f1,f2,f3): 
78.3 128.1 60.7 28.5 25 23.8 22.5 22.4 23.2 23.6 24.1 25.8 29.5 31.2 31 31.4 26.5 23.7 21.8 19.6
1.5 1.2 1.2 1.5 1.5 1.6 1.3 1.2 1.5 1.7 2.1 2.9 3.6 3.7 3.2 3.1 3 3.5 3.4 3.3
16.9 18.3 18.6 17.8 15.9 13.3 12.6 13 13 13.3 13.8 14.8 15.3 16.6 18 16.4 12.4 9.6 7.6 6.7
59.9 108.6 40.9 9.2 7.6 8.9 8.6 8.2 8.7 8.6 8.2 8.1 10.6 10.9 9.8 11.9 11.1 10.6 10.8 9.6
Coefficients are (row-wise by formant):
567.4 -31.4 -12.8 -9.2 -7.7 -4.9
1860.7 244 -21.4 18.4 -50.5 31.1
2992.8 -42.4 25.6 24 7.2 -3.2
