S16_selected_tokens_0066 analysis information:
Number of steps:
20
Cutoff frequencies were: 
5000 5158 5316 5474 5632 5789 5947 6105 6263 6421 6579 6737 6895 7053 7211 7368 7526 7684 7842 8000
Number of coefficients for prediction: 
5
Number of formants: 
3
Winner is:
5632 5632 5632
Errors (total,f1,f2,f3): 
614.7 342.9 45.1 34.1 32.9 33.8 41.9 55.5 135.2 332.8 322.5 239.9 201.6 211.4 262.8 372.6 452.5 468.6 275.5 282.3
23.9 11.7 2 2.5 3.3 4.1 6.6 6.9 5.5 4.5 3.5 3.4 3 2.9 2.7 2.6 2.6 2.9 3.2 3.4
396.9 265.3 28.2 18.5 17.1 17.2 23.5 33.3 91 226.1 211.2 147.9 95.5 116.8 121.9 172.9 217.8 231.6 110.2 98.2
193.9 65.9 14.9 13.1 12.5 12.5 11.8 15.3 38.7 102.2 107.8 88.6 103.1 91.7 138.2 197.1 232.1 234.1 162.1 180.7
Coefficients are (row-wise by formant):
346.9 -49.7 10.9 -15.4 4 2.3
1846.2 52 137.7 -19.1 -22.7 17.9
2532.4 -35.8 -28.8 -13.4 7 2.2
