S16_selected_tokens_0001 analysis information:
Number of steps:
20
Cutoff frequencies were: 
5000 5158 5316 5474 5632 5789 5947 6105 6263 6421 6579 6737 6895 7053 7211 7368 7526 7684 7842 8000
Number of coefficients for prediction: 
5
Number of formants: 
3
Winner is:
6895 6895 6895
Errors (total,f1,f2,f3): 
203.8 59.8 77.7 239.3 336.4 164.9 213.3 108.4 35.1 34.8 33.2 36 29.5 30.3 31.4 31.5 37.5 44.3 48.2 64.2
9.8 7.6 8.4 19 11 13.1 14.7 13.7 11.5 9.2 5.6 5.7 5.2 5.2 5.2 5.3 5.1 4.9 5.2 7.6
94.5 42.2 54.1 114.9 178.7 79.2 107 49 10.2 10.7 10 10.3 9 8.9 11.8 11.7 13.2 13.9 13.2 13.1
99.5 10 15.2 105.4 146.7 72.6 91.6 45.7 13.4 14.9 17.6 20 15.3 16.2 14.4 14.5 19.2 25.5 29.8 43.5
Coefficients are (row-wise by formant):
532.1 66.4 -70.9 -6.8 -0.4 13.5
1947.3 39.4 37.4 -1 -6.4 6.6
2800.4 -53.1 76.5 -4.8 45.5 5.6
