S16_selected_tokens_0051 analysis information:
Number of steps:
20
Cutoff frequencies were: 
5000 5158 5316 5474 5632 5789 5947 6105 6263 6421 6579 6737 6895 7053 7211 7368 7526 7684 7842 8000
Number of coefficients for prediction: 
5
Number of formants: 
3
Winner is:
5947 5947 5947
Errors (total,f1,f2,f3): 
319.8 251.2 245.4 204.9 236.6 52.5 49.6 53.2 73.7 61.2 75 81.4 100.8 79.6 80.7 82.6 434.4 440.6 341.1 431.6
24.2 24.5 20.5 15.4 21.8 21.7 20.1 20.8 22.3 21.7 22.3 20.8 16.7 8.8 7.3 7.2 6.8 9.1 19.7 31.9
75.1 45.4 39.6 21.8 17.2 11.9 12.4 13 26 18.2 20.3 20.5 14.1 15.4 16.1 21.3 226.5 212.8 157.9 184.5
220.5 181.3 185.3 167.7 197.6 18.9 17.1 19.4 25.4 21.3 32.4 40.1 70 55.4 57.3 54.1 201.1 218.7 163.5 215.2
Coefficients are (row-wise by formant):
485.2 8.7 -41 25 -27.9 23.2
1033.1 270.6 -77.2 68.2 -52.7 1.5
2710.4 -238.3 -36.9 -22.5 -47.7 -2.3
