S16_selected_tokens_0020 analysis information:
Number of steps:
20
Cutoff frequencies were: 
5000 5158 5316 5474 5632 5789 5947 6105 6263 6421 6579 6737 6895 7053 7211 7368 7526 7684 7842 8000
Number of coefficients for prediction: 
5
Number of formants: 
3
Winner is:
7211 7211 7211
Errors (total,f1,f2,f3): 
12.2 9.8 195.4 211 347.1 6.6 5.5 7.2 7 6.4 5.5 5.8 6.9 5.3 5.2 6 6.6 10.5 17.7 32
3.5 4.4 3 21.2 3.3 3.2 2.8 3.8 3.6 2.8 2.6 2.2 2.2 2.4 2.1 2.4 2.1 2.4 2.1 2.4
1.5 1.7 135 130.4 234.3 1.7 1 1.6 1.7 1.9 1 0.9 1.1 1 1.4 1.2 1.5 2 2.6 6.9
7.2 3.7 57.4 59.4 109.5 1.7 1.7 1.8 1.7 1.7 1.9 2.7 3.6 1.9 1.7 2.4 3 6.1 13 22.7
Coefficients are (row-wise by formant):
429.4 44.7 -17.7 -0.9 -6.2 0.6
2073.7 9.7 -1.3 2.6 7 3.4
2757 35.9 -51.3 0.1 1.3 -0.3
