S16_selected_tokens_0057 analysis information:
Number of steps:
20
Cutoff frequencies were: 
5000 5158 5316 5474 5632 5789 5947 6105 6263 6421 6579 6737 6895 7053 7211 7368 7526 7684 7842 8000
Number of coefficients for prediction: 
5
Number of formants: 
3
Winner is:
5316 5316 5316
Errors (total,f1,f2,f3): 
43.1 28.5 27.5 28.7 33 40.6 42.6 42.1 41.8 46.4 88.4 60.5 54.6 55.5 60 70 99.1 538.7 419 666.4
2.3 2.4 2.3 2.6 3.1 3.1 3.3 3 3.6 4 5.9 3.6 3.4 4.1 5.1 6.1 10.1 11.6 9.1 10.7
19.4 16.2 15.3 16.2 19.9 27.6 29.2 29 28.8 32.3 65.8 38 33.6 35.1 39.2 48.3 72.8 351.8 249.3 357.1
21.4 9.9 9.9 9.9 10 9.9 10.1 10.1 9.4 10.1 16.7 18.9 17.6 16.3 15.7 15.6 16.2 175.3 160.6 298.6
Coefficients are (row-wise by formant):
521.4 4.1 -1.3 2.9 1.9 3
1295.3 -201.2 205.3 -18.2 22.2 1
2803 39.9 -20.4 -13.8 -8 -5.5
