S16_selected_tokens_0027 analysis information:
Number of steps:
20
Cutoff frequencies were: 
5000 5158 5316 5474 5632 5789 5947 6105 6263 6421 6579 6737 6895 7053 7211 7368 7526 7684 7842 8000
Number of coefficients for prediction: 
5
Number of formants: 
3
Winner is:
6105 6105 6105
Errors (total,f1,f2,f3): 
577.2 557.5 530.9 449 372.4 481.3 101.7 69.9 84.7 135.3 159.2 167 196.1 209 203.2 406.7 327.7 287 273.4 234.9
28.6 33.6 14.4 20.4 14.8 26.5 6.4 6.2 5.6 5.7 6.8 6.2 5.6 4.4 3.5 3.2 3.4 3.3 2.6 2.1
318.2 313.5 299.5 303.9 295.5 358.2 30.8 37.3 58.3 56.9 56.9 62.4 88.5 71.6 77.8 212.1 161.4 132.1 124.4 84.6
230.4 210.4 217 124.7 62.1 96.6 64.5 26.4 20.8 72.7 95.5 98.4 102 133 121.9 191.4 162.9 151.6 146.4 148.2
Coefficients are (row-wise by formant):
428.5 -130.1 -17 26.5 -1.2 -8.5
2387.9 493.9 -414.1 -123.1 -102 -70.5
3038.2 -141.5 9.1 -78.6 -6.2 -8
