S16_selected_tokens_0038 analysis information:
Number of steps:
20
Cutoff frequencies were: 
5000 5158 5316 5474 5632 5789 5947 6105 6263 6421 6579 6737 6895 7053 7211 7368 7526 7684 7842 8000
Number of coefficients for prediction: 
5
Number of formants: 
3
Winner is:
6105 6105 6105
Errors (total,f1,f2,f3): 
100.8 60.6 44.4 35 45.9 47.5 37.6 34.6 34.7 37.3 67.8 162.5 121.5 66.3 65.6 309.5 342.6 326.2 371.4 477.3
1.9 1.9 1.8 1.1 1.5 1.8 1.9 4 5.2 5.3 5.9 5.1 5 4.9 4.4 4.4 5.8 18.7 4.3 18.9
18.2 17.7 21.2 21 30.8 30.2 20.6 15.8 14.5 16.6 40.7 128.5 89.6 36.3 35.5 141.7 228.4 199.5 175.2 234.2
80.7 41 21.4 12.9 13.6 15.5 15.1 14.8 15 15.4 21.2 28.9 26.9 25.1 25.7 163.4 108.4 108 191.9 224.2
Coefficients are (row-wise by formant):
526 -45.7 -13.1 -6.4 -10 -6.7
2025.1 338 -250.8 506 -314.5 95.8
3060 -215.1 46.6 229.8 -73.7 93.4
