S16_selected_tokens_0022 analysis information:
Number of steps:
20
Cutoff frequencies were: 
5000 5158 5316 5474 5632 5789 5947 6105 6263 6421 6579 6737 6895 7053 7211 7368 7526 7684 7842 8000
Number of coefficients for prediction: 
5
Number of formants: 
3
Winner is:
5947 5947 5947
Errors (total,f1,f2,f3): 
89.2 257.2 174.4 86.8 129.9 61.5 16.8 16.8 16.8 17.1 18.2 18 17.6 18 19.1 20.2 21.6 24 26.8 33.1
1.9 19.4 2.6 2.5 2 1.5 1.2 1.2 1.3 1.6 3.4 3.6 3.7 3.7 3.7 3.7 3.7 3.7 3.7 3.9
13.1 95.2 35.5 49 25.8 11.7 11.3 11.2 11 10.9 8.8 9.2 9.3 10 10.9 11.9 13 14.9 17.2 21.1
74.2 142.6 136.3 35.3 102.1 48.3 4.3 4.4 4.5 4.6 6 5.2 4.6 4.3 4.5 4.6 4.9 5.4 5.9 8.1
Coefficients are (row-wise by formant):
564.1 -4 -4.2 -3 -1.5 -2.1
1788.4 159.9 12.6 35.1 -26.4 18.2
2882.9 -91 33.5 -17.3 8.9 -5
