S16_selected_tokens_0072 analysis information:
Number of steps:
20
Cutoff frequencies were: 
5000 5158 5316 5474 5632 5789 5947 6105 6263 6421 6579 6737 6895 7053 7211 7368 7526 7684 7842 8000
Number of coefficients for prediction: 
5
Number of formants: 
3
Winner is:
5158 5158 5158
Errors (total,f1,f2,f3): 
25.8 25 26 28 31.9 53.2 67.1 56.9 51.6 49.4 57.5 157.1 206 228.4 159.5 188 165 135.1 118.7 145.9
3.9 4.6 4.6 5.4 5.5 6.8 7.1 5.5 5.4 5.4 7 7.3 7.4 6.1 5.7 6.9 5.9 6.1 6.1 7.6
9.9 9.5 9.3 9.8 12.2 24.7 44.6 36.6 31.3 29.9 35 51 39.4 60.6 63.2 39.2 20.9 22.9 18.9 18
12 10.9 12.1 12.8 14.2 21.7 15.4 14.8 14.9 14.1 15.5 98.8 159.2 161.7 90.6 141.9 138.2 106.1 93.7 120.3
Coefficients are (row-wise by formant):
435.6 0.2 -1.8 0.3 -4 3.5
1848.1 -121.3 -0.3 -29 -5.1 -13.4
2345.2 -193.6 14.5 -53.3 1.9 9.6
