S16_selected_tokens_0019 analysis information:
Number of steps:
20
Cutoff frequencies were: 
5000 5158 5316 5474 5632 5789 5947 6105 6263 6421 6579 6737 6895 7053 7211 7368 7526 7684 7842 8000
Number of coefficients for prediction: 
5
Number of formants: 
3
Winner is:
6105 6105 6105
Errors (total,f1,f2,f3): 
18.3 134.5 112.4 186.2 223.1 9 8.6 7.7 8.1 8.7 11.3 12.3 13.3 13.8 13 11.5 11.4 11.5 13.3 16.1
3.5 3.8 3.8 3.7 3.4 2.6 2.5 2 2.9 3.3 4.3 4.5 4.7 4.7 4.8 4.1 4.1 4.1 4.1 4.3
2.4 55.2 42.7 120.3 71.4 1.9 1.8 1.8 1.7 2.3 2.7 2.4 1.9 1.5 1.5 1.3 1.7 2.2 3 3.3
12.4 75.5 65.9 62.2 148.3 4.5 4.3 3.9 3.5 3.1 4.3 5.4 6.7 7.6 6.7 6.1 5.6 5.2 6.2 8.5
Coefficients are (row-wise by formant):
532.7 2.6 -4 1 -1.3 0.1
1970.7 -58.8 -14 -1.3 -0.8 -4.3
2812 -77.3 9.9 -7.8 -9.9 10.6
