S16_selected_tokens_0111 analysis information:
Number of steps:
20
Cutoff frequencies were: 
5000 5158 5316 5474 5632 5789 5947 6105 6263 6421 6579 6737 6895 7053 7211 7368 7526 7684 7842 8000
Number of coefficients for prediction: 
5
Number of formants: 
3
Winner is:
7526 7526 7526
Errors (total,f1,f2,f3): 
120.9 152.8 162.2 294.1 300 291.3 683.8 551.1 116.4 66.7 135.9 201.6 233.6 267.3 217.6 119 42.9 45.3 51.5 56.4
36.4 42.2 57.5 67.9 69 70.3 135.5 116.2 12.4 12.3 38.8 31.7 12.7 20.4 22.7 13.5 13.2 14.4 17.1 19.4
53.4 81.5 72.1 133.5 145.4 121.2 305.3 240.1 28.8 19.1 55.3 102.1 79.7 85.9 40.1 31.1 10.4 10.8 12.4 12.9
31.1 29.1 32.6 92.7 85.6 99.8 243 194.8 75.2 35.3 41.8 67.8 141.2 161 154.8 74.4 19.3 20.1 22 24.1
Coefficients are (row-wise by formant):
1010 18.8 -180.4 22.5 -31.1 25.6
2016.7 225.9 -48.9 11.6 -9.8 28.6
2972.1 60.4 -59 -2.2 -11.5 28.3
