S16_selected_tokens_0015 analysis information:
Number of steps:
20
Cutoff frequencies were: 
5000 5158 5316 5474 5632 5789 5947 6105 6263 6421 6579 6737 6895 7053 7211 7368 7526 7684 7842 8000
Number of coefficients for prediction: 
5
Number of formants: 
3
Winner is:
5789 5789 5789
Errors (total,f1,f2,f3): 
54.6 97.2 357.5 356.9 248 20.3 21.6 24.3 25.1 25.2 21.8 22.2 23.3 21.4 20.4 21.2 22.5 26.3 26.6 23.5
3 3.8 6 18.2 4.1 5.1 5.9 7.2 7.3 6.5 4.4 3.7 3.8 3.6 3.4 3.7 4 4.3 4.3 4.2
10.5 9.4 194.7 193.8 91.8 6.4 6.9 7.2 7.4 7.5 7.3 6.8 6.8 6.8 7.5 8.1 8.5 10.5 9.3 10
41.1 84 156.8 144.9 152.1 8.8 8.8 9.9 10.4 11.2 10.1 11.7 12.7 11 9.5 9.4 10 11.5 13 9.3
Coefficients are (row-wise by formant):
548.9 46.8 -21 6.9 3.1 4
2030.7 25.9 0.7 41.1 3.2 20.8
3014.5 34.2 -9 -9.7 -42.8 -25.7
