S16_selected_tokens_0003 analysis information:
Number of steps:
20
Cutoff frequencies were: 
5000 5158 5316 5474 5632 5789 5947 6105 6263 6421 6579 6737 6895 7053 7211 7368 7526 7684 7842 8000
Number of coefficients for prediction: 
5
Number of formants: 
3
Winner is:
7368 7368 7368
Errors (total,f1,f2,f3): 
111.3 78.5 84 302.4 253.9 221.3 24 21.6 21.6 21.8 25.3 29.6 32.5 31 21.7 17.6 17.8 19.8 26.1 43.5
3.1 3.7 5 19.2 7.1 6.6 5.6 4.9 4.7 3.8 3.2 2.7 3.9 2.9 3.2 2.8 3 3.1 3.6 4.2
61.7 40.3 48.9 132.5 81.4 99.3 4.5 4.5 4.6 4.5 4 3.9 4.7 4.7 3.5 3.5 4 4.5 5.1 6.1
46.5 34.5 30.1 150.7 165.4 115.4 13.9 12.2 12.3 13.5 18.1 23 23.9 23.4 15 11.3 10.8 12.2 17.4 33.2
Coefficients are (row-wise by formant):
577.2 109.3 -70 3.1 -8.3 -8.2
1866.5 -71.5 -31.5 -6.3 -6.1 -7.6
2990.7 -146 -106.5 -132.6 -49 -2.6
