S16_selected_tokens_0097 analysis information:
Number of steps:
20
Cutoff frequencies were: 
5000 5158 5316 5474 5632 5789 5947 6105 6263 6421 6579 6737 6895 7053 7211 7368 7526 7684 7842 8000
Number of coefficients for prediction: 
5
Number of formants: 
3
Winner is:
7526 7526 7526
Errors (total,f1,f2,f3): 
102.7 425.9 406.6 150.6 151.5 198.2 187.6 64.9 74.2 81.2 80.5 83.6 61.9 57.4 57.4 57.1 56.9 57.6 61.4 63.6
5.5 47.2 55.9 24.3 20.9 22.3 22.4 27.3 30.4 32.1 31.9 37.3 12.5 9.4 9.5 9.7 9.2 9.4 10.8 12.3
25.6 216.7 215.8 58.5 61.1 81.7 79.2 22.1 21.5 21.9 23.2 24.3 24.1 23.2 22.7 22.8 22.6 23.1 24.5 26.2
71.6 162 134.9 67.8 69.5 94.2 86 15.5 22.3 27.2 25.4 22 25.3 24.8 25.2 24.6 25.1 25.1 26.1 25.1
Coefficients are (row-wise by formant):
576.6 29 18.1 21.9 -18.3 17.7
2185.9 194.7 -88.4 -17.6 -0.4 14
3002.3 64.8 -7.4 -38.5 8.5 6.8
