S16_selected_tokens_0083 analysis information:
Number of steps:
20
Cutoff frequencies were: 
5000 5158 5316 5474 5632 5789 5947 6105 6263 6421 6579 6737 6895 7053 7211 7368 7526 7684 7842 8000
Number of coefficients for prediction: 
5
Number of formants: 
3
Winner is:
6579 6579 6579
Errors (total,f1,f2,f3): 
62.2 62.8 205.8 454.8 295.5 271.2 32.9 29.2 26.5 24.1 20.9 23.9 31.3 35.7 36 34.6 31 28.6 27.8 51.8
9.2 11.9 16.8 71.1 15.3 18.9 15.7 12.6 10.2 8 5.6 6.9 7.6 8.2 8.5 9 8.8 7.9 7.8 29.4
23.3 9.7 98.1 270.9 160.9 159.7 8.6 8.6 8.5 8.4 7.3 7.9 9.2 11 11.7 12.3 11.9 11.3 10.4 10.1
29.7 41.2 90.9 112.8 119.3 92.6 8.6 8 7.8 7.7 8 9.1 14.5 16.5 15.8 13.3 10.3 9.4 9.6 12.3
Coefficients are (row-wise by formant):
660.6 70.7 -60.2 -4.7 1.4 -1.8
2213.9 197.6 -51.3 6.3 3.1 3.9
2972.1 36.4 24.4 2.2 11.4 2.4
