S16_selected_tokens_0052 analysis information:
Number of steps:
20
Cutoff frequencies were: 
5000 5158 5316 5474 5632 5789 5947 6105 6263 6421 6579 6737 6895 7053 7211 7368 7526 7684 7842 8000
Number of coefficients for prediction: 
5
Number of formants: 
3
Winner is:
5474 5474 5474
Errors (total,f1,f2,f3): 
215.2 234.3 233.2 57.4 57.8 231.3 187.4 88.9 87.5 64 61 61.6 64.2 65 70.5 433.7 546.5 488.9 802.8 842.1
12.7 12 10.4 11.7 12.6 17.9 16.1 13.8 12.9 11.8 10.5 9.6 9.8 9.2 10 28.8 20.7 28.9 28.3 38.1
30.1 23.8 42 16.8 18 31.4 39.9 51.9 52 30.6 28 27.1 28.3 30 32.2 305.1 362 295.6 505.3 557.6
172.4 198.5 180.8 28.9 27.2 182 131.4 23.2 22.6 21.6 22.5 24.9 26.1 25.8 28.3 99.8 163.8 164.4 269.2 246.4
Coefficients are (row-wise by formant):
482.5 -13.5 -29.5 34.3 -2.8 25.6
878.2 168.2 26.1 -1.8 -5.6 38.5
2666.9 -292.4 -96 -26.1 -50.6 -7.2
