S16_selected_tokens_0055 analysis information:
Number of steps:
20
Cutoff frequencies were: 
5000 5158 5316 5474 5632 5789 5947 6105 6263 6421 6579 6737 6895 7053 7211 7368 7526 7684 7842 8000
Number of coefficients for prediction: 
5
Number of formants: 
3
Winner is:
5474 5474 5474
Errors (total,f1,f2,f3): 
262.6 38.1 37.3 34.5 34.9 37.1 37 41.6 54 50.8 55 68 67 64 69.3 93 213.9 235.1 387.2 459.9
32.2 2 2.1 1.9 2.1 2.3 2.4 2.9 3.6 3 3.1 3.1 3.5 3.8 4.1 4.6 9.2 11.2 8.9 6.6
81.2 24 23.3 22 21.9 23.1 23.7 26.3 36 32.1 29.5 34.9 38 36.9 40.3 59.7 147.2 129.7 240.2 266.2
149.2 12.1 11.9 10.6 10.9 11.7 10.9 12.4 14.4 15.7 22.4 30 25.5 23.3 24.9 28.7 57.5 94.2 138.1 187.1
Coefficients are (row-wise by formant):
510.3 11.7 2.7 -3 2.5 -0.5
1263.7 55.5 241.9 -26.5 65.1 -10.3
2777.2 -75.6 -12.2 -0.5 -8.7 32.6
