S16_selected_tokens_0067 analysis information:
Number of steps:
20
Cutoff frequencies were: 
5000 5158 5316 5474 5632 5789 5947 6105 6263 6421 6579 6737 6895 7053 7211 7368 7526 7684 7842 8000
Number of coefficients for prediction: 
5
Number of formants: 
3
Winner is:
5316 5316 5316
Errors (total,f1,f2,f3): 
211.8 41.9 41.8 45 49.7 60.1 45.2 42.7 43.5 48.5 64.6 255 274.1 140.1 182 287.8 272.3 183.4 172.5 178.3
3.8 3.3 3.5 4.3 6.1 4.2 3.2 3.2 3.4 3.6 4 4.4 4.2 4 3.9 3.6 3.3 3.5 4.3 6
133 22.3 23.2 24.4 25.7 31.2 21.3 21.4 24.3 30.1 40.2 79.1 75.8 81.7 100.4 65.6 61.2 57.4 59.6 75.1
75 16.3 15.1 16.3 17.9 24.7 20.7 18.1 15.8 14.8 20.4 171.5 194.1 54.4 77.7 218.6 207.8 122.5 108.6 97.2
Coefficients are (row-wise by formant):
358 99.6 -41.1 4.1 -7.4 -0.5
1561.6 31.6 50.2 -85.8 -48.5 -15.7
2340 -68.3 -80.2 -35.1 -17.9 -27.9
