S16_selected_tokens_0002 analysis information:
Number of steps:
20
Cutoff frequencies were: 
5000 5158 5316 5474 5632 5789 5947 6105 6263 6421 6579 6737 6895 7053 7211 7368 7526 7684 7842 8000
Number of coefficients for prediction: 
5
Number of formants: 
3
Winner is:
7368 7368 7368
Errors (total,f1,f2,f3): 
24.8 13.2 12.9 12.8 164.1 11.9 11.6 11.4 12.1 12.6 17 24 24.1 18.9 15.1 10.9 16.8 34.8 74.3 118.2
4.3 4.8 5.3 5.8 11.6 3.7 3.7 4.6 6.2 6.7 5.5 4.9 4.4 4.2 4.2 3.9 3.8 3.6 3.6 3.7
4.5 4.5 4.4 4.3 108.7 4.4 4.1 3.8 3.8 4 5.1 6 5.5 4.3 4.2 3.2 4 5.9 7.7 10
16 3.9 3.2 2.7 43.8 3.8 3.8 3 2.1 1.9 6.4 13.1 14.2 10.4 6.7 3.8 9 25.3 63 104.5
Coefficients are (row-wise by formant):
474.9 20.6 -32.6 10.8 -11.4 4.8
2092.5 129.8 -45.2 -26.5 15 -3.7
2838.4 47 9.8 -11.9 -9.4 6.6
