S16_selected_tokens_0068 analysis information:
Number of steps:
20
Cutoff frequencies were: 
5000 5158 5316 5474 5632 5789 5947 6105 6263 6421 6579 6737 6895 7053 7211 7368 7526 7684 7842 8000
Number of coefficients for prediction: 
5
Number of formants: 
3
Winner is:
5316 5316 5316
Errors (total,f1,f2,f3): 
554.8 153.9 34.7 35.6 119.8 82.1 54 36.8 36.8 38.7 46.8 59.4 70.3 80.7 86 119.8 144.6 115.8 364.9 619.1
10.2 3.9 3 3.1 3.5 4.1 4.1 3.7 3.6 3.4 3.6 3.6 3.8 3.8 4.4 5.2 7 10.4 156.3 262.5
420.2 113.3 18.9 20.2 71.1 41.9 24.3 17.2 17.2 20.3 26.5 36.1 42.1 46.3 38.5 26.7 27.3 29.6 65.6 117.1
124.4 36.7 12.8 12.3 45.2 36.1 25.6 15.9 16 15 16.7 19.7 24.4 30.6 43.1 87.9 110.3 75.8 143 239.5
Coefficients are (row-wise by formant):
284.5 2.9 -14.2 10.7 -13.7 17.2
1920.8 -74.7 55.4 -62.3 -28.3 29.2
2299.7 -200.5 115.2 -80.2 42.7 -5.3
