S16_selected_tokens_0088 analysis information:
Number of steps:
20
Cutoff frequencies were: 
5000 5158 5316 5474 5632 5789 5947 6105 6263 6421 6579 6737 6895 7053 7211 7368 7526 7684 7842 8000
Number of coefficients for prediction: 
5
Number of formants: 
3
Winner is:
7053 7053 7053
Errors (total,f1,f2,f3): 
98.2 103.2 474.5 355 199 245.6 60.4 55.6 59.3 74.3 83.3 70.7 53.5 49 51.1 53.4 53.4 55.5 52.5 63
10 9.9 31.9 31.5 12.9 26.7 28.2 22.9 25.2 30.4 31 16.1 10.6 10.8 10.9 10.7 11.4 11.8 11.8 17
44 22.1 312.3 224.9 109.3 106.3 18.4 18.3 18.3 19.4 24.2 24.9 21.4 18.8 16.3 14.8 14.1 14.2 14.4 17.1
44.2 71.2 130.3 98.6 76.8 112.6 13.8 14.4 15.8 24.5 28.1 29.7 21.5 19.4 23.9 27.9 27.9 29.5 26.3 28.9
Coefficients are (row-wise by formant):
470 -20.8 -94.7 51 44.8 -2.8
2290.3 447.3 -96.4 -68.8 -19.4 29.3
2952 102 -53.8 -31.4 -61 -14.9
