S16_selected_tokens_0035 analysis information:
Number of steps:
20
Cutoff frequencies were: 
5000 5158 5316 5474 5632 5789 5947 6105 6263 6421 6579 6737 6895 7053 7211 7368 7526 7684 7842 8000
Number of coefficients for prediction: 
5
Number of formants: 
3
Winner is:
6105 6105 6105
Errors (total,f1,f2,f3): 
179.1 153.7 233.5 234.2 242.6 237 71.6 59.5 61 63.2 67.3 168 267.2 267.9 361.9 341.1 323.7 367.9 428.1 496.6
3.2 2.7 2.7 2.2 3.3 7.5 14 5.6 6.3 6.5 5.8 69.9 126.4 128.1 167.7 168.4 169.4 173.7 200.6 142.6
116.2 73.5 179.6 176.4 170.2 172.8 35.9 36.3 37.5 38.7 43.9 50.6 61.9 56.2 85.6 63.4 55.6 83 80.5 155.4
59.7 77.5 51.2 55.6 69.1 56.7 21.7 17.6 17.2 18 17.6 47.5 78.9 83.6 108.6 109.3 98.7 111.2 147 198.6
Coefficients are (row-wise by formant):
470.4 -140.4 -14.5 10.8 -5.2 -1.8
2287.7 494.5 -221.4 -15 -37.6 10.5
3075.8 29.9 66.1 -50.9 38.1 12
