S16_selected_tokens_0018 analysis information:
Number of steps:
20
Cutoff frequencies were: 
5000 5158 5316 5474 5632 5789 5947 6105 6263 6421 6579 6737 6895 7053 7211 7368 7526 7684 7842 8000
Number of coefficients for prediction: 
5
Number of formants: 
3
Winner is:
6421 6421 6421
Errors (total,f1,f2,f3): 
40 156.8 382 625.2 8 8.8 6.8 7.9 7.3 6 8 7.3 8 10.4 8.8 11.7 8.7 12 11.9 17
6 7.3 34.1 44 5.1 5.2 3.8 4.5 4 2.7 4.1 3.9 4.1 4.9 4.3 5 4.4 5.1 4.4 5.1
26.9 66.7 223.8 370.2 1 1.3 1.4 1.6 1.6 1.4 1.5 1.2 1 1.3 1.3 2.5 2 2.9 2.5 2.6
7.1 82.8 124.1 211 1.9 2.3 1.6 1.8 1.7 1.9 2.4 2.2 2.9 4.2 3.2 4.2 2.3 4 5 9.3
Coefficients are (row-wise by formant):
534.9 15.7 -21.1 9.6 -7.7 1.5
2041.9 -2.5 -3.7 -1.3 -0.7 2.4
2911.8 -30.1 -10.8 9.9 -12.2 0.5
