S16_selected_tokens_0098 analysis information:
Number of steps:
20
Cutoff frequencies were: 
5000 5158 5316 5474 5632 5789 5947 6105 6263 6421 6579 6737 6895 7053 7211 7368 7526 7684 7842 8000
Number of coefficients for prediction: 
5
Number of formants: 
3
Winner is:
6263 6263 6263
Errors (total,f1,f2,f3): 
116.3 407.8 420.8 276.4 148.9 48.2 46.6 48.2 44.9 90.7 131.3 106.3 71.6 63.8 60.2 60.2 62.7 66.1 66.5 70.3
8.8 21.1 34.7 25.2 16.5 10.3 10.2 9.8 14.2 17.9 17.7 16.2 15.4 15.8 16 16.2 15.8 16.4 16.6 18.5
51.6 193.6 225.5 139.1 64.3 15.3 15.2 14.4 15.1 19.7 26 14.3 14.6 14.8 14.6 14 12.9 12.6 12.3 12.6
55.9 193.1 160.6 112.1 68.1 22.6 21.2 24 15.6 53.1 87.6 75.8 41.6 33.2 29.6 30 34 37.1 37.6 39.2
Coefficients are (row-wise by formant):
508.9 -105 -47.3 -13.4 68.4 -23
2371.3 347.2 -30.3 -44.1 -7.1 18.7
3122.3 232.1 74 -65.8 -33.1 -31.2
