S16_selected_tokens_0071 analysis information:
Number of steps:
20
Cutoff frequencies were: 
5000 5158 5316 5474 5632 5789 5947 6105 6263 6421 6579 6737 6895 7053 7211 7368 7526 7684 7842 8000
Number of coefficients for prediction: 
5
Number of formants: 
3
Winner is:
5000 5000 5000
Errors (total,f1,f2,f3): 
24.4 24.5 30.6 30.4 29.7 31.4 31 32.4 73.4 75.3 70.4 95.8 104.9 95.4 60 70.3 139.5 233.6 303.4 292.1
1.1 1.4 1.7 1.8 1.6 2.8 3.6 3.8 4.2 3.2 3.2 2.9 2.7 2.1 1.7 2.3 2.1 2.4 2.8 3.7
15.2 16.5 19.9 18.3 18.1 19.5 19.1 19.6 49.1 49.1 44.5 66.2 73.9 61.6 33.7 40.9 58.5 94.5 102.9 96.8
8.1 6.6 9 10.3 10 9.1 8.3 9 20.1 23 22.7 26.7 28.3 31.7 24.6 27.1 78.9 136.7 197.7 191.6
Coefficients are (row-wise by formant):
456.5 6.1 1.5 -1.9 -2.5 1.8
1677.5 -23.1 28.9 -34.9 15.7 -18.4
2380.1 -137.8 -13.9 -62 -16.7 -5.7
