S16_selected_tokens_0064 analysis information:
Number of steps:
20
Cutoff frequencies were: 
5000 5158 5316 5474 5632 5789 5947 6105 6263 6421 6579 6737 6895 7053 7211 7368 7526 7684 7842 8000
Number of coefficients for prediction: 
5
Number of formants: 
3
Winner is:
5474 5474 5474
Errors (total,f1,f2,f3): 
103.4 47.4 39.5 34.9 37 46.1 219.7 238.1 261.7 416.5 277.1 206.5 116.3 113.9 155.6 280.1 269.2 309.3 330.5 369.1
8.8 3 2.6 3 2.8 3.1 7.4 7.3 2.8 2.4 3 3.1 3.6 3.3 3.3 2.8 2.3 2.3 2 1.9
67.6 25 20.6 15.1 17 21.4 165.2 170.1 160.6 249 130.1 81.9 27.9 25 48.9 101.3 94.9 89.7 92.5 88.8
27 19.4 16.3 16.8 17.2 21.6 47.1 60.7 98.3 165.1 144 121.5 84.8 85.6 103.4 176 172 217.3 236 278.4
Coefficients are (row-wise by formant):
354.5 -26.1 -8.4 -11.7 -4.8 0.2
2073 -230.9 84.5 -41.5 -6 -7
2551.7 -157.3 -2.8 -78.9 -11.7 -2.4
