S16_selected_tokens_0044 analysis information:
Number of steps:
20
Cutoff frequencies were: 
5000 5158 5316 5474 5632 5789 5947 6105 6263 6421 6579 6737 6895 7053 7211 7368 7526 7684 7842 8000
Number of coefficients for prediction: 
5
Number of formants: 
3
Winner is:
5474 5474 5474
Errors (total,f1,f2,f3): 
169.4 129.3 81.3 56.4 57.2 62 89.8 164.8 133.5 100.7 99.4 109.1 117.8 122.8 425.2 296.8 548.7 702.7 386 542.5
5.3 4.8 5.2 5 6.2 7.2 11 12 6.5 7.5 6.6 10.8 12.4 13.4 20.8 19.1 29.7 41.9 9.5 20.3
27.5 25.8 24.6 24.3 24.6 31.1 56.5 72.4 63.1 65.2 66.7 68.3 71.2 74.9 287.1 223.9 402 487.6 257.9 354
136.6 98.7 51.5 27.1 26.4 23.7 22.3 80.4 63.9 28 26.1 30 34.2 34.5 117.3 53.8 117 173.2 118.6 168.2
Coefficients are (row-wise by formant):
521.5 -8.7 -3.6 -2.9 3.2 2.6
1015.5 -0.4 140 -125.4 89.6 -19.8
2860.3 -59.8 -149.8 44.4 -75.9 14
