S16_selected_tokens_0069 analysis information:
Number of steps:
20
Cutoff frequencies were: 
5000 5158 5316 5474 5632 5789 5947 6105 6263 6421 6579 6737 6895 7053 7211 7368 7526 7684 7842 8000
Number of coefficients for prediction: 
5
Number of formants: 
3
Winner is:
5632 5632 5632
Errors (total,f1,f2,f3): 
10245.7 376.5 49.5 46.4 45.7 56.4 63.7 64.9 73.5 99 107.7 211 193.5 208.8 296.3 112.3 124.2 408 910.7 544.5
20.9 29.4 1.5 1.9 2.9 4.3 3.9 4.2 5.3 6.1 6.4 6 4.8 4.2 3.7 2.3 2.6 3.3 19.2 6.3
112.2 181.5 30.5 33.7 32.8 41.1 44.6 41.2 42.9 61.2 66.8 103.1 75.5 74.6 108.4 54.4 67.9 111 228.7 145.8
10112.6 165.6 17.5 10.8 10 11 15.2 19.5 25.3 31.7 34.5 101.9 113.2 130 184.2 55.6 53.7 293.7 662.8 392.4
Coefficients are (row-wise by formant):
438.4 3.3 12.1 -6 -1.1 3.5
1423 -128.5 152.2 -71 47.4 -45.4
2324.9 -192.1 4 -53.6 43.4 11.2
