S16_selected_tokens_0093 analysis information:
Number of steps:
20
Cutoff frequencies were: 
5000 5158 5316 5474 5632 5789 5947 6105 6263 6421 6579 6737 6895 7053 7211 7368 7526 7684 7842 8000
Number of coefficients for prediction: 
5
Number of formants: 
3
Winner is:
7053 7053 7053
Errors (total,f1,f2,f3): 
40 48.7 275 64.9 116.7 97 73.8 120.9 33.6 24.8 24.3 22.6 20.5 19.9 21.3 24.1 27 32 38.5 45.6
4.1 4.5 21 3.4 7.1 3.2 4.1 5.4 7.1 8 7.3 6.3 4.5 4.2 3.9 4 4.3 4.7 5.3 5.5
10.2 11.6 145.1 53.4 82.5 27.9 21.5 50.7 7.3 6.5 6.9 6 6.2 5.6 7 7.9 8.2 10.3 11.9 14.2
25.7 32.6 108.9 8.1 27.1 65.9 48.2 64.8 19.2 10.3 10.1 10.3 9.8 10.1 10.4 12.2 14.5 17 21.3 25.9
Coefficients are (row-wise by formant):
689 -13.6 -10.6 -7 -1.4 -6.2
2178.9 23 -21.5 -8.7 -10.7 10
2966.4 -63.1 -6.7 -2 -11 8.4
