S16_selected_tokens_0048 analysis information:
Number of steps:
20
Cutoff frequencies were: 
5000 5158 5316 5474 5632 5789 5947 6105 6263 6421 6579 6737 6895 7053 7211 7368 7526 7684 7842 8000
Number of coefficients for prediction: 
5
Number of formants: 
3
Winner is:
6105 6105 6105
Errors (total,f1,f2,f3): 
10255.3 10231.7 10317 313.5 339.5 388.4 106.7 97.5 124.9 174.6 149 152.4 152.6 185.9 395.9 741.7 821.7 1083.1 855.1 931.9
23.1 20.7 21.4 22.5 24.7 24.7 25.6 23.5 33 27.8 11.9 12.1 13.3 18.6 36.2 59.6 65.9 72 48 46.3
58.8 56.1 57 57.6 63 47.5 34.6 27.4 44 81.2 65.1 58.9 56.2 67 250.9 552.5 616.6 772.7 644 668
10173.4 10154.9 10238.6 233.4 251.8 316.2 46.5 46.6 47.9 65.6 72 81.4 83.1 100.3 108.8 129.6 139.2 238.4 163.1 217.6
Coefficients are (row-wise by formant):
410.3 26.5 114 -34.5 -36 -7.2
673 -249.6 198.7 -149.8 63.4 -62.8
2886.7 139.8 -30.7 28.1 -158.1 64.3
