S16_selected_tokens_0118 analysis information:
Number of steps:
20
Cutoff frequencies were: 
5000 5158 5316 5474 5632 5789 5947 6105 6263 6421 6579 6737 6895 7053 7211 7368 7526 7684 7842 8000
Number of coefficients for prediction: 
5
Number of formants: 
3
Winner is:
6263 6263 6263
Errors (total,f1,f2,f3): 
10397.5 10454 10517.4 513 56.9 452.3 168.9 43.6 34.5 35.3 40.4 52.5 66.6 111.6 101.2 96.6 104.5 115.3 128.7 154.1
138.3 117.7 93.4 91.6 11.2 122 55.2 10.8 9.9 9.7 10.2 12.6 14.9 18.3 21 20.4 24.7 28.7 31.4 41.2
140.4 165.5 189.3 184.4 28 158.6 63.8 21.1 14.1 12.8 15.1 23.8 34.5 76.5 64.4 58.3 58.9 64.6 78.5 94.5
10118.8 10170.8 10234.7 237 17.7 171.7 49.9 11.7 10.5 12.8 15.1 16.1 17.2 16.8 15.8 17.9 20.9 22 18.8 18.4
Coefficients are (row-wise by formant):
949.6 54.3 -27.6 28.1 -20.1 17.9
1800.3 34.5 55.7 34.3 -6.4 0.2
2861.3 -54.3 -1.1 -3.9 -3.3 1.1
