S16_selected_tokens_0046 analysis information:
Number of steps:
20
Cutoff frequencies were: 
5000 5158 5316 5474 5632 5789 5947 6105 6263 6421 6579 6737 6895 7053 7211 7368 7526 7684 7842 8000
Number of coefficients for prediction: 
5
Number of formants: 
3
Winner is:
5474 5474 5474
Errors (total,f1,f2,f3): 
481 40.9 40.2 37.4 43 77 95.9 93.7 78.8 81.6 83 81.3 94.6 340.8 580 296.4 347.1 424.2 693.6 762.6
40.9 6.4 7.3 6.1 7.3 11.9 14.4 16.2 13.4 13.2 13.2 14.7 13.4 34 22 20.3 18.6 19.1 28.1 31.3
84.5 24.7 20.3 18.9 25.3 52.1 57.5 42.8 38.2 38 39.3 43.1 46.1 224 407.8 191.8 233.8 283 408.5 500.6
355.6 9.8 12.6 12.4 10.4 13 24 34.7 27.2 30.4 30.5 23.5 35.1 82.8 150.2 84.3 94.7 122.1 257 230.7
Coefficients are (row-wise by formant):
525.2 15.8 -6.8 4.8 -13 1.3
982.9 -253.7 176.7 -76.4 -1.4 19.6
3054.7 86.4 -101.1 14.9 19.7 10.7
