S16_selected_tokens_0094 analysis information:
Number of steps:
20
Cutoff frequencies were: 
5000 5158 5316 5474 5632 5789 5947 6105 6263 6421 6579 6737 6895 7053 7211 7368 7526 7684 7842 8000
Number of coefficients for prediction: 
5
Number of formants: 
3
Winner is:
6579 6579 6579
Errors (total,f1,f2,f3): 
465 522.7 433.2 563.5 110.4 146.4 146.7 33.1 30.9 29.8 29.1 29.8 34.3 39.2 36.3 36.6 31.6 34.4 37.2 41.9
8.8 25.2 9.4 19.4 5.3 9 8.1 8 6.3 6.9 5.4 5.7 4.9 5.2 5.2 5.7 5.8 5.5 5.3 5
267.8 317.9 268.6 355.8 35 62.2 52.3 10.1 10 10.6 11.2 11.4 12 12.4 12.5 13.7 14.4 14.6 13.2 13.1
188.4 179.6 155.2 188.3 70.1 75.2 86.3 15 14.6 12.3 12.5 12.7 17.4 21.6 18.6 17.2 11.4 14.3 18.7 23.8
Coefficients are (row-wise by formant):
619.1 -142.6 -36.1 -31.7 1.7 3.9
2336.5 332.1 -38.7 -43.4 10.2 12.2
3093.1 148.2 1 -49.6 -17.4 4.9
