S16_selected_tokens_0008 analysis information:
Number of steps:
20
Cutoff frequencies were: 
5000 5158 5316 5474 5632 5789 5947 6105 6263 6421 6579 6737 6895 7053 7211 7368 7526 7684 7842 8000
Number of coefficients for prediction: 
5
Number of formants: 
3
Winner is:
5316 5316 5316
Errors (total,f1,f2,f3): 
204.6 89.1 19.5 21 21.7 24.9 26.3 28.3 31.5 32.7 32.5 26.4 29.4 38.5 29.9 38.5 47 55.1 60.2 111.1
20.1 4.9 4.7 5.3 5.4 5 4.2 4.4 5.6 6 5.8 5.2 5 6.1 5.5 5.9 6.1 6.8 6.7 6.6
123.5 11 11.6 13 12.5 13.8 14.6 15.2 15.9 16.3 16.3 14.3 15.2 14.6 12.1 14.8 17.7 19.4 23 34.2
61 73.2 3.2 2.7 3.8 6.1 7.5 8.7 10 10.4 10.4 6.9 9.2 17.8 12.3 17.8 23.2 28.9 30.5 70.3
Coefficients are (row-wise by formant):
553 15.1 -9.1 1.9 -10 0.5
1825.5 -77.1 -35.7 -19.7 -27.6 -25.2
2960.1 -60.3 1.7 3.7 2.8 -1.6
