S16_selected_tokens_0004 analysis information:
Number of steps:
20
Cutoff frequencies were: 
5000 5158 5316 5474 5632 5789 5947 6105 6263 6421 6579 6737 6895 7053 7211 7368 7526 7684 7842 8000
Number of coefficients for prediction: 
5
Number of formants: 
3
Winner is:
6263 6263 6263
Errors (total,f1,f2,f3): 
330.9 443.7 189.1 220.4 158.3 232.6 25.6 23.7 23.3 24.1 29.3 29.5 28.8 27.9 26.1 27.7 29.3 25.5 26.7 46.1
17.6 13.7 8.2 7.4 6.9 6.8 7.3 8.6 7.9 8.6 8.4 7.9 7.7 7.5 7.3 7.4 7.4 7.4 7.5 7.6
171.3 215.3 95.4 112.4 72.6 104.8 6.9 6.7 7 6.7 7.8 7.8 8 8.4 8.7 7.8 8.3 8.4 9.2 9
142 214.7 85.5 100.6 78.8 121 11.4 8.4 8.4 8.8 13.1 13.8 13.1 12 10.1 12.5 13.6 9.7 10 29.5
Coefficients are (row-wise by formant):
540.3 64.6 -40.3 10.8 3.3 -9.9
1944.8 -62.3 -84.7 -16.2 -25.9 3.3
2802.4 -347.9 -96.7 -25.5 -15 16.3
