S16_selected_tokens_0014 analysis information:
Number of steps:
20
Cutoff frequencies were: 
5000 5158 5316 5474 5632 5789 5947 6105 6263 6421 6579 6737 6895 7053 7211 7368 7526 7684 7842 8000
Number of coefficients for prediction: 
5
Number of formants: 
3
Winner is:
6263 6263 6263
Errors (total,f1,f2,f3): 
22.5 19.3 19.8 20.9 19.9 18.2 18.4 18 17.9 19.5 26.9 33.8 34.9 30.5 28.9 25.5 22.8 18.5 20.9 28.9
7.7 7.4 7 7 7.2 6.6 7 6.7 6.9 5.8 6.5 6.4 6.4 6.3 6.3 5.7 5.7 5.6 5.6 5.5
2.3 1.8 2.5 2.8 2.7 2.3 2 1.5 1.6 1.7 5.1 5.6 6.5 6.3 6.4 6 5.5 5.6 6.1 8.3
12.5 10.1 10.3 11.1 10 9.3 9.4 9.8 9.4 12 15.3 21.8 22 17.9 16.2 13.8 11.6 7.3 9.2 15.1
Coefficients are (row-wise by formant):
477.5 34.5 -36.9 10 -16.4 5.3
2247.1 -75.3 -13.3 -8.7 -11.6 -4.7
2927.8 -124.4 -23.4 -3.7 -1.7 3.5
