S16_selected_tokens_0119 analysis information:
Number of steps:
20
Cutoff frequencies were: 
5000 5158 5316 5474 5632 5789 5947 6105 6263 6421 6579 6737 6895 7053 7211 7368 7526 7684 7842 8000
Number of coefficients for prediction: 
5
Number of formants: 
3
Winner is:
7053 7053 7053
Errors (total,f1,f2,f3): 
10180.3 10244.3 10389 207.7 405.5 308.6 323.3 274.4 248.1 320.1 244.7 114.8 50.4 36.2 36.3 39.5 40.3 42.7 43.3 42.2
30.5 43.1 102 13.9 28.4 18.1 28.7 36.1 25.8 39.3 28.5 19.3 18.4 18.3 17.6 17.1 16.1 15.4 14.7 14.2
86.7 126.7 174.7 72.6 175.7 153.7 140.6 123.7 147.9 143.3 101.9 20.6 10.3 8.6 9.1 11.6 13.1 16.4 18.1 18.3
10063.1 10074.5 10112.3 121.2 201.4 136.8 154 114.6 74.4 137.5 114.3 74.9 21.7 9.3 9.6 10.8 11.1 10.9 10.5 9.7
Coefficients are (row-wise by formant):
946.4 91.5 -93.2 10.9 -19 12.8
1952.6 150.6 -26.4 55.1 2.5 13.2
2874.9 51.2 -21.5 39.2 -3.4 9.6
