S16_selected_tokens_0117 analysis information:
Number of steps:
20
Cutoff frequencies were: 
5000 5158 5316 5474 5632 5789 5947 6105 6263 6421 6579 6737 6895 7053 7211 7368 7526 7684 7842 8000
Number of coefficients for prediction: 
5
Number of formants: 
3
Winner is:
7053 7053 7053
Errors (total,f1,f2,f3): 
10269 217.1 272 404.4 353.5 351.4 357.9 449.9 407 413.7 256.4 323 297 52 58.4 75.6 82.7 94.8 101.8 92.9
85.1 69.3 85.3 99.9 51.9 68.6 58.6 60.3 67.1 76.5 34.7 49.9 29.8 20.3 24.3 29.6 35 39.1 37.9 32.1
80.7 71.7 111.1 172.5 155.8 152.4 162.1 208.2 146.2 152.4 90.9 131.7 126.9 10.7 11.8 15 18 24.4 30.6 28.3
10103.2 76.1 75.6 132 145.8 130.4 137.2 181.4 193.7 184.8 130.8 141.4 140.3 21 22.3 31 29.7 31.3 33.3 32.5
Coefficients are (row-wise by formant):
952.9 31.8 -73.5 4.1 -24.5 10.4
1950 165.6 -3.7 61.4 32.1 -8.2
2932.6 28.3 8.4 35.8 19.2 5
