S16_selected_tokens_0043 analysis information:
Number of steps:
20
Cutoff frequencies were: 
5000 5158 5316 5474 5632 5789 5947 6105 6263 6421 6579 6737 6895 7053 7211 7368 7526 7684 7842 8000
Number of coefficients for prediction: 
5
Number of formants: 
3
Winner is:
5632 5632 5632
Errors (total,f1,f2,f3): 
360.1 348.3 47.4 42.5 40.9 41 41.6 42.8 46 65.4 82.8 74.9 74.3 80.4 229.5 461.3 624.3 365.4 328.3 550.4
43.1 38.1 3 2.6 2.4 2.5 2.7 2.9 3.2 3.6 5.5 5.7 4.3 3.7 10.9 19.3 19.1 13.8 16.5 20.9
97.4 113.2 33.6 29.2 27.8 27.5 28 27.9 28.8 46.8 62.3 53.7 54.4 63 152.8 263 320.5 197.5 179.9 288.5
219.6 197 10.8 10.7 10.7 11 10.9 12 14 15 15 15.5 15.6 13.7 65.8 179 284.7 154.1 131.9 241
Coefficients are (row-wise by formant):
519.2 -5.4 -3.8 -0.4 7.7 4
1359.8 -66.3 211.2 -83.6 79.9 12.5
2700.6 -49.4 -34.9 -19.5 -21.9 -3.7
