S16_selected_tokens_0054 analysis information:
Number of steps:
20
Cutoff frequencies were: 
5000 5158 5316 5474 5632 5789 5947 6105 6263 6421 6579 6737 6895 7053 7211 7368 7526 7684 7842 8000
Number of coefficients for prediction: 
5
Number of formants: 
3
Winner is:
6105 6105 6105
Errors (total,f1,f2,f3): 
411.1 276.1 237.5 137.8 160.2 136.4 160 113.4 138.7 164.5 179.3 202.9 201.3 427.6 412 423.7 1018.4 995.2 883.1 903.7
21.2 23.5 24.3 15.3 16.3 21.1 26.6 16.2 16 15.4 13.4 13.8 17.2 32.5 19.9 38.8 57.3 53.4 30 30.4
54.8 73.3 78.6 75 89.8 73.5 70.2 52.7 63 79.4 66.8 77.4 75 236.5 234.2 221 647.9 613.4 568 583.5
335.1 179.3 134.6 47.5 54.1 41.8 63.2 44.5 59.7 69.7 99.1 111.7 109.1 158.6 157.9 163.9 313.2 328.4 285.1 289.8
Coefficients are (row-wise by formant):
432.8 57.1 6.2 75.9 -70.9 -4.4
806.7 -412.5 295.2 -100.6 31.3 38.1
2953.5 323.2 -361.6 149.6 -121.2 18
