S18_selected_tokens_0008 analysis information:
Number of steps:
20
Cutoff frequencies were: 
5000 5158 5316 5474 5632 5789 5947 6105 6263 6421 6579 6737 6895 7053 7211 7368 7526 7684 7842 8000
Number of coefficients for prediction: 
5
Number of formants: 
3
Winner is:
6105 6105 6105
Errors (total,f1,f2,f3): 
28.3 23.9 22.2 89.5 37.1 32.8 23.2 19.8 22.8 23.4 25.2 27.3 30.7 33 31.9 34.7 558.6 365 187.7 134.1
5.3 4.9 7.1 5.3 5.4 5 4.5 4.3 4.9 4.8 4.2 4.4 5.6 6.9 7 9 241.9 41 58.2 36.5
12.8 11.7 11.5 12.9 12.6 13 12.3 11.4 11.4 11.1 10.8 11.2 11.1 11.7 13.3 16 207.6 183.2 81.9 65.7
10.2 7.3 3.6 71.3 19.1 14.8 6.4 4.1 6.5 7.5 10.2 11.7 14 14.4 11.6 9.7 109.1 140.8 47.6 31.9
Coefficients are (row-wise by formant):
502.7 -29.8 -23.1 -6.9 -10.5 -3.5
1938.3 -194.5 -115.2 -25.7 -19.4 -5.8
3080.4 -10.8 -26.9 2.4 -4.8 6.2
