S18_selected_tokens_0063 analysis information:
Number of steps:
20
Cutoff frequencies were: 
5000 5158 5316 5474 5632 5789 5947 6105 6263 6421 6579 6737 6895 7053 7211 7368 7526 7684 7842 8000
Number of coefficients for prediction: 
5
Number of formants: 
3
Winner is:
6263 6263 6263
Errors (total,f1,f2,f3): 
51 51.4 52 52.3 51.4 51.4 53.7 49.1 48 168.2 399 785.9 764.4 518.3 226.7 161.9 141.2 152.3 152 158.6
3.7 3.7 3.7 3.7 4 4.4 5.6 7.3 10.1 31.2 48.6 66.4 99.1 65.9 72.8 89.3 66.9 67.9 69.8 76.4
19.4 19.6 21 20.1 20.9 21.6 23.3 25.2 29.7 94.3 256.5 425.3 399.8 252.2 72 26.9 23.7 31.4 28.7 26.4
27.9 28.1 27.3 28.5 26.5 25.4 24.8 16.6 8.2 42.7 93.9 294.2 265.5 200.2 81.9 45.7 50.6 53 53.5 55.8
Coefficients are (row-wise by formant):
386.8 10 -35.9 -2.2 -6.8 -0.2
1210.1 -200.4 111 -52.2 79.1 -80.5
2640.4 -2.5 12.3 -2.5 -7.3 -3
