S18_selected_tokens_0088 analysis information:
Number of steps:
20
Cutoff frequencies were: 
5000 5158 5316 5474 5632 5789 5947 6105 6263 6421 6579 6737 6895 7053 7211 7368 7526 7684 7842 8000
Number of coefficients for prediction: 
5
Number of formants: 
3
Winner is:
7211 7211 7211
Errors (total,f1,f2,f3): 
285.3 73.9 60.8 54.9 53.7 55 102.6 115.9 86.3 46.1 45.2 44.3 43.7 41 38.2 40.8 43.1 49 58.1 68.2
39.1 10.4 9.5 9.8 11.9 11.6 10 9.5 7.9 7.1 7.3 6.3 5.2 4.7 4.4 4.4 4.4 5.2 8.2 23
194.9 18.5 17.4 17 17.6 17.8 17.6 20.6 16.6 15.4 15.6 15.7 15.6 14.8 13.5 14.4 15.3 15.9 16.6 15.5
51.3 45 33.9 28.1 24.2 25.6 75 85.8 61.8 23.6 22.3 22.3 22.9 21.5 20.3 22 23.4 27.9 33.3 29.7
Coefficients are (row-wise by formant):
607.4 -148.8 18.4 19.7 -11.8 -2.7
2506.7 383.8 -216.7 -20.2 0.6 7.7
3196.4 130.8 -68.2 -17.1 -32.4 37.9
