S18_selected_tokens_0051 analysis information:
Number of steps:
20
Cutoff frequencies were: 
5000 5158 5316 5474 5632 5789 5947 6105 6263 6421 6579 6737 6895 7053 7211 7368 7526 7684 7842 8000
Number of coefficients for prediction: 
5
Number of formants: 
3
Winner is:
5947 5947 5947
Errors (total,f1,f2,f3): 
23.7 23.6 23.6 22.1 22.5 21.3 21.2 22.7 26.1 32.4 41.5 48.9 52.7 52.5 55.6 74.1 315.2 407.3 265.8 283.6
7.3 7.6 7.7 6.7 7.2 7.3 7.4 7.8 8.3 9.3 10.7 11.7 12.4 12.5 14.3 21.3 60.1 60.9 126.2 137.8
8.3 8.1 7.7 7.8 7.6 7.2 7 6.9 7.5 9.7 13.5 16.5 18.3 19.5 21.6 28.3 135.4 188.8 29.1 35.9
8.1 7.9 8.2 7.6 7.7 6.8 6.8 8 10.3 13.4 17.3 20.7 22 20.5 19.7 24.5 119.7 157.6 110.5 109.9
Coefficients are (row-wise by formant):
550.5 64.7 -38.8 1.3 -22.8 5.7
1520.7 268.7 -69.6 5.5 -14.5 0.7
2520.3 -69.4 -41.9 -40.7 -40.6 -21.3
