S18_selected_tokens_0057 analysis information:
Number of steps:
20
Cutoff frequencies were: 
5000 5158 5316 5474 5632 5789 5947 6105 6263 6421 6579 6737 6895 7053 7211 7368 7526 7684 7842 8000
Number of coefficients for prediction: 
5
Number of formants: 
3
Winner is:
5632 5632 5632
Errors (total,f1,f2,f3): 
39.3 38.8 40.5 40.3 38 39 43.2 45.5 43.2 42 57.3 699.5 437.7 477.1 626.6 467.6 388.5 437.1 377.1 467.1
5 5 5.9 3.8 2.9 3.3 5.7 8.5 10 13.2 25.1 178.8 125.8 115.3 115.4 108.4 101.5 121.2 106.7 138.8
19.6 20.7 20.7 21.7 22.6 22.9 20.4 18.3 16.6 16 19.3 266.6 175.3 211.9 237 178.2 129.5 139.4 115.1 127
14.7 13.1 13.9 14.8 12.5 12.8 17.1 18.7 16.6 12.8 12.9 254.1 136.6 149.9 274.2 181 157.5 176.5 155.3 201.3
Coefficients are (row-wise by formant):
535.4 120.5 25.1 12.6 2.5 0.6
1469.8 34.4 119.4 -50.1 54 -23.6
2567.2 105.6 42 41.4 12.1 11.6
