S18_selected_tokens_0018 analysis information:
Number of steps:
20
Cutoff frequencies were: 
5000 5158 5316 5474 5632 5789 5947 6105 6263 6421 6579 6737 6895 7053 7211 7368 7526 7684 7842 8000
Number of coefficients for prediction: 
5
Number of formants: 
3
Winner is:
7368 7368 7368
Errors (total,f1,f2,f3): 
243.4 31.3 25 22.3 228.5 127 105.7 72.6 51.9 23.8 30.4 35.4 37.5 34.3 26.3 17.5 20.6 73.5 657 332.5
2.8 2.5 2.4 4.4 6.8 6 3.2 1.7 1.6 2.6 4.6 4.4 4.3 4.2 3.9 4.3 7.9 38.3 291.3 158.8
78.6 2.5 2.2 3.5 111 45.9 13.7 4.9 5.1 4.2 4.5 2.8 3.2 4.7 7.2 4.8 5.9 8.4 161.6 85
162 26.3 20.4 14.4 110.7 75.1 88.8 66 45.2 17 21.3 28.2 30 25.4 15.2 8.4 6.8 26.8 204.1 88.7
Coefficients are (row-wise by formant):
556.9 -34.1 -55 5.1 -17.2 10.2
2087 -40.6 -47.9 -5.6 -19.8 -4.7
3108.5 -84 -22.4 -12.6 -38.4 10.2
