S18_selected_tokens_0032 analysis information:
Number of steps:
20
Cutoff frequencies were: 
5000 5158 5316 5474 5632 5789 5947 6105 6263 6421 6579 6737 6895 7053 7211 7368 7526 7684 7842 8000
Number of coefficients for prediction: 
5
Number of formants: 
3
Winner is:
6579 6579 6579
Errors (total,f1,f2,f3): 
116.1 74.6 32.8 42.2 32.3 22.3 19.5 21.2 22.3 20.3 18.8 21.5 238.7 254.3 267.9 269.5 176.6 94.4 286.7 296.4
2.5 2.4 2 1.9 2 2.1 2.1 2.3 2.4 2.2 2.2 2.9 64.1 69.7 81 92.9 63.3 55.3 62.5 87.2
16.5 16.5 15.1 14.3 13.4 13.3 12.8 13.7 14.4 13.4 12.3 13.4 82.5 85.6 92.2 41.7 23.7 26.8 154.6 141.6
97.1 55.7 15.7 26 16.9 6.9 4.6 5.2 5.5 4.7 4.3 5.2 92.1 99 94.7 134.9 89.6 12.3 69.6 67.6
Coefficients are (row-wise by formant):
785.4 313.2 151.5 53.5 -77.5 -79.4
2032 545.1 -85.1 2.2 -56.7 22.4
3562.2 244.4 -32 -52.6 10.3 12.6
