S18_selected_tokens_0074 analysis information:
Number of steps:
20
Cutoff frequencies were: 
5000 5158 5316 5474 5632 5789 5947 6105 6263 6421 6579 6737 6895 7053 7211 7368 7526 7684 7842 8000
Number of coefficients for prediction: 
5
Number of formants: 
3
Winner is:
5474 5474 5474
Errors (total,f1,f2,f3): 
229.3 274.8 179.6 151.3 244.9 232.7 317 324.1 365.5 384.9 411.1 493.4 544.7 528.9 519.6 517.3 447 894.4 988.1 364.8
9.3 62.8 65.8 67.3 124.6 127.3 179.3 182.4 207.7 220.2 230.7 256.7 264.9 252.6 237 247 222.1 565 586.7 141.9
132.3 120 28.9 23.4 34.3 34.5 43.4 50.3 60 72.3 88.4 112.7 118.5 118.5 125.2 122.3 99.9 153.3 251.4 116.3
87.7 92 84.9 60.6 86 70.9 94.3 91.4 97.8 92.4 92 124 161.3 157.8 157.4 148 125 176.1 150 106.6
Coefficients are (row-wise by formant):
368.9 30 37.5 45.9 43.6 47.4
2445.5 319 -66 -51.6 43.6 -6.9
2919.3 377.6 74.7 -83.6 12.4 -14.5
