S18_selected_tokens_0046 analysis information:
Number of steps:
20
Cutoff frequencies were: 
5000 5158 5316 5474 5632 5789 5947 6105 6263 6421 6579 6737 6895 7053 7211 7368 7526 7684 7842 8000
Number of coefficients for prediction: 
5
Number of formants: 
3
Winner is:
5789 5789 5789
Errors (total,f1,f2,f3): 
45.3 40.6 41.6 36.8 34.1 33.4 34.9 37.9 41.8 59.8 396.8 661.9 524.9 1020.9 806.9 363.5 269.4 188.2 255.2 299
5.3 4 2.4 2 1.5 1.1 1.3 1.8 2.4 6.4 76.9 84.9 89.5 178.4 132.7 63.3 70.6 50.1 84.5 98.9
23 22.8 21.6 20.6 19.6 19.2 19.8 20.5 20.3 23.8 203 359.5 304.1 542.2 439 186 106.8 73.1 72.7 87.9
17 13.8 17.6 14.2 13 13.1 13.8 15.6 19.1 29.6 116.9 217.5 131.3 300.3 235.2 114.2 92 65 98 112.2
Coefficients are (row-wise by formant):
469.1 108.2 -4.6 -3.5 0.9 3
1157.9 -146 175.1 -94.2 51 -30.7
2794.1 6.3 -30 1.7 45 1.1
