S18_selected_tokens_0084 analysis information:
Number of steps:
20
Cutoff frequencies were: 
5000 5158 5316 5474 5632 5789 5947 6105 6263 6421 6579 6737 6895 7053 7211 7368 7526 7684 7842 8000
Number of coefficients for prediction: 
5
Number of formants: 
3
Winner is:
7368 7368 7368
Errors (total,f1,f2,f3): 
310.3 262.7 105.5 79.5 99.4 142.4 141.1 85 66.9 51.4 56.7 67.6 62.1 55 46.1 44.1 54.8 64.8 69 76.8
42.6 36.2 13.1 11.2 9.3 10.4 11.9 12.2 15.3 11.9 9.3 8.9 8.8 7.7 8.4 8 6.5 7.2 7.1 8.2
182.4 143.4 8.9 8.7 15.2 43.6 47.7 8.6 10.1 11.1 11.5 11.4 15 12.8 13.6 12.8 12.3 13.7 14.4 16.6
85.3 83.1 83.5 59.6 74.9 88.4 81.5 64.2 41.5 28.4 35.9 47.3 38.3 34.5 24.1 23.3 36 43.9 47.5 52
Coefficients are (row-wise by formant):
662.1 -157.7 0 1.3 4.3 1.3
2480.7 502.8 -138.2 -10.3 6.8 21.7
3214.3 247.9 56.2 15.2 -1.2 18.8
