S18_selected_tokens_0059 analysis information:
Number of steps:
20
Cutoff frequencies were: 
5000 5158 5316 5474 5632 5789 5947 6105 6263 6421 6579 6737 6895 7053 7211 7368 7526 7684 7842 8000
Number of coefficients for prediction: 
5
Number of formants: 
3
Winner is:
5789 5789 5789
Errors (total,f1,f2,f3): 
51.8 30.5 28.7 24.5 25.2 23.7 25.9 30.9 32.9 42.8 61.7 330 622.8 511.1 546.6 546.3 547 769.2 944 193.2
6.1 5.6 5.7 5.3 5.2 5.4 5.6 5.8 5.7 7 10.5 62 121.1 107.5 98.8 111.4 103.9 173.6 273.3 82.3
15.3 15.1 14.1 13.6 13.3 13.5 14.1 15.3 16.1 18.9 27.4 157.1 288.7 232.3 261.7 253.6 254.4 317.9 338.9 56
30.4 9.8 8.9 5.6 6.7 4.8 6.2 9.8 11.1 16.9 23.8 110.9 213 171.3 186.1 181.3 188.7 277.7 331.8 54.9
Coefficients are (row-wise by formant):
512.3 83.4 -20.8 -16.1 -8.6 -9.9
1452.2 426.4 -22.6 -27 -3.8 -7.3
2578.4 63.4 24.6 47.6 8.8 17.9
