S18_selected_tokens_0026 analysis information:
Number of steps:
20
Cutoff frequencies were: 
5000 5158 5316 5474 5632 5789 5947 6105 6263 6421 6579 6737 6895 7053 7211 7368 7526 7684 7842 8000
Number of coefficients for prediction: 
5
Number of formants: 
3
Winner is:
5316 5316 5316
Errors (total,f1,f2,f3): 
199.5 49.3 35.3 36.4 38.8 54.7 61 59.1 45 48.6 45.5 46.4 183.3 390.2 402.9 403 663.9 626.6 631.8 553.2
15.2 13.2 10.5 12 14.4 15 13.7 12.6 11.5 14 10.8 12.6 76.2 166.9 167.7 166.5 223.1 214.6 222.5 192.3
70.8 11.3 11.9 12.1 12.3 13.8 14.2 12.6 11.6 11.1 11.4 10.1 46.3 95.3 100.5 101.9 249.5 224 223 192.9
113.5 24.8 12.9 12.3 12.1 25.9 33.1 33.9 21.9 23.5 23.3 23.7 60.8 128 134.7 134.6 191.3 188 186.3 168
Coefficients are (row-wise by formant):
889.9 27.7 497.1 79.5 283.8 309.5
2382.6 -96.1 655.1 -197.8 225 207.2
3540.5 -83.3 603.8 51.2 205 227.2
