S18_selected_tokens_0097 analysis information:
Number of steps:
20
Cutoff frequencies were: 
5000 5158 5316 5474 5632 5789 5947 6105 6263 6421 6579 6737 6895 7053 7211 7368 7526 7684 7842 8000
Number of coefficients for prediction: 
5
Number of formants: 
3
Winner is:
6421 6421 6421
Errors (total,f1,f2,f3): 
99.4 70.8 63.4 44.6 33.5 25.1 23.3 20.7 17.6 17.4 29 26.5 25.7 22.2 27.9 29.8 31.9 31.2 29.6 28
8.2 8.4 9 9.3 9.2 9 9 8.4 8 7.8 8.2 8.7 9.1 9.4 9.7 10.6 11.9 11.6 11.1 11
2.9 2.2 2.2 2.2 2.3 2.6 2.1 1.5 2.1 2.7 4.3 4 3.5 4 5.3 6.1 6.7 6.6 6 5.5
88.3 60.2 52.2 33.1 22 13.5 12.2 10.8 7.5 6.9 16.5 13.8 13.1 8.8 12.9 13.1 13.3 13 12.5 11.5
Coefficients are (row-wise by formant):
856.7 -44.9 -104.2 2.9 -20.6 3.5
2093.3 24.7 -4.5 -15.9 1.3 -3.1
2928.3 -160.9 57.1 -30.8 -2.1 -1.1
