S18_selected_tokens_0103 analysis information:
Number of steps:
20
Cutoff frequencies were: 
5000 5158 5316 5474 5632 5789 5947 6105 6263 6421 6579 6737 6895 7053 7211 7368 7526 7684 7842 8000
Number of coefficients for prediction: 
5
Number of formants: 
3
Winner is:
6579 6579 6579
Errors (total,f1,f2,f3): 
61.3 64.8 75.1 91 141.6 106.2 57.9 59.2 33.7 22.5 20.9 21.6 22 22.2 26 32.9 38.5 49.7 62.4 58.5
10.5 10.5 10.4 9.9 9 10.7 11.4 12.5 12.9 12.2 11.2 10.7 11.5 11.9 12.6 14.1 15.2 17.6 20.6 23.2
7.4 6 5.4 6.1 13.8 7.7 3.3 3.2 3.4 3.6 3.8 3.8 3.6 3.5 4 5 6.1 8.3 11.1 14.3
43.4 48.3 59.3 75 118.8 87.8 43.2 43.5 17.4 6.7 5.9 7.1 6.9 6.8 9.4 13.8 17.2 23.8 30.7 21
Coefficients are (row-wise by formant):
882.4 -55.2 -73.8 34.2 -27.1 3.9
2054.8 172.7 -40 -6.1 3.7 -5.1
2966.4 93 42.9 -20.1 12.4 -12.6
