S18_selected_tokens_0069 analysis information:
Number of steps:
20
Cutoff frequencies were: 
5000 5158 5316 5474 5632 5789 5947 6105 6263 6421 6579 6737 6895 7053 7211 7368 7526 7684 7842 8000
Number of coefficients for prediction: 
5
Number of formants: 
3
Winner is:
5632 5632 5632
Errors (total,f1,f2,f3): 
30.1 32.6 30.4 29.6 28.8 31.1 107.3 103.1 121.1 117.8 116.2 95.7 77.1 59.5 60.1 107.2 178.6 272.5 126.6 121.8
1 1.2 1 1.1 0.8 0.9 1.4 1.4 1.9 2.1 2.1 1.7 1.8 1.9 3.8 8.3 46.2 139.7 95.8 90.7
12 12 12.6 12.4 12.8 13.2 41.1 39.1 27 21.2 22.9 19 17.9 10.4 15.7 21 18.7 37.7 14.5 15.6
17.1 19.4 16.8 16.1 15.2 17 64.8 62.6 92.2 94.5 91.2 75 57.4 47.2 40.6 77.9 113.7 95.1 16.3 15.5
Coefficients are (row-wise by formant):
353.6 -5.7 1.8 3.8 -0.6 0.6
1564.6 7.3 -23.6 -36.4 9.8 -30.6
2303.7 -70 -45.8 -7.5 -41.7 -14.1
