S18_selected_tokens_0078 analysis information:
Number of steps:
20
Cutoff frequencies were: 
5000 5158 5316 5474 5632 5789 5947 6105 6263 6421 6579 6737 6895 7053 7211 7368 7526 7684 7842 8000
Number of coefficients for prediction: 
5
Number of formants: 
3
Winner is:
6105 6105 6105
Errors (total,f1,f2,f3): 
165.3 116.4 65.6 38.1 41.4 40.2 37.1 35.5 48.6 74.1 417.8 492.4 472.6 388.4 543.1 599.9 1001.6 376.8 341.7 223.5
2.2 1.8 1.4 1.2 0.9 0.8 0.8 1.2 2.9 8.9 201.4 241.1 249.1 247.9 313.9 311.9 516.9 121.1 128 57.4
53.4 24.6 19.7 18.8 20.7 21.9 19.6 18.8 17.4 14.8 95.7 111.7 108.6 65.5 104.2 110.4 187.8 127.9 103 85.9
109.7 90 44.5 18.1 19.8 17.5 16.7 15.5 28.3 50.4 120.7 139.6 114.9 75 125 177.6 296.9 127.8 110.7 80.2
Coefficients are (row-wise by formant):
348.8 -32.9 -5.1 -1.5 -2.4 0.2
2380.1 339.3 -37.2 -34.2 -5 13.1
2879.4 168.4 93.1 -36.2 -15.2 -25.8
