S18_selected_tokens_0094 analysis information:
Number of steps:
20
Cutoff frequencies were: 
5000 5158 5316 5474 5632 5789 5947 6105 6263 6421 6579 6737 6895 7053 7211 7368 7526 7684 7842 8000
Number of coefficients for prediction: 
5
Number of formants: 
3
Winner is:
7526 7526 7526
Errors (total,f1,f2,f3): 
330.3 41.1 34.5 35.3 25.9 32 33.9 31 49.9 34.3 25.2 25.3 29.1 28.8 25.6 24.7 24.5 25.7 28 29.9
11.9 5.7 5.4 5.3 5 4.1 3.9 3.9 4 4 3.6 3.6 3.6 3.4 3.7 4 4.2 4.3 4.3 4.4
252.7 7.2 6.8 6.2 6.9 8 9.3 10.3 11.7 10.1 9 9.6 10.3 10 9 9 9.8 11.3 13.2 14.5
65.7 28.2 22.3 23.8 14 19.9 20.7 16.8 34.2 20.2 12.6 12.1 15.2 15.4 12.9 11.7 10.5 10.1 10.5 11
Coefficients are (row-wise by formant):
560 -181.4 30.8 24.4 -8.5 -5.9
2601.4 363.4 -129.8 -36.4 -5.3 7.6
3334.5 165.2 -70.7 -63.6 -8.9 3.1
