S18_selected_tokens_0098 analysis information:
Number of steps:
20
Cutoff frequencies were: 
5000 5158 5316 5474 5632 5789 5947 6105 6263 6421 6579 6737 6895 7053 7211 7368 7526 7684 7842 8000
Number of coefficients for prediction: 
5
Number of formants: 
3
Winner is:
7053 7053 7053
Errors (total,f1,f2,f3): 
64.8 60.3 53.2 42.2 42.4 41.1 43.5 62.9 67 59.9 53.8 39.1 30.9 21.8 23.9 25.6 28.2 28.7 30.3 27.6
8.1 7.8 8.2 7.4 7.3 7 5.5 3.6 3.6 3.3 3 3.1 2.8 2.2 2.2 2.2 2.3 2.2 2.7 3.6
16.6 14.3 14.9 11.6 10.6 9.4 9.9 10.5 12.7 12.4 10.1 8.9 7.4 7.3 9.2 9.9 10.5 9.9 10 8.5
40.1 38.2 30.1 23.2 24.5 24.7 28.1 48.8 50.7 44.2 40.7 27.1 20.7 12.3 12.5 13.5 15.4 16.6 17.6 15.5
Coefficients are (row-wise by formant):
528.7 -172.7 31.4 1.8 -3 7.3
2650.4 329.4 -208.9 33.2 -13.9 -17.3
3333.7 82.4 -93.4 -43.9 -2.3 -28.2
