S18_selected_tokens_0039 analysis information:
Number of steps:
20
Cutoff frequencies were: 
5000 5158 5316 5474 5632 5789 5947 6105 6263 6421 6579 6737 6895 7053 7211 7368 7526 7684 7842 8000
Number of coefficients for prediction: 
5
Number of formants: 
3
Winner is:
5632 5632 5632
Errors (total,f1,f2,f3): 
51.1 57.6 93.4 37.9 34.4 38.6 46.2 48.3 50 51.7 54.6 58.2 63.9 70.3 85.1 552.6 811 534.6 541.7 589.5
2.7 2.2 2.1 2.1 2.4 2.6 2.7 2.5 2.1 1.9 2.1 2.4 2.8 5 11.9 248.9 390.1 263.4 274.8 276.8
25 20.9 21.2 21.1 24.4 27.8 33.3 35 36 36.2 38.1 40.8 45.8 48.2 53.7 160 172 137.2 124.3 121.6
23.4 34.5 70.1 14.7 7.6 8.2 10.2 10.8 11.9 13.6 14.4 15 15.3 17.1 19.5 143.7 248.9 134 142.6 191.1
Coefficients are (row-wise by formant):
414 -91.8 36.8 -17.7 7.1 4.2
2075.3 205.3 -355.8 -86.3 -111.9 -30.7
2841.7 -104 -48.8 -46.9 9.1 -0.9
