S18_selected_tokens_0091 analysis information:
Number of steps:
20
Cutoff frequencies were: 
5000 5158 5316 5474 5632 5789 5947 6105 6263 6421 6579 6737 6895 7053 7211 7368 7526 7684 7842 8000
Number of coefficients for prediction: 
5
Number of formants: 
3
Winner is:
6895 6895 6895
Errors (total,f1,f2,f3): 
108.1 69 39.4 32.7 67.9 87.2 46.5 57.4 50.1 64.9 56.6 24.8 24.1 27 28.5 28 29 29.5 29.9 31.1
10 9.8 9.5 9.5 9 7.9 8.3 9.5 9.5 9.2 8.6 8.5 8.3 8.1 8.7 9.1 9.9 10.5 10.8 11
7 6.7 6.3 6.4 7.9 8.2 6.3 6.1 7.1 8.4 8.4 7.7 7.1 8.1 8.1 7.8 8.1 8.1 8.2 8.7
91.1 52.5 23.6 16.8 51 71.1 31.9 41.8 33.5 47.3 39.6 8.6 8.7 10.8 11.7 11.1 11 10.9 10.9 11.4
Coefficients are (row-wise by formant):
944.5 -43.1 -137.3 -15.6 -33.5 -1.1
2016 11.6 10 17.9 7.6 0.3
3112.1 -142.3 15.9 -4.2 3.5 -8.5
