S18_selected_tokens_0113 analysis information:
Number of steps:
20
Cutoff frequencies were: 
5000 5158 5316 5474 5632 5789 5947 6105 6263 6421 6579 6737 6895 7053 7211 7368 7526 7684 7842 8000
Number of coefficients for prediction: 
5
Number of formants: 
3
Winner is:
6579 6579 6579
Errors (total,f1,f2,f3): 
119.3 96.9 50.6 28.5 56.5 48.2 43.2 40.4 24.6 20.4 15.8 16 17.8 18.6 17.9 17.3 17.2 18.1 20.6 25.3
6.2 6.1 6.4 6.8 6.3 6.3 6.7 6.2 6.3 6.6 7.1 7.3 7.6 7.6 7.4 7.2 7.1 6.9 6.7 7
31.3 5.3 5.3 5.1 6.6 5.6 5.9 6.1 6.8 5.7 4.2 4.4 4.5 4.5 3.8 3.5 3.9 4.8 5.9 8.4
81.8 85.5 38.9 16.6 43.6 36.3 30.6 28.1 11.5 8.1 4.5 4.3 5.7 6.5 6.7 6.6 6.2 6.4 8 9.9
Coefficients are (row-wise by formant):
865 -106.6 -81.6 13.5 -23.2 2.9
2001.6 217.4 16.7 -11.6 -4.5 -4.9
2871.8 72.6 60.7 -19.5 2.2 -5.2
