S18_selected_tokens_0049 analysis information:
Number of steps:
20
Cutoff frequencies were: 
5000 5158 5316 5474 5632 5789 5947 6105 6263 6421 6579 6737 6895 7053 7211 7368 7526 7684 7842 8000
Number of coefficients for prediction: 
5
Number of formants: 
3
Winner is:
5316 5316 5316
Errors (total,f1,f2,f3): 
18.2 17.4 17 17.8 22.4 24.4 22.1 18.6 23.3 29.6 44.9 424 529.4 389.4 324.5 383.6 652.3 466 478.8 64.9
4 4.2 4 4.5 6.4 7.3 8 7.2 8.4 8.7 12.9 158.5 124.7 126.9 107 117.7 155.4 134.7 153.8 20.3
7.7 7.2 7.3 7.2 7.6 7.5 6.5 5.7 6.6 8.4 17.1 157.3 200.5 125.6 105.5 129.4 246 153.1 153.6 24.8
6.5 6 5.7 6.1 8.4 9.6 7.6 5.7 8.3 12.5 14.9 108.2 204.2 136.9 112 136.5 250.9 178.2 171.4 19.8
Coefficients are (row-wise by formant):
523 93.3 -5.1 19.7 -0.8 3.6
1489.8 67.1 46.5 -34.2 23.5 -1.5
2632.8 -5.6 44.2 16 33.5 16.8
