S18_selected_tokens_0058 analysis information:
Number of steps:
20
Cutoff frequencies were: 
5000 5158 5316 5474 5632 5789 5947 6105 6263 6421 6579 6737 6895 7053 7211 7368 7526 7684 7842 8000
Number of coefficients for prediction: 
5
Number of formants: 
3
Winner is:
5316 5316 5316
Errors (total,f1,f2,f3): 
35.7 29.7 26.6 33.3 40.5 46.7 56 668.1 547.6 299.4 518.2 551.8 452 308.2 97.5 91.6 81.2 82.7 116.5 160.9
3.1 2.5 1.9 2 3.2 4 5.6 57.7 39.9 24.4 38.6 63.2 75.2 60.8 11.6 10.7 10.5 10.5 11.7 13.9
19 18.7 19.1 20.8 20.4 20.6 22.9 373.8 285.6 157.5 254.4 225.8 238.7 168.7 61.5 56.4 45.5 46.9 73.3 114.6
13.6 8.5 5.6 10.5 16.9 22.1 27.5 236.6 222.1 117.5 225.2 262.8 138.1 78.7 24.4 24.5 25.2 25.3 31.5 32.4
Coefficients are (row-wise by formant):
428.7 25.9 10.7 2.3 -2.7 -0.4
864 -121.3 121 -46.3 33.3 -18.5
2542.4 21.6 -0.5 -7 -7.5 -3.7
