S18_selected_tokens_0055 analysis information:
Number of steps:
20
Cutoff frequencies were: 
5000 5158 5316 5474 5632 5789 5947 6105 6263 6421 6579 6737 6895 7053 7211 7368 7526 7684 7842 8000
Number of coefficients for prediction: 
5
Number of formants: 
3
Winner is:
6421 6421 6421
Errors (total,f1,f2,f3): 
37.8 34.4 33.9 34 31.7 31.8 30.1 26.4 25.1 24.3 30 35.9 39.3 35 29.5 27.6 34 103.4 171.7 421.5
8.1 8.3 8.3 7.7 7.4 7.3 7 6.5 6.4 6.6 7.3 7.6 7.9 7.6 7.3 8.3 10.4 35.9 51.3 163.4
5.7 5.5 5.2 5.1 4.9 6.3 7.7 8.5 8.8 6.4 7.3 10.5 12.2 10.8 8.8 9.1 13.6 19.1 28.2 108.2
24 20.6 20.4 21.2 19.4 18.2 15.4 11.4 9.9 11.3 15.4 17.8 19.2 16.6 13.4 10.2 10 48.4 92.2 149.9
Coefficients are (row-wise by formant):
559.7 74.4 -34.3 -29.3 -12.9 -7.1
1795 108.3 -5.6 -43.7 0.1 -17
2761.6 146.6 -17.2 15.9 -10.8 7.2
