S18_selected_tokens_0075 analysis information:
Number of steps:
20
Cutoff frequencies were: 
5000 5158 5316 5474 5632 5789 5947 6105 6263 6421 6579 6737 6895 7053 7211 7368 7526 7684 7842 8000
Number of coefficients for prediction: 
5
Number of formants: 
3
Winner is:
5316 5316 5316
Errors (total,f1,f2,f3): 
26.4 22.2 18.7 19.2 22.7 19.9 22.3 27.8 124 170.2 288.9 237.6 349.1 381.2 409.9 279.2 362.3 241 241 450.5
5.4 5.5 5.1 5.1 5.3 5.3 5.4 5.5 33.6 33.1 65 44.2 89.6 100.3 107.6 42.5 49.7 68.3 120.3 216
11.7 9.4 8.1 8.5 9.6 7.8 8.4 12 35.8 58.1 107.2 75.9 85.7 99.4 116 145.1 131.6 85.8 61 142.5
9.3 7.3 5.5 5.6 7.8 6.8 8.5 10.3 54.6 79 116.7 117.5 173.8 181.5 186.3 91.6 181 86.9 59.7 92
Coefficients are (row-wise by formant):
389.4 0 -6.4 -6.4 -7.2 -3.9
1585.5 -36.8 176.3 -101.7 36.3 -28.1
2529.6 -61.8 9.1 3.9 1.6 -9.7
