S18_selected_tokens_0003 analysis information:
Number of steps:
20
Cutoff frequencies were: 
5000 5158 5316 5474 5632 5789 5947 6105 6263 6421 6579 6737 6895 7053 7211 7368 7526 7684 7842 8000
Number of coefficients for prediction: 
5
Number of formants: 
3
Winner is:
6579 6579 6579
Errors (total,f1,f2,f3): 
61.1 52.8 32 22.2 22.8 22.1 22.7 24 23.4 22.2 20.5 22 24.5 26.1 47.7 35.7 33.1 34.2 32.1 52.8
3.9 3.9 3.8 3.5 3.2 3 2.7 2.9 3 3.3 3.6 3.4 3 3.8 4.4 5.9 7.2 7.7 6.9 6
2.6 3.1 3.4 3.6 3.5 2.8 3 2.7 2.8 3.4 4.3 4.1 4 6.2 20.8 9.8 10.3 9.6 8.9 8.7
54.6 45.8 24.8 15.1 16.1 16.3 17 18.4 17.6 15.5 12.6 14.5 17.5 16.1 22.5 20 15.6 16.9 16.3 38.1
Coefficients are (row-wise by formant):
814.7 37.2 -39.8 5.7 -11.3 -1.2
1834.1 -132.2 -63.2 -7 -19.2 -5
2635.1 -472.5 -50.9 -7.5 -16.4 -16.9
