S18_selected_tokens_0111 analysis information:
Number of steps:
20
Cutoff frequencies were: 
5000 5158 5316 5474 5632 5789 5947 6105 6263 6421 6579 6737 6895 7053 7211 7368 7526 7684 7842 8000
Number of coefficients for prediction: 
5
Number of formants: 
3
Winner is:
6737 6737 6737
Errors (total,f1,f2,f3): 
92.1 83.7 61.1 52.2 43.4 63.9 70.5 49.1 49.8 40.5 31.6 26.5 27.8 31 33.2 31.6 27.8 30.4 32.8 48.5
7.3 7.7 6.6 7.1 7 6.5 8.1 7.9 8.4 6.5 6.8 6.2 7.6 7.8 8.8 8.2 6.7 5.6 4.2 5.4
11.2 10.9 6.9 6.8 6.5 6.1 17.1 12.4 10.3 7.8 6.6 5.3 7.5 11.7 14.3 13.8 12.9 11.4 9.9 11.5
73.6 65.1 47.6 38.3 29.9 51.3 45.3 28.8 31.1 26.2 18.2 15 12.7 11.5 10.1 9.6 8.2 13.4 18.7 31.6
Coefficients are (row-wise by formant):
996.2 42.3 -62.8 4.8 -12.9 -2.7
1904.3 117.2 29.7 9.6 2.3 1.8
2859.9 -17.9 89.7 15.6 20.9 21.8
