S18_selected_tokens_0021 analysis information:
Number of steps:
20
Cutoff frequencies were: 
5000 5158 5316 5474 5632 5789 5947 6105 6263 6421 6579 6737 6895 7053 7211 7368 7526 7684 7842 8000
Number of coefficients for prediction: 
5
Number of formants: 
3
Winner is:
5474 5474 5474
Errors (total,f1,f2,f3): 
52.1 39.3 41.2 37.5 38.1 39.2 144.8 147.3 145.2 243 141.5 238.8 314.9 245.3 362.5 580.9 1021 1073.4 220.3 258.1
8.3 8.1 11.1 8.6 8.6 9.5 62.9 65.6 65.7 119.1 65.9 119.8 163.6 126.1 194.5 236.1 490.9 658 34.6 32.7
18.5 13.4 12.3 10.9 10.4 10.2 26.4 27.6 27 39.9 25.6 38.4 49.3 40.1 54 174.4 248.6 200.5 109.7 139.1
25.3 17.8 17.8 18 19.1 19.5 55.5 54.1 52.5 84 50 80.6 102 79.1 114 170.4 281.5 214.9 76 86.3
Coefficients are (row-wise by formant):
423.6 -109.6 36.7 -23 -14.3 -1.5
2181.9 457.6 -254.6 27.8 -32.4 -7.6
2946.8 109.6 33.7 -93.7 -8.6 9.6
