S18_selected_tokens_0009 analysis information:
Number of steps:
20
Cutoff frequencies were: 
5000 5158 5316 5474 5632 5789 5947 6105 6263 6421 6579 6737 6895 7053 7211 7368 7526 7684 7842 8000
Number of coefficients for prediction: 
5
Number of formants: 
3
Winner is:
5474 5474 5474
Errors (total,f1,f2,f3): 
33.3 24.2 19.6 19.1 20.8 35.8 28.7 25.6 21.5 22.3 25.6 24 20.3 21 24.3 25.5 27.9 31.7 37.9 165.9
11.7 12.3 10.5 10.1 11.9 10.9 12.8 12.7 10.6 10.1 11.7 12.1 10.7 11.3 13.9 12.6 15.4 16.5 15.9 60.5
3.2 3 2.5 2.4 3.3 2.7 3.3 3 2.9 4 5.6 4.9 3.5 3.1 2.5 4 4.1 4.7 4.8 68.2
18.4 8.9 6.6 6.6 5.6 22.2 12.6 9.9 8 8.2 8.3 7 6.1 6.6 7.9 8.9 8.4 10.5 17.2 37.2
Coefficients are (row-wise by formant):
712.1 -22.6 -66.9 20.1 -12.5 3.6
1939.1 -53.5 -4.4 -1.1 -7.8 1.1
2923.4 -115.3 -4 -21.9 -8.3 -6.1
