S18_selected_tokens_0060 analysis information:
Number of steps:
20
Cutoff frequencies were: 
5000 5158 5316 5474 5632 5789 5947 6105 6263 6421 6579 6737 6895 7053 7211 7368 7526 7684 7842 8000
Number of coefficients for prediction: 
5
Number of formants: 
3
Winner is:
5789 5789 5789
Errors (total,f1,f2,f3): 
156 59.6 58.1 53.3 49.6 48.6 52.7 69.5 122.5 671 907.1 817.7 496.4 578.4 352.6 367 104.6 103.5 114.9 139.9
18.1 15.5 14.3 14.1 13.9 13.9 15.5 21.3 44.4 76.5 97.5 87.4 57.8 91.3 49.7 46.3 48.3 50.5 58.3 68.5
25.9 29 30.1 26.6 24 22.6 24.3 32.3 62.1 361.8 508.2 466.5 263 296.3 169.9 184.1 34 29.5 33.6 48
112 15.1 13.7 12.6 11.7 12.1 12.9 15.9 16 232.7 301.4 263.8 175.6 190.8 133 136.6 22.3 23.5 23 23.4
Coefficients are (row-wise by formant):
465.5 81 -38.9 -9.3 -18.8 0
1034.2 247 141.1 28.6 51.6 15.7
2638.3 66.5 -69.2 7.3 17.1 9.4
