S18_selected_tokens_0020 analysis information:
Number of steps:
20
Cutoff frequencies were: 
5000 5158 5316 5474 5632 5789 5947 6105 6263 6421 6579 6737 6895 7053 7211 7368 7526 7684 7842 8000
Number of coefficients for prediction: 
5
Number of formants: 
3
Winner is:
5789 5789 5789
Errors (total,f1,f2,f3): 
221.7 17.9 18.9 17.1 15 13 14 14.9 32.7 24.2 17.2 26 26 25.7 24.8 230 278.6 299.8 307 289.7
17.7 5.1 4.9 5 5.2 6.5 6.4 6.6 6.9 7.2 8.8 10.9 11.6 12.2 14.7 105.1 136.6 152.7 168.8 165.6
127.6 3 3.1 3 2.2 2 2.5 3 5.9 4.4 3.8 5.5 5.7 5.7 3.5 59.2 65.9 70.3 58.9 52.7
76.4 9.8 10.9 9.1 7.6 4.5 5.1 5.3 19.9 12.6 4.6 9.6 8.7 7.8 6.6 65.7 76.1 76.8 79.3 71.4
Coefficients are (row-wise by formant):
543.8 -19.6 -47.8 -4 -16.8 0.9
2076.1 -82.9 -54.1 -17 -9 3.1
2996.9 -148.9 -76.1 -1.3 -15 13.4
