S18_selected_tokens_0105 analysis information:
Number of steps:
20
Cutoff frequencies were: 
5000 5158 5316 5474 5632 5789 5947 6105 6263 6421 6579 6737 6895 7053 7211 7368 7526 7684 7842 8000
Number of coefficients for prediction: 
5
Number of formants: 
3
Winner is:
7526 7526 7526
Errors (total,f1,f2,f3): 
42.2 27 59.4 50.3 62.1 47.8 46.1 42.7 16.3 11.2 9.6 10.9 10.6 9 9.4 8.2 8 8.9 12.1 16.7
5.6 4.4 4.7 3.8 4 4 4.9 4.2 3.8 3.9 3.3 3.8 3.9 3.5 4 3.7 3.3 2.4 2.8 3.2
11.1 6.7 5 4 4 7.7 7.9 5.1 3.1 2.3 2.1 2.2 2 1.8 2.2 1.9 2.1 2.8 4.1 5.7
25.5 15.9 49.7 42.5 54.1 36.1 33.3 33.4 9.4 5 4.2 4.9 4.7 3.7 3.2 2.6 2.6 3.7 5.2 7.8
Coefficients are (row-wise by formant):
970.8 26.3 -45.8 17.5 -1.3 2.4
1997.7 70.6 39.7 -13.7 1.8 3
2950.2 -36.6 56.6 -8.9 12.5 6.5
