S18_selected_tokens_0013 analysis information:
Number of steps:
20
Cutoff frequencies were: 
5000 5158 5316 5474 5632 5789 5947 6105 6263 6421 6579 6737 6895 7053 7211 7368 7526 7684 7842 8000
Number of coefficients for prediction: 
5
Number of formants: 
3
Winner is:
5947 5947 5947
Errors (total,f1,f2,f3): 
24.4 24.1 8.4 9.1 9.4 8.9 8.2 9 9 10.4 11.5 12.3 13.3 14.1 13.3 13.9 18.6 181.4 306.3 256.8
1.4 1.3 1.3 1.4 1.4 1.2 1 1.4 1.8 2.3 2.5 3.1 3.9 4.3 4.1 4.3 7.3 72.5 127 101.7
2.5 2.3 2.1 2.3 2.5 2.6 2.5 2.7 2.4 2 2.1 2.3 2.6 2.5 2.1 2.1 3 52.1 85.2 68.3
20.5 20.5 5 5.4 5.5 5.1 4.7 4.9 4.8 6.1 6.9 6.9 6.8 7.3 7.1 7.5 8.3 56.8 94.1 86.8
Coefficients are (row-wise by formant):
651.4 -52.6 -48 -8.2 -9.9 -0.8
1954.1 -73.1 -14.5 -20.2 0.2 0.4
3001.8 -213.6 20.3 -21.6 -9.3 -1.5
