S18_selected_tokens_0068 analysis information:
Number of steps:
20
Cutoff frequencies were: 
5000 5158 5316 5474 5632 5789 5947 6105 6263 6421 6579 6737 6895 7053 7211 7368 7526 7684 7842 8000
Number of coefficients for prediction: 
5
Number of formants: 
3
Winner is:
5316 5316 5316
Errors (total,f1,f2,f3): 
66.9 63.2 57.2 59.4 67 67.8 65 63.3 63.4 64.9 74.9 84.5 94.2 109.2 139 133 346.1 1011.4 926.9 1547.4
2.8 2.8 3 3 3.3 3.4 3.4 3.3 3.3 3.5 3.8 4 4.3 4.3 4.2 6.4 140 372.2 347 600.9
16.1 16.1 15.5 15.1 15.6 16.2 16 16.6 19.4 21 21.9 22.6 24.3 28.5 32.6 36.1 97.2 276 247.2 394.8
48 44.3 38.7 41.3 48.1 48.2 45.6 43.4 40.7 40.4 49.2 57.9 65.6 76.4 102.2 90.5 108.9 363.2 332.7 551.7
Coefficients are (row-wise by formant):
350.8 6.6 -14.5 1.6 -5.7 0.5
1971 102.4 -71.4 -138.6 0.6 -23.1
2557.7 -30.5 -2.4 -121.9 -89.6 -76.8
