S18_selected_tokens_0116 analysis information:
Number of steps:
20
Cutoff frequencies were: 
5000 5158 5316 5474 5632 5789 5947 6105 6263 6421 6579 6737 6895 7053 7211 7368 7526 7684 7842 8000
Number of coefficients for prediction: 
5
Number of formants: 
3
Winner is:
6105 6105 6105
Errors (total,f1,f2,f3): 
83.4 102 119.6 90.1 85.2 85.3 76.5 66.1 69.1 74.5 70.8 69.3 70.3 71.8 74.8 89 270.9 397.1 494.7 272.4
19.7 18.8 18.1 18.2 18 18.5 19.3 19.6 20.9 22.1 22.6 22.7 23.1 23.1 24.1 31.8 47.3 58.1 54.7 23.6
24.4 27.6 25 23.6 25.6 26.7 26.9 25.3 23.6 23.8 21.6 21.5 21.5 23.1 24.7 27.1 129.1 210 210.7 57.3
39.3 55.6 76.5 48.3 41.6 40.1 30.3 21.2 24.6 28.6 26.6 25.1 25.7 25.6 26 30.1 94.5 129 229.3 191.5
Coefficients are (row-wise by formant):
895.8 18.8 -151.6 -12 -62.8 -2.5
1572.9 175.8 187 92.6 42.3 47.1
2545.2 -221.7 175.1 29.4 22.6 18.6
