S18_selected_tokens_0025 analysis information:
Number of steps:
20
Cutoff frequencies were: 
5000 5158 5316 5474 5632 5789 5947 6105 6263 6421 6579 6737 6895 7053 7211 7368 7526 7684 7842 8000
Number of coefficients for prediction: 
5
Number of formants: 
3
Winner is:
6421 6421 6421
Errors (total,f1,f2,f3): 
126.3 121.7 167.9 91.2 70.9 50.4 30.3 28 26.3 25.5 27.2 28.3 28.8 32.6 44.3 301.4 337.9 310.1 797.5 391.2
2.7 2.2 2.3 2.4 2.4 2.4 2.5 2.7 2.5 2.6 3.2 3.3 3.2 4.1 11.2 113.3 169.4 166.7 522.5 236.1
108 86.7 106 37.4 22.7 16.9 15.8 14.9 15 16.2 17.7 18 18.4 20.5 22.9 101.4 72.9 56.3 137 99
15.6 32.8 59.6 51.4 45.8 31.1 12 10.4 8.8 6.7 6.3 7 7.2 8 10.2 86.7 95.6 87.1 138 56.1
Coefficients are (row-wise by formant):
411.1 -51.2 8.7 -8.4 2.8 -7.6
2373.5 515.7 -273.7 61.4 -32.9 19.2
3129.5 234 45.3 -66.4 5.2 -8.3
