S18_selected_tokens_0007 analysis information:
Number of steps:
20
Cutoff frequencies were: 
5000 5158 5316 5474 5632 5789 5947 6105 6263 6421 6579 6737 6895 7053 7211 7368 7526 7684 7842 8000
Number of coefficients for prediction: 
5
Number of formants: 
3
Winner is:
7526 7526 7526
Errors (total,f1,f2,f3): 
44.3 43.5 34.8 36.6 69.8 72.1 55.7 40.3 34 34.4 28.6 30.9 26.7 28.4 28.1 27.4 25.7 33.4 48.3 262.9
7.6 7.4 7 7.6 6.6 5.6 5.9 6.9 6.9 7.3 6.4 6.7 5.9 6 6 5.8 5.4 6.2 15.5 48.8
16.2 15.8 14.2 15.6 15.3 13.3 14.3 17.2 16.5 17.4 14.6 15.3 13.1 14 14.3 15.1 15.1 22.7 28.9 153
20.5 20.3 13.6 13.4 47.9 53.2 35.5 16.2 10.6 9.7 7.6 8.9 7.7 8.4 7.8 6.5 5.2 4.5 3.9 61.1
Coefficients are (row-wise by formant):
804 -7.1 -59.6 2.8 -19.3 6
1844.2 -98.5 -46.7 -20 -26.9 1.9
3237.7 10.6 -13.8 2.7 0.7 8.7
