S18_selected_tokens_0101 analysis information:
Number of steps:
20
Cutoff frequencies were: 
5000 5158 5316 5474 5632 5789 5947 6105 6263 6421 6579 6737 6895 7053 7211 7368 7526 7684 7842 8000
Number of coefficients for prediction: 
5
Number of formants: 
3
Winner is:
6421 6421 6421
Errors (total,f1,f2,f3): 
56.1 59 72.1 94.2 80.9 61.7 38 20.2 18 16.7 17.2 17.7 21.7 24.7 25.2 25.5 26.3 31.2 37.6 55.6
9.9 10.1 9.9 10.2 9.9 9.5 9.7 9.4 9.4 8.7 8.9 8.9 9.9 10.1 10.9 11.4 11.5 13.7 14.4 14.8
7.2 6.1 5.8 7.1 7.7 7.5 5.8 3.9 3.5 3.3 3.2 3.6 5.1 6.2 6.2 6.1 6.4 8 11.8 20
39 42.8 56.4 76.9 63.3 44.7 22.5 6.9 5.1 4.7 5.1 5.2 6.7 8.4 8.1 8 8.4 9.5 11.4 20.8
Coefficients are (row-wise by formant):
920.4 -60.5 -89.5 -8.4 -21.8 5.7
1832.3 186.5 -13.2 40.4 -1.5 6.6
2766.5 27 60.1 4 15.5 2.9
