S18_selected_tokens_0079 analysis information:
Number of steps:
20
Cutoff frequencies were: 
5000 5158 5316 5474 5632 5789 5947 6105 6263 6421 6579 6737 6895 7053 7211 7368 7526 7684 7842 8000
Number of coefficients for prediction: 
5
Number of formants: 
3
Winner is:
5000 5000 5000
Errors (total,f1,f2,f3): 
43.9 107.6 101.4 113.9 98.4 110.8 59.8 81 209.6 673.8 280 495.4 418.6 863.4 631.6 659.9 541.5 576 762.1 839.3
11.8 12.3 12 12.6 11.9 13.7 12 14.2 74.3 365.2 149.6 240.3 176.2 430.4 314.9 323.9 267.8 270.1 328.1 349.1
16 71.9 66.6 76.1 62.9 73.8 24.6 34 53.8 162.6 80.6 187.1 161.4 260.5 196.1 221.9 199 213.6 283.5 221.4
16.1 23.4 22.8 25.2 23.6 23.3 23.2 32.8 81.5 146 49.8 68 81 172.5 120.6 114.1 74.7 92.3 150.5 268.8
Coefficients are (row-wise by formant):
365.1 -17.6 -18.2 1.8 -18.2 3.2
1999.3 95.2 145.4 -56.8 24.7 -26.4
2608.7 56.3 20.3 44.7 34.4 10.8
