S18_selected_tokens_0064 analysis information:
Number of steps:
20
Cutoff frequencies were: 
5000 5158 5316 5474 5632 5789 5947 6105 6263 6421 6579 6737 6895 7053 7211 7368 7526 7684 7842 8000
Number of coefficients for prediction: 
5
Number of formants: 
3
Winner is:
5158 5158 5158
Errors (total,f1,f2,f3): 
74.9 23.4 32.4 24.5 26 23.9 26.1 25.9 28.4 37.2 45.2 53.6 57.2 55.8 55.8 60.9 163.1 898 1351.1 969.1
5.7 5.2 4.3 4.2 4.1 4 4.2 4.4 4.5 4.4 4.2 4.4 4.5 4.8 4.9 7.3 56.3 435.5 702.2 435.5
27.3 8.7 9.6 10 10.3 9.9 10 9.6 10.6 15.1 19.4 22.8 24.8 24.4 24.3 28.6 48.1 122.1 241.1 183.3
41.9 9.5 18.5 10.3 11.6 10 11.9 11.9 13.3 17.7 21.6 26.4 27.9 26.6 26.6 25 58.7 340.4 407.8 350.3
Coefficients are (row-wise by formant):
391.3 28.2 -9.8 1 -5.9 -0.4
2097.7 191.8 60.2 -81.7 32.9 -29.9
2788.8 83.6 -10.2 -12.5 1.5 0.9
