S18_selected_tokens_0012 analysis information:
Number of steps:
20
Cutoff frequencies were: 
5000 5158 5316 5474 5632 5789 5947 6105 6263 6421 6579 6737 6895 7053 7211 7368 7526 7684 7842 8000
Number of coefficients for prediction: 
5
Number of formants: 
3
Winner is:
7053 7053 7053
Errors (total,f1,f2,f3): 
190.6 31.1 29.2 22.9 20 20.4 16.5 16.5 55.3 38.2 31.9 15.7 15.1 14.5 15.6 16.5 17.1 16.7 16.5 16.9
10.7 10.3 10.4 11.2 11.6 12.6 8.4 8.4 7.7 8.2 8.5 8.3 8 7.9 8 8.3 8.1 7.9 7.7 7.7
102.8 3 3.1 3.3 3.3 3.3 4.1 4.2 3.1 2.8 3.5 3.6 4.3 4.4 5.5 5.9 6.6 6.9 7.2 7.8
77.1 17.8 15.7 8.4 5.1 4.5 4 3.9 44.5 27.2 19.9 3.8 2.8 2.2 2.1 2.3 2.4 1.9 1.6 1.4
Coefficients are (row-wise by formant):
504.7 -1.5 -35.2 -18.5 -24.3 -13.8
2279.6 21.9 -7.3 2.2 -6.3 2.4
3286.2 -19.8 21 -38.8 -6.5 -1.3
