S18_selected_tokens_0056 analysis information:
Number of steps:
20
Cutoff frequencies were: 
5000 5158 5316 5474 5632 5789 5947 6105 6263 6421 6579 6737 6895 7053 7211 7368 7526 7684 7842 8000
Number of coefficients for prediction: 
5
Number of formants: 
3
Winner is:
5789 5789 5789
Errors (total,f1,f2,f3): 
39.9 39 38.7 37.8 38.2 36.8 37.6 38.3 75.6 111.4 376.9 772.1 954.1 855.4 795.1 478 124.7 110.1 105.8 116.7
5.4 5.4 5.5 5.9 5.9 6.1 6.1 7 22.8 50.8 77.3 126.6 113.8 103.4 120.4 74.2 50.3 45.5 45.1 51.7
16 15.5 15.3 15 14.4 14.6 14.3 13.3 30.4 33.4 212.2 374.8 447.1 453.9 407.9 212.5 44.3 35.3 32.1 36.3
18.5 18.1 17.9 16.9 17.9 16.1 17.2 18 22.4 27.2 87.4 270.7 393.2 298.1 266.8 191.3 30.1 29.3 28.6 28.7
Coefficients are (row-wise by formant):
488.8 41.1 -15.6 -13.4 -10.2 -6.5
1105.6 135.6 153.1 -15 63.6 -2.2
2499.6 76.9 -47.6 33.3 -13.1 27.7
