S18_selected_tokens_0001 analysis information:
Number of steps:
20
Cutoff frequencies were: 
5000 5158 5316 5474 5632 5789 5947 6105 6263 6421 6579 6737 6895 7053 7211 7368 7526 7684 7842 8000
Number of coefficients for prediction: 
5
Number of formants: 
3
Winner is:
7526 7526 7526
Errors (total,f1,f2,f3): 
53.4 59.9 38.4 39.9 111.5 72.8 73.8 62.1 60.9 63 23.7 42.5 19.8 17.7 15.4 13.5 13.4 13.5 14.1 14.9
6.3 6.2 6.1 6.1 6.1 5.8 4.9 5.8 6.7 6.7 5.8 6.6 6.1 5.7 4.9 5.3 6.3 6.9 7.1 7.1
24.8 28.3 1.1 0.9 10.6 1.4 1.3 1.3 1 1.2 1 1.2 1.9 2 2.5 2.4 2.2 2.2 2.5 2.5
22.3 25.4 31.2 32.9 94.8 65.6 67.6 55 53.2 55.1 16.9 34.7 11.8 10 8 5.8 4.9 4.4 4.5 5.3
Coefficients are (row-wise by formant):
739.9 -17.1 -56 2.1 -12.3 -3.4
1940.6 5.5 12.2 -1 -2.6 1
3132.1 -71 14.7 -44.7 6.4 -1.1
