S18_selected_tokens_0027 analysis information:
Number of steps:
20
Cutoff frequencies were: 
5000 5158 5316 5474 5632 5789 5947 6105 6263 6421 6579 6737 6895 7053 7211 7368 7526 7684 7842 8000
Number of coefficients for prediction: 
5
Number of formants: 
3
Winner is:
7526 7526 7526
Errors (total,f1,f2,f3): 
198.2 225.6 716 310.1 225 166.6 166.6 167.3 118.3 165.1 214.4 86.8 117.5 100.5 72.7 46.5 46.3 71.7 709.9 460.5
7 8.7 9.7 7.1 9.7 11.6 10.9 9.5 7 5.6 4 1.9 2 4.2 5.1 5.8 5.5 11.8 337 223.3
142 164.8 485.2 169.3 138.4 103.7 102.4 104 64.8 104.9 138.3 40.6 52.4 41.8 26.6 27.2 28.1 31.2 165.1 108.6
49.2 52.1 221.1 133.7 76.9 51.3 53.3 53.8 46.5 54.6 72.1 44.3 63.1 54.5 41 13.5 12.7 28.7 207.8 128.6
Coefficients are (row-wise by formant):
495.8 -192.4 101.5 -46.8 11.5 -2.7
2454.4 487.9 -248.1 66.1 -7.3 -0.9
3358.7 221.8 -0.2 -56.2 57.2 -7.8
