S18_selected_tokens_0106 analysis information:
Number of steps:
20
Cutoff frequencies were: 
5000 5158 5316 5474 5632 5789 5947 6105 6263 6421 6579 6737 6895 7053 7211 7368 7526 7684 7842 8000
Number of coefficients for prediction: 
5
Number of formants: 
3
Winner is:
7368 7368 7368
Errors (total,f1,f2,f3): 
44.8 44.5 56.3 65.1 62.7 41.9 81.8 42.1 22.2 21.9 21 22.9 23.1 20.1 20 19.7 20.9 24.2 31.5 41.4
4.9 4.7 4.9 4.3 4.2 4.3 5 5.5 6 6.6 6.6 6.9 7 7 7.2 7.1 7.2 7.3 7.9 8.6
10.3 7.8 7.2 7.6 11.5 9.5 8.1 5.5 3.4 2.4 2.2 2.8 2.8 2.2 2.7 3.2 4.3 6 8.6 11.7
29.6 32 44.2 53.2 47 28.1 68.7 31.1 12.8 12.9 12.2 13.2 13.3 10.9 10.1 9.4 9.4 10.9 15 21.1
Coefficients are (row-wise by formant):
1032.3 60.8 -43.4 27 -18.8 12.2
1854.9 -5.6 27 -12.7 2.9 -3.3
2887 -73.2 46.7 -44.9 20.4 5.7
