S18_selected_tokens_0045 analysis information:
Number of steps:
20
Cutoff frequencies were: 
5000 5158 5316 5474 5632 5789 5947 6105 6263 6421 6579 6737 6895 7053 7211 7368 7526 7684 7842 8000
Number of coefficients for prediction: 
5
Number of formants: 
3
Winner is:
5474 5474 5474
Errors (total,f1,f2,f3): 
195.2 38.2 19.8 18.4 18.9 18.8 20.3 20.9 23 25.9 28.8 37.1 58.8 750.5 316.2 353.4 291.1 363.2 244.2 281.2
8.3 6.6 3.9 3 3.1 3.6 5 6 6.2 7 8.4 13.8 32.9 248.9 102.1 100.6 68.8 133.5 70.2 60
43.9 10.6 10.6 10.6 10.7 10.5 10.5 10.6 11.1 12.1 12.3 13.5 14.9 253.5 122.8 139.3 108.9 102.9 72 81.7
143 21 5.3 4.8 5.1 4.7 4.8 4.3 5.7 6.8 8.1 9.8 11 248.1 91.3 113.5 113.4 126.8 102 139.5
Coefficients are (row-wise by formant):
550.6 146.3 28.3 28.9 5.5 10.5
1638.8 137.4 113.6 -31.1 14 10.6
2790.3 51.4 33.8 4.8 18.4 13.8
