S18_selected_tokens_0022 analysis information:
Number of steps:
20
Cutoff frequencies were: 
5000 5158 5316 5474 5632 5789 5947 6105 6263 6421 6579 6737 6895 7053 7211 7368 7526 7684 7842 8000
Number of coefficients for prediction: 
5
Number of formants: 
3
Winner is:
6105 6105 6105
Errors (total,f1,f2,f3): 
16.3 10.2 13 10.5 11.1 12.1 11.9 9.3 9.4 12.3 16.8 19.3 25.3 44.9 247.7 151.4 823 660.3 72.4 60.1
2.4 1.7 2 1.7 1.4 1.4 1.6 1.8 2.4 2.9 3.5 4.5 6.9 17.7 91.5 80.8 294.1 306.3 31.8 41.3
6.2 5 4.5 4.4 5.2 4.9 4.7 4 3.1 3.7 5.4 6.4 8 10.8 80.5 25.4 333.2 200.6 25.5 10.7
7.7 3.5 6.5 4.4 4.5 5.8 5.6 3.5 3.9 5.7 7.9 8.4 10.4 16.4 75.7 45.2 195.7 153.4 15.1 8.1
Coefficients are (row-wise by formant):
561.8 -56.2 -8.4 -2.3 0.8 1.3
1714.5 177.1 -39.4 19.6 -18.4 21.8
2989 -113.1 21.7 -18.4 15.5 7
