S18_selected_tokens_0024 analysis information:
Number of steps:
20
Cutoff frequencies were: 
5000 5158 5316 5474 5632 5789 5947 6105 6263 6421 6579 6737 6895 7053 7211 7368 7526 7684 7842 8000
Number of coefficients for prediction: 
5
Number of formants: 
3
Winner is:
6105 6105 6105
Errors (total,f1,f2,f3): 
54.9 24 24.4 50.3 45.4 29.1 22 21.8 24 25.1 25.1 24.7 24.6 26.3 29.5 34.5 52 268.4 534.7 602.1
2.5 4 4.6 3 2.6 2.2 2.4 2.6 2.9 2.8 2.6 2.7 2.9 3.7 5.3 8.8 24.8 83.9 214.7 245.3
13.3 14.4 14.7 14.5 14.2 13.4 13.8 14.3 15.1 15.5 15.3 15.4 15.5 16 16.6 16.9 17.1 114.3 171.5 198.4
39.1 5.6 5.1 32.8 28.6 13.5 5.8 4.9 6 6.8 7.2 6.6 6.2 6.6 7.6 8.8 10.1 70.2 148.5 158.4
Coefficients are (row-wise by formant):
580.3 -357.1 47.3 -229.1 110.1 -127
2054 -225.8 288 -328.1 251.6 -190.9
3208.5 -349.4 233.5 -192.5 137.4 -116.3
