S18_selected_tokens_0112 analysis information:
Number of steps:
20
Cutoff frequencies were: 
5000 5158 5316 5474 5632 5789 5947 6105 6263 6421 6579 6737 6895 7053 7211 7368 7526 7684 7842 8000
Number of coefficients for prediction: 
5
Number of formants: 
3
Winner is:
6421 6421 6421
Errors (total,f1,f2,f3): 
150.9 61 86.4 85.9 82.7 80.7 60.7 47.5 47.2 43.9 49 46.7 65.4 67.6 90.1 97.2 90.4 105.2 132.1 161.9
8.8 8.7 8.4 10 9.9 10.3 11.8 11.7 12.2 11.7 11.9 11.6 11.8 10.9 11.6 11.4 10.3 11.1 10.7 8.2
21 17.9 17.6 18.8 18.4 18.2 14.9 13 15.9 14.6 19.6 18.3 24 24.7 29.3 31 30.6 32.4 37.8 38.4
121.1 34.4 60.4 57.1 54.4 52.2 34 22.8 19.1 17.6 17.5 16.8 29.6 32 49.2 54.8 49.5 61.7 83.6 115.3
Coefficients are (row-wise by formant):
992.6 62.2 -51.9 22.4 -21.3 13.1
1673.3 5.5 29.6 12.2 12.5 8.9
2655.7 -155.5 78.9 -47.1 14.3 -6.8
