S18_selected_tokens_0080 analysis information:
Number of steps:
20
Cutoff frequencies were: 
5000 5158 5316 5474 5632 5789 5947 6105 6263 6421 6579 6737 6895 7053 7211 7368 7526 7684 7842 8000
Number of coefficients for prediction: 
5
Number of formants: 
3
Winner is:
5316 5316 5316
Errors (total,f1,f2,f3): 
196.2 151 65.7 76.7 73.1 83.8 165.5 333.7 325.2 396.9 400.2 409.2 462.4 495.7 405.5 898.2 320.9 446.9 381.7 441.6
5.1 4.7 4.6 5 6.6 7.8 70.4 179.8 169.9 213.5 222 225.3 258.7 293 224.7 581.2 166.6 240.8 169.4 129.2
96.4 53.2 16.9 18 16.7 21.3 30.4 51.6 56.9 71.3 75.2 77.3 87.4 88.3 92.3 150.2 61.9 100.8 98.4 132.7
94.7 93.1 44.2 53.7 49.8 54.7 64.7 102.3 98.4 112.1 103 106.6 116.3 114.4 88.5 166.8 92.4 105.3 113.9 179.7
Coefficients are (row-wise by formant):
339.1 -41.2 -7.1 1.5 -7.6 -3.8
2415.5 351.4 -69.3 -129.8 84.7 -16.9
2954.6 347 46.5 -93.3 -72.1 -32.5
