S18_selected_tokens_0047 analysis information:
Number of steps:
20
Cutoff frequencies were: 
5000 5158 5316 5474 5632 5789 5947 6105 6263 6421 6579 6737 6895 7053 7211 7368 7526 7684 7842 8000
Number of coefficients for prediction: 
5
Number of formants: 
3
Winner is:
5789 5789 5789
Errors (total,f1,f2,f3): 
39.5 42.6 41.8 45.1 40.9 38.1 39.1 39.8 41.3 44.8 49.3 60.7 230.9 245.6 272.1 296.9 358.9 435.9 869.7 160.2
4.8 3.3 3.8 3.1 3.2 3.4 3.4 3.2 3.1 3.6 4.8 10.4 91.8 95.1 108.9 125.8 103.7 46.8 158.6 27.7
11.4 14 14.2 13.6 13.1 12.8 12.6 13.8 15.7 17.5 19.6 23.2 86.2 91.9 98.7 108.9 132.4 196.2 377.2 49.3
23.3 25.3 23.8 28.4 24.6 21.9 23.1 22.8 22.5 23.7 24.9 27.1 52.9 58.6 64.5 62.2 122.8 192.9 333.9 83.2
Coefficients are (row-wise by formant):
557.8 90.1 -21 -1.9 -8.6 -0.2
1533.7 59.9 -14.7 -37.9 10.8 -20.1
2741.8 84.1 -84.1 50.2 -50.1 14.3
