S18_selected_tokens_0118 analysis information:
Number of steps:
20
Cutoff frequencies were: 
5000 5158 5316 5474 5632 5789 5947 6105 6263 6421 6579 6737 6895 7053 7211 7368 7526 7684 7842 8000
Number of coefficients for prediction: 
5
Number of formants: 
3
Winner is:
6579 6579 6579
Errors (total,f1,f2,f3): 
112.2 106.5 68.9 51.7 58.3 67.9 55.1 51 50.7 49.5 44.6 57.5 75.7 89.7 216.9 166.5 158.5 162.7 191 368.8
8.7 9 9.4 9.6 9.2 8.9 8.9 9.2 9.7 9.2 7.9 8.2 7.9 8 9.1 8.8 9.2 9.2 8 7.4
15.9 15.6 13.9 12.3 6.2 8.7 10.8 18.4 23.4 24.6 20.5 28.7 40.9 52.3 46.9 42.6 39.1 40.9 55.3 102.2
87.6 81.9 45.6 29.8 42.9 50.3 35.4 23.4 17.6 15.7 16.2 20.6 26.9 29.4 160.9 115.1 110.2 112.6 127.7 259.2
Coefficients are (row-wise by formant):
1031.1 26.6 -59.5 17.2 -10.2 8.9
1598.8 -6.9 -15.5 14.8 11.1 25.1
2680 -244.2 36.9 -40.6 -41.2 -1.3
