S18_selected_tokens_0096 analysis information:
Number of steps:
20
Cutoff frequencies were: 
5000 5158 5316 5474 5632 5789 5947 6105 6263 6421 6579 6737 6895 7053 7211 7368 7526 7684 7842 8000
Number of coefficients for prediction: 
5
Number of formants: 
3
Winner is:
7526 7526 7526
Errors (total,f1,f2,f3): 
462.2 70.5 64 58.3 52.8 58.4 75.7 107.5 121.8 115.9 61.6 53.9 64.1 48.2 36.4 32.9 32.3 33.5 34.1 33.9
17.1 10.5 8.3 8.3 8.4 8.8 7.6 5.9 6.4 4.8 4.8 4.8 4.4 4.3 4.2 4.1 4.3 4.9 5.4 6.1
337.8 20.1 17.8 16 14.8 14.2 16.9 27.3 35 24 20.3 17.9 18 18.1 17.9 17 16.9 17.2 18.4 19.5
107.3 39.9 37.9 34 29.6 35.4 51.2 74.3 80.4 87.1 36.5 31.2 41.7 25.8 14.3 11.8 11.1 11.4 10.3 8.3
Coefficients are (row-wise by formant):
573.6 -168.8 26.4 2.6 -1.4 2.5
2462.4 250 -320.6 -26.3 -47.2 -48.4
3338.7 128.1 -97.7 -66.5 -14.2 1.3
