S18_selected_tokens_0062 analysis information:
Number of steps:
20
Cutoff frequencies were: 
5000 5158 5316 5474 5632 5789 5947 6105 6263 6421 6579 6737 6895 7053 7211 7368 7526 7684 7842 8000
Number of coefficients for prediction: 
5
Number of formants: 
3
Winner is:
5158 5158 5158
Errors (total,f1,f2,f3): 
45.8 41.8 52.9 47.9 45.5 157.7 168.9 172.5 52.5 63 184.5 187.3 194.7 200 336.5 339.7 405.1 743.6 742.7 683.1
7 6.5 6.5 6.7 7.8 87.4 88.8 89.1 9.9 10.5 88.6 89.2 90.6 91.1 162.2 166 197.3 405 421 401
25.1 21.9 28.8 23.6 17.5 27.4 30.8 33.8 25.5 27.7 36.2 35.2 35.5 36.1 52.7 55.7 69.9 121.5 125.3 123.5
13.7 13.4 17.6 17.6 20.2 42.9 49.3 49.6 17.1 24.8 59.7 62.9 68.6 72.8 121.6 118 137.9 217.1 196.4 158.6
Coefficients are (row-wise by formant):
350.7 -25.4 -17.7 -8.5 -14.9 -3.4
2193.9 297.7 -8.6 -60.6 -30.4 -39
2603.6 85.8 41.4 61.4 42.5 42.7
