S18_selected_tokens_0089 analysis information:
Number of steps:
20
Cutoff frequencies were: 
5000 5158 5316 5474 5632 5789 5947 6105 6263 6421 6579 6737 6895 7053 7211 7368 7526 7684 7842 8000
Number of coefficients for prediction: 
5
Number of formants: 
3
Winner is:
5789 5789 5789
Errors (total,f1,f2,f3): 
44.1 37.7 52.1 37.3 21.2 16.6 18.2 18.2 25.2 31.5 25.2 27.3 22.9 22.1 21 17.6 17.7 18.3 18.2 19.6
2.8 2.7 2.6 2.6 2.6 2.5 2.6 2.7 2.9 3.1 2.8 2.9 3.2 3.8 3.9 3.9 4 4 3.8 4.1
25.8 20 8.1 7.6 7 6.8 7.1 7 6.6 7.8 10 8.8 8.2 7.2 7.3 6.1 6 6.1 6.3 6.9
15.5 15 41.4 27.1 11.6 7.3 8.5 8.5 15.7 20.6 12.4 15.6 11.5 11.1 9.8 7.6 7.7 8.2 8.1 8.6
Coefficients are (row-wise by formant):
874.4 80.9 -23.4 30 -5.2 10.3
2037.1 55.1 -18.6 14.9 8.7 3.6
2948.7 -175.5 47.3 -23.8 12.6 -1.8
