S18_selected_tokens_0053 analysis information:
Number of steps:
20
Cutoff frequencies were: 
5000 5158 5316 5474 5632 5789 5947 6105 6263 6421 6579 6737 6895 7053 7211 7368 7526 7684 7842 8000
Number of coefficients for prediction: 
5
Number of formants: 
3
Winner is:
6579 6579 6579
Errors (total,f1,f2,f3): 
46.2 44.4 45.8 45.3 43.9 43.8 43.4 44.1 41.9 38.2 35.2 35.4 38.4 38.8 38 545.7 522.4 559.7 499.1 481.4
9 8 8.6 8.6 8.2 8.2 8.1 8.6 8.3 9 10.4 11.5 13.1 13.8 14.4 185.7 206.4 162.6 154.6 145.2
19.5 20.6 20.1 19.7 19.8 20.1 20 19.5 19.4 17.4 14.3 14.1 16.3 15.5 13.3 197.1 174.3 193.8 154.9 162.6
17.7 15.8 17.1 17 15.9 15.5 15.3 16 14.2 11.8 10.5 9.8 9 9.5 10.3 162.9 141.7 203.3 189.6 173.6
Coefficients are (row-wise by formant):
521.1 123.4 -39.7 -29.2 -12.9 -13.9
1771.5 168.6 93.9 -172.3 72.3 -29.4
2843.5 78.7 17.2 -30.9 1.5 -28.1
