S18_selected_tokens_0083 analysis information:
Number of steps:
20
Cutoff frequencies were: 
5000 5158 5316 5474 5632 5789 5947 6105 6263 6421 6579 6737 6895 7053 7211 7368 7526 7684 7842 8000
Number of coefficients for prediction: 
5
Number of formants: 
3
Winner is:
6737 6737 6737
Errors (total,f1,f2,f3): 
50.7 55.8 46.5 106.1 54.8 37.2 54.5 60.1 34.3 24.7 16.6 14.4 14.9 15.7 17.3 17.4 19.1 21.5 24.5 28.1
2.9 3.1 3.5 3.7 3.7 3.5 3.3 3 2.8 2.8 2.5 2.4 2.3 2.4 2.5 2.6 2.7 2.7 3 3.4
35.9 31.4 13.8 8.7 18 8.4 9.9 8.2 7 6.4 5.3 4.8 4.8 5.1 5.8 6.1 6.7 7.1 7.6 7.9
11.9 21.3 29.2 93.7 33.1 25.3 41.3 48.9 24.5 15.5 8.8 7.2 7.8 8.2 9 8.7 9.7 11.7 13.9 16.8
Coefficients are (row-wise by formant):
930.4 29 -11.6 11.1 1.5 5.2
1995.9 80.1 -37.6 -7 -10.6 3.8
3024.4 -57.7 8.4 -0.1 10.5 9.2
