S18_selected_tokens_0086 analysis information:
Number of steps:
20
Cutoff frequencies were: 
5000 5158 5316 5474 5632 5789 5947 6105 6263 6421 6579 6737 6895 7053 7211 7368 7526 7684 7842 8000
Number of coefficients for prediction: 
5
Number of formants: 
3
Winner is:
7053 7053 7053
Errors (total,f1,f2,f3): 
219.9 206.4 377.9 49.3 184.8 53.6 203 120.4 63 52.8 46.8 41.2 39.8 36.8 38.8 40.6 39.6 45 48.5 70.8
7.6 7.8 7.2 7.5 8.9 6.9 6.9 5.9 5.6 5.2 5.4 4.8 4.4 4.1 4.9 5.2 5.1 5.4 4.7 6
166.9 148.5 301.2 17.8 119.7 20.4 125.6 69.4 25.1 21.7 18.5 16 15.3 13.7 12.5 13.2 13.7 15.2 17.8 24.9
45.4 50.1 69.5 24 56.2 26.3 70.5 45.1 32.3 25.9 22.9 20.4 20.1 19 21.4 22.2 20.8 24.4 26 39.9
Coefficients are (row-wise by formant):
529.2 -186.9 37 23.2 -21 -0.3
2509.9 444.3 -182.6 -12.9 -5.6 -20.6
3107.7 111.5 -24 42.3 -31 6.9
