S18_selected_tokens_0034 analysis information:
Number of steps:
20
Cutoff frequencies were: 
5000 5158 5316 5474 5632 5789 5947 6105 6263 6421 6579 6737 6895 7053 7211 7368 7526 7684 7842 8000
Number of coefficients for prediction: 
5
Number of formants: 
3
Winner is:
5947 5947 5947
Errors (total,f1,f2,f3): 
13.4 17.1 16.6 18.7 16.5 13.5 12.9 12.9 13.4 15.6 21.8 38.4 94.6 249.2 38.4 55.2 1326 165.4 236.4 121.4
0.9 1 0.8 0.6 0.7 0.9 1.1 1.2 1.2 1.3 2 8.5 54.1 47 8.7 19.2 383 20.1 21.7 18
6.3 6.2 6.6 7 7.4 6.6 6.9 7 7.4 8.6 13 21.1 27 101.8 21.3 25.3 587.9 52.8 95.6 59.8
6.2 9.9 9.2 11.1 8.4 6 4.9 4.7 4.8 5.7 6.8 8.8 13.5 100.4 8.4 10.7 355.1 92.5 119.1 43.6
Coefficients are (row-wise by formant):
757.2 -275.5 -156.4 198.6 329.4 17.4
2236.4 -397.8 -159.3 165.5 318.8 158.7
3608 -239 -44.1 86.9 244.9 95.3
