S18_selected_tokens_0042 analysis information:
Number of steps:
20
Cutoff frequencies were: 
5000 5158 5316 5474 5632 5789 5947 6105 6263 6421 6579 6737 6895 7053 7211 7368 7526 7684 7842 8000
Number of coefficients for prediction: 
5
Number of formants: 
3
Winner is:
5632 5632 5632
Errors (total,f1,f2,f3): 
28.9 31.5 30 28.8 28 30.6 33.2 32.6 41.9 48.9 88 130.4 1208 1162.1 1125.8 475 153.8 83.7 68.1 75.1
4.5 4 2.6 1.4 1.2 1.8 2.5 3.6 5.2 6.9 15.7 57.2 151 162 141.2 36.9 25.8 14.4 14.5 15.8
11.8 12.7 12.5 13 11.9 11.8 13.1 14.7 16.9 16.8 29.7 21.5 702 660.6 663.9 309.9 86 31.4 19.6 21.7
12.6 14.8 14.9 14.4 14.9 17 17.6 14.3 19.8 25.2 42.6 51.7 355 339.5 320.7 128.2 42 37.9 34 37.6
Coefficients are (row-wise by formant):
490.7 58.9 10.3 -5.5 0.9 1.4
1001 -24.9 137.2 -49.9 45.6 -20.9
2566.4 45.1 -25.2 -14.4 11.3 4.8
