S18_selected_tokens_0005 analysis information:
Number of steps:
20
Cutoff frequencies were: 
5000 5158 5316 5474 5632 5789 5947 6105 6263 6421 6579 6737 6895 7053 7211 7368 7526 7684 7842 8000
Number of coefficients for prediction: 
5
Number of formants: 
3
Winner is:
6895 6895 6895
Errors (total,f1,f2,f3): 
33.9 32.1 35 34.6 41.4 47.4 47 49.1 47.3 40.1 37.5 30.3 24.6 25.1 30.1 34.8 38.9 38.6 38.9 40.4
9.9 9.9 10.7 10.3 11 10.6 9.3 9.2 8.9 8.4 8.3 7.4 7.2 7.4 8.6 9.4 10.1 9.7 10.1 9.8
6.4 6.3 6.3 5.9 6.9 8.3 7.9 8.5 7.8 7.1 5.4 2.9 4.6 5.5 6.2 6.7 7 6.8 6.9 7.9
17.6 15.9 18 18.4 23.5 28.5 29.8 31.4 30.6 24.6 23.8 20 12.8 12.2 15.3 18.7 21.8 22.1 21.9 22.7
Coefficients are (row-wise by formant):
707.2 -32 -52 3.5 -14.9 -2.7
1892.7 133.6 34.6 9.2 12.4 3.9
2937.2 -30.2 16.4 18.4 -7.5 16.2
