S18_selected_tokens_0114 analysis information:
Number of steps:
20
Cutoff frequencies were: 
5000 5158 5316 5474 5632 5789 5947 6105 6263 6421 6579 6737 6895 7053 7211 7368 7526 7684 7842 8000
Number of coefficients for prediction: 
5
Number of formants: 
3
Winner is:
7053 7053 7053
Errors (total,f1,f2,f3): 
57.9 50.6 82.6 67.6 55.1 68.3 51.6 43.3 36.1 37.4 32.9 30.4 30.5 29.5 31.3 34.7 40.4 49.3 71.1 103.6
13.2 12.8 12.9 12.4 12.9 13.9 15 15.7 15.6 15.4 14.1 13.8 14 13.7 14.1 14.6 15.4 16.5 17.9 19.8
5.9 6.1 7.6 6.2 6 8.3 10.2 10.3 9.8 10.3 8.6 7.4 7.3 6.7 6.9 7.6 9.1 11.8 16.8 20
38.8 31.7 62.1 49 36.2 46.1 26.4 17.3 10.7 11.7 10.2 9.2 9.2 9.1 10.3 12.5 15.9 21 36.4 63.8
Coefficients are (row-wise by formant):
960.3 6.2 -58.4 0.8 -27.4 4
1744.4 -28.7 37.3 19.9 4.9 -5.6
2698.3 -86.8 36.2 -15.8 -0.8 -10.5
