S18_selected_tokens_0076 analysis information:
Number of steps:
20
Cutoff frequencies were: 
5000 5158 5316 5474 5632 5789 5947 6105 6263 6421 6579 6737 6895 7053 7211 7368 7526 7684 7842 8000
Number of coefficients for prediction: 
5
Number of formants: 
3
Winner is:
6105 6105 6105
Errors (total,f1,f2,f3): 
138.9 93.2 71.5 82.9 64.1 59.6 55.6 51.8 53.1 56 61.3 63.7 64.9 68.1 237.6 381.7 568 641.9 466 408.2
2.1 2 1.9 2.2 1.9 1.8 2.1 1.8 2.1 2 2.7 2.5 4.2 7.4 125.6 222.8 327.7 350.1 199.6 143
75.5 32.5 26.6 29.2 28.2 25.6 21.4 19.6 22.8 24.6 27.9 27 23.1 20 49.6 67.8 95.9 137.9 149.5 122.6
61.3 58.7 43 51.5 34 32.2 32.1 30.4 28.2 29.4 30.7 34.2 37.6 40.7 62.4 91.1 144.4 153.9 116.9 142.6
Coefficients are (row-wise by formant):
341.2 -36.9 -6.9 -0.3 -5 -1.4
2437 281.9 -12.1 -42.8 21.3 10.8
2999 436.4 202.4 -40.9 -24 0.6
