S18_selected_tokens_0115 analysis information:
Number of steps:
20
Cutoff frequencies were: 
5000 5158 5316 5474 5632 5789 5947 6105 6263 6421 6579 6737 6895 7053 7211 7368 7526 7684 7842 8000
Number of coefficients for prediction: 
5
Number of formants: 
3
Winner is:
6737 6737 6737
Errors (total,f1,f2,f3): 
109.7 74.2 41.6 43.1 45.7 57 47.4 40.4 57.6 66.4 46.2 25.7 28.1 28.7 29.1 29.4 27.5 29.8 44.3 203.4
13.1 12.7 12.4 11.8 10.9 11.1 11.4 11.7 11.7 11.6 11.2 10.8 10.8 10.5 10.4 10.7 10.8 10.8 9.1 17
29.5 12.8 8.3 8.3 5.3 6.7 12.2 14.3 9.5 5 3.8 4 5.2 5.6 5.5 5.8 6 8.9 23.4 76.6
67.1 48.7 20.9 23 29.5 39.2 23.8 14.4 36.4 49.8 31.2 10.9 12.1 12.6 13.2 12.9 10.7 10.1 11.8 109.8
Coefficients are (row-wise by formant):
795.4 -72 -101.7 -1.4 -33.9 7.6
2022.7 324.4 -0.7 21.9 9.7 0.6
2905 166.4 73.6 4.9 1.6 8.5
