S18_selected_tokens_0067 analysis information:
Number of steps:
20
Cutoff frequencies were: 
5000 5158 5316 5474 5632 5789 5947 6105 6263 6421 6579 6737 6895 7053 7211 7368 7526 7684 7842 8000
Number of coefficients for prediction: 
5
Number of formants: 
3
Winner is:
6105 6105 6105
Errors (total,f1,f2,f3): 
190.6 232.6 263.8 282.4 181.4 242.4 200.8 138.6 154.6 207.6 191.8 234.2 260.1 249.2 268.1 233.6 198.1 197.4 186.2 506.7
13.1 10.9 11.9 15.8 15.1 15.3 14.9 14.7 15.8 41 48.1 45.4 26.7 14.9 12.6 12.5 12.6 13.9 17.5 225.2
122.3 137.5 139.5 144.6 70.9 112.4 87.9 52.8 62.3 73.3 71.5 76.2 88.3 90.9 86.4 81 77.6 72.7 82.8 87.8
55.2 84.2 112.4 122 95.4 114.7 98 71.1 76.5 93.3 72.2 112.6 145.1 143.4 169.1 140.1 107.9 110.8 85.9 193.7
Coefficients are (row-wise by formant):
367.7 32.1 -18.7 6.7 6.6 -13.1
1548.5 -93.7 126.6 12 45.2 -34.5
2434.3 -230.1 46.1 -167.6 112.2 -154.9
