S18_selected_tokens_0015 analysis information:
Number of steps:
20
Cutoff frequencies were: 
5000 5158 5316 5474 5632 5789 5947 6105 6263 6421 6579 6737 6895 7053 7211 7368 7526 7684 7842 8000
Number of coefficients for prediction: 
5
Number of formants: 
3
Winner is:
5316 5316 5316
Errors (total,f1,f2,f3): 
12.1 9.3 8.9 9.8 10.4 10.6 12.3 10 11.6 11.1 12.1 14.2 17.6 19.3 17.2 16.4 16.6 20.8 29.7 291.6
4.5 4.3 4.2 4.1 3.7 3.3 3.7 3.6 3.9 4 4.1 4.4 4.8 5.3 5 4.9 5 6.8 14.2 152.1
2 1.9 2 2.2 2.1 1.8 2.3 1.8 2.3 1.7 1.6 1.7 2 2.5 3.7 5.2 7.4 8.9 8.9 80.7
5.6 3.1 2.7 3.5 4.6 5.5 6.3 4.6 5.4 5.4 6.4 8.1 10.8 11.5 8.5 6.3 4.2 5.1 6.6 58.8
Coefficients are (row-wise by formant):
712.4 -83.5 -48.7 -8.7 -22.6 -9.1
1980 74.8 27.3 15.2 -3.8 -4.7
2850 -18.3 45.9 20.7 8.2 -5.7
