S18_selected_tokens_0014 analysis information:
Number of steps:
20
Cutoff frequencies were: 
5000 5158 5316 5474 5632 5789 5947 6105 6263 6421 6579 6737 6895 7053 7211 7368 7526 7684 7842 8000
Number of coefficients for prediction: 
5
Number of formants: 
3
Winner is:
5158 5158 5158
Errors (total,f1,f2,f3): 
11.8 10 10.5 11 11.9 12.1 11.4 10.8 12.9 15.9 23.3 30.9 39.7 45.8 46.9 46.3 53.2 69.9 225.4 922.4
3.7 2.9 2.6 2.9 2.7 2.9 3.1 3.2 3.4 3.5 3.9 4 4.2 4.3 4.4 4.8 6.9 14.8 112.8 533.1
3.2 2.9 3 2.9 4 4.7 4.2 3.8 4.9 6.2 9.4 14 19.1 22.8 24 24.3 27.7 31.8 45.6 224.6
4.9 4.2 4.9 5.2 5.2 4.5 4.1 3.8 4.6 6.2 10 12.9 16.4 18.7 18.5 17.2 18.6 23.3 67 164.7
Coefficients are (row-wise by formant):
498.1 -14.8 -21.7 5.3 -8.6 3.4
2123.1 -71.3 -32.4 -14.4 -12.8 -1.6
2942.2 -141.1 10 -11.8 3.7 -13
