S18_selected_tokens_0061 analysis information:
Number of steps:
20
Cutoff frequencies were: 
5000 5158 5316 5474 5632 5789 5947 6105 6263 6421 6579 6737 6895 7053 7211 7368 7526 7684 7842 8000
Number of coefficients for prediction: 
5
Number of formants: 
3
Winner is:
5632 5632 5632
Errors (total,f1,f2,f3): 
30 29.3 29.1 28.2 27.6 29.4 36 48.9 91 65.1 160.6 651.4 959.4 535.7 726.3 351.9 144.6 122.8 122.4 126.2
3.6 3.3 3.5 4.1 4.2 4.5 5.8 9 14.4 15.4 37.2 117.9 169.1 73.6 109.8 78.1 65.7 64.1 66.9 67.1
13 12.7 12.7 13.5 14.2 12.9 11.6 15.7 45.8 31.7 77.4 291.6 421.9 255.2 330.8 139.7 26 14 15.7 19.3
13.4 13.3 12.9 10.6 9.2 12 18.6 24.2 30.8 18 46 241.9 368.4 206.9 285.7 134.1 52.9 44.7 39.8 39.8
Coefficients are (row-wise by formant):
423.2 7.6 -3.1 -7.8 -5.8 -5
1163.7 -32.9 77.6 -53.7 45.3 -26.6
2441.9 37.5 -34.7 -2.9 -15 11.5
