S18_selected_tokens_0119 analysis information:
Number of steps:
20
Cutoff frequencies were: 
5000 5158 5316 5474 5632 5789 5947 6105 6263 6421 6579 6737 6895 7053 7211 7368 7526 7684 7842 8000
Number of coefficients for prediction: 
5
Number of formants: 
3
Winner is:
7053 7053 7053
Errors (total,f1,f2,f3): 
37.9 33.6 26.5 34 29.2 25.5 24.6 24.8 22.9 17.9 13.8 12.5 11.7 11.2 13 14.2 16 19.9 27.2 41.8
7.4 6.5 6.3 6.1 6.5 7.2 7.1 7.1 7.1 6.7 5.6 5.5 5.6 5.6 5.7 6.4 6.3 6.5 6.8 6.9
7.8 7.1 6.4 6.2 6.2 5.8 6.4 5.9 5 3.2 2.5 2.2 1.7 2.1 2.5 3.2 4.1 6 10 17.7
22.7 20 13.8 21.7 16.5 12.5 11.1 11.8 10.8 8 5.7 4.8 4.4 3.5 4.8 4.6 5.6 7.4 10.4 17.2
Coefficients are (row-wise by formant):
895.4 -15.2 -63.2 -14.4 -30.4 -4.3
1934.2 198 54.3 10.7 13.7 3.8
2835.4 80.1 81.7 0.6 4.2 -6.3
