S18_selected_tokens_0006 analysis information:
Number of steps:
20
Cutoff frequencies were: 
5000 5158 5316 5474 5632 5789 5947 6105 6263 6421 6579 6737 6895 7053 7211 7368 7526 7684 7842 8000
Number of coefficients for prediction: 
5
Number of formants: 
3
Winner is:
5947 5947 5947
Errors (total,f1,f2,f3): 
7.2 7.2 7.5 8.9 7.9 7.8 6 6.1 6.6 7.8 9.6 9.8 12 340.7 323.3 293.6 304.9 330.9 298.2 16.3
1.6 1.8 2.2 2.1 1.9 1.7 1.7 1.7 1.8 2 3.6 4 5 201.9 188.6 169.1 175.4 189.8 164.4 6.8
3.1 3.2 3.4 4.1 3.2 3.1 2.7 2.8 3 3.5 4 4.5 5.1 71.4 69.3 68.3 65.8 73.8 75.7 7.3
2.5 2.2 1.9 2.7 2.8 3 1.6 1.6 1.8 2.3 2 1.3 1.9 67.4 65.4 56.2 63.7 67.3 58.1 2.2
Coefficients are (row-wise by formant):
506.5 -38.3 -33.7 -8.6 -10.2 -0.2
2065.8 63.5 -17.9 17.6 -5.5 5.5
2889.1 37 -13.5 12.2 -4.1 0.5
