S18_selected_tokens_0017 analysis information:
Number of steps:
20
Cutoff frequencies were: 
5000 5158 5316 5474 5632 5789 5947 6105 6263 6421 6579 6737 6895 7053 7211 7368 7526 7684 7842 8000
Number of coefficients for prediction: 
5
Number of formants: 
3
Winner is:
7368 7368 7368
Errors (total,f1,f2,f3): 
62.1 69.1 60.7 46.8 33.7 22.3 35.4 28.3 22.6 30.5 44 57.5 46.9 30.6 13.2 11.5 13.4 16.2 31.9 353.9
2.7 3.4 3.7 4.1 4.2 3.6 3.1 2.9 3.2 3.8 4.6 5.5 6 6.3 6.2 6.3 6.9 8.3 23.5 134.8
4 3.3 3.2 3 2.9 2.8 2.8 2.2 2.3 3 4 4.7 4.6 4.2 3.4 2.7 2.2 2 2.3 93.7
55.4 62.4 53.8 39.7 26.6 15.9 29.5 23.2 17.1 23.7 35.4 47.3 36.3 20.1 3.6 2.5 4.3 5.9 6.1 125.4
Coefficients are (row-wise by formant):
730.7 -75.4 -74.2 -27.7 -40 -12
1995.2 -43.7 -28.1 -10.1 -19.6 -7.4
3150.6 -136.1 -39.2 0.1 -7 -10
