S18_selected_tokens_0085 analysis information:
Number of steps:
20
Cutoff frequencies were: 
5000 5158 5316 5474 5632 5789 5947 6105 6263 6421 6579 6737 6895 7053 7211 7368 7526 7684 7842 8000
Number of coefficients for prediction: 
5
Number of formants: 
3
Winner is:
6421 6421 6421
Errors (total,f1,f2,f3): 
32.1 32.2 27.9 27.3 33 34.5 34.3 34.4 34.3 25.4 28.6 33.6 38.2 39.7 46.6 47.6 44.2 50.8 51.1 58.6
8.2 9.2 9.4 10.3 10.6 11.1 11.9 11 11.6 10.5 10.8 10.5 11.9 11.7 13.7 14.1 12.4 12.6 10.1 8.6
4.7 4 4.1 4 5.9 6.8 6.2 5.4 4.4 5 5.4 5.6 5.2 5.6 6.2 5.7 5.9 7 8.4 10.9
19.2 19 14.4 13 16.5 16.6 16.2 18 18.3 9.9 12.4 17.5 21.1 22.4 26.7 27.8 25.9 31.2 32.6 39.1
Coefficients are (row-wise by formant):
704.9 -110.3 -35.3 7.6 -32.1 9.5
2155.8 281 -106.7 1.7 -22.1 11
2860 92.8 12.2 13.4 -52.5 41.4
