S18_selected_tokens_0073 analysis information:
Number of steps:
20
Cutoff frequencies were: 
5000 5158 5316 5474 5632 5789 5947 6105 6263 6421 6579 6737 6895 7053 7211 7368 7526 7684 7842 8000
Number of coefficients for prediction: 
5
Number of formants: 
3
Winner is:
5158 5158 5158
Errors (total,f1,f2,f3): 
61.9 58.2 61.9 67.3 66.5 247.9 338.2 429.9 455.4 413.4 315.2 323.8 375.1 598.3 390.1 397.1 341.4 664.4 682.1 524.2
8.3 8.6 9.3 10.9 11.9 105.7 144.8 189.3 203.2 206 153.4 152.9 181.1 320.9 183.1 182.9 122.1 215 214.4 174.1
16.5 13.8 14.9 13.7 12.5 64.8 90.4 108.3 111.6 97.1 78.6 82.7 86.6 146 109.8 145.2 140.5 197.5 239 174.4
37.1 35.8 37.7 42.7 42.1 77.4 103 132.3 140.6 110.3 83.2 88.2 107.4 131.4 97.2 69 78.8 251.9 228.7 175.7
Coefficients are (row-wise by formant):
352 -22.1 -20.2 -2.6 -15.5 -1.9
1936.8 139.6 83.2 -46.7 23.9 -12.8
2559.4 80.5 -23.9 59.7 -15.9 48.8
