S18_selected_tokens_0090 analysis information:
Number of steps:
20
Cutoff frequencies were: 
5000 5158 5316 5474 5632 5789 5947 6105 6263 6421 6579 6737 6895 7053 7211 7368 7526 7684 7842 8000
Number of coefficients for prediction: 
5
Number of formants: 
3
Winner is:
7211 7211 7211
Errors (total,f1,f2,f3): 
235.8 371.2 190.1 33 177.3 138.2 43.9 33.3 33.9 32.9 25.2 28.6 27.5 25.1 24.6 30.4 32.9 30.7 30.1 31.6
16.1 42.8 33.7 9.7 11.1 11.3 11.8 11.9 13.7 13.8 5.4 4.9 4.8 4.9 5.1 6.5 6.6 6.5 6.5 6.2
189.6 260.7 118.5 8.3 63 63 10.9 10.4 10.5 10.4 8 6.7 6.6 6.1 6.4 7.7 8.7 10.6 12 13.2
30.1 67.7 37.9 15 103.2 63.9 21.2 11 9.7 8.7 11.8 17 16.1 14.1 13.1 16.2 17.6 13.6 11.6 12.2
Coefficients are (row-wise by formant):
605.2 -171.9 2.2 25.4 -17.9 -7.3
2534.2 518 -84.5 -30.1 12.3 24.8
3271.7 264.8 84.2 -12 -22.5 -8.8
