S18_selected_tokens_0104 analysis information:
Number of steps:
20
Cutoff frequencies were: 
5000 5158 5316 5474 5632 5789 5947 6105 6263 6421 6579 6737 6895 7053 7211 7368 7526 7684 7842 8000
Number of coefficients for prediction: 
5
Number of formants: 
3
Winner is:
6421 6421 6421
Errors (total,f1,f2,f3): 
69.9 81.9 108 96.3 66.9 71.5 52.7 18.6 18.1 17.5 18 19.8 22.2 23.5 23.5 22.6 22.9 24.3 29 39.9
10 9.3 8.3 8.5 9.6 9.8 9.8 9.8 9 8.1 7.7 8.5 9.2 9.9 10 9.2 9 8.1 7.7 8.6
5.2 4.7 6.1 5.8 5.3 4 3.9 3.3 4 4.5 4.6 4.5 4.6 4.6 4.5 4.5 5.1 6.2 8.2 11.4
54.7 67.9 93.6 82 52 57.7 39 5.5 5.1 4.9 5.7 6.8 8.4 9 9 8.9 8.8 10 13.1 19.9
Coefficients are (row-wise by formant):
999.5 46.5 -75.1 0.2 -34.8 5.9
1799.9 -64.7 76.4 -2.7 7.9 -1.3
2925.9 -40.1 45.4 -28.5 0.8 7.6
