S18_selected_tokens_0065 analysis information:
Number of steps:
20
Cutoff frequencies were: 
5000 5158 5316 5474 5632 5789 5947 6105 6263 6421 6579 6737 6895 7053 7211 7368 7526 7684 7842 8000
Number of coefficients for prediction: 
5
Number of formants: 
3
Winner is:
5632 5632 5632
Errors (total,f1,f2,f3): 
32.9 34.3 33.4 33.7 28 28.6 30.8 34.6 60.1 245.5 210.8 255.6 296.5 405.1 522.1 528.4 388.4 182.8 202.1 474.6
1.9 1.1 1 1 0.7 0.8 0.7 1 2.5 3.9 4.5 4.5 5.2 16.6 144 87.7 78.9 83.3 100.8 168.1
18.3 20.6 19.7 20.7 16.1 15.4 18.7 23.7 45 162.8 114.9 109.7 124.6 206.6 130.6 200.8 67.4 25.7 26.4 79.7
12.7 12.6 12.7 12 11.2 12.4 11.4 9.9 12.6 78.8 91.4 141.4 166.7 181.9 247.5 239.9 242.1 73.8 74.9 226.8
Coefficients are (row-wise by formant):
363.1 -3.5 -1.6 -1.6 -1.3 -0.2
1439.1 161.7 170.5 -6.6 55.3 -24.3
2557.8 15.5 3.6 -2.6 -18.4 19.4
