S18_selected_tokens_0107 analysis information:
Number of steps:
20
Cutoff frequencies were: 
5000 5158 5316 5474 5632 5789 5947 6105 6263 6421 6579 6737 6895 7053 7211 7368 7526 7684 7842 8000
Number of coefficients for prediction: 
5
Number of formants: 
3
Winner is:
7368 7368 7368
Errors (total,f1,f2,f3): 
84 94.5 104.2 63.7 70.3 78.2 70.7 57.5 48.5 26.2 24.5 25.3 27 25.7 24.1 22.9 24.4 26.9 32.9 48.5
10.2 9.2 8 7.8 8.4 8.2 9.7 10.2 11.3 11.1 9.8 9 9.4 8.8 8.9 8.8 9.1 8.7 8.9 12.4
49 30.1 22.4 10.1 9.1 9.9 14.7 7.7 7.8 6.2 5.1 5.4 5.9 5.7 5.1 4.8 5.2 5.6 5.9 8
24.8 55.2 73.8 45.8 52.8 60.1 46.3 39.6 29.4 8.9 9.6 10.9 11.7 11.2 10.1 9.3 10.1 12.6 18.1 28.1
Coefficients are (row-wise by formant):
852.6 -105.1 -59.2 12 -33.1 11.1
2053.7 225.8 -43.3 -38.2 -3.4 -12.5
2875.9 57.5 45.7 -80.3 -5.8 3.7
