S18_selected_tokens_0048 analysis information:
Number of steps:
20
Cutoff frequencies were: 
5000 5158 5316 5474 5632 5789 5947 6105 6263 6421 6579 6737 6895 7053 7211 7368 7526 7684 7842 8000
Number of coefficients for prediction: 
5
Number of formants: 
3
Winner is:
5474 5474 5474
Errors (total,f1,f2,f3): 
40.9 40.4 38.4 37.6 40.7 43.2 46.2 39.2 52.8 86.5 596.2 739.3 627.6 286 175.2 116.5 110.6 113.1 126 130.8
5.6 5.6 4.8 4.5 5.3 6.1 7.2 7.9 12.7 35.4 79.7 97.4 72.1 37.3 39 34.9 32 32.5 41.1 42.5
14.9 14.7 15.8 16.1 15 14.4 15.7 23.5 32.4 41.3 301.8 347.9 307.1 130.7 60.1 36.6 36 37 38.4 42
20.4 20.1 17.8 17 20.4 22.7 23.3 7.8 7.7 9.8 214.7 294 248.4 118 76.1 45 42.6 43.6 46.5 46.3
Coefficients are (row-wise by formant):
470.2 29.6 -13.4 -2 -7.4 -1.7
1024.5 -89.3 106.8 -57.7 40.7 -24.2
2475.1 74 -43.2 36.2 -31.4 29.6
