S18_selected_tokens_0023 analysis information:
Number of steps:
20
Cutoff frequencies were: 
5000 5158 5316 5474 5632 5789 5947 6105 6263 6421 6579 6737 6895 7053 7211 7368 7526 7684 7842 8000
Number of coefficients for prediction: 
5
Number of formants: 
3
Winner is:
6263 6263 6263
Errors (total,f1,f2,f3): 
197.3 259.7 170.4 165.5 157.6 63 50.8 48.9 48.3 48.5 54.7 180.4 284.1 364.2 423.8 594.1 581.8 472.8 627.4 1078.5
4.1 3.5 3.1 3.3 3.5 3.8 3.9 3.8 3.6 4.3 9.8 70.5 129.8 170.6 196.7 266.2 315.5 273.6 349.2 515.6
135.5 184.6 113.9 110.4 94.4 20.7 19.9 18.2 18.4 19.5 20.1 34.8 45.3 54.5 62.7 157.1 115.9 70.3 113.4 273.9
57.7 71.6 53.4 51.8 59.7 38.5 27 26.9 26.3 24.7 24.8 75.1 109 139.1 164.4 170.8 150.4 128.9 164.8 289
Coefficients are (row-wise by formant):
395.7 -56.3 15.7 2.4 -3.8 -4.4
2322 411.2 -345.5 -6.5 -67.9 10.2
2983.9 -32.3 -31.1 -91.2 -41.3 9.7
