labels_S06_selected_tokens_0_0_0_5903
0 0 11 11 4.034240638152395
0 0 14 14 4.034240638152395
0 0 24 24 4.034240638152395
0 0 42 42 4.034240638152395
0 0 48 48 4.034240638152395
0 0 52 52 4.034240638152395
0 0 16 16 4.034240638152395
0 0 38 38 4.034240638152395
0 0 51 51 4.034240638152395
0 0 5 5 4.034240638152395
0 -0.0

labels_S06_selected_tokens_0_5903_1_1651
0 0 11 11 4.034240638152395
0 0 14 14 4.034240638152395
0 0 24 24 4.034240638152395
0 0 42 42 4.034240638152395
0 0 48 48 4.034240638152395
0 0 52 52 4.034240638152395
0 0 16 16 4.034240638152395
0 0 38 38 4.034240638152395
0 0 51 51 4.034240638152395
0 0 5 5 4.034240638152395
0 -0.0

labels_S06_selected_tokens_10_873_12_019
0 0 16 16 4.034240638152395
0 0 11 11 4.034240638152395
0 0 14 14 4.034240638152395
0 0 24 24 4.034240638152395
0 0 42 42 4.034240638152395
0 0 48 48 4.034240638152395
0 0 52 52 4.034240638152395
0 0 38 38 4.034240638152395
0 0 51 51 4.034240638152395
0 0 5 5 4.034240638152395
0 -0.0

labels_S06_selected_tokens_12_019_12_9908
0 0 38 38 4.034240638152395
0 0 11 11 4.034240638152395
0 0 14 14 4.034240638152395
0 0 24 24 4.034240638152395
0 0 42 42 4.034240638152395
0 0 48 48 4.034240638152395
0 0 52 52 4.034240638152395
0 0 16 16 4.034240638152395
0 0 51 51 4.034240638152395
0 0 5 5 4.034240638152395
0 -0.0

labels_S06_selected_tokens_12_9908_14_0963
0 0 38 38 4.034240638152395
0 0 11 11 4.034240638152395
0 0 14 14 4.034240638152395
0 0 24 24 4.034240638152395
0 0 42 42 4.034240638152395
0 0 48 48 4.034240638152395
0 0 52 52 4.034240638152395
0 0 16 16 4.034240638152395
0 0 51 51 4.034240638152395
0 0 5 5 4.034240638152395
0 -0.0

labels_S06_selected_tokens_14_0963_15_3963
0 0 51 51 4.034240638152395
0 0 11 11 4.034240638152395
0 0 14 14 4.034240638152395
0 0 24 24 4.034240638152395
0 0 42 42 4.034240638152395
0 0 48 48 4.034240638152395
0 0 52 52 4.034240638152395
0 0 16 16 4.034240638152395
0 0 38 38 4.034240638152395
0 0 5 5 4.034240638152395
0 -0.0

labels_S06_selected_tokens_15_3963_16_6766
0 0 51 51 4.034240638152395
0 0 11 11 4.034240638152395
0 0 14 14 4.034240638152395
0 0 24 24 4.034240638152395
0 0 42 42 4.034240638152395
0 0 48 48 4.034240638152395
0 0 52 52 4.034240638152395
0 0 16 16 4.034240638152395
0 0 38 38 4.034240638152395
0 0 5 5 4.034240638152395
0 -0.0

labels_S06_selected_tokens_16_6766_17_5999
0 0 5 5 4.034240638152395
0 0 11 11 4.034240638152395
0 0 14 14 4.034240638152395
0 0 24 24 4.034240638152395
0 0 42 42 4.034240638152395
0 0 48 48 4.034240638152395
0 0 52 52 4.034240638152395
0 0 16 16 4.034240638152395
0 0 38 38 4.034240638152395
0 0 51 51 4.034240638152395
0 -0.0

labels_S06_selected_tokens_17_5999_18_4936
0 0 5 5 4.034240638152395
0 0 11 11 4.034240638152395
0 0 14 14 4.034240638152395
0 0 24 24 4.034240638152395
0 0 42 42 4.034240638152395
0 0 48 48 4.034240638152395
0 0 52 52 4.034240638152395
0 0 16 16 4.034240638152395
0 0 38 38 4.034240638152395
0 0 51 51 4.034240638152395
0 -0.0

labels_S06_selected_tokens_18_4936_19_3119
0 0 18 18 -0.0
0 0 11 11 4.034240638152395
0 0 14 14 4.034240638152395
0 0 24 24 4.034240638152395
0 0 42 42 4.034240638152395
0 0 48 48 4.034240638152395
0 0 52 52 4.034240638152395
0 0 16 16 4.034240638152395
0 0 38 38 4.034240638152395
0 0 51 51 4.034240638152395
0 0 5 5 4.034240638152395
0 -0.0

labels_S06_selected_tokens_19_3119_20_1666
0 0 18 18 -0.0
0 0 11 11 4.034240638152395
0 0 14 14 4.034240638152395
0 0 24 24 4.034240638152395
0 0 42 42 4.034240638152395
0 0 48 48 4.034240638152395
0 0 52 52 4.034240638152395
0 0 16 16 4.034240638152395
0 0 38 38 4.034240638152395
0 0 51 51 4.034240638152395
0 0 5 5 4.034240638152395
0 -0.0

labels_S06_selected_tokens_1_1651_2_0132
0 0 14 14 4.034240638152395
0 0 11 11 4.034240638152395
0 0 24 24 4.034240638152395
0 0 42 42 4.034240638152395
0 0 48 48 4.034240638152395
0 0 52 52 4.034240638152395
0 0 16 16 4.034240638152395
0 0 38 38 4.034240638152395
0 0 51 51 4.034240638152395
0 0 5 5 4.034240638152395
0 -0.0

labels_S06_selected_tokens_20_1666_21_0302
0 0 26 26 -0.0
0 0 11 11 4.034240638152395
0 0 14 14 4.034240638152395
0 0 24 24 4.034240638152395
0 0 42 42 4.034240638152395
0 0 48 48 4.034240638152395
0 0 52 52 4.034240638152395
0 0 16 16 4.034240638152395
0 0 38 38 4.034240638152395
0 0 51 51 4.034240638152395
0 0 5 5 4.034240638152395
0 -0.0

labels_S06_selected_tokens_21_0302_21_894
0 0 26 26 -0.0
0 0 11 11 4.034240638152395
0 0 14 14 4.034240638152395
0 0 24 24 4.034240638152395
0 0 42 42 4.034240638152395
0 0 48 48 4.034240638152395
0 0 52 52 4.034240638152395
0 0 16 16 4.034240638152395
0 0 38 38 4.034240638152395
0 0 51 51 4.034240638152395
0 0 5 5 4.034240638152395
0 -0.0

labels_S06_selected_tokens_21_894_22_7396
0 0 55 55 -0.0
0 0 11 11 4.034240638152395
0 0 14 14 4.034240638152395
0 0 24 24 4.034240638152395
0 0 42 42 4.034240638152395
0 0 48 48 4.034240638152395
0 0 52 52 4.034240638152395
0 0 16 16 4.034240638152395
0 0 38 38 4.034240638152395
0 0 51 51 4.034240638152395
0 0 5 5 4.034240638152395
0 -0.0

labels_S06_selected_tokens_22_7396_23_5008
0 0 55 55 -0.0
0 0 11 11 4.034240638152395
0 0 14 14 4.034240638152395
0 0 24 24 4.034240638152395
0 0 42 42 4.034240638152395
0 0 48 48 4.034240638152395
0 0 52 52 4.034240638152395
0 0 16 16 4.034240638152395
0 0 38 38 4.034240638152395
0 0 51 51 4.034240638152395
0 0 5 5 4.034240638152395
0 -0.0

labels_S06_selected_tokens_23_5008_24_2198
0 0 56 56 -0.0
0 0 11 11 4.034240638152395
0 0 14 14 4.034240638152395
0 0 24 24 4.034240638152395
0 0 42 42 4.034240638152395
0 0 48 48 4.034240638152395
0 0 52 52 4.034240638152395
0 0 16 16 4.034240638152395
0 0 38 38 4.034240638152395
0 0 51 51 4.034240638152395
0 0 5 5 4.034240638152395
0 -0.0

labels_S06_selected_tokens_24_2198_24_9219
0 0 56 56 -0.0
0 0 11 11 4.034240638152395
0 0 14 14 4.034240638152395
0 0 24 24 4.034240638152395
0 0 42 42 4.034240638152395
0 0 48 48 4.034240638152395
0 0 52 52 4.034240638152395
0 0 16 16 4.034240638152395
0 0 38 38 4.034240638152395
0 0 51 51 4.034240638152395
0 0 5 5 4.034240638152395
0 -0.0

labels_S06_selected_tokens_24_9219_26_0457
0 0 43 43 -0.0
0 0 11 11 4.034240638152395
0 0 14 14 4.034240638152395
0 0 24 24 4.034240638152395
0 0 42 42 4.034240638152395
0 0 48 48 4.034240638152395
0 0 52 52 4.034240638152395
0 0 16 16 4.034240638152395
0 0 38 38 4.034240638152395
0 0 51 51 4.034240638152395
0 0 5 5 4.034240638152395
0 -0.0

labels_S06_selected_tokens_26_0457_27_2129
0 0 43 43 -0.0
0 0 11 11 4.034240638152395
0 0 14 14 4.034240638152395
0 0 24 24 4.034240638152395
0 0 42 42 4.034240638152395
0 0 48 48 4.034240638152395
0 0 52 52 4.034240638152395
0 0 16 16 4.034240638152395
0 0 38 38 4.034240638152395
0 0 51 51 4.034240638152395
0 0 5 5 4.034240638152395
0 -0.0

labels_S06_selected_tokens_27_2129_28_1566
0 0 10 10 -0.0
0 0 11 11 4.034240638152395
0 0 14 14 4.034240638152395
0 0 24 24 4.034240638152395
0 0 42 42 4.034240638152395
0 0 48 48 4.034240638152395
0 0 52 52 4.034240638152395
0 0 16 16 4.034240638152395
0 0 38 38 4.034240638152395
0 0 51 51 4.034240638152395
0 0 5 5 4.034240638152395
0 -0.0

labels_S06_selected_tokens_28_1566_28_8764
0 0 23 23 -0.0
0 0 11 11 4.034240638152395
0 0 14 14 4.034240638152395
0 0 24 24 4.034240638152395
0 0 42 42 4.034240638152395
0 0 48 48 4.034240638152395
0 0 52 52 4.034240638152395
0 0 16 16 4.034240638152395
0 0 38 38 4.034240638152395
0 0 51 51 4.034240638152395
0 0 5 5 4.034240638152395
0 -0.0

labels_S06_selected_tokens_28_8764_29_5006
0 0 23 23 -0.0
0 0 11 11 4.034240638152395
0 0 14 14 4.034240638152395
0 0 24 24 4.034240638152395
0 0 42 42 4.034240638152395
0 0 48 48 4.034240638152395
0 0 52 52 4.034240638152395
0 0 16 16 4.034240638152395
0 0 38 38 4.034240638152395
0 0 51 51 4.034240638152395
0 0 5 5 4.034240638152395
0 -0.0

labels_S06_selected_tokens_29_5006_30_4027
0 0 58 58 -0.0
0 0 11 11 4.034240638152395
0 0 14 14 4.034240638152395
0 0 24 24 4.034240638152395
0 0 42 42 4.034240638152395
0 0 48 48 4.034240638152395
0 0 52 52 4.034240638152395
0 0 16 16 4.034240638152395
0 0 38 38 4.034240638152395
0 0 51 51 4.034240638152395
0 0 5 5 4.034240638152395
0 -0.0

labels_S06_selected_tokens_2_0132_2_8371
0 0 14 14 4.034240638152395
0 0 11 11 4.034240638152395
0 0 24 24 4.034240638152395
0 0 42 42 4.034240638152395
0 0 48 48 4.034240638152395
0 0 52 52 4.034240638152395
0 0 16 16 4.034240638152395
0 0 38 38 4.034240638152395
0 0 51 51 4.034240638152395
0 0 5 5 4.034240638152395
0 -0.0

labels_S06_selected_tokens_2_8371_3_5009
0 0 24 24 4.034240638152395
0 0 11 11 4.034240638152395
0 0 14 14 4.034240638152395
0 0 42 42 4.034240638152395
0 0 48 48 4.034240638152395
0 0 52 52 4.034240638152395
0 0 16 16 4.034240638152395
0 0 38 38 4.034240638152395
0 0 51 51 4.034240638152395
0 0 5 5 4.034240638152395
0 -0.0

labels_S06_selected_tokens_30_4027_31_2829
0 0 58 58 -0.0
0 0 11 11 4.034240638152395
0 0 14 14 4.034240638152395
0 0 24 24 4.034240638152395
0 0 42 42 4.034240638152395
0 0 48 48 4.034240638152395
0 0 52 52 4.034240638152395
0 0 16 16 4.034240638152395
0 0 38 38 4.034240638152395
0 0 51 51 4.034240638152395
0 0 5 5 4.034240638152395
0 -0.0

labels_S06_selected_tokens_31_2829_32_1435
0 0 19 19 -0.0
0 0 11 11 4.034240638152395
0 0 14 14 4.034240638152395
0 0 24 24 4.034240638152395
0 0 42 42 4.034240638152395
0 0 48 48 4.034240638152395
0 0 52 52 4.034240638152395
0 0 16 16 4.034240638152395
0 0 38 38 4.034240638152395
0 0 51 51 4.034240638152395
0 0 5 5 4.034240638152395
0 -0.0

labels_S06_selected_tokens_32_1435_33_0023
0 0 19 19 -0.0
0 0 11 11 4.034240638152395
0 0 14 14 4.034240638152395
0 0 24 24 4.034240638152395
0 0 42 42 4.034240638152395
0 0 48 48 4.034240638152395
0 0 52 52 4.034240638152395
0 0 16 16 4.034240638152395
0 0 38 38 4.034240638152395
0 0 51 51 4.034240638152395
0 0 5 5 4.034240638152395
0 -0.0

labels_S06_selected_tokens_33_0023_33_7756
0 0 22 22 -0.0
0 0 11 11 4.034240638152395
0 0 14 14 4.034240638152395
0 0 24 24 4.034240638152395
0 0 42 42 4.034240638152395
0 0 48 48 4.034240638152395
0 0 52 52 4.034240638152395
0 0 16 16 4.034240638152395
0 0 38 38 4.034240638152395
0 0 51 51 4.034240638152395
0 0 5 5 4.034240638152395
0 -0.0

labels_S06_selected_tokens_33_7756_34_5491
0 0 22 22 -0.0
0 0 11 11 4.034240638152395
0 0 14 14 4.034240638152395
0 0 24 24 4.034240638152395
0 0 42 42 4.034240638152395
0 0 48 48 4.034240638152395
0 0 52 52 4.034240638152395
0 0 16 16 4.034240638152395
0 0 38 38 4.034240638152395
0 0 51 51 4.034240638152395
0 0 5 5 4.034240638152395
0 -0.0

labels_S06_selected_tokens_34_5491_35_3533
0 0 13 13 -0.0
0 0 11 11 4.034240638152395
0 0 14 14 4.034240638152395
0 0 24 24 4.034240638152395
0 0 42 42 4.034240638152395
0 0 48 48 4.034240638152395
0 0 52 52 4.034240638152395
0 0 16 16 4.034240638152395
0 0 38 38 4.034240638152395
0 0 51 51 4.034240638152395
0 0 5 5 4.034240638152395
0 -0.0

labels_S06_selected_tokens_35_3533_36_0196
0 0 13 13 -0.0
0 0 11 11 4.034240638152395
0 0 14 14 4.034240638152395
0 0 24 24 4.034240638152395
0 0 42 42 4.034240638152395
0 0 48 48 4.034240638152395
0 0 52 52 4.034240638152395
0 0 16 16 4.034240638152395
0 0 38 38 4.034240638152395
0 0 51 51 4.034240638152395
0 0 5 5 4.034240638152395
0 -0.0

labels_S06_selected_tokens_36_0196_36_6565
0 0 54 54 -0.0
0 0 11 11 4.034240638152395
0 0 14 14 4.034240638152395
0 0 24 24 4.034240638152395
0 0 42 42 4.034240638152395
0 0 48 48 4.034240638152395
0 0 52 52 4.034240638152395
0 0 16 16 4.034240638152395
0 0 38 38 4.034240638152395
0 0 51 51 4.034240638152395
0 0 5 5 4.034240638152395
0 -0.0

labels_S06_selected_tokens_36_6565_37_3769
0 0 54 54 -0.0
0 0 11 11 4.034240638152395
0 0 14 14 4.034240638152395
0 0 24 24 4.034240638152395
0 0 42 42 4.034240638152395
0 0 48 48 4.034240638152395
0 0 52 52 4.034240638152395
0 0 16 16 4.034240638152395
0 0 38 38 4.034240638152395
0 0 51 51 4.034240638152395
0 0 5 5 4.034240638152395
0 -0.0

labels_S06_selected_tokens_37_3769_38_0665
0 0 8 8 -0.0
0 0 11 11 4.034240638152395
0 0 14 14 4.034240638152395
0 0 24 24 4.034240638152395
0 0 42 42 4.034240638152395
0 0 48 48 4.034240638152395
0 0 52 52 4.034240638152395
0 0 16 16 4.034240638152395
0 0 38 38 4.034240638152395
0 0 51 51 4.034240638152395
0 0 5 5 4.034240638152395
0 -0.0

labels_S06_selected_tokens_38_0665_38_8503
0 0 8 8 -0.0
0 0 11 11 4.034240638152395
0 0 14 14 4.034240638152395
0 0 24 24 4.034240638152395
0 0 42 42 4.034240638152395
0 0 48 48 4.034240638152395
0 0 52 52 4.034240638152395
0 0 16 16 4.034240638152395
0 0 38 38 4.034240638152395
0 0 51 51 4.034240638152395
0 0 5 5 4.034240638152395
0 -0.0

labels_S06_selected_tokens_38_8503_39_4735
0 0 17 17 -0.0
0 0 11 11 4.034240638152395
0 0 14 14 4.034240638152395
0 0 24 24 4.034240638152395
0 0 42 42 4.034240638152395
0 0 48 48 4.034240638152395
0 0 52 52 4.034240638152395
0 0 16 16 4.034240638152395
0 0 38 38 4.034240638152395
0 0 51 51 4.034240638152395
0 0 5 5 4.034240638152395
0 -0.0

labels_S06_selected_tokens_39_4735_40_1064
0 0 17 17 -0.0
0 0 11 11 4.034240638152395
0 0 14 14 4.034240638152395
0 0 24 24 4.034240638152395
0 0 42 42 4.034240638152395
0 0 48 48 4.034240638152395
0 0 52 52 4.034240638152395
0 0 16 16 4.034240638152395
0 0 38 38 4.034240638152395
0 0 51 51 4.034240638152395
0 0 5 5 4.034240638152395
0 -0.0

labels_S06_selected_tokens_3_5009_4_1257
0 0 24 24 4.034240638152395
0 0 11 11 4.034240638152395
0 0 14 14 4.034240638152395
0 0 42 42 4.034240638152395
0 0 48 48 4.034240638152395
0 0 52 52 4.034240638152395
0 0 16 16 4.034240638152395
0 0 38 38 4.034240638152395
0 0 51 51 4.034240638152395
0 0 5 5 4.034240638152395
0 -0.0

labels_S06_selected_tokens_40_1064_40_8744
0 0 20 20 -0.0
0 0 11 11 4.034240638152395
0 0 14 14 4.034240638152395
0 0 24 24 4.034240638152395
0 0 42 42 4.034240638152395
0 0 48 48 4.034240638152395
0 0 52 52 4.034240638152395
0 0 16 16 4.034240638152395
0 0 38 38 4.034240638152395
0 0 51 51 4.034240638152395
0 0 5 5 4.034240638152395
0 -0.0

labels_S06_selected_tokens_40_8744_41_6846
0 0 20 20 -0.0
0 0 11 11 4.034240638152395
0 0 14 14 4.034240638152395
0 0 24 24 4.034240638152395
0 0 42 42 4.034240638152395
0 0 48 48 4.034240638152395
0 0 52 52 4.034240638152395
0 0 16 16 4.034240638152395
0 0 38 38 4.034240638152395
0 0 51 51 4.034240638152395
0 0 5 5 4.034240638152395
0 -0.0

labels_S06_selected_tokens_41_6846_42_4998
0 0 27 27 -0.0
0 0 11 11 4.034240638152395
0 0 14 14 4.034240638152395
0 0 24 24 4.034240638152395
0 0 42 42 4.034240638152395
0 0 48 48 4.034240638152395
0 0 52 52 4.034240638152395
0 0 16 16 4.034240638152395
0 0 38 38 4.034240638152395
0 0 51 51 4.034240638152395
0 0 5 5 4.034240638152395
0 -0.0

labels_S06_selected_tokens_42_4998_43_343
0 0 27 27 -0.0
0 0 11 11 4.034240638152395
0 0 14 14 4.034240638152395
0 0 24 24 4.034240638152395
0 0 42 42 4.034240638152395
0 0 48 48 4.034240638152395
0 0 52 52 4.034240638152395
0 0 16 16 4.034240638152395
0 0 38 38 4.034240638152395
0 0 51 51 4.034240638152395
0 0 5 5 4.034240638152395
0 -0.0

labels_S06_selected_tokens_43_343_44_133
0 0 31 31 -0.0
0 0 11 11 4.034240638152395
0 0 14 14 4.034240638152395
0 0 24 24 4.034240638152395
0 0 42 42 4.034240638152395
0 0 48 48 4.034240638152395
0 0 52 52 4.034240638152395
0 0 16 16 4.034240638152395
0 0 38 38 4.034240638152395
0 0 51 51 4.034240638152395
0 0 5 5 4.034240638152395
0 -0.0

labels_S06_selected_tokens_44_133_44_9346
0 0 31 31 -0.0
0 0 11 11 4.034240638152395
0 0 14 14 4.034240638152395
0 0 24 24 4.034240638152395
0 0 42 42 4.034240638152395
0 0 48 48 4.034240638152395
0 0 52 52 4.034240638152395
0 0 16 16 4.034240638152395
0 0 38 38 4.034240638152395
0 0 51 51 4.034240638152395
0 0 5 5 4.034240638152395
0 -0.0

labels_S06_selected_tokens_44_9346_45_712
0 0 35 35 -0.0
0 0 11 11 4.034240638152395
0 0 14 14 4.034240638152395
0 0 24 24 4.034240638152395
0 0 42 42 4.034240638152395
0 0 48 48 4.034240638152395
0 0 52 52 4.034240638152395
0 0 16 16 4.034240638152395
0 0 38 38 4.034240638152395
0 0 51 51 4.034240638152395
0 0 5 5 4.034240638152395
0 -0.0

labels_S06_selected_tokens_45_712_46_4122
0 0 35 35 -0.0
0 0 11 11 4.034240638152395
0 0 14 14 4.034240638152395
0 0 24 24 4.034240638152395
0 0 42 42 4.034240638152395
0 0 48 48 4.034240638152395
0 0 52 52 4.034240638152395
0 0 16 16 4.034240638152395
0 0 38 38 4.034240638152395
0 0 51 51 4.034240638152395
0 0 5 5 4.034240638152395
0 -0.0

labels_S06_selected_tokens_46_4122_47_1235
0 0 30 30 -0.0
0 0 11 11 4.034240638152395
0 0 14 14 4.034240638152395
0 0 24 24 4.034240638152395
0 0 42 42 4.034240638152395
0 0 48 48 4.034240638152395
0 0 52 52 4.034240638152395
0 0 16 16 4.034240638152395
0 0 38 38 4.034240638152395
0 0 51 51 4.034240638152395
0 0 5 5 4.034240638152395
0 -0.0

labels_S06_selected_tokens_47_1235_47_836
0 0 30 30 -0.0
0 0 11 11 4.034240638152395
0 0 14 14 4.034240638152395
0 0 24 24 4.034240638152395
0 0 42 42 4.034240638152395
0 0 48 48 4.034240638152395
0 0 52 52 4.034240638152395
0 0 16 16 4.034240638152395
0 0 38 38 4.034240638152395
0 0 51 51 4.034240638152395
0 0 5 5 4.034240638152395
0 -0.0

labels_S06_selected_tokens_47_836_48_573
0 0 21 21 -0.0
0 0 11 11 4.034240638152395
0 0 14 14 4.034240638152395
0 0 24 24 4.034240638152395
0 0 42 42 4.034240638152395
0 0 48 48 4.034240638152395
0 0 52 52 4.034240638152395
0 0 16 16 4.034240638152395
0 0 38 38 4.034240638152395
0 0 51 51 4.034240638152395
0 0 5 5 4.034240638152395
0 -0.0

labels_S06_selected_tokens_48_573_49_2609
0 0 21 21 -0.0
0 0 11 11 4.034240638152395
0 0 14 14 4.034240638152395
0 0 24 24 4.034240638152395
0 0 42 42 4.034240638152395
0 0 48 48 4.034240638152395
0 0 52 52 4.034240638152395
0 0 16 16 4.034240638152395
0 0 38 38 4.034240638152395
0 0 51 51 4.034240638152395
0 0 5 5 4.034240638152395
0 -0.0

labels_S06_selected_tokens_49_2609_49_9739
0 0 28 28 -0.0
0 0 11 11 4.034240638152395
0 0 14 14 4.034240638152395
0 0 24 24 4.034240638152395
0 0 42 42 4.034240638152395
0 0 48 48 4.034240638152395
0 0 52 52 4.034240638152395
0 0 16 16 4.034240638152395
0 0 38 38 4.034240638152395
0 0 51 51 4.034240638152395
0 0 5 5 4.034240638152395
0 -0.0

labels_S06_selected_tokens_49_9739_50_7995
0 0 28 28 -0.0
0 0 11 11 4.034240638152395
0 0 14 14 4.034240638152395
0 0 24 24 4.034240638152395
0 0 42 42 4.034240638152395
0 0 48 48 4.034240638152395
0 0 52 52 4.034240638152395
0 0 16 16 4.034240638152395
0 0 38 38 4.034240638152395
0 0 51 51 4.034240638152395
0 0 5 5 4.034240638152395
0 -0.0

labels_S06_selected_tokens_4_1257_5_1476
0 0 42 42 4.034240638152395
0 0 11 11 4.034240638152395
0 0 14 14 4.034240638152395
0 0 24 24 4.034240638152395
0 0 48 48 4.034240638152395
0 0 52 52 4.034240638152395
0 0 16 16 4.034240638152395
0 0 38 38 4.034240638152395
0 0 51 51 4.034240638152395
0 0 5 5 4.034240638152395
0 -0.0

labels_S06_selected_tokens_50_7995_51_5276
0 0 29 29 -0.0
0 0 11 11 4.034240638152395
0 0 14 14 4.034240638152395
0 0 24 24 4.034240638152395
0 0 42 42 4.034240638152395
0 0 48 48 4.034240638152395
0 0 52 52 4.034240638152395
0 0 16 16 4.034240638152395
0 0 38 38 4.034240638152395
0 0 51 51 4.034240638152395
0 0 5 5 4.034240638152395
0 -0.0

labels_S06_selected_tokens_51_5276_52_2147
0 0 29 29 -0.0
0 0 11 11 4.034240638152395
0 0 14 14 4.034240638152395
0 0 24 24 4.034240638152395
0 0 42 42 4.034240638152395
0 0 48 48 4.034240638152395
0 0 52 52 4.034240638152395
0 0 16 16 4.034240638152395
0 0 38 38 4.034240638152395
0 0 51 51 4.034240638152395
0 0 5 5 4.034240638152395
0 -0.0

labels_S06_selected_tokens_52_2147_53_0299
0 0 32 32 -0.0
0 0 11 11 4.034240638152395
0 0 14 14 4.034240638152395
0 0 24 24 4.034240638152395
0 0 42 42 4.034240638152395
0 0 48 48 4.034240638152395
0 0 52 52 4.034240638152395
0 0 16 16 4.034240638152395
0 0 38 38 4.034240638152395
0 0 51 51 4.034240638152395
0 0 5 5 4.034240638152395
0 -0.0

labels_S06_selected_tokens_53_0299_53_9609
0 0 32 32 -0.0
0 0 11 11 4.034240638152395
0 0 14 14 4.034240638152395
0 0 24 24 4.034240638152395
0 0 42 42 4.034240638152395
0 0 48 48 4.034240638152395
0 0 52 52 4.034240638152395
0 0 16 16 4.034240638152395
0 0 38 38 4.034240638152395
0 0 51 51 4.034240638152395
0 0 5 5 4.034240638152395
0 -0.0

labels_S06_selected_tokens_53_9609_55_1204
0 0 44 44 -0.0
0 0 11 11 4.034240638152395
0 0 14 14 4.034240638152395
0 0 24 24 4.034240638152395
0 0 42 42 4.034240638152395
0 0 48 48 4.034240638152395
0 0 52 52 4.034240638152395
0 0 16 16 4.034240638152395
0 0 38 38 4.034240638152395
0 0 51 51 4.034240638152395
0 0 5 5 4.034240638152395
0 -0.0

labels_S06_selected_tokens_55_1204_56_3064
0 0 44 44 -0.0
0 0 11 11 4.034240638152395
0 0 14 14 4.034240638152395
0 0 24 24 4.034240638152395
0 0 42 42 4.034240638152395
0 0 48 48 4.034240638152395
0 0 52 52 4.034240638152395
0 0 16 16 4.034240638152395
0 0 38 38 4.034240638152395
0 0 51 51 4.034240638152395
0 0 5 5 4.034240638152395
0 -0.0

labels_S06_selected_tokens_56_3064_57_3293
0 0 37 37 -0.0
0 0 11 11 4.034240638152395
0 0 14 14 4.034240638152395
0 0 24 24 4.034240638152395
0 0 42 42 4.034240638152395
0 0 48 48 4.034240638152395
0 0 52 52 4.034240638152395
0 0 16 16 4.034240638152395
0 0 38 38 4.034240638152395
0 0 51 51 4.034240638152395
0 0 5 5 4.034240638152395
0 -0.0

labels_S06_selected_tokens_57_3293_58_3222
0 0 37 37 -0.0
0 0 11 11 4.034240638152395
0 0 14 14 4.034240638152395
0 0 24 24 4.034240638152395
0 0 42 42 4.034240638152395
0 0 48 48 4.034240638152395
0 0 52 52 4.034240638152395
0 0 16 16 4.034240638152395
0 0 38 38 4.034240638152395
0 0 51 51 4.034240638152395
0 0 5 5 4.034240638152395
0 -0.0

labels_S06_selected_tokens_58_3222_59_335
0 0 41 41 -0.0
0 0 11 11 4.034240638152395
0 0 14 14 4.034240638152395
0 0 24 24 4.034240638152395
0 0 42 42 4.034240638152395
0 0 48 48 4.034240638152395
0 0 52 52 4.034240638152395
0 0 16 16 4.034240638152395
0 0 38 38 4.034240638152395
0 0 51 51 4.034240638152395
0 0 5 5 4.034240638152395
0 -0.0

labels_S06_selected_tokens_59_335_60_2719
0 0 41 41 -0.0
0 0 11 11 4.034240638152395
0 0 14 14 4.034240638152395
0 0 24 24 4.034240638152395
0 0 42 42 4.034240638152395
0 0 48 48 4.034240638152395
0 0 52 52 4.034240638152395
0 0 16 16 4.034240638152395
0 0 38 38 4.034240638152395
0 0 51 51 4.034240638152395
0 0 5 5 4.034240638152395
0 -0.0

labels_S06_selected_tokens_5_1476_6_2939
0 0 42 42 4.034240638152395
0 0 11 11 4.034240638152395
0 0 14 14 4.034240638152395
0 0 24 24 4.034240638152395
0 0 48 48 4.034240638152395
0 0 52 52 4.034240638152395
0 0 16 16 4.034240638152395
0 0 38 38 4.034240638152395
0 0 51 51 4.034240638152395
0 0 5 5 4.034240638152395
0 -0.0

labels_S06_selected_tokens_60_2719_61_2217
0 0 45 45 -0.0
0 0 11 11 4.034240638152395
0 0 14 14 4.034240638152395
0 0 24 24 4.034240638152395
0 0 42 42 4.034240638152395
0 0 48 48 4.034240638152395
0 0 52 52 4.034240638152395
0 0 16 16 4.034240638152395
0 0 38 38 4.034240638152395
0 0 51 51 4.034240638152395
0 0 5 5 4.034240638152395
0 -0.0

labels_S06_selected_tokens_61_2217_62_4041
0 0 45 45 -0.0
0 0 11 11 4.034240638152395
0 0 14 14 4.034240638152395
0 0 24 24 4.034240638152395
0 0 42 42 4.034240638152395
0 0 48 48 4.034240638152395
0 0 52 52 4.034240638152395
0 0 16 16 4.034240638152395
0 0 38 38 4.034240638152395
0 0 51 51 4.034240638152395
0 0 5 5 4.034240638152395
0 -0.0

labels_S06_selected_tokens_62_4041_63_1811
0 0 6 6 -0.0
0 0 11 11 4.034240638152395
0 0 14 14 4.034240638152395
0 0 24 24 4.034240638152395
0 0 42 42 4.034240638152395
0 0 48 48 4.034240638152395
0 0 52 52 4.034240638152395
0 0 16 16 4.034240638152395
0 0 38 38 4.034240638152395
0 0 51 51 4.034240638152395
0 0 5 5 4.034240638152395
0 -0.0

labels_S06_selected_tokens_63_1811_63_9407
0 0 6 6 -0.0
0 0 11 11 4.034240638152395
0 0 14 14 4.034240638152395
0 0 24 24 4.034240638152395
0 0 42 42 4.034240638152395
0 0 48 48 4.034240638152395
0 0 52 52 4.034240638152395
0 0 16 16 4.034240638152395
0 0 38 38 4.034240638152395
0 0 51 51 4.034240638152395
0 0 5 5 4.034240638152395
0 -0.0

labels_S06_selected_tokens_63_9407_64_6365
0 0 9 9 -0.0
0 0 11 11 4.034240638152395
0 0 14 14 4.034240638152395
0 0 24 24 4.034240638152395
0 0 42 42 4.034240638152395
0 0 48 48 4.034240638152395
0 0 52 52 4.034240638152395
0 0 16 16 4.034240638152395
0 0 38 38 4.034240638152395
0 0 51 51 4.034240638152395
0 0 5 5 4.034240638152395
0 -0.0

labels_S06_selected_tokens_64_6365_65_3301
0 0 9 9 -0.0
0 0 11 11 4.034240638152395
0 0 14 14 4.034240638152395
0 0 24 24 4.034240638152395
0 0 42 42 4.034240638152395
0 0 48 48 4.034240638152395
0 0 52 52 4.034240638152395
0 0 16 16 4.034240638152395
0 0 38 38 4.034240638152395
0 0 51 51 4.034240638152395
0 0 5 5 4.034240638152395
0 -0.0

labels_S06_selected_tokens_65_3301_66_2142
0 0 12 12 -0.0
0 0 11 11 4.034240638152395
0 0 14 14 4.034240638152395
0 0 24 24 4.034240638152395
0 0 42 42 4.034240638152395
0 0 48 48 4.034240638152395
0 0 52 52 4.034240638152395
0 0 16 16 4.034240638152395
0 0 38 38 4.034240638152395
0 0 51 51 4.034240638152395
0 0 5 5 4.034240638152395
0 -0.0

labels_S06_selected_tokens_66_2142_67_0765
0 0 12 12 -0.0
0 0 11 11 4.034240638152395
0 0 14 14 4.034240638152395
0 0 24 24 4.034240638152395
0 0 42 42 4.034240638152395
0 0 48 48 4.034240638152395
0 0 52 52 4.034240638152395
0 0 16 16 4.034240638152395
0 0 38 38 4.034240638152395
0 0 51 51 4.034240638152395
0 0 5 5 4.034240638152395
0 -0.0

labels_S06_selected_tokens_67_0765_68_005
0 0 46 46 -0.0
0 0 11 11 4.034240638152395
0 0 14 14 4.034240638152395
0 0 24 24 4.034240638152395
0 0 42 42 4.034240638152395
0 0 48 48 4.034240638152395
0 0 52 52 4.034240638152395
0 0 16 16 4.034240638152395
0 0 38 38 4.034240638152395
0 0 51 51 4.034240638152395
0 0 5 5 4.034240638152395
0 -0.0

labels_S06_selected_tokens_68_005_68_9165
0 0 46 46 -0.0
0 0 11 11 4.034240638152395
0 0 14 14 4.034240638152395
0 0 24 24 4.034240638152395
0 0 42 42 4.034240638152395
0 0 48 48 4.034240638152395
0 0 52 52 4.034240638152395
0 0 16 16 4.034240638152395
0 0 38 38 4.034240638152395
0 0 51 51 4.034240638152395
0 0 5 5 4.034240638152395
0 -0.0

labels_S06_selected_tokens_68_9165_69_7171
0 0 49 49 -0.0
0 0 11 11 4.034240638152395
0 0 14 14 4.034240638152395
0 0 24 24 4.034240638152395
0 0 42 42 4.034240638152395
0 0 48 48 4.034240638152395
0 0 52 52 4.034240638152395
0 0 16 16 4.034240638152395
0 0 38 38 4.034240638152395
0 0 51 51 4.034240638152395
0 0 5 5 4.034240638152395
0 -0.0

labels_S06_selected_tokens_69_7171_70_5097
0 0 49 49 -0.0
0 0 11 11 4.034240638152395
0 0 14 14 4.034240638152395
0 0 24 24 4.034240638152395
0 0 42 42 4.034240638152395
0 0 48 48 4.034240638152395
0 0 52 52 4.034240638152395
0 0 16 16 4.034240638152395
0 0 38 38 4.034240638152395
0 0 51 51 4.034240638152395
0 0 5 5 4.034240638152395
0 -0.0

labels_S06_selected_tokens_6_2939_7_2589
0 0 48 48 4.034240638152395
0 0 11 11 4.034240638152395
0 0 14 14 4.034240638152395
0 0 24 24 4.034240638152395
0 0 42 42 4.034240638152395
0 0 52 52 4.034240638152395
0 0 16 16 4.034240638152395
0 0 38 38 4.034240638152395
0 0 51 51 4.034240638152395
0 0 5 5 4.034240638152395
0 -0.0

labels_S06_selected_tokens_70_5097_71_269
0 0 25 25 -0.0
0 0 11 11 4.034240638152395
0 0 14 14 4.034240638152395
0 0 24 24 4.034240638152395
0 0 42 42 4.034240638152395
0 0 48 48 4.034240638152395
0 0 52 52 4.034240638152395
0 0 16 16 4.034240638152395
0 0 38 38 4.034240638152395
0 0 51 51 4.034240638152395
0 0 5 5 4.034240638152395
0 -0.0

labels_S06_selected_tokens_71_269_72_021
0 0 25 25 -0.0
0 0 11 11 4.034240638152395
0 0 14 14 4.034240638152395
0 0 24 24 4.034240638152395
0 0 42 42 4.034240638152395
0 0 48 48 4.034240638152395
0 0 52 52 4.034240638152395
0 0 16 16 4.034240638152395
0 0 38 38 4.034240638152395
0 0 51 51 4.034240638152395
0 0 5 5 4.034240638152395
0 -0.0

labels_S06_selected_tokens_72_021_72_8761
0 0 33 33 -0.0
0 0 11 11 4.034240638152395
0 0 14 14 4.034240638152395
0 0 24 24 4.034240638152395
0 0 42 42 4.034240638152395
0 0 48 48 4.034240638152395
0 0 52 52 4.034240638152395
0 0 16 16 4.034240638152395
0 0 38 38 4.034240638152395
0 0 51 51 4.034240638152395
0 0 5 5 4.034240638152395
0 -0.0

labels_S06_selected_tokens_72_8761_73_8714
0 0 33 33 -0.0
0 0 11 11 4.034240638152395
0 0 14 14 4.034240638152395
0 0 24 24 4.034240638152395
0 0 42 42 4.034240638152395
0 0 48 48 4.034240638152395
0 0 52 52 4.034240638152395
0 0 16 16 4.034240638152395
0 0 38 38 4.034240638152395
0 0 51 51 4.034240638152395
0 0 5 5 4.034240638152395
0 -0.0

labels_S06_selected_tokens_73_8714_74_6245
0 0 3 3 -0.0
0 0 11 11 4.034240638152395
0 0 14 14 4.034240638152395
0 0 24 24 4.034240638152395
0 0 42 42 4.034240638152395
0 0 48 48 4.034240638152395
0 0 52 52 4.034240638152395
0 0 16 16 4.034240638152395
0 0 38 38 4.034240638152395
0 0 51 51 4.034240638152395
0 0 5 5 4.034240638152395
0 -0.0

labels_S06_selected_tokens_74_6245_75_3608
0 0 3 3 -0.0
0 0 11 11 4.034240638152395
0 0 14 14 4.034240638152395
0 0 24 24 4.034240638152395
0 0 42 42 4.034240638152395
0 0 48 48 4.034240638152395
0 0 52 52 4.034240638152395
0 0 16 16 4.034240638152395
0 0 38 38 4.034240638152395
0 0 51 51 4.034240638152395
0 0 5 5 4.034240638152395
0 -0.0

labels_S06_selected_tokens_75_3608_76_1511
0 0 36 36 -0.0
0 0 11 11 4.034240638152395
0 0 14 14 4.034240638152395
0 0 24 24 4.034240638152395
0 0 42 42 4.034240638152395
0 0 48 48 4.034240638152395
0 0 52 52 4.034240638152395
0 0 16 16 4.034240638152395
0 0 38 38 4.034240638152395
0 0 51 51 4.034240638152395
0 0 5 5 4.034240638152395
0 -0.0

labels_S06_selected_tokens_76_1511_77_0515
0 0 36 36 -0.0
0 0 11 11 4.034240638152395
0 0 14 14 4.034240638152395
0 0 24 24 4.034240638152395
0 0 42 42 4.034240638152395
0 0 48 48 4.034240638152395
0 0 52 52 4.034240638152395
0 0 16 16 4.034240638152395
0 0 38 38 4.034240638152395
0 0 51 51 4.034240638152395
0 0 5 5 4.034240638152395
0 -0.0

labels_S06_selected_tokens_77_0515_77_9375
0 0 39 39 -0.0
0 0 11 11 4.034240638152395
0 0 14 14 4.034240638152395
0 0 24 24 4.034240638152395
0 0 42 42 4.034240638152395
0 0 48 48 4.034240638152395
0 0 52 52 4.034240638152395
0 0 16 16 4.034240638152395
0 0 38 38 4.034240638152395
0 0 51 51 4.034240638152395
0 0 5 5 4.034240638152395
0 -0.0

labels_S06_selected_tokens_77_9375_78_8442
0 0 39 39 -0.0
0 0 11 11 4.034240638152395
0 0 14 14 4.034240638152395
0 0 24 24 4.034240638152395
0 0 42 42 4.034240638152395
0 0 48 48 4.034240638152395
0 0 52 52 4.034240638152395
0 0 16 16 4.034240638152395
0 0 38 38 4.034240638152395
0 0 51 51 4.034240638152395
0 0 5 5 4.034240638152395
0 -0.0

labels_S06_selected_tokens_78_8442_79_5554
0 0 4 4 -0.0
0 0 11 11 4.034240638152395
0 0 14 14 4.034240638152395
0 0 24 24 4.034240638152395
0 0 42 42 4.034240638152395
0 0 48 48 4.034240638152395
0 0 52 52 4.034240638152395
0 0 16 16 4.034240638152395
0 0 38 38 4.034240638152395
0 0 51 51 4.034240638152395
0 0 5 5 4.034240638152395
0 -0.0

labels_S06_selected_tokens_79_5554_80_2397
0 0 4 4 -0.0
0 0 11 11 4.034240638152395
0 0 14 14 4.034240638152395
0 0 24 24 4.034240638152395
0 0 42 42 4.034240638152395
0 0 48 48 4.034240638152395
0 0 52 52 4.034240638152395
0 0 16 16 4.034240638152395
0 0 38 38 4.034240638152395
0 0 51 51 4.034240638152395
0 0 5 5 4.034240638152395
0 -0.0

labels_S06_selected_tokens_7_2589_8_132
0 0 48 48 4.034240638152395
0 0 11 11 4.034240638152395
0 0 14 14 4.034240638152395
0 0 24 24 4.034240638152395
0 0 42 42 4.034240638152395
0 0 52 52 4.034240638152395
0 0 16 16 4.034240638152395
0 0 38 38 4.034240638152395
0 0 51 51 4.034240638152395
0 0 5 5 4.034240638152395
0 -0.0

labels_S06_selected_tokens_80_2397_81_1712
0 0 15 15 -0.0
0 0 11 11 4.034240638152395
0 0 14 14 4.034240638152395
0 0 24 24 4.034240638152395
0 0 42 42 4.034240638152395
0 0 48 48 4.034240638152395
0 0 52 52 4.034240638152395
0 0 16 16 4.034240638152395
0 0 38 38 4.034240638152395
0 0 51 51 4.034240638152395
0 0 5 5 4.034240638152395
0 -0.0

labels_S06_selected_tokens_81_1712_82_066
0 0 15 15 -0.0
0 0 11 11 4.034240638152395
0 0 14 14 4.034240638152395
0 0 24 24 4.034240638152395
0 0 42 42 4.034240638152395
0 0 48 48 4.034240638152395
0 0 52 52 4.034240638152395
0 0 16 16 4.034240638152395
0 0 38 38 4.034240638152395
0 0 51 51 4.034240638152395
0 0 5 5 4.034240638152395
0 -0.0

labels_S06_selected_tokens_82_066_83_1064
0 0 47 47 -0.0
0 0 11 11 4.034240638152395
0 0 14 14 4.034240638152395
0 0 24 24 4.034240638152395
0 0 42 42 4.034240638152395
0 0 48 48 4.034240638152395
0 0 52 52 4.034240638152395
0 0 16 16 4.034240638152395
0 0 38 38 4.034240638152395
0 0 51 51 4.034240638152395
0 0 5 5 4.034240638152395
0 -0.0

labels_S06_selected_tokens_83_1064_84_0937
0 0 47 47 -0.0
0 0 11 11 4.034240638152395
0 0 14 14 4.034240638152395
0 0 24 24 4.034240638152395
0 0 42 42 4.034240638152395
0 0 48 48 4.034240638152395
0 0 52 52 4.034240638152395
0 0 16 16 4.034240638152395
0 0 38 38 4.034240638152395
0 0 51 51 4.034240638152395
0 0 5 5 4.034240638152395
0 -0.0

labels_S06_selected_tokens_84_0937_84_8773
0 0 7 7 -0.0
0 0 11 11 4.034240638152395
0 0 14 14 4.034240638152395
0 0 24 24 4.034240638152395
0 0 42 42 4.034240638152395
0 0 48 48 4.034240638152395
0 0 52 52 4.034240638152395
0 0 16 16 4.034240638152395
0 0 38 38 4.034240638152395
0 0 51 51 4.034240638152395
0 0 5 5 4.034240638152395
0 -0.0

labels_S06_selected_tokens_84_8773_85_6016
0 0 7 7 -0.0
0 0 11 11 4.034240638152395
0 0 14 14 4.034240638152395
0 0 24 24 4.034240638152395
0 0 42 42 4.034240638152395
0 0 48 48 4.034240638152395
0 0 52 52 4.034240638152395
0 0 16 16 4.034240638152395
0 0 38 38 4.034240638152395
0 0 51 51 4.034240638152395
0 0 5 5 4.034240638152395
0 -0.0

labels_S06_selected_tokens_85_6016_86_4025
0 0 34 34 -0.0
0 0 11 11 4.034240638152395
0 0 14 14 4.034240638152395
0 0 24 24 4.034240638152395
0 0 42 42 4.034240638152395
0 0 48 48 4.034240638152395
0 0 52 52 4.034240638152395
0 0 16 16 4.034240638152395
0 0 38 38 4.034240638152395
0 0 51 51 4.034240638152395
0 0 5 5 4.034240638152395
0 -0.0

labels_S06_selected_tokens_86_4025_87_1078
0 0 34 34 -0.0
0 0 11 11 4.034240638152395
0 0 14 14 4.034240638152395
0 0 24 24 4.034240638152395
0 0 42 42 4.034240638152395
0 0 48 48 4.034240638152395
0 0 52 52 4.034240638152395
0 0 16 16 4.034240638152395
0 0 38 38 4.034240638152395
0 0 51 51 4.034240638152395
0 0 5 5 4.034240638152395
0 -0.0

labels_S06_selected_tokens_87_1078_88_0368
0 0 40 40 -0.0
0 0 11 11 4.034240638152395
0 0 14 14 4.034240638152395
0 0 24 24 4.034240638152395
0 0 42 42 4.034240638152395
0 0 48 48 4.034240638152395
0 0 52 52 4.034240638152395
0 0 16 16 4.034240638152395
0 0 38 38 4.034240638152395
0 0 51 51 4.034240638152395
0 0 5 5 4.034240638152395
0 -0.0

labels_S06_selected_tokens_88_0368_88_844
0 0 40 40 -0.0
0 0 11 11 4.034240638152395
0 0 14 14 4.034240638152395
0 0 24 24 4.034240638152395
0 0 42 42 4.034240638152395
0 0 48 48 4.034240638152395
0 0 52 52 4.034240638152395
0 0 16 16 4.034240638152395
0 0 38 38 4.034240638152395
0 0 51 51 4.034240638152395
0 0 5 5 4.034240638152395
0 -0.0

labels_S06_selected_tokens_88_844_89_8201
0 0 50 50 -0.0
0 0 11 11 4.034240638152395
0 0 14 14 4.034240638152395
0 0 24 24 4.034240638152395
0 0 42 42 4.034240638152395
0 0 48 48 4.034240638152395
0 0 52 52 4.034240638152395
0 0 16 16 4.034240638152395
0 0 38 38 4.034240638152395
0 0 51 51 4.034240638152395
0 0 5 5 4.034240638152395
0 -0.0

labels_S06_selected_tokens_89_8201_90_6053
0 0 50 50 -0.0
0 0 11 11 4.034240638152395
0 0 14 14 4.034240638152395
0 0 24 24 4.034240638152395
0 0 42 42 4.034240638152395
0 0 48 48 4.034240638152395
0 0 52 52 4.034240638152395
0 0 16 16 4.034240638152395
0 0 38 38 4.034240638152395
0 0 51 51 4.034240638152395
0 0 5 5 4.034240638152395
0 -0.0

labels_S06_selected_tokens_8_132_8_9398
0 0 52 52 4.034240638152395
0 0 11 11 4.034240638152395
0 0 14 14 4.034240638152395
0 0 24 24 4.034240638152395
0 0 42 42 4.034240638152395
0 0 48 48 4.034240638152395
0 0 16 16 4.034240638152395
0 0 38 38 4.034240638152395
0 0 51 51 4.034240638152395
0 0 5 5 4.034240638152395
0 -0.0

labels_S06_selected_tokens_8_9398_9_7701
0 0 52 52 4.034240638152395
0 0 11 11 4.034240638152395
0 0 14 14 4.034240638152395
0 0 24 24 4.034240638152395
0 0 42 42 4.034240638152395
0 0 48 48 4.034240638152395
0 0 16 16 4.034240638152395
0 0 38 38 4.034240638152395
0 0 51 51 4.034240638152395
0 0 5 5 4.034240638152395
0 -0.0

labels_S06_selected_tokens_90_6053_91_5087
0 0 53 53 -0.0
0 0 11 11 4.034240638152395
0 0 14 14 4.034240638152395
0 0 24 24 4.034240638152395
0 0 42 42 4.034240638152395
0 0 48 48 4.034240638152395
0 0 52 52 4.034240638152395
0 0 16 16 4.034240638152395
0 0 38 38 4.034240638152395
0 0 51 51 4.034240638152395
0 0 5 5 4.034240638152395
0 -0.0

labels_S06_selected_tokens_91_5087_92_3639
0 0 53 53 -0.0
0 0 11 11 4.034240638152395
0 0 14 14 4.034240638152395
0 0 24 24 4.034240638152395
0 0 42 42 4.034240638152395
0 0 48 48 4.034240638152395
0 0 52 52 4.034240638152395
0 0 16 16 4.034240638152395
0 0 38 38 4.034240638152395
0 0 51 51 4.034240638152395
0 0 5 5 4.034240638152395
0 -0.0

labels_S06_selected_tokens_92_3639_93_35
0 0 57 57 -0.0
0 0 11 11 4.034240638152395
0 0 14 14 4.034240638152395
0 0 24 24 4.034240638152395
0 0 42 42 4.034240638152395
0 0 48 48 4.034240638152395
0 0 52 52 4.034240638152395
0 0 16 16 4.034240638152395
0 0 38 38 4.034240638152395
0 0 51 51 4.034240638152395
0 0 5 5 4.034240638152395
0 -0.0

labels_S06_selected_tokens_93_35_94_2642
0 0 57 57 -0.0
0 0 11 11 4.034240638152395
0 0 14 14 4.034240638152395
0 0 24 24 4.034240638152395
0 0 42 42 4.034240638152395
0 0 48 48 4.034240638152395
0 0 52 52 4.034240638152395
0 0 16 16 4.034240638152395
0 0 38 38 4.034240638152395
0 0 51 51 4.034240638152395
0 0 5 5 4.034240638152395
0 -0.0

labels_S06_selected_tokens_94_2642_95_2967
0 0 59 59 -0.0
0 0 11 11 4.034240638152395
0 0 14 14 4.034240638152395
0 0 24 24 4.034240638152395
0 0 42 42 4.034240638152395
0 0 48 48 4.034240638152395
0 0 52 52 4.034240638152395
0 0 16 16 4.034240638152395
0 0 38 38 4.034240638152395
0 0 51 51 4.034240638152395
0 0 5 5 4.034240638152395
0 -0.0

labels_S06_selected_tokens_95_2967_96_26696145124717
0 0 59 59 -0.0
0 0 11 11 4.034240638152395
0 0 14 14 4.034240638152395
0 0 24 24 4.034240638152395
0 0 42 42 4.034240638152395
0 0 48 48 4.034240638152395
0 0 52 52 4.034240638152395
0 0 16 16 4.034240638152395
0 0 38 38 4.034240638152395
0 0 51 51 4.034240638152395
0 0 5 5 4.034240638152395
0 -0.0

labels_S06_selected_tokens_9_7701_10_873
0 0 16 16 4.034240638152395
0 0 11 11 4.034240638152395
0 0 14 14 4.034240638152395
0 0 24 24 4.034240638152395
0 0 42 42 4.034240638152395
0 0 48 48 4.034240638152395
0 0 52 52 4.034240638152395
0 0 38 38 4.034240638152395
0 0 51 51 4.034240638152395
0 0 5 5 4.034240638152395
0 -0.0

