labels_S16_selected_tokens_0_0_0_7119 5170 5220 5236 5235 6674 6673 6673 6673 6750 6749 6749 6749 6749 6788 6787 6787 15148 15147 15147 15147 15147 15147 15147 15147 15234 15233 15233 15304 15303 15303 15303 19224 19223 19223 19294 19293 19338 2084 2083 2083 2226 2344 2343 2343 2343 13398 13397 13397 13397 13397 13397 13397 13397 13397 13397 13397 13397 13397 13397 13397 13397 13397 13454 13453 13453 13453 13453 13453 13502 
labels_S16_selected_tokens_0_7119_1_4724 5170 5220 5236 5235 5235 6674 6673 6673 6750 6788 6787 6787 15148 15147 15147 15147 15147 15147 15147 15147 15147 15147 15147 15234 15233 15233 15304 15303 15303 19224 19223 19223 19223 19294 19293 19338 19337 2084 2083 2083 2226 2225 2344 2343 2343 2343 13398 13397 13397 13397 13397 13397 13397 13397 13397 13397 13397 13397 13397 13397 13397 13397 13397 13397 13397 13397 13454 13453 13453 13453 13453 13453 13453 13502 
labels_S16_selected_tokens_100_9177_101_8324 3 12 18 17720 17719 17719 17719 17719 17719 17719 17719 17719 17816 17815 17815 17815 17815 17902 1048 1047 1047 1047 1047 1047 1047 1047 1047 1047 1047 1047 1047 1047 1090 1089 1089 1128 15166 15214 15213 15314 2104 2103 2103 2103 2103 2103 2103 2103 2103 2103 2202 2201 2292 19216 19215 19280 19279 19279 19346 19345 19345 19345 11472 11471 11471 11471 11471 11471 11471 11471 11471 11471 11471 11471 11471 11471 11471 11478 11477 11477 11477 11477 11477 11477 11548 11547 93 102 108 
labels_S16_selected_tokens_101_8324_102_5046 4606 4626 4666 1018 1017 1017 1017 1017 1017 1017 1017 1017 1017 1017 1017 1017 1017 1017 1017 1017 1017 1100 1099 1099 1099 1146 1145 19210 19209 19314 19376 2084 2083 2083 2226 2225 2344 2343 13558 13557 13557 13557 13557 13557 13557 13557 13557 13557 13557 13557 13664 13663 13722 13721 13721 13721 21976 21975 21975 22054 22053 22053 22053 22053 22100 
labels_S16_selected_tokens_102_5046_103_2158 4606 4626 4666 1018 1017 1017 1017 1017 1017 1017 1017 1017 1017 1017 1017 1017 1017 1100 1099 1099 1099 1146 1145 1145 19210 19209 19314 19376 2084 2226 2225 2225 2344 2343 2343 13558 13557 13557 13557 13557 13557 13557 13557 13557 13557 13557 13664 13663 13663 13722 13721 13721 13721 21976 22054 22053 22053 22053 22053 22053 22053 22053 22053 22053 22053 22100 22099 22099 22099 
labels_S16_selected_tokens_103_2158_103_9103 14022 14074 14073 14073 14073 14073 14126 14125 14125 1028 1027 1027 1027 1027 1027 1027 1027 1027 1027 1027 1027 1027 1027 1027 1027 1027 1027 1027 1027 1027 1100 1099 1124 1123 1123 5524 5523 5626 5700 2030 2029 2029 2029 2029 2029 2029 2180 2179 2179 2179 2348 2347 14956 14955 14955 14955 14970 14969 14969 14969 14969 14969 14969 15076 15075 15075 15075 
labels_S16_selected_tokens_103_9103_104_5821 14022 14074 14073 14073 14126 14125 14125 14125 1028 1027 1027 1027 1027 1027 1027 1027 1027 1027 1027 1027 1027 1027 1027 1027 1027 1027 1027 1027 1100 1099 1099 1099 1124 1123 1123 5524 5626 5625 5700 2030 2029 2029 2029 2029 2029 2029 2029 2029 2180 2179 2348 14956 14955 14955 14955 14955 14970 14969 14969 14969 14969 14969 14969 14969 15076 
labels_S16_selected_tokens_104_5821_105_3099 16468 16490 16489 16489 16489 16489 16489 16520 16519 16519 16519 16519 16519 1000 999 999 999 999 999 999 999 999 999 999 999 999 999 999 999 999 1100 1099 1124 1123 1123 5524 5523 5608 5712 10272 10366 10365 10365 10365 10365 10365 10365 10365 10365 10432 10431 15618 15617 15617 15626 15625 15625 15625 15625 15625 15625 15625 15625 15625 15625 15625 15625 15642 15641 15641 15641 
labels_S16_selected_tokens_105_3099_105_974 16468 16490 16489 16489 16489 16489 16520 16519 16519 16519 16519 1000 1100 1099 1099 1099 1099 1099 1099 1099 1099 1099 1099 1099 1099 1099 1099 1124 1123 1123 5524 5523 5608 5712 10272 10366 10365 10365 10365 10365 10365 10432 10431 15618 15617 15617 15617 15617 15617 15626 15625 15625 15625 15625 15625 15625 15625 15625 15625 15625 15625 15642 15641 15641 
labels_S16_selected_tokens_105_974_106_9673 3 12 18 17720 17719 17719 17719 17719 17719 17719 17719 17719 17719 17719 17719 17719 17719 17816 17815 17815 17902 17901 17901 17901 1052 1051 1051 1051 1051 1051 1100 1099 1099 1099 1099 1099 1099 1099 1099 1099 1099 1099 1099 1099 1099 1099 1099 1099 1099 1099 1099 1124 1123 1123 5524 5523 5523 5523 5626 5700 2074 2073 2073 2073 2073 2073 2073 2073 2232 2231 2231 2264 2263 18178 18177 18177 18232 18231 18231 18231 18231 18231 18231 18231 18282 18281 18281 19002 19001 19001 19001 19028 19027 19027 19027 19027 19136 
labels_S16_selected_tokens_106_9673_107_991 3 12 18 17720 17719 17719 17719 17719 17719 17719 17719 17719 17719 17719 17719 17816 17815 17815 17815 17902 17901 17901 17901 1052 1051 1051 1051 1051 1051 1051 1051 1051 1051 1051 1051 1051 1051 1051 1051 1051 1100 1099 1099 1099 1099 1124 1123 5524 5523 5626 5625 5700 2074 2073 2073 2073 2073 2073 2073 2073 2073 2232 2231 2231 2231 2231 2231 2264 2263 2263 18178 18177 18232 18231 18231 18231 18231 18231 18231 18231 18231 18231 18231 18282 18281 18970 18969 18969 18969 19022 19021 19021 19021 19021 19072 19071 19071 93 102 108 
labels_S16_selected_tokens_107_991_108_8747 3 12 18 18518 18554 18553 18553 18553 18553 18553 18553 18553 18553 18553 18553 18553 18553 18553 18564 18563 18563 18563 18563 1052 1051 1051 1051 1051 1051 1051 1051 1051 1051 1051 1051 1051 1051 1051 1051 1051 1051 1100 1099 1099 1146 1145 19210 19209 19260 19259 19398 19397 19397 19397 19397 19397 7332 7331 7331 7331 7331 7331 7331 7331 7331 7331 7331 7380 7379 7379 7379 7416 7415 5342 5341 5341 5430 5429 5429 5429 5498 93 102 100 100 108 
labels_S16_selected_tokens_108_8747_109_7306 3 12 18 18518 18554 18553 18553 18553 18553 18553 18553 18553 18553 18553 18553 18553 18564 18563 18563 18563 18563 1052 1051 1051 1051 1051 1051 1051 1051 1051 1051 1051 1051 1051 1051 1051 1051 1100 1099 1099 1099 1099 1099 1146 19210 19209 19260 19398 19397 19397 19397 7332 7331 7331 7331 7331 7331 7331 7331 7331 7331 7380 7379 7379 7379 7379 7379 7416 7415 5342 5341 5341 5430 5429 5429 5429 5498 5497 5497 5497 5497 93 102 108 
labels_S16_selected_tokens_109_7306_110_5205 18808 18836 18862 18861 18861 18861 18861 18861 18861 18861 1036 1035 1035 1035 1035 1035 1035 1035 1035 1035 1035 1035 1035 1035 1035 1035 1035 1100 1099 1099 1146 1145 19210 19260 19259 19398 19397 19397 7332 7331 7331 7331 7331 7331 7331 7331 7331 7331 7331 7331 7331 7331 7331 7331 7364 7363 7363 7402 7401 7401 7401 22000 22020 22019 22019 22019 22019 22019 22019 22019 22019 22019 22019 22019 22019 22100 22099 
labels_S16_selected_tokens_10_7055_11_4984 20720 20734 20756 6706 6705 6705 6750 6749 6749 6749 6749 6788 6787 15148 15147 15147 15147 15147 15147 15147 15147 15147 15147 15147 15147 15218 15217 15276 15275 15275 5042 5041 5041 5056 5055 5055 5055 5055 5060 5059 5059 5059 5059 5059 7170 7169 7169 7169 7169 7169 7169 7169 7169 7169 7169 7169 7169 7169 7169 7169 7169 7169 7169 7169 7169 7169 7204 7203 7203 7203 7203 7203 7203 7240 93 102 108 
labels_S16_selected_tokens_110_5205_111_2844 18808 18836 18862 18861 18861 18861 18861 18861 18861 1036 1035 1035 1035 1035 1035 1035 1035 1035 1035 1035 1035 1035 1100 1099 1099 1099 1099 1146 1145 19210 19260 19259 19398 19397 19397 7332 7331 7331 7331 7331 7331 7331 7331 7331 7331 7364 7363 7363 7363 7363 7363 7363 7363 7402 7401 7401 7401 7401 22000 21999 22020 22019 22019 22019 22019 22019 22019 22019 22019 22019 22019 22019 22100 22099 
labels_S16_selected_tokens_111_2844_111_9797 4606 4626 4666 4665 1018 1017 1017 1017 1017 1017 1017 1017 1017 1017 1017 1017 1017 1017 1017 1017 1017 1100 1099 1099 1146 1145 19210 19209 19260 19398 19397 19397 19397 19397 19397 7362 7361 7361 7396 7395 7434 7433 7433 7433 7433 11458 11457 11457 11457 11457 11457 11457 11457 11457 11457 11457 11457 11457 11508 11566 11565 11565 11565 11565 11565 11565 11565 11565 
labels_S16_selected_tokens_111_9797_112_6438 4606 4626 4666 1018 1017 1017 1017 1017 1017 1017 1017 1017 1017 1017 1017 1017 1017 1017 1017 1017 1100 1099 1099 1099 1146 1145 19210 19260 19398 19397 19397 19397 7362 7361 7361 7361 7396 7395 7434 7433 7433 7433 7433 11458 11457 11457 11457 11457 11457 11457 11457 11457 11457 11457 11457 11457 11508 11566 11565 11565 11565 11565 11565 11565 
labels_S16_selected_tokens_112_6438_113_6527 8906 8918 8922 8921 8921 1016 1015 1015 1015 1015 1015 1015 1015 1100 1099 1099 1099 1099 1099 1099 1099 1099 1099 1099 1099 1099 1144 1143 1143 1143 6186 6185 6228 6227 6254 6253 6253 6253 6253 6253 7308 7307 7307 7396 7395 7450 7449 10318 10317 10317 10317 10317 10402 10401 10452 10451 10451 10451 10451 15680 15679 15679 15679 15679 15696 15695 15695 15695 15695 15695 15695 15695 15695 15695 15728 15727 15727 15727 15727 15727 15727 15727 21998 22054 22053 22053 22053 22053 22053 22100 22099 22099 22099 22099 22099 22099 22099 22099 22099 
labels_S16_selected_tokens_113_6527_114_6072 8906 8918 8917 8922 8921 1016 1015 1015 1015 1015 1015 1015 1015 1015 1100 1099 1099 1099 1099 1099 1099 1099 1099 1144 1143 1143 1143 6186 6185 6228 6227 6254 6253 6253 6253 6253 6253 7308 7307 7307 7307 7396 7450 7449 7449 7449 7449 10318 10317 10317 10317 10317 10402 10401 10452 10451 10451 10451 15680 15679 15679 15679 15679 15696 15695 15695 15695 15695 15695 15695 15695 15695 15728 15727 15727 15727 15727 15727 21998 22054 22053 22053 22053 22053 22053 22053 22053 22100 22099 22099 22099 22099 22099 
labels_S16_selected_tokens_114_6072_115_616 18808 18836 18862 18861 18861 18861 18861 18861 18861 1036 1035 1035 1100 1099 1099 1099 1099 1099 1099 1099 1099 1146 1145 19210 19314 19376 2084 2083 2226 2225 2344 2343 2343 2343 13618 13617 13676 13675 13732 13731 19154 19153 19153 19153 19294 19293 19366 19365 19365 19365 19365 19365 19365 8474 8473 8478 8482 8481 8481 8481 8481 8481 8481 8481 8481 8481 8481 8481 8481 8481 8481 13586 13585 13585 13585 13585 13585 13585 13585 13585 13585 13664 13663 13663 13722 13721 13721 13721 21976 22054 22053 22053 22053 22053 22053 22053 22053 22100 22099 
labels_S16_selected_tokens_115_616_116_6334 18808 18836 18862 18861 18861 18861 18861 18861 18861 18861 1036 1035 1035 1035 1100 1099 1099 1099 1099 1099 1146 1145 19210 19209 19314 19376 2084 2226 2225 2344 2343 2343 2343 2343 13618 13676 13675 13732 13731 19154 19153 19153 19294 19293 19366 19365 19365 19365 19365 19365 19365 8474 8473 8473 8478 8482 8481 8481 8481 8481 8481 8481 8481 8481 8481 8481 8481 8481 8481 13586 13585 13585 13585 13585 13585 13585 13585 13585 13664 13663 13663 13722 13721 13721 13721 21976 21975 22054 22053 22053 22053 22053 22053 22053 22053 22053 22053 22100 22099 22099 
labels_S16_selected_tokens_116_6334_117_3691 4948 4956 4955 4955 4955 4970 4969 4969 4969 4969 4969 1052 1051 1100 1099 1099 1099 1099 1099 1099 1099 1099 1099 1099 1146 1145 19210 19260 19398 19397 19397 19397 19397 19397 7308 7396 7395 7395 7395 7395 7450 7449 7449 7449 10318 10317 10402 10401 10401 10401 10401 10401 10452 10451 10451 15618 15626 15625 15625 15625 15625 15625 15625 15625 15625 15625 15642 15641 15641 15641 15641 15641 
labels_S16_selected_tokens_117_3691_118_1614 4948 4956 4955 4955 4955 4970 4969 4969 4969 4969 4969 4969 1052 1051 1051 1051 1051 1051 1051 1051 1051 1051 1100 1099 1099 1146 1145 19210 19260 19259 19398 19397 19397 7308 7396 7395 7395 7395 7395 7395 7450 7449 7449 7449 7449 10318 10317 10317 10317 10402 10452 10451 10451 10451 10451 15618 15617 15626 15625 15625 15625 15625 15625 15625 15625 15625 15625 15642 15641 15641 15641 15641 15641 15641 15641 15641 15641 
labels_S16_selected_tokens_118_1614_118_9536 12646 12694 12693 12693 12750 12749 12749 12749 12749 12749 16106 16105 16136 16135 16135 16152 16151 16151 16151 16151 16151 18144 18143 18143 18143 18143 18143 18232 18310 19160 19159 19159 19159 19159 19159 19292 19291 19336 9020 9044 9043 9043 9058 9057 9057 648 647 650 649 649 649 649 649 654 653 653 653 653 653 653 653 17292 17291 17291 17291 17291 17291 17291 17420 17419 17419 17419 17419 17462 5342 5430 5500 
labels_S16_selected_tokens_118_9536_119_7783 12646 12694 12693 12693 12750 12749 12749 12749 12749 12749 16106 16105 16136 16135 16135 16135 16152 16151 16151 16151 16151 16151 18144 18143 18143 18143 18143 18143 18143 18143 18232 18310 19160 19159 19159 19159 19292 19336 9020 9019 9044 9043 9058 9057 9057 648 647 650 649 649 649 649 649 649 649 649 649 654 653 653 653 653 653 17292 17291 17291 17291 17291 17291 17291 17291 17291 17291 17420 17419 17419 17462 5342 5430 5500 
labels_S16_selected_tokens_119_7783_120_4918 8514 8536 8535 8535 8535 8590 8589 8589 1052 1051 1051 1051 1051 1066 1065 1065 1132 1131 1131 1131 18206 18205 18205 18205 18205 18205 18205 18232 18310 19160 19159 19292 19291 19291 19372 19371 4784 4796 4795 4795 4824 4823 4823 3682 3684 3688 3687 3687 3687 3687 3687 3687 3687 3687 3687 3687 13406 13405 13405 13405 13405 13405 13405 13405 13454 13453 13453 13453 13502 
labels_S16_selected_tokens_11_4984_12_3351 20720 20734 20756 6706 6705 6750 6749 6749 6788 6787 15148 15147 15147 15147 15147 15147 15147 15147 15147 15147 15147 15147 15147 15147 15147 15218 15217 15276 15275 5042 5041 5056 5055 5055 5055 5055 5055 5055 5060 5059 5059 5059 5059 7170 7169 7169 7169 7169 7169 7169 7169 7169 7169 7169 7169 7169 7169 7169 7169 7169 7169 7204 7203 7203 7203 7203 7203 7203 7203 7203 7240 7239 7239 7239 7239 7239 7239 7239 7239 93 102 108 
labels_S16_selected_tokens_120_4918_121_1959 8514 8536 8590 8589 1052 1051 1051 1051 1051 1066 1065 1065 1132 1131 1131 1131 1131 18206 18205 18205 18205 18205 18205 18205 18205 18232 18231 18310 19160 19159 19159 19159 19159 19292 19291 19372 4784 4796 4824 3682 3681 3681 3684 3688 3687 3687 3687 3687 3687 3687 3687 3687 3687 13406 13405 13405 13405 13405 13405 13405 13405 13405 13405 13405 13405 13454 13453 13502 
labels_S16_selected_tokens_121_1959_121_9641 13248 13276 13352 13351 13351 1002 1001 1001 1001 1001 1066 1065 1065 1065 1132 1131 1131 1131 1131 1131 18206 18205 18205 18205 18205 18205 18205 18232 18231 18231 18231 18310 18309 19208 19207 19207 19207 19278 19277 19277 19277 19277 19360 19359 19359 19359 19359 13576 13575 13668 13667 13694 13693 13693 13693 11466 11465 11465 11465 11465 11465 11465 11465 11465 11465 11465 11465 11508 11507 11566 11565 11565 11565 11565 11565 
labels_S16_selected_tokens_121_9641_122_7291 13248 13276 13352 13351 13351 1002 1001 1001 1001 1001 1066 1065 1065 1065 1065 1065 1132 1131 1131 1131 1131 18206 18205 18205 18205 18205 18205 18205 18205 18232 18231 18231 18231 18231 18231 18310 18309 18309 18309 18309 18309 19208 19207 19278 19360 13576 13668 13667 13694 11442 11441 11441 11441 11441 11478 11477 11477 11477 11477 11477 11477 11477 11477 11477 11477 11477 11477 11477 11477 11477 11477 11548 93 102 108 
labels_S16_selected_tokens_122_7291_123_4506 16960 16962 16961 16998 16997 6710 6709 6709 6758 6757 6774 6773 6773 6773 18128 18127 18127 18127 18127 18127 18232 18231 18231 18310 18309 19160 19159 19316 19315 19315 19315 19388 19387 19387 19387 8714 8713 8713 8713 8713 8748 8747 8747 8747 8776 2082 2224 2223 2342 2341 13398 13397 13397 13397 13397 13397 13397 13397 13397 13397 13397 13397 13397 13454 13453 13453 13453 13453 13453 13502 
labels_S16_selected_tokens_123_4506_124_1309 16960 16962 16998 16997 6710 6709 6709 6758 6757 6774 6773 6773 6773 18128 18127 18127 18127 18127 18127 18127 18127 18127 18127 18232 18231 18231 18310 19160 19316 19315 19388 8714 8713 8713 8713 8713 8713 8748 8747 8776 2082 2081 2224 2223 2342 2341 13398 13397 13397 13397 13397 13397 13397 13397 13397 13397 13397 13397 13454 13453 13453 13453 13453 13453 13453 13502 
labels_S16_selected_tokens_124_1309_125_0027 3 12 18 17720 17719 17719 17719 17719 17719 17834 17833 17833 17833 17914 17913 3504 3503 3503 3503 3526 3525 3525 3525 3548 3547 3547 3547 3547 3547 8718 8717 8717 8717 8717 8717 8717 8738 8737 8737 8737 8794 8793 19244 19243 19243 19292 19291 19291 19291 19372 19371 19371 4784 4796 4795 4795 4824 4823 3682 3681 3681 3684 3688 3687 3687 3687 3687 3687 3687 3687 3687 3687 3687 3687 13406 13405 13405 13405 13405 13405 13454 13453 13453 13453 13502 
labels_S16_selected_tokens_125_0027_125_8837 17796 17795 17795 17795 17795 17795 17795 17795 17834 17833 17833 17833 17833 17833 17914 17913 17913 3504 3503 3503 3503 3526 3525 3525 3525 3548 3547 3547 3547 3547 8718 8717 8717 8717 8717 8717 8717 8717 8717 8738 8737 8737 8737 8737 8794 8793 19244 19292 19291 19372 19371 19371 19371 19371 4784 4796 4795 4795 4824 3682 3681 3681 3684 3688 3687 3687 3687 3687 3687 3687 3687 3687 3687 3687 13406 13405 13405 13405 13405 13405 13405 13405 13405 13454 13453 13502 
labels_S16_selected_tokens_125_8837_126_6597 20720 20734 20782 1052 1051 1051 1051 1051 1051 1051 1051 1051 1051 1066 1065 1065 1065 1132 1131 1131 1131 1131 18206 18205 18205 18205 18205 18205 18205 18205 18232 18231 18231 18310 19208 19207 19207 19207 19207 19207 19207 19278 19277 19277 19360 13576 13575 13575 13575 13575 13668 13667 13667 13694 13693 13693 11466 11465 11465 11465 11465 11508 11566 11565 11565 11565 11565 11565 11565 11565 11565 11565 11565 11565 11565 11565 
labels_S16_selected_tokens_126_6597_127_4391 20720 20734 20782 1052 1051 1051 1051 1051 1051 1051 1066 1065 1065 1065 1065 1065 1065 1065 1132 1131 1131 1131 1131 18206 18205 18205 18205 18205 18205 18205 18205 18232 18231 18231 18231 18231 18231 18231 18231 18231 18310 19208 19278 19360 19359 13576 13575 13575 13668 13667 13667 13694 13693 13693 11442 11441 11441 11441 11441 11478 11477 11477 11477 11477 11477 11477 11477 11477 11477 11477 11477 11477 11548 93 102 108 
labels_S16_selected_tokens_127_4391_128_3466 3 12 18 21104 21118 21117 21210 21209 8226 8225 8225 8225 8225 8274 8273 8273 8292 8291 8291 8291 8291 8291 8291 18154 18153 18153 18232 18231 18310 18309 18309 19208 19207 19207 19207 19207 19207 19207 19207 19207 19207 19207 19207 19278 19360 19359 13604 13603 13603 13603 13684 13683 13714 13713 13713 13713 13713 4558 4557 4557 4557 4557 4557 4557 4557 4564 4563 4563 4563 4572 4571 4571 4571 4571 4571 4571 4571 4571 4571 4571 14962 14970 14969 14969 14969 14969 14969 15076 15075 
labels_S16_selected_tokens_128_3466_129_2276 21112 21122 21210 21209 21209 8226 8225 8225 8225 8274 8273 8273 8273 8292 8291 8291 8291 8291 18154 18153 18153 18153 18153 18232 18231 18231 18231 18231 18231 18310 18309 19208 19207 19278 19277 19277 19360 19359 19359 19359 19359 13604 13684 13714 13713 13713 13713 13713 4558 4557 4557 4557 4557 4557 4564 4563 4563 4563 4563 4563 4563 4563 4563 4572 4571 4571 4571 4571 4571 4571 4571 4571 4571 4571 14962 14961 14961 14970 14969 14969 14969 14969 14969 14969 14969 15076 
labels_S16_selected_tokens_129_2276_130_244 16960 16962 16961 16998 16997 6710 6709 6709 6758 6774 6773 6773 6773 18128 18127 18127 18127 18127 18127 18232 18231 18231 18231 18231 18231 18231 18310 18309 19208 19207 19207 19207 19207 19207 19207 19278 19360 19359 13552 13551 13634 13633 13696 13695 2032 2031 2031 2192 2350 2349 2349 18184 18183 18183 18183 18183 18183 18183 18183 18252 18314 18313 18313 18313 18313 15108 15216 15294 15293 15293 2052 2051 2051 2051 2051 2051 2192 2191 2191 2350 2349 2349 17992 17991 18024 18023 18023 18023 18023 18023 18023 18023 18023 18023 18023 18023 18023 18023 18023 18072 
labels_S16_selected_tokens_12_3351_13_1968 12454 12456 12455 12480 12479 12479 6688 6687 6687 6750 6749 6788 6787 6787 6787 15182 15181 15214 15213 15268 15267 15267 15267 15267 7356 7396 7395 7395 7395 7395 7395 7395 7456 7455 7455 7455 7455 7455 7455 8476 8475 8475 8475 8475 8475 8475 8478 8477 8477 8477 8477 8477 8477 8477 8477 8480 8479 8479 8479 19240 19239 19239 19239 19320 19319 19319 19330 19329 19329 19329 18016 18024 18023 18023 18023 18023 18023 18023 18023 18023 18023 18072 18071 18071 
labels_S16_selected_tokens_130_244_131_2039 16960 16962 16998 16997 6710 6709 6709 6758 6757 6774 6773 6773 6773 18128 18127 18127 18127 18127 18127 18127 18127 18127 18127 18232 18231 18231 18231 18231 18310 18309 19208 19278 19360 19359 13552 13551 13634 13696 13695 2032 2031 2031 2192 2191 2350 2349 18184 18183 18183 18183 18183 18183 18183 18252 18251 18314 18313 18313 18313 15108 15107 15216 15294 15293 2052 2051 2051 2051 2051 2051 2051 2051 2192 2191 2191 2350 2349 2349 2349 17992 17991 17991 17991 18024 18023 18023 18023 18023 18023 18023 18023 18023 18023 18072 
labels_S16_selected_tokens_131_2039_132_224 21112 21148 21196 21195 10980 10979 11022 11021 11021 11092 11091 11091 18164 18163 18163 18163 18163 18163 18232 18310 18309 18309 18309 19160 19159 19159 19316 19315 19315 19315 19315 19388 19387 8714 8713 8713 8713 8713 8713 8713 8713 8713 8713 8748 8747 8776 8775 2082 2224 2342 13618 13617 13670 13669 13669 13669 13669 13669 13710 15118 15117 15117 15244 15314 15313 2052 2051 2051 2051 2051 2051 2051 2192 2191 2191 2191 2350 2349 2349 17992 17991 17991 17991 17991 17991 18024 18023 18023 18023 18023 18023 18023 18023 18023 18023 18023 18023 18023 18023 18072 
labels_S16_selected_tokens_132_224_133_1854 21112 21148 21196 21195 21195 10980 10979 11022 11021 11092 11091 11091 11091 18164 18163 18163 18163 18163 18163 18232 18231 18231 18231 18231 18231 18231 18231 18310 19160 19316 19315 19315 19388 8714 8713 8713 8713 8748 8747 8776 2082 2224 2223 2342 13618 13670 13669 13669 13669 13669 13669 13669 13669 13669 13710 15118 15117 15117 15244 15314 15313 2052 2051 2051 2051 2051 2051 2051 2051 2051 2192 2191 2191 2350 2349 2349 17992 17991 17991 17991 17991 17991 17991 17991 18024 18023 18023 18023 18023 18023 18023 18023 18023 18072 
labels_S16_selected_tokens_133_1854_134_222 16960 16990 17026 17025 10956 10955 11030 11029 11029 11092 11091 11091 18164 18163 18163 18163 18163 18163 18163 18163 18232 18231 18310 18309 19208 19207 19278 19277 19368 19367 19367 19367 19367 19367 21372 21371 21371 21424 21423 21423 21466 21465 21465 21465 21465 648 650 649 649 652 651 5040 5039 5039 5039 5039 5039 5056 5055 5055 5055 5055 5062 5061 5061 5061 5061 10304 10303 10303 10303 10303 10303 10303 10303 10303 10303 10303 10303 10392 10391 10438 22010 22009 22054 22053 22053 22053 22053 22053 22053 22053 22053 22053 22053 22053 22053 22053 22053 22053 22053 22100 
labels_S16_selected_tokens_134_222_135_20909297052154 16960 16959 16990 16989 16989 17026 17025 10956 10955 11030 11029 11029 11092 11091 18164 18163 18163 18163 18163 18163 18163 18163 18232 18231 18231 18310 19208 19207 19207 19278 19368 19367 19367 19367 21372 21371 21371 21371 21424 21423 21466 21465 21465 21465 648 650 652 651 651 651 5040 5039 5039 5039 5039 5039 5039 5039 5039 5056 5055 5055 5055 5055 5062 5061 5061 5061 10304 10303 10303 10303 10303 10303 10303 10303 10303 10303 10392 10438 10437 22010 22054 22053 22053 22053 22053 22053 22053 22053 22053 22053 22053 22053 22053 22053 22100 
labels_S16_selected_tokens_13_1968_14_0812 12454 12456 12455 12480 12479 12479 12479 6688 6687 6750 6788 6787 15182 15181 15181 15214 15213 15268 15267 15267 15267 15267 7356 7396 7395 7395 7395 7395 7395 7395 7395 7395 7395 7395 7395 7456 7455 7455 7455 8476 8475 8475 8475 8475 8475 8478 8477 8477 8477 8477 8477 8477 8477 8477 8480 8479 8479 8479 8479 19240 19239 19239 19239 19320 19319 19319 19330 19329 19329 19329 18016 18024 18023 18023 18023 18023 18023 18023 18023 18023 18023 18023 18023 18072 18071 18071 
labels_S16_selected_tokens_14_0812_15_0134 17796 17795 17795 17795 17795 17816 17815 17815 17815 17815 17815 17918 17917 6672 6671 6750 6749 6788 6787 6787 15148 15147 15147 15234 15233 15233 15304 19224 19223 19223 19294 19293 19293 19338 19337 2136 2135 2176 2175 2175 2340 2339 2339 14358 14357 14357 14396 14395 14470 14469 2026 2025 2025 2025 2025 2025 2025 2025 2025 2164 2354 15162 15161 15161 15161 15161 15161 15234 15304 19170 19169 19320 19319 19330 19329 18016 18024 18023 18023 18023 18023 18023 18023 18023 18023 18023 18023 18023 18023 18072 18071 
labels_S16_selected_tokens_15_0134_15_9414 2 8 18 17720 17719 17719 17816 17815 17815 17815 17918 17917 17917 6672 6750 6788 6787 6787 15148 15147 15147 15234 15233 15233 15304 19224 19223 19223 19294 19293 19293 19293 19338 19337 2136 2135 2176 2175 2340 2339 14358 14357 14357 14357 14396 14395 14470 2026 2025 2025 2025 2025 2025 2025 2164 2163 2354 15162 15234 15304 19170 19169 19169 19169 19169 19169 19320 19319 19319 19319 19319 19319 19319 19319 19330 19329 19329 18016 18024 18023 18023 18023 18023 18023 18023 18023 18023 18072 18071 18071 18071 
labels_S16_selected_tokens_15_9414_16_8423 20720 20734 20733 20756 20755 20755 20755 6706 6705 6705 6750 6749 6788 6787 15182 15181 15181 15181 15214 15213 15213 15314 15313 15313 15313 15313 15313 2078 2077 2077 2077 2077 2077 2077 2244 2243 2334 13606 13605 13605 13605 13688 13687 13687 13687 13750 13749 13749 13749 8476 8475 8475 8478 8477 8477 8477 8477 8477 8480 8479 8479 8479 8479 8479 19240 19239 19239 19239 19239 19239 19239 19320 19319 19319 19330 19329 19329 18016 18024 18023 18023 18023 18023 18023 18023 18023 18023 18072 
labels_S16_selected_tokens_16_8423_17_6777 20720 20719 20734 20733 20756 20755 20755 6706 6750 6749 6788 6787 15182 15181 15181 15181 15181 15181 15214 15213 15314 15313 15313 15313 15313 15313 15313 15313 15313 15313 15313 2078 2077 2077 2244 2334 13606 13605 13605 13605 13605 13688 13687 13750 13749 13749 13749 8476 8475 8478 8477 8477 8477 8477 8477 8480 8479 8479 8479 19240 19239 19239 19239 19239 19239 19239 19239 19239 19320 19319 19319 19319 19319 19330 19329 18016 18024 18023 18023 18072 18071 18071 
labels_S16_selected_tokens_17_6777_18_6707 8514 8530 8529 8529 8529 8529 8586 8585 8585 12140 12139 12139 12194 12193 12193 12193 12246 12245 12245 12245 12245 12245 12245 12245 13616 13615 13615 13615 13615 13615 13615 13686 13685 13685 13754 5514 5513 5620 5619 5688 5687 5687 5687 5687 5687 5687 5687 5687 5687 21374 21422 21421 21421 21474 21473 7910 7912 7911 7911 7911 7911 7911 7911 7911 7911 7911 7911 7911 7911 7911 7911 7914 7913 7913 7913 12792 12791 12791 12822 12852 12851 12851 93 91 91 91 91 91 91 91 91 91 102 100 100 100 108 
labels_S16_selected_tokens_18_6707_19_7666 8514 8513 8513 8513 8513 8513 8513 8513 8530 8529 8586 8585 8585 12140 12194 12246 12245 12245 12245 12245 12245 13616 13615 13615 13615 13615 13615 13615 13615 13615 13686 13685 13685 13754 5514 5513 5513 5620 5619 5688 5687 5687 5687 5687 5687 5687 21374 21422 21421 21421 21474 21473 21473 7910 7912 7911 7911 7911 7911 7911 7911 7911 7911 7911 7911 7911 7911 7911 7911 7911 7911 7911 7914 7913 7913 7913 12792 12791 12791 12791 12791 12791 12822 12821 12821 12821 12821 12821 12821 12821 12821 12821 12821 12821 12852 12851 12851 12851 93 102 100 100 100 100 100 100 100 108 
labels_S16_selected_tokens_19_7666_20_5849 2 1 1 1 1 1 8 18 17720 17719 17719 17719 17719 17719 17826 17825 17825 17874 17873 17873 12144 12143 12194 12193 12193 12193 12193 12193 12193 12246 12245 12245 12245 12245 12245 12245 12245 12245 12245 12245 13614 13613 13613 13613 13613 13613 13613 13656 13740 13739 13739 10324 10323 10323 10402 10401 10401 10401 10401 10401 10401 10401 10401 10401 10401 10452 10451 15618 15617 15617 15626 15625 15625 15625 15625 15642 15641 15641 15641 15641 
labels_S16_selected_tokens_1_4724_2_4371 8514 8513 8513 8513 8554 8553 8553 8553 8558 17314 17313 17368 17486 17485 6646 6645 6645 6760 6759 6759 6788 6787 6787 15146 15145 15238 15308 5520 5519 5519 5572 5571 5571 5571 5571 5571 5571 5571 5571 5571 5571 5571 5571 5658 5657 13552 13634 13633 13696 13695 2032 2031 2031 2031 2031 2031 2031 2031 2031 2031 2031 2031 2192 2191 2191 2350 2349 2349 17992 17991 17991 17991 17991 18024 18023 18023 18023 18023 18023 18023 18023 18023 18023 18023 18023 18023 18023 18023 18023 18023 18023 18072 18071 18071 
labels_S16_selected_tokens_20_5849_21_4098 3 12 18 17720 17719 17719 17719 17719 17719 17719 17719 17719 17719 17719 17719 17719 17826 17825 17825 17825 17874 17873 17873 12144 12143 12194 12246 12245 12245 12245 12245 12245 12245 12245 12245 12245 13614 13613 13613 13613 13613 13613 13613 13613 13613 13613 13656 13655 13740 13739 10324 10323 10323 10323 10402 10401 10401 10401 10401 10401 10452 15618 15626 15625 15625 15625 15625 15642 15641 15641 15641 15641 15641 15641 15641 15641 15641 15641 15641 15641 
labels_S16_selected_tokens_21_4098_22_3493 9150 9204 9203 9203 9203 9203 9203 9203 9203 9203 9203 9203 9203 9203 9203 9288 9287 12128 12127 12127 12178 12177 12177 12246 12245 12245 12245 12245 12245 12245 12245 12245 12245 12245 13564 13563 13563 13563 13563 13672 13671 13671 13671 13716 13715 13715 13715 13715 13715 13715 13715 7334 7333 7333 7333 7333 7333 7333 7333 7364 7363 7363 7363 7363 7363 7363 7363 7363 7363 7363 7363 7363 7363 7402 7401 7401 22000 21999 21999 21999 21999 22020 22019 22019 22019 22019 22019 22019 22100 22099 22099 22099 
labels_S16_selected_tokens_22_3493_23_1332 4 16 15 18 9202 9204 9288 9287 9287 12128 12178 12177 12246 12245 12245 12245 12245 12245 12245 12245 13564 13563 13563 13672 13671 13671 13671 13671 13671 13671 13671 13716 13715 13715 13715 13715 13715 13715 13715 13715 13715 7334 7333 7333 7333 7333 7333 7333 7333 7333 7333 7364 7363 7363 7363 7363 7363 7363 7363 7363 7363 7363 7363 7402 7401 7401 7401 7401 22000 21999 22020 22019 22019 22019 22019 22100 
labels_S16_selected_tokens_23_1332_24_0774 14022 14021 14056 14055 14055 14100 14099 12126 12125 12125 12125 12194 12193 12193 12193 12193 12246 12245 12245 12245 12245 12245 13616 13615 13615 13615 13615 13615 13615 13676 13675 13675 13732 19154 19153 19153 19153 19153 19294 19386 19385 19385 19385 19385 19385 19385 19385 19385 19385 4560 4559 4559 4559 4559 4559 4559 4564 4563 4563 4563 4563 4563 4563 4563 4572 4571 4571 4571 4571 4571 14194 14193 14193 14193 14193 14193 14193 14193 14193 14210 14209 14209 14209 14209 14209 14209 14258 14257 14257 14257 14257 14257 
labels_S16_selected_tokens_24_0774_24_9879 14022 14056 14055 14055 14055 14055 14055 14055 14100 14099 12126 12194 12246 12245 12245 12245 12245 12245 12245 12245 13616 13615 13615 13615 13615 13615 13615 13615 13615 13615 13676 13675 13732 13731 19154 19153 19153 19294 19386 19385 19385 19385 19385 19385 19385 19385 19385 19385 19385 4560 4559 4559 4559 4559 4559 4559 4559 4559 4564 4563 4563 4563 4563 4563 4563 4563 4572 4571 4571 4571 4571 4571 4571 14194 14193 14193 14193 14193 14193 14210 14209 14209 14209 14209 14209 14209 14209 14258 14257 
labels_S16_selected_tokens_24_9879_25_7393 16468 16502 16544 16543 16543 16543 16543 16543 16543 16543 12138 12137 12137 12137 12194 12193 12193 12193 12193 12246 12245 12245 12245 12245 12245 12245 12245 12245 13614 13613 13613 13613 13613 13613 13613 13613 13613 13613 13656 13740 13739 13739 10324 10323 10323 10323 10402 10401 10401 10401 10401 10452 15612 15611 15611 15611 15611 15611 15611 15611 15611 15611 15626 15625 15625 15625 15625 15625 15642 15641 93 102 108 
labels_S16_selected_tokens_25_7393_26_4681 16468 16467 16467 16502 16501 16544 16543 16543 16543 12138 12137 12194 12193 12246 12245 12245 12245 12245 12245 12245 12245 12245 13614 13613 13613 13613 13613 13613 13613 13613 13613 13613 13613 13613 13656 13655 13655 13740 13739 10324 10323 10402 10401 10401 10401 10401 10401 10401 10401 10401 10452 10451 15618 15626 15625 15625 15625 15625 15625 15625 15625 15625 15625 15625 15625 15625 15642 15641 15641 15641 15641 
labels_S16_selected_tokens_26_4681_27_3683 21112 21148 21190 21189 12120 12119 12119 12119 12194 12193 12193 12246 12245 12245 12245 12245 12245 12245 12245 12245 13616 13615 13615 13615 13615 13615 13615 13615 13676 13675 13675 13732 13731 13731 13731 13731 13731 5046 5045 5045 5056 5055 5055 5055 5055 5055 5070 5069 5069 5069 5069 5069 5069 6934 6933 6938 6937 6937 6937 6937 6937 6948 6947 6947 6947 6947 6947 6947 6947 6947 6947 6947 6947 6947 6947 17104 17156 17155 17155 17155 17155 17155 17212 17211 17211 17211 17211 17211 
labels_S16_selected_tokens_27_3683_28_2093 21112 21148 21190 21189 12120 12119 12194 12246 12245 12245 12245 12245 13616 13615 13615 13615 13615 13615 13615 13615 13615 13615 13615 13615 13615 13676 13675 13675 13732 13731 13731 13731 13731 5046 5045 5045 5056 5055 5055 5055 5055 5070 5069 5069 5069 5069 5069 6934 6933 6938 6937 6948 17134 17133 17133 17133 17133 17133 17133 17133 17133 17133 17133 17133 17133 17133 17133 17133 17133 17133 17133 17156 17155 17155 17155 17212 17211 17211 17211 93 102 108 
labels_S16_selected_tokens_28_2093_29_0487 21112 21148 21190 12120 12119 12119 12119 12194 12193 12193 12193 12193 12193 12246 12245 12245 12245 12245 12245 12245 13616 13615 13615 13615 13615 13615 13615 13615 13615 13615 13615 13615 13686 13685 13754 13753 5514 5513 5513 5513 5624 5623 5623 5676 10272 10271 10271 10366 10365 10365 10365 10365 10365 10365 10365 10365 10365 10432 10431 10431 15618 15617 15617 15617 15617 15626 15625 15625 15625 15625 15625 15625 15625 15625 15625 15625 15625 15625 15642 15641 15641 15641 
labels_S16_selected_tokens_29_0487_29_8392 21112 21148 21147 21190 21189 21189 21189 12120 12119 12119 12194 12193 12193 12193 12246 12245 12245 12245 13616 13615 13615 13615 13615 13615 13615 13615 13615 13615 13615 13615 13615 13686 13685 13685 13754 5514 5513 5513 5513 5624 5623 5676 5675 10272 10271 10271 10366 10365 10365 10365 10365 10365 10365 10432 10431 10431 15618 15626 15625 15625 15625 15625 15625 15625 15625 15625 15625 15625 15625 15625 15625 15642 15641 15641 15641 15641 15641 
labels_S16_selected_tokens_29_8392_30_955 4 16 18 17720 17719 17719 17719 17719 17719 17719 17820 17819 17916 17915 17915 19222 19221 19221 19278 19277 19374 19373 12138 12137 12137 12137 12194 12193 12193 12193 12246 12245 12245 12245 12245 12245 12245 12245 13616 13615 13615 13615 13615 13615 13615 13615 13652 13651 13651 13651 13651 13744 13743 13743 21366 21365 21365 21394 21393 21393 21472 21471 21471 21471 7910 7912 7911 7911 7911 7911 7911 7911 7911 7911 7911 7911 7914 7913 7913 12934 12933 12933 12933 12933 12933 12933 12933 12946 12945 12945 12945 12945 12945 12945 12992 12991 17980 17979 18024 18023 18023 18023 18023 18023 18023 18023 18072 18071 18071 18071 
labels_S16_selected_tokens_2_4371_3_43 8514 8513 8513 8513 8513 8554 8553 8553 8553 8553 8558 8557 17314 17368 17367 17486 17485 6646 6645 6645 6645 6760 6788 6787 6787 15146 15145 15145 15145 15145 15145 15145 15145 15145 15145 15238 15308 5520 5572 5658 5657 5657 5657 5657 5657 5657 5657 13552 13634 13696 13695 2032 2031 2031 2031 2031 2031 2031 2031 2031 2031 2031 2192 2191 2191 2350 2349 2349 17992 17991 18024 18023 18023 18023 18023 18023 18023 18023 18023 18023 18023 18023 18023 18023 18023 18023 18023 18023 18023 18023 18023 18023 18023 18023 18072 18071 18071 
labels_S16_selected_tokens_30_955_32_194 3 12 18 17720 17719 17719 17719 17719 17719 17719 17719 17719 17820 17819 17819 17916 17915 17915 17915 17915 17915 19222 19221 19221 19221 19278 19277 19277 19374 19373 19373 12138 12194 12246 12245 12245 12245 12245 12245 12245 13616 13615 13615 13615 13615 13615 13615 13615 13615 13615 13615 13615 13615 13652 13651 13651 13651 13744 13743 13743 21366 21365 21365 21365 21365 21365 21394 21393 21393 21472 21471 21471 7910 7912 7911 7911 7911 7911 7911 7911 7911 7911 7914 7913 7913 7913 12934 12933 12933 12933 12933 12933 12933 12933 12933 12946 12945 12945 12945 12945 12992 12991 12991 17980 17979 17979 18024 18023 18023 18023 18023 18023 18023 18023 18023 18023 18023 18072 18071 18071 18071 18071 
labels_S16_selected_tokens_32_194_33_197 5170 5216 5274 5273 5273 12134 12133 12133 12133 12194 12193 12193 12193 12246 12245 12245 12245 12245 12245 12245 12245 12245 13564 13563 13563 13563 13672 13671 13716 13715 13715 13715 13715 13715 13715 13715 13715 13715 7326 7325 7325 7325 7325 7390 7389 7418 7417 7417 7417 7417 18646 18645 18645 18645 18645 18645 18645 18645 18664 18663 18663 18663 18684 18683 18683 11282 11286 11285 11285 11285 11285 11285 11285 11285 11285 11292 11291 16568 16567 16567 16567 16567 16567 16618 16617 16617 16617 16617 16617 16617 16617 16660 16659 16659 16659 93 102 108 
labels_S16_selected_tokens_33_197_34_1341 5170 5216 5215 5274 5273 12134 12133 12194 12246 12245 12245 12245 12245 12245 12245 13564 13563 13563 13563 13563 13672 13671 13671 13671 13716 13715 13715 13715 13715 13715 13715 13715 13715 13715 7326 7325 7325 7390 7389 7418 7417 7417 7417 18646 18645 18645 18645 18645 18645 18645 18645 18664 18663 18663 18663 18684 18683 18683 18683 11282 11286 11285 11285 11285 11285 11285 11285 11285 11292 11291 11291 16568 16567 16567 16567 16618 16617 16617 16617 16617 16617 16617 16617 16617 16617 16617 16660 16659 16659 93 102 108 
labels_S16_selected_tokens_34_1341_35_1333 21112 21148 21190 21189 12120 12119 12119 12119 12194 12193 12193 12193 12246 12245 12245 12245 12245 12245 12245 12245 12245 13616 13615 13615 13615 13615 13615 13615 13615 13615 13615 13678 13677 13677 13706 13705 4774 4773 4773 4773 4800 4814 4813 4813 6934 6938 6937 6937 6937 6948 6947 6947 6947 6947 6947 6947 6947 6947 6947 6947 6947 17320 17319 17319 17412 17411 17411 17411 17411 17468 17467 17467 17467 17467 17467 17467 15818 15817 15817 15817 15817 15817 15817 15817 15817 15817 15817 15817 15817 15817 15817 15824 15823 15828 15827 93 102 108 
labels_S16_selected_tokens_35_1333_36_1102 21112 21148 21147 21190 21189 21189 21189 12120 12119 12194 12193 12193 12193 12246 12245 12245 12245 13616 13615 13615 13615 13615 13615 13615 13615 13615 13615 13615 13615 13615 13615 13615 13678 13677 13677 13706 13705 4774 4773 4773 4773 4800 4799 4799 4814 4813 6934 6933 6938 6937 6937 6948 6947 6947 6947 6947 6947 6947 6947 6947 6947 6947 6947 17320 17412 17411 17411 17468 17467 17467 17467 17467 17467 17467 17467 17467 17467 17467 17467 17467 17467 15820 15819 15819 15819 15819 15819 15824 15823 15823 15823 15823 15823 15823 15823 15832 
labels_S16_selected_tokens_36_1102_36_9485 8514 8513 8513 8513 8536 8535 8535 8564 8563 8563 6672 6756 6755 6755 6755 6792 6791 6791 6791 6186 6185 6185 6228 6227 6254 6253 6253 7358 7357 7357 7357 7357 7366 7365 7365 7365 7365 7365 7365 7365 7408 21384 21383 21383 21392 21391 21478 21477 21477 21477 8476 8475 8475 8475 8475 8478 8477 8477 8477 8477 8477 8477 8477 8477 8480 8479 8479 18940 18939 18939 18939 18939 18939 18939 18939 18939 19068 19067 19144 93 102 108 
labels_S16_selected_tokens_36_9485_37_791 8514 8536 8535 8535 8564 8563 6672 6756 6755 6755 6755 6755 6792 6791 6186 6228 6227 6254 6253 7358 7357 7357 7357 7357 7366 7365 7365 7365 7365 7365 7365 7408 7407 7407 21384 21383 21383 21392 21391 21478 21477 21477 21477 8476 8475 8475 8475 8475 8478 8477 8477 8477 8477 8477 8477 8477 8477 8477 8477 8480 8479 8479 8479 18940 18939 18939 18939 18939 18939 18939 18939 19068 19144 93 91 91 91 91 91 91 102 108 
labels_S16_selected_tokens_37_791_38_5349 13248 13276 13275 13275 13340 13339 13339 6650 6649 6649 6649 6649 6649 6649 6756 6792 6791 6791 6186 6185 6185 6185 6185 6228 6227 6254 6253 7360 7359 7359 7359 7359 7359 7359 7359 7359 7396 7434 7433 7433 7433 7433 7433 11448 11447 11447 11447 11447 11447 11447 11447 11478 11477 11477 11477 11477 11477 11477 11477 11477 11477 11477 11477 11477 11477 11477 11477 11477 11548 93 102 108 
labels_S16_selected_tokens_38_5349_39_1742 13248 13276 13340 6650 6649 6649 6649 6649 6756 6755 6755 6755 6792 6186 6228 6227 6227 6254 6253 7360 7359 7359 7359 7359 7359 7359 7359 7359 7359 7396 7395 7395 7395 7395 7434 7433 7433 7433 7433 11448 11447 11447 11447 11447 11478 11477 11477 11477 11477 11477 11477 11477 11477 11477 11477 11477 11477 11477 11548 93 102 108 
labels_S16_selected_tokens_39_1742_39_9218 14022 14070 14098 2984 2983 3046 3045 3045 3045 3045 3060 3059 6186 6185 6228 6227 6227 6254 6253 6253 7358 7357 7357 7357 7357 7357 7390 7389 7418 7417 7417 7417 7417 18646 18645 18645 18645 18645 18664 18663 18663 18684 18683 18683 11282 11281 11286 11285 11285 11285 11285 11285 11285 11285 11285 11292 11291 16568 16567 16567 16567 16567 16624 16623 16623 16623 16623 16623 16623 16623 16660 16659 16659 
labels_S16_selected_tokens_39_9218_40_6796 14022 14070 14098 14097 2984 2983 2983 2983 2983 3046 3045 3060 3059 6186 6228 6227 6254 6253 7358 7357 7357 7357 7357 7357 7390 7389 7389 7418 7417 7417 7417 7417 18646 18645 18645 18645 18645 18645 18645 18664 18663 18663 18684 18683 18683 18683 11282 11286 11285 11285 11285 11285 11285 11285 11285 11292 11291 11291 16568 16567 16567 16567 16567 16624 16623 16623 16623 16623 16623 16623 16660 16659 16659 16659 
labels_S16_selected_tokens_3_43_4_3434 12454 12456 12455 12455 12480 12479 12479 12479 6688 6687 6687 6687 6746 6745 6768 6767 6767 14322 14321 14321 14321 14321 14321 14321 14390 14389 14389 14389 14389 14389 14389 14389 14424 18138 18137 18137 18137 18137 18137 18137 18137 18137 18137 18232 18231 18310 19238 19237 19237 19310 19309 19392 19391 19391 16306 16305 16305 16305 16305 16305 16305 16305 16305 16305 16305 16305 16305 16305 16305 16305 16305 16305 16305 16308 16312 14942 14970 14969 14969 14969 14969 14969 14969 14969 14969 14969 15076 15075 15075 
labels_S16_selected_tokens_40_6796_41_4704 21112 21152 21180 21179 7780 7779 7779 7802 7801 7801 7820 7819 7819 7819 7819 7819 7819 7819 6196 6195 6212 6211 6211 6272 6271 11592 11591 11591 11618 11617 11617 11617 11617 11617 11617 11694 11693 11693 11693 11693 11693 2022 2021 2021 2021 2021 2021 2021 2021 2250 2249 2249 2350 2349 18178 18177 18177 18232 18231 18231 18231 18231 18231 18231 18231 18282 18281 18970 18969 18969 18969 19022 19021 19072 93 102 108 
labels_S16_selected_tokens_41_4704_42_2794 21112 21152 21180 7780 7779 7802 7801 7801 7801 7801 7801 7820 7819 7819 7819 6196 6212 6272 11592 11591 11591 11591 11618 11617 11617 11617 11617 11617 11617 11617 11617 11694 11693 11693 11693 11693 11693 11693 2022 2021 2021 2021 2021 2021 2021 2021 2021 2021 2250 2249 2350 2349 2349 18178 18177 18232 18231 18231 18231 18231 18231 18231 18231 18231 18231 18231 18282 18281 18281 18970 18969 18969 18969 19022 19021 19072 93 102 108 
labels_S16_selected_tokens_42_2794_43_1017 2722 2721 2772 2771 2771 2771 2771 2771 2771 2786 2785 2785 6186 6185 6185 6185 6185 6228 6227 6254 6253 6253 7358 7398 7397 7397 7397 7397 7397 7397 7397 7448 7447 7447 15112 15111 15111 15214 15213 15314 15313 15313 2052 2051 2051 2051 2051 2051 2051 2051 2051 2051 2192 2191 2191 2350 2349 2349 2349 17992 17991 17991 18024 18023 18023 18023 18023 18023 18023 18023 18023 18023 18023 18023 18023 18023 18023 18023 18072 18071 
labels_S16_selected_tokens_43_1017_43_9895 2722 2721 2772 2771 2771 2771 2771 2771 2771 2771 2786 2785 6186 6185 6228 6227 6227 6254 6253 7358 7398 7397 7397 7397 7397 7397 7397 7397 7448 7447 7447 7447 15112 15111 15111 15214 15213 15314 15313 2052 2051 2051 2051 2051 2051 2051 2051 2051 2051 2051 2051 2192 2191 2191 2350 2349 17930 17929 17929 17929 17929 17929 17929 18024 18023 18023 18023 18023 18023 18023 18023 18023 18023 18023 18023 18023 18023 18023 18023 18072 18071 18071 18071 18071 93 102 108 
labels_S16_selected_tokens_43_9895_44_6908 9136 9135 9135 9216 9215 9215 9215 9286 9285 9285 6696 6695 6756 6755 6755 6755 6792 6791 6791 6791 6791 6186 6185 6185 6185 6185 6185 6228 6227 6227 6254 7300 7299 7299 7299 7299 7299 7299 7299 7299 7299 7299 7299 7299 7364 7363 7363 7363 7363 7363 7363 7363 7363 7363 7402 7401 7401 7401 7401 22000 21999 22020 22019 22019 22019 22019 22019 22100 
labels_S16_selected_tokens_44_6908_45_3851 9136 9135 9135 9216 9215 9215 9215 9286 9285 9285 9285 6696 6695 6695 6695 6756 6755 6792 6186 6185 6228 6254 6253 7300 7299 7299 7299 7299 7299 7299 7299 7299 7299 7299 7299 7299 7299 7299 7299 7364 7363 7363 7363 7363 7363 7363 7402 7401 7401 7401 22000 22020 22019 22019 22019 22019 22019 22019 22019 22019 22019 22019 22019 22019 22019 22100 22099 
labels_S16_selected_tokens_45_3851_46_2088 13248 13276 13352 13351 13351 13351 1002 1001 1001 1001 1001 1001 1001 1001 1001 1001 1001 1001 1001 1001 1001 1001 1001 1100 1099 1099 1144 1143 1143 6186 6185 6228 6227 6227 6254 6253 6253 7300 7299 7299 7299 7299 7299 7299 7299 7299 7299 7299 7299 7299 7364 7363 7363 7363 7363 7363 7363 7363 7402 7401 7401 7401 22000 22020 22019 22019 22019 22019 22019 22019 22019 22019 22019 22019 22019 22100 22099 22099 22099 22099 
labels_S16_selected_tokens_46_2088_46_9481 13248 13276 13352 13351 1002 1001 1001 1001 1001 1001 1001 1001 1001 1001 1001 1001 1001 1001 1001 1100 1099 1099 1144 1143 1143 6186 6228 6254 7300 7299 7299 7299 7299 7299 7299 7299 7299 7299 7364 7363 7363 7363 7363 7363 7363 7363 7363 7363 7363 7363 7363 7402 22000 21999 21999 21999 21999 21999 22020 22019 22019 22019 22019 22019 22019 22019 22019 22019 22100 22099 22099 22099 
labels_S16_selected_tokens_46_9481_47_6237 2722 2721 2772 2771 2771 2771 2771 2771 2771 2771 2786 2785 2785 2785 6186 6185 6185 6185 6228 6227 6227 6254 6253 6253 7300 7299 7299 7299 7299 7299 7299 7299 7299 7299 7299 7299 7299 7299 7299 7299 7380 7379 7379 7379 7379 7379 7379 7379 7379 7379 7379 7416 5342 5341 5341 5430 5429 5429 5429 5498 5497 5497 5497 93 102 108 
labels_S16_selected_tokens_47_6237_48_2673 2722 2721 2721 2772 2771 2771 2771 2771 2771 2771 2786 2785 6186 6185 6185 6228 6227 6254 6253 7300 7299 7299 7299 7299 7299 7299 7299 7299 7299 7299 7299 7299 7299 7299 7299 7299 7299 7299 7299 7299 7299 7299 7299 7380 7379 7379 7416 7415 5342 5341 5430 5429 5429 5429 5429 5429 5498 5497 5497 93 102 108 
labels_S16_selected_tokens_48_2673_49_0533 8514 8540 8539 8539 8578 8577 8577 474 473 473 518 517 517 517 517 517 517 517 517 517 517 517 517 540 539 539 539 6186 6185 6185 6185 6228 6227 6227 6227 6254 6253 6253 7300 7299 7299 7299 7299 7299 7299 7299 7299 7299 7299 7299 7299 7299 7299 7299 7299 7380 7379 7379 7379 7416 7415 5342 5341 5430 5429 5429 5429 5498 5497 5497 5497 5497 5497 93 102 100 108 
labels_S16_selected_tokens_49_0533_49_77 8514 8540 8539 8539 8539 8578 8577 474 473 518 517 517 517 517 517 517 517 517 517 517 517 517 517 540 539 539 6186 6185 6228 6227 6227 6254 7300 7299 7299 7299 7299 7299 7299 7299 7299 7299 7299 7380 7379 7379 7379 7379 7379 7379 7379 7379 7379 7379 7379 7416 7415 5342 5341 5341 5430 5429 5429 5429 5498 5497 5497 93 102 108 
labels_S16_selected_tokens_49_77_50_4754 21112 21162 21161 21168 21167 21167 6702 6701 6701 6701 6701 6701 6756 6755 6792 6791 6791 6186 6185 6185 6185 6185 6228 6227 6254 6253 7300 7299 7299 7299 7299 7299 7299 7299 7299 7299 7299 7299 7299 7299 7299 7299 7299 7299 7380 7379 7379 7379 7379 7379 7416 7415 5342 5430 5429 5429 5429 5429 5429 5498 5497 5497 5497 93 102 100 100 100 108 
labels_S16_selected_tokens_4_3434_5_231 12454 12456 12455 12455 12455 12480 12479 12479 12479 6688 6687 6746 6745 6745 6768 6767 14322 14321 14321 14321 14321 14321 14321 14321 14321 14390 14389 14389 14389 14389 14389 14389 14389 14424 14423 18138 18137 18137 18137 18137 18137 18137 18137 18232 18231 18231 18310 18309 18309 19238 19237 19310 19309 19309 19392 19391 19391 16306 16305 16305 16305 16305 16305 16305 16305 16305 16305 16305 16305 16305 16305 16308 16312 16311 16311 16311 14942 14970 14969 14969 14969 14969 14969 14969 15076 15075 15075 
labels_S16_selected_tokens_50_4754_51_1011 21112 21162 21168 21167 21167 6702 6701 6701 6701 6701 6701 6756 6755 6755 6792 6791 6186 6228 6227 6254 7300 7299 7299 7299 7299 7299 7299 7299 7299 7299 7299 7299 7299 7299 7299 7299 7299 7299 7299 7380 7379 7379 7379 7379 7416 7415 5342 5430 5429 5429 5429 5429 5429 5498 5497 5497 5497 5497 93 102 108 
labels_S16_selected_tokens_51_1011_51_8532 12646 12694 12750 12749 12749 12749 12749 12749 12749 12749 12749 12749 16106 16136 16135 16135 16135 16135 16135 16135 16135 16135 16135 16170 16169 16169 16169 16169 16169 5534 5608 5607 5712 10272 10366 10365 10365 10365 10365 10365 10365 10365 10365 10365 10365 10365 10365 10432 10431 10431 15618 15617 15617 15617 15626 15625 15625 15625 15625 15625 15625 15625 15625 15625 15625 15625 15625 15625 15642 15641 15641 15641 15641 
labels_S16_selected_tokens_51_8532_52_6367 12646 12694 12750 12749 12749 12749 12749 12749 12749 12749 12749 16106 16105 16136 16135 16135 16135 16135 16135 16135 16135 16135 16135 16135 16135 16170 16169 16169 16169 16169 5534 5533 5608 5712 10272 10271 10271 10366 10365 10365 10365 10365 10365 10365 10365 10365 10432 10431 10431 15618 15617 15617 15626 15625 15625 15625 15625 15625 15625 15625 15625 15625 15625 15625 15625 15625 15625 15625 15625 15625 15642 15641 15641 15641 15641 15641 
labels_S16_selected_tokens_52_6367_53_3751 8906 8908 8934 8933 8933 16106 16105 16105 16105 16136 16135 16135 16135 16135 16135 16135 16135 16135 16135 16135 16135 16135 16135 16135 16170 16169 16169 16169 16169 5534 5608 5607 5712 5711 10328 10327 10327 10327 10327 10327 10327 10327 10327 10327 10327 10327 10327 10327 10327 10327 10327 10327 10327 10327 10327 10327 10327 10352 10351 10436 5350 5430 5429 5429 5429 5498 5497 5497 93 102 100 108 
labels_S16_selected_tokens_53_3751_54_0544 8906 8908 8934 8933 8933 16106 16105 16136 16135 16135 16135 16135 16135 16135 16135 16135 16135 16135 16135 16135 16135 16135 16135 16170 16169 16169 16169 16169 5534 5533 5608 5607 5712 5711 10328 10327 10327 10327 10327 10327 10327 10327 10327 10327 10327 10327 10327 10327 10327 10327 10327 10327 10327 10327 10327 10327 10352 10351 10351 10436 5350 5349 5430 5429 5429 5500 
labels_S16_selected_tokens_54_0544_54_9004 9136 9216 9215 9215 9296 9295 9295 9295 16080 16079 16079 16108 16107 16107 16107 16107 16107 16107 16107 16107 16107 16107 16107 16107 16107 16107 16146 16145 16145 16145 22122 22121 22121 22121 22188 22187 22187 22187 22187 22187 22236 22235 10250 10249 10249 10249 10249 10249 10249 10249 10249 10249 10249 10249 10249 10249 10249 10249 10249 10249 10249 10249 10249 10249 10249 10346 10410 10409 10409 10409 22010 22054 22053 22053 22053 22053 22053 22053 22053 22053 22053 22053 22100 
labels_S16_selected_tokens_54_9004_55_7847 9136 9216 9215 9215 9215 9296 9295 9295 9295 16080 16079 16079 16108 16107 16107 16107 16107 16107 16107 16107 16107 16107 16107 16107 16107 16146 16145 16145 16145 16145 16145 16145 22122 22121 22121 22121 22188 22187 22187 22187 22187 22187 22236 22235 22235 10250 10249 10249 10249 10249 10249 10249 10249 10249 10249 10249 10249 10249 10249 10249 10249 10249 10249 10249 10249 10346 10345 10345 10410 10409 22010 22009 22054 22053 22053 22053 22053 22053 22053 22053 22053 22053 22053 22053 22053 22100 
labels_S16_selected_tokens_55_7847_56_5121 14022 14070 14069 14130 14129 14129 14129 14129 16086 16085 16085 16085 16085 16085 16136 16135 16135 16135 16135 16135 16135 16135 16135 16170 16169 16169 16169 16169 16169 16169 5534 5626 5625 5625 5700 2074 2073 2073 2073 2073 2073 2073 2073 2073 2073 2208 2207 2207 2207 2340 2339 14190 14189 14189 14189 14189 14189 14189 14189 14189 14189 14189 14189 14210 14209 14209 14209 14209 14209 14258 14257 
labels_S16_selected_tokens_56_5121_57_2885 14022 14070 14130 14129 14129 14129 14129 14129 14129 14129 14129 14129 16086 16136 16135 16135 16135 16135 16135 16135 16135 16135 16135 16135 16135 16135 16135 16135 16135 16170 16169 16169 16169 16169 16169 5534 5533 5533 5626 5625 5700 2074 2073 2073 2073 2073 2073 2073 2208 2207 2207 2207 2340 2339 2339 2339 14190 14189 14189 14189 14189 14189 14189 14189 14189 14210 14209 14209 14209 14209 14209 14209 14209 14209 14258 14257 
labels_S16_selected_tokens_57_2885_58_2086 16468 16514 16513 16560 16559 16559 16559 16559 16090 16089 16089 16089 16089 16089 16108 16107 16107 16107 16107 16107 16107 16107 16107 16146 16145 16145 16145 16145 16145 16145 22122 22121 22121 22121 22121 22121 22192 22191 22191 22228 22227 22227 22227 22227 7332 7331 7331 7331 7331 7331 7331 7331 7331 7331 7364 7363 7363 7363 7363 7363 7363 7363 7363 7363 7363 7363 7363 7363 7402 7401 7401 7401 7401 22000 22020 22019 22019 22019 22019 22019 22019 22019 22019 22019 22019 22019 22019 22100 22099 22099 
labels_S16_selected_tokens_58_2086_59_125 16468 16514 16513 16513 16513 16560 16559 16559 16559 16090 16089 16108 16107 16107 16107 16107 16107 16107 16107 16107 16107 16107 16107 16107 16107 16107 16107 16146 16145 16145 16145 22122 22121 22121 22121 22121 22121 22192 22191 22191 22228 22227 22227 22227 22227 7332 7331 7331 7331 7331 7331 7331 7331 7331 7331 7331 7331 7331 7331 7331 7331 7331 7331 7364 7363 7363 7363 7363 7363 7363 7363 7402 7401 7401 7401 22000 22020 22019 22019 22019 22019 22019 22019 22019 22019 22019 22019 22019 22100 22099 
labels_S16_selected_tokens_59_125_59_8288 16960 16988 16987 17030 17029 17029 16098 16097 16097 16097 16097 16097 16097 16097 16136 16135 16135 16135 16135 16135 16135 16135 16168 16167 16167 16167 16167 4790 4789 4789 4806 4805 4805 4850 4849 4849 648 647 650 649 649 649 649 649 649 649 649 649 649 649 649 649 649 649 649 649 649 649 649 649 649 649 649 652 651 19016 19044 19110 
labels_S16_selected_tokens_59_8288_60_5335 16960 16988 16987 16987 17030 16098 16097 16097 16097 16097 16097 16136 16135 16135 16135 16135 16135 16135 16135 16135 16135 16135 16135 16135 16168 16167 16167 16167 16167 4790 4789 4789 4806 4805 4805 4850 4849 4849 4849 648 647 647 647 647 647 650 649 649 649 649 649 649 649 649 649 649 649 649 649 649 649 649 649 652 651 19016 19044 19110 
labels_S16_selected_tokens_5_231_5_8938 13248 13276 13275 13275 13275 13275 13340 13339 6650 6649 6649 6649 6649 6649 6720 6768 6767 6767 14342 14341 14341 14341 14341 14341 14396 14470 14469 2026 2025 2025 2025 2025 2025 2025 2025 2025 2025 2025 2025 2025 2164 2163 2163 2354 2353 2353 2353 2353 14956 14955 14955 14955 14970 14969 14969 14969 14969 14969 14969 14969 14969 14969 14969 15076 
labels_S16_selected_tokens_5_8938_6_5804 13248 13247 13247 13247 13247 13276 13275 13340 13339 6650 6720 6719 6719 6719 6719 6719 6768 6767 14342 14341 14341 14341 14341 14341 14341 14396 14395 14395 14395 14470 2026 2025 2025 2025 2025 2025 2025 2025 2025 2025 2025 2025 2025 2025 2164 2163 2354 2353 2353 2353 14956 14970 14969 14969 14969 14969 14969 14969 14969 14969 14969 14969 14969 14969 15076 15075 15075 
labels_S16_selected_tokens_60_5335_61_3973 3 12 18 17720 17719 17719 17719 17719 17719 17719 17719 17834 17833 17833 17914 17913 17913 17913 16084 16083 16120 16119 16119 16119 16119 16119 16119 16119 16119 16119 16119 16119 16119 16166 16165 16165 16165 16165 16165 16165 12538 12537 12537 12540 12539 12539 12548 12547 12547 12547 12547 7324 7323 7323 7323 7323 7398 7397 7397 7397 7397 7397 7397 7397 7397 7397 7397 7397 7397 7397 7397 7397 7397 7448 7447 14892 14970 14969 14969 14969 14969 14969 14969 15076 
labels_S16_selected_tokens_61_3973_62_3255 17796 17834 17833 17833 17833 17833 17833 17833 17833 17914 17913 17913 17913 16084 16120 16119 16119 16119 16119 16119 16119 16119 16119 16119 16119 16119 16119 16119 16119 16119 16119 16119 16119 16166 16165 16165 16165 16165 16165 16165 16165 16165 16165 16165 12538 12540 12539 12539 12548 12547 12547 12547 12547 7324 7323 7323 7323 7323 7323 7323 7323 7323 7398 7397 7397 7397 7397 7397 7397 7397 7397 7397 7397 7397 7397 7397 7397 7448 7447 7447 14892 14970 14969 14969 14969 14969 14969 14969 14969 14969 15076 
labels_S16_selected_tokens_62_3255_63_077 3 12 18 17720 17719 17719 17719 17719 17719 17719 17834 17833 17833 17914 17913 17913 16084 16083 16083 16083 16083 16120 16119 16119 16119 16119 16119 16119 16119 16119 16119 16119 16170 16169 16169 16169 16169 16169 16169 5534 5533 5626 5625 5708 5707 1766 1765 1765 1765 1765 1765 1765 1765 1765 1765 1765 1765 1765 1765 1765 1765 1846 1845 1845 1845 1845 1845 1845 1845 1845 1845 1845 1998 
labels_S16_selected_tokens_63_077_63_7891 17796 17795 17795 17795 17795 17834 17833 17833 17833 17833 17914 17913 17913 17913 16084 16083 16120 16119 16119 16119 16119 16119 16119 16119 16119 16119 16119 16119 16119 16119 16119 16170 16169 16169 16169 16169 16169 5534 5533 5626 5708 5707 1766 1765 1765 1765 1765 1846 1845 1845 1845 1845 1845 1845 1845 1845 1845 1845 1845 1845 1845 1845 1845 1845 1845 1845 1998 1997 1997 
labels_S16_selected_tokens_63_7891_64_5488 16468 16514 16513 16513 16560 16559 16559 16559 16559 16090 16089 16136 16135 16135 16135 16135 16135 16135 16135 16170 16169 16169 16169 16169 5534 5584 5583 5650 5649 11592 11591 11591 11591 11591 11618 11617 11617 11617 11617 11617 11617 11694 11693 11693 11693 2126 2125 2125 2125 2125 2125 2125 2125 2246 2245 2245 2340 2339 14190 14189 14189 14189 14189 14189 14189 14189 14189 14210 14209 14209 14209 14209 14258 14257 
labels_S16_selected_tokens_64_5488_65_3407 16468 16514 16513 16513 16513 16560 16559 16559 16559 16559 16090 16089 16136 16135 16135 16135 16135 16135 16170 16169 16169 16169 16169 16169 16169 5534 5584 5650 5649 11592 11591 11591 11591 11618 11617 11617 11617 11617 11617 11617 11617 11694 11693 11693 11693 2126 2125 2125 2125 2125 2125 2125 2125 2246 2245 2340 2339 14190 14189 14189 14189 14189 14189 14189 14189 14210 14209 14209 14209 14209 14209 14209 14209 14209 14209 14258 14257 
labels_S16_selected_tokens_65_3407_66_3163 3 12 18 17720 17719 17719 17719 17719 17719 17719 17834 17833 17833 17914 17913 17913 16084 16083 16083 16083 16083 16120 16119 16119 16119 16168 16167 16167 16167 16167 4790 4789 4804 4803 4842 4841 4841 7358 7357 7398 7397 7397 7397 7397 7397 7448 7447 7447 15112 15214 15213 15314 15313 15313 15313 15313 15313 2052 2051 2051 2051 2051 2051 2051 2051 2051 2051 2051 2192 2191 2350 2349 2349 2349 17992 17991 17991 17991 18024 18023 18023 18023 18023 18023 18023 18023 18023 18023 18023 18023 18023 18023 18023 18072 18071 18071 
labels_S16_selected_tokens_66_3163_67_3758 3 12 18 17720 17719 17719 17719 17719 17719 17719 17719 17719 17719 17719 17834 17833 17833 17914 17913 17913 17913 17913 16084 16120 16119 16119 16119 16119 16119 16119 16119 16119 16168 16167 16167 16167 16167 4790 4789 4789 4804 4803 4803 4803 4842 4841 4841 7358 7398 7397 7397 7397 7397 7448 7447 7447 15112 15111 15214 15213 15314 15313 15313 2052 2051 2051 2051 2051 2051 2051 2051 2051 2051 2051 2051 2051 2192 2191 2191 2350 2349 17992 18024 18023 18023 18023 18023 18023 18023 18023 18023 18023 18023 18023 18023 18023 18023 18023 18023 18072 18071 18071 18071 18071 
labels_S16_selected_tokens_67_3758_68_0636 12646 12690 12689 12689 12689 12689 12689 12689 12689 12689 12736 12735 12735 20466 20465 20465 20500 20499 20499 20499 20499 20499 20499 20499 20499 20499 20532 20531 20531 5552 5626 5690 5689 5689 5689 15820 15819 15819 15819 15819 15819 15819 15819 15819 15824 15823 15823 15823 15823 15823 15823 15823 15823 15823 15823 15823 15823 15823 15823 15823 15823 15823 15823 15823 15823 15832 15831 
labels_S16_selected_tokens_68_0636_68_7275 12646 12690 12689 12689 12689 12689 12689 12689 12689 12689 12689 12689 12736 12735 12735 20466 20465 20465 20500 20499 20499 20499 20499 20499 20499 20499 20499 20499 20532 20531 20531 5552 5551 5626 5690 15818 15817 15817 15817 15817 15817 15817 15817 15817 15817 15817 15817 15817 15817 15824 15823 15823 15828 15827 15827 15827 15827 15827 15827 15827 15827 93 102 108 
labels_S16_selected_tokens_68_7275_69_3906 14022 14021 14021 14021 14021 14021 14062 14061 14061 14090 14089 14089 14089 14089 14089 14089 20450 20449 20449 20449 20449 20449 20449 20449 20449 20500 20499 20499 20499 20532 20531 20531 20531 5552 5584 5583 5650 5649 11472 11471 11478 11477 11477 11477 11477 11477 11477 11477 11477 11477 11477 11477 11477 11477 11477 11477 11477 11477 11477 11477 11548 93 102 108 
labels_S16_selected_tokens_69_3906_70_0066 14022 14021 14021 14062 14090 14089 14089 14089 14089 14089 20450 20449 20449 20449 20449 20449 20449 20449 20500 20499 20499 20499 20499 20499 20499 20499 20532 5552 5551 5584 5583 5583 5650 5649 11472 11471 11471 11471 11471 11471 11471 11471 11471 11471 11471 11471 11471 11471 11471 11471 11471 11478 11477 11477 11477 11477 11548 93 102 108 
labels_S16_selected_tokens_6_5804_7_7019 3 12 18 17720 17719 17719 17719 17719 17719 17719 17719 17830 17829 17878 17877 17877 17877 16686 16685 16685 16685 16685 16748 16747 16758 16757 16757 16757 6670 6669 6750 6749 6749 6749 6749 6749 6749 6788 6787 6787 15146 15145 15145 15145 15145 15145 15145 15145 15145 15145 15145 15145 15145 15145 15145 15238 15237 15308 5536 5535 5624 5623 5648 5647 5647 7332 7331 7331 7331 7331 7331 7331 7331 7331 7331 7331 7331 7331 7331 7331 7331 7364 7363 7363 7363 7363 7363 7402 7401 7401 22000 21999 21999 21999 22020 22019 22019 22019 22019 22019 22019 22019 22019 22019 22019 22019 22019 22019 22100 22099 
labels_S16_selected_tokens_70_0066_70_654 14646 14778 14777 14777 14777 14860 14859 14859 14859 20438 20437 20500 20499 20499 20499 20499 20499 20499 20499 20499 20499 20499 20499 20499 20499 20499 20499 20499 20499 20499 20532 20531 5552 5626 5625 5700 2016 2015 2015 2015 2226 2344 2343 2343 2343 2343 13398 13397 13397 13397 13397 13397 13397 13397 13397 13397 13397 13397 13454 13453 13453 13453 13502 
labels_S16_selected_tokens_70_654_71_2847 14646 14778 14777 14777 14860 14859 14859 14859 20438 20437 20437 20437 20437 20437 20437 20500 20499 20499 20499 20499 20499 20499 20499 20499 20499 20532 20531 5552 5551 5626 5625 5700 2016 2015 2226 2225 2344 2343 2343 2343 2343 13398 13397 13397 13397 13397 13397 13397 13397 13397 13397 13397 13397 13397 13454 13453 13453 13453 13453 13453 13502 
labels_S16_selected_tokens_71_2847_72_1687 16960 16959 16990 16989 16989 16989 16989 17008 17007 20444 20443 20443 20443 20443 20443 20443 20443 20443 20443 20500 20499 20532 20531 20531 20531 20531 20531 20531 5548 5547 5547 5588 5587 5587 5698 5697 5697 15090 15089 15202 15201 15294 15293 15293 15293 2052 2051 2051 2051 2051 2051 2051 2051 2051 2051 2051 2051 2192 2191 2191 2350 2349 2349 17992 17991 17991 17991 17991 18024 18023 18023 18023 18023 18023 18023 18023 18023 18023 18023 18023 18023 18023 18023 18023 18023 18072 
labels_S16_selected_tokens_72_1687_72_9819 16960 16990 16989 17008 20444 20443 20443 20443 20443 20443 20443 20443 20443 20443 20443 20443 20443 20443 20443 20443 20443 20500 20532 20531 20531 20531 20531 5548 5588 5587 5698 5697 15090 15089 15089 15202 15201 15201 15294 15293 15293 2052 2051 2051 2051 2051 2051 2051 2051 2051 2051 2051 2051 2051 2051 2051 2192 2191 2191 2350 2349 2349 17992 17991 17991 17991 18024 18023 18023 18023 18023 18023 18023 18023 18023 18023 18023 18023 18072 
labels_S16_selected_tokens_72_9819_73_7291 4606 4622 4648 4647 4647 17336 17335 17335 17382 17381 17436 17435 17435 17435 20444 20443 20443 20443 20443 20443 20443 20443 20443 20443 20443 20500 20499 20499 20499 20499 20499 20499 20532 20531 20531 5552 5608 5607 5712 10272 10271 10366 10365 10365 10365 10365 10365 10432 10431 10431 10431 10431 15618 15617 15626 15625 15625 15625 15625 15625 15625 15625 15625 15625 15625 15625 15642 15641 15641 15641 15641 15641 15641 
labels_S16_selected_tokens_73_7291_74_466 4606 4622 4621 4648 4647 17336 17382 17381 17381 17436 17435 17435 17435 17435 17435 17435 17435 17435 17435 17435 20444 20443 20443 20443 20500 20499 20499 20499 20499 20499 20532 20531 20531 20531 5552 5608 5607 5712 5711 10272 10366 10365 10365 10365 10365 10432 10431 10431 10431 10431 10431 15618 15626 15625 15625 15625 15625 15625 15625 15625 15625 15625 15625 15625 15625 15625 15642 15641 15641 15641 15641 15641 
labels_S16_selected_tokens_74_466_75_4309 16468 16482 16481 16481 16546 16545 16545 16545 16545 16545 16545 16545 16545 16545 16545 17330 17329 17329 17382 17381 17436 20444 20443 20443 20443 20443 20443 20443 20443 20443 20443 20500 20499 20499 20499 20499 20499 20532 20531 20531 5552 5608 5607 5712 5711 5711 10328 10327 10327 10327 10327 10327 10327 10327 10327 10327 10327 10327 10327 10327 10372 10371 10424 10423 10423 10423 18592 18591 18591 18604 18603 18603 18603 18603 18603 18603 18603 18603 18603 18603 18603 18603 18603 18603 18603 18603 18624 18623 18623 18623 18623 18623 18623 18623 
labels_S16_selected_tokens_75_4309_76_3348 16468 16482 16481 16481 16546 16545 16545 16545 16545 16545 16545 16545 16545 17330 17329 17382 17381 17436 17435 20444 20443 20443 20443 20443 20443 20443 20443 20443 20443 20443 20443 20443 20443 20443 20500 20499 20532 20531 5552 5608 5607 5712 5711 10328 10327 10327 10327 10327 10327 10327 10327 10327 10327 10327 10327 10327 10327 10372 10371 10424 10423 10423 18592 18591 18591 18591 18604 18603 18603 18603 18603 18603 18603 18603 18603 18603 18603 18603 18603 18603 18603 18603 18603 18603 18624 18623 18623 18623 
labels_S16_selected_tokens_76_3348_77_4773 3 12 18 17720 17719 17719 17719 17719 17719 17719 17719 17719 17719 17719 17719 17719 17719 17719 17719 17719 17820 17819 17819 17819 17819 17916 17915 17915 17915 17915 17915 19222 19221 19221 19278 19277 19277 19277 19394 20454 20453 20453 20500 20499 20499 20499 20499 20499 20499 20499 20499 20499 20499 20532 20531 20531 20531 5552 5626 5625 5700 5699 2030 2029 2029 2029 2029 2029 2029 2029 2029 2180 2179 2179 2179 2348 2347 15162 15161 15161 15161 15161 15161 15234 15233 15304 19170 19169 19169 19320 19330 19329 19329 19329 18016 18015 18015 18015 18024 18023 18023 18023 18023 18023 18023 18023 18023 18072 18071 18071 18071 18071 
labels_S16_selected_tokens_77_4773_78_5339 17796 17820 17819 17819 17819 17819 17819 17819 17819 17819 17819 17819 17819 17819 17819 17819 17819 17819 17819 17819 17819 17819 17916 17915 17915 17915 17915 19222 19221 19221 19221 19278 19277 19277 19277 19394 20454 20453 20453 20453 20453 20453 20453 20453 20500 20499 20499 20499 20499 20499 20532 5552 5626 5625 5700 2030 2029 2029 2029 2029 2029 2180 2179 2179 2179 2179 2179 2348 2347 15162 15161 15161 15161 15161 15161 15161 15161 15234 15233 15304 15303 19170 19169 19320 19330 19329 19329 19329 19329 19329 19329 19329 19329 18016 18024 18023 18023 18023 18023 18023 18023 18023 18023 18072 
labels_S16_selected_tokens_78_5339_79_4934 4 16 18 17720 17719 17719 17719 17719 17719 17719 17719 17719 17719 17719 17719 17719 17719 17719 17719 17822 17821 17821 17821 17864 17863 17863 17863 17863 12898 12897 12897 12897 12897 12897 12897 12950 13018 13017 13017 13017 20466 20465 20465 20500 20499 20499 20499 20499 20499 20499 20499 20499 20520 20519 20519 20519 19240 19288 19358 19357 10328 10327 10327 10327 10327 10327 10327 10327 10327 10327 10327 10327 10327 10327 10327 10327 10327 10352 10436 10435 5350 5430 5429 5429 5429 5429 5498 5497 5497 5497 93 102 100 108 
labels_S16_selected_tokens_79_4934_80_4188 3 12 18 17720 17719 17719 17719 17719 17719 17719 17719 17719 17719 17719 17719 17719 17822 17864 17863 17863 17863 12898 12897 12897 12897 12897 12897 12897 12897 12897 12897 12897 12950 12949 12949 12949 12949 12949 13018 20466 20465 20500 20499 20499 20499 20499 20499 20499 20499 20499 20499 20499 20520 20519 20519 19240 19288 19287 19358 19357 10328 10327 10327 10327 10327 10327 10327 10327 10327 10327 10327 10327 10327 10327 10327 10327 10327 10327 10327 10352 10436 5350 5430 5429 5429 5429 5429 5429 5429 5500 5499 
labels_S16_selected_tokens_7_7019_8_8131 4 16 18 17720 17719 17719 17719 17719 17719 17719 17719 17719 17830 17829 17878 17877 17877 16686 16685 16685 16748 16747 16747 16758 16757 16757 6670 6750 6749 6749 6788 6787 6787 15146 15145 15145 15145 15145 15145 15145 15145 15145 15145 15145 15145 15145 15145 15145 15145 15145 15145 15238 15237 15308 5536 5535 5624 5623 5648 5647 5647 5647 7332 7331 7331 7331 7331 7331 7331 7331 7331 7331 7331 7331 7331 7331 7331 7331 7331 7331 7364 7363 7363 7363 7363 7402 7401 21978 21977 21977 21977 21977 21977 22020 22019 22019 22019 22019 22019 22019 22019 22019 22019 22060 22059 22059 93 102 108 
labels_S16_selected_tokens_80_4188_81_4684 3 12 18 17720 17719 17719 17719 17719 17719 17719 17719 17719 17719 17719 17719 17719 17719 17719 17719 17719 17719 17719 17860 17859 17859 17859 17859 17912 17911 17911 20460 20500 20499 20499 20499 20499 20499 20499 20499 20499 20544 20543 20543 20543 20543 20543 6204 6203 6203 6234 6282 10272 10271 10271 10366 10365 10365 10432 10431 10431 15680 15686 15702 15701 15701 15701 15701 15701 15701 15701 15701 15701 15701 13626 13666 13758 13757 13757 11442 11441 11441 11441 11441 11441 11478 11477 11477 11477 11477 11477 11477 11477 11477 11477 11477 11477 11477 11477 11477 11548 93 102 108 
labels_S16_selected_tokens_81_4684_82_5136 3 12 10 18 17720 17719 17719 17719 17719 17719 17719 17719 17719 17719 17860 17859 17859 17859 17859 17859 17859 17859 17912 17911 17911 17911 20460 20459 20459 20459 20500 20499 20499 20499 20499 20499 20499 20499 20544 20543 20543 6204 6203 6234 6282 6281 10272 10271 10366 10365 10365 10365 10432 10431 10431 10431 15680 15686 15702 15701 15701 15701 15701 15701 15701 15701 15701 15701 15701 13626 13666 13665 13758 13757 13757 11442 11441 11441 11441 11441 11441 11441 11478 11477 11477 11477 11477 11477 11477 11477 11477 11477 11477 11477 11477 11477 11477 11477 11477 11548 93 102 108 
labels_S16_selected_tokens_82_5136_83_4229 17796 17820 17819 17819 17819 17819 17819 17819 17819 17819 17819 17819 17819 17916 17915 17915 19222 19221 19221 19221 19278 19277 19394 19393 20454 20453 20453 20453 20453 20500 20499 20499 20532 20531 5552 5584 5583 5650 5649 11592 11591 11591 11591 11591 11591 11618 11617 11617 11617 11617 11694 11693 11693 11693 11693 11693 11693 11693 2022 2021 2021 2021 2021 2021 2021 2021 2021 2021 2250 2249 2249 2350 2349 2349 17992 18024 18023 18023 18023 18023 18023 18023 18023 18023 18023 18023 18023 18023 18072 
labels_S16_selected_tokens_83_4229_84_504 3 12 18 17720 17719 17719 17719 17719 17719 17719 17719 17719 17719 17719 17719 17820 17819 17819 17916 17915 17915 19222 19221 19221 19221 19278 19277 19277 19394 19393 20454 20453 20453 20453 20453 20453 20453 20453 20500 20532 20531 20531 5552 5584 5583 5650 5649 11592 11591 11591 11618 11617 11617 11617 11617 11617 11617 11617 11617 11617 11694 11693 11693 11693 11693 11693 2022 2021 2021 2021 2021 2021 2021 2021 2021 2021 2021 2250 2249 2249 2350 2349 2349 17992 18024 18023 18023 18023 18023 18023 18023 18023 18023 18023 18023 18023 18023 18023 18023 18023 18023 18023 18023 18023 18072 18071 
labels_S16_selected_tokens_84_504_85_3658 12646 12666 12665 12665 12665 12665 12665 12665 12754 12753 12753 12753 12753 1012 1011 1011 1011 1011 1011 1011 1011 1011 1011 1011 1011 1011 1011 1090 1089 1089 1089 1089 1089 1089 1089 1128 1127 1127 15164 15242 15241 15241 15241 15248 15247 5558 5557 5557 5602 5601 5601 5650 11592 11591 11591 11591 11591 11591 11591 11591 11591 11591 11591 11591 11591 11591 11591 11591 11591 11591 11591 11642 11641 11641 11641 11641 11650 5312 5311 5311 5430 5429 5429 5500 
labels_S16_selected_tokens_85_3658_86_272 12646 12666 12665 12665 12754 12753 12753 12753 12753 1012 1011 1011 1011 1011 1011 1011 1011 1011 1011 1011 1011 1011 1011 1011 1090 1089 1089 1089 1089 1089 1089 1128 1127 1127 15164 15242 15241 15241 15241 15248 15247 15247 5558 5557 5602 5601 5650 5649 11592 11591 11591 11591 11591 11591 11591 11591 11591 11591 11591 11591 11591 11591 11591 11591 11591 11591 11591 11642 11641 11641 11641 11650 11649 5312 5311 5311 5311 5430 5429 5498 5497 5497 5497 5497 5497 5497 93 102 108 
labels_S16_selected_tokens_86_272_86_9184 4948 4956 4955 4955 4955 4955 4955 4970 4969 4969 4969 4969 4969 4969 1048 1047 1047 1047 1047 1047 1047 1090 1089 1089 1089 1128 1127 1127 15166 15165 15214 15314 2078 2077 2077 2244 2334 2333 2333 2333 2333 2333 2333 2333 2333 2333 2333 2333 2333 2333 13618 13686 13685 13754 13753 5304 5303 5303 5366 5432 93 102 108 
labels_S16_selected_tokens_86_9184_87_6026 4948 4956 4955 4955 4955 4955 4955 4970 4969 4969 4969 4969 1048 1047 1047 1047 1047 1047 1047 1090 1089 1089 1089 1089 1089 1089 1089 1128 1127 15166 15165 15165 15214 15314 2078 2077 2244 2243 2334 2333 2333 2333 2333 2333 2333 2333 2333 2333 2333 2333 2333 2333 13618 13617 13686 13685 13754 5304 5303 5303 5366 5365 5432 93 102 108 
labels_S16_selected_tokens_87_6026_88_4003 5170 5220 5236 5235 5235 5235 1048 1047 1047 1047 1047 1047 1047 1047 1047 1047 1090 1089 1089 1089 1128 1127 1127 15184 15183 15183 15183 15192 15191 15191 15300 15299 15299 15299 15299 18170 18169 18169 18169 18169 18169 18224 18223 18223 18223 18223 18298 18297 18297 18297 18297 7170 7169 7169 7169 7169 7169 7169 7169 7169 7169 7204 7203 7203 7203 7203 7203 7203 7203 7240 7239 7239 7239 7239 7239 93 102 108 
labels_S16_selected_tokens_88_4003_89_2064 5170 5220 5219 5236 5235 5235 1048 1047 1047 1047 1047 1047 1047 1047 1047 1047 1090 1089 1089 1089 1089 1089 1089 1128 1127 1127 15184 15183 15192 15191 15191 15191 15300 15299 15299 15299 18170 18169 18169 18169 18169 18224 18223 18223 18298 18297 18297 7170 7169 7169 7169 7169 7169 7169 7169 7169 7169 7169 7169 7169 7169 7169 7169 7169 7204 7203 7203 7203 7203 7240 7239 7239 7239 7239 7239 7239 93 102 108 
labels_S16_selected_tokens_89_2064_89_9469 8514 8536 8535 8535 8590 8589 8589 1048 1047 1047 1047 1047 1047 1047 1047 1047 1047 1047 1047 1047 1047 1090 1089 1089 1089 1128 1127 1127 1127 15184 15183 15183 15192 15191 15300 15299 15299 18170 18169 18169 18169 18169 18169 18169 18218 18217 18217 18217 18268 18267 18267 11464 11463 11463 11463 11463 11463 11463 11463 11463 11463 11463 11508 11566 11565 11565 11565 11565 11565 11565 11565 11565 
labels_S16_selected_tokens_89_9469_90_7369 8514 8513 8513 8513 8513 8513 8513 8513 8536 8535 8535 8535 8590 8589 1048 1047 1047 1047 1047 1047 1047 1047 1047 1047 1047 1047 1090 1089 1089 1089 1089 1089 1128 1127 1127 15184 15183 15192 15191 15191 15300 15299 15299 15299 15299 18170 18169 18218 18217 18217 18217 18217 18217 18217 18268 18267 11464 11463 11463 11463 11508 11566 11565 11565 11565 11565 11565 11565 11565 11565 11565 11565 11565 11565 11565 11565 11565 
labels_S16_selected_tokens_8_8131_9_7607 18808 18836 18835 18835 18862 18861 18861 18861 18861 18861 18861 6696 6695 6695 6750 6749 6749 6788 6787 15146 15145 15145 15145 15145 15145 15145 15145 15145 15145 15145 15145 15145 15145 15145 15145 15238 15308 5566 5565 5565 5624 5656 5655 2030 2029 2029 2029 2029 2029 2029 2029 2180 2179 2179 2179 2348 2347 15104 15103 15103 15103 15103 15103 15103 15103 15103 15200 15199 15199 15199 15199 15199 15199 15264 21988 21987 21987 21987 21987 21987 21987 22054 22053 22053 22053 22053 22053 22053 22053 22060 93 102 108 
labels_S16_selected_tokens_90_7369_91_7145 18808 18836 18835 18862 18861 18861 18861 18861 18861 1048 1047 1047 1047 1047 1047 1047 1047 1047 1090 1089 1089 1089 1089 1128 1127 1127 1127 15184 15183 15183 15234 15233 15233 15304 19200 19199 19199 19266 19265 19265 19265 19265 19350 19349 19349 19349 17332 17331 17422 17476 17475 2134 2133 2133 2133 2133 2133 2133 2133 2246 2245 2245 2340 2339 14346 14345 14345 14345 14345 14390 14389 14389 14389 14389 14389 14389 14424 14423 14423 22004 22003 22003 22054 22053 22053 22053 22053 22053 22053 22053 22053 22053 22053 22053 22100 22099 
labels_S16_selected_tokens_91_7145_92_7435 18808 18836 18835 18835 18835 18835 18862 18861 18861 18861 18861 1048 1047 1047 1047 1047 1047 1047 1047 1047 1047 1090 1089 1089 1089 1089 1089 1128 1127 1127 15184 15183 15183 15234 15233 15304 15303 19200 19199 19199 19266 19265 19265 19265 19265 19350 19349 19349 17332 17331 17422 17476 17475 17475 2134 2133 2133 2133 2133 2133 2133 2133 2246 2245 2340 2339 14346 14345 14345 14345 14345 14345 14345 14345 14345 14345 14390 14389 14389 14389 14389 14424 14423 14423 22004 22003 22054 22053 22053 22053 22053 22053 22053 22053 22053 22053 22053 22053 22100 22099 22099 
labels_S16_selected_tokens_92_7435_93_54 20720 20734 20782 20781 1048 1047 1047 1047 1047 1047 1047 1047 1047 1047 1047 1090 1089 1089 1089 1089 1089 1089 1089 1128 1127 1127 15166 15165 15165 15214 15213 15213 15266 15265 15265 10320 10319 10319 10319 10319 10319 10319 10319 10319 10319 10372 10371 10424 10423 10423 10423 18592 18591 18591 18604 18603 18603 18603 18603 18603 18603 18603 18603 18603 18603 18603 18603 18603 18603 18603 18603 18603 18624 18623 18623 18623 18623 18623 
labels_S16_selected_tokens_93_54_94_3339 20720 20719 20734 20733 20733 20733 20782 1048 1047 1047 1047 1047 1047 1047 1047 1047 1047 1047 1047 1047 1047 1090 1089 1089 1089 1089 1089 1089 1128 1127 1127 15166 15165 15214 15213 15266 15265 10320 10319 10319 10319 10319 10319 10319 10319 10319 10319 10319 10372 10371 10424 10423 10423 18592 18591 18591 18591 18591 18591 18604 18603 18603 18603 18603 18603 18603 18603 18603 18603 18603 18603 18603 18603 18603 18603 18624 18623 
labels_S16_selected_tokens_94_3339_95_2379 14022 14074 14073 14073 14073 14073 14073 14126 14125 14125 14125 998 997 997 997 997 997 997 997 997 997 997 997 997 1090 1089 1128 1127 15166 15165 15214 15213 15266 15265 10320 10319 10319 10319 10319 10319 10394 10393 10414 10413 12536 12535 12535 12542 12541 12541 12541 12568 12567 12567 7170 7169 7169 7169 7169 7169 7169 7169 7169 7169 7169 7169 7169 7169 7169 7169 7169 7169 7169 7169 7169 7169 7204 7203 7203 7203 7203 7203 7240 7239 7239 93 102 108 
labels_S16_selected_tokens_95_2379_96_1183 14022 14074 14073 14073 14073 14073 14073 14073 14073 14126 14125 14125 998 997 997 997 997 997 997 997 997 997 1090 1089 1089 1089 1089 1089 1089 1128 1127 15166 15165 15214 15266 15265 10320 10319 10319 10319 10319 10319 10319 10394 10393 10414 10413 12536 12535 12535 12542 12541 12541 12541 12568 12567 12567 7170 7169 7169 7169 7169 7169 7169 7169 7169 7169 7169 7169 7169 7169 7169 7169 7169 7169 7169 7169 7169 7204 7203 7203 7203 7240 93 102 108 
labels_S16_selected_tokens_96_1183_97_1678 16960 16959 16959 16962 16961 16961 16998 16997 1038 1037 1037 1037 1037 1037 1037 1037 1037 1037 1037 1037 1090 1089 1089 1089 1128 1127 15164 15163 15163 15242 15241 15241 15248 15247 5566 5565 5624 5623 5656 5655 2074 2073 2073 2073 2208 2207 2207 2207 2340 14358 14400 14399 14399 14460 15150 15149 15149 15149 15149 15244 15243 15314 15313 2052 2051 2051 2051 2051 2051 2051 2051 2051 2051 2051 2051 2051 2192 2191 2191 2350 2349 2349 17992 17991 17991 17991 18024 18023 18023 18023 18023 18023 18023 18023 18023 18023 18023 18023 18023 18023 18023 18072 18071 
labels_S16_selected_tokens_97_1678_98_2065 16960 16959 16962 16961 16961 16998 16997 16997 1038 1037 1037 1037 1037 1037 1037 1037 1037 1090 1089 1089 1089 1089 1128 1127 1127 15164 15163 15163 15163 15242 15241 15248 15247 5566 5565 5624 5656 5655 2074 2073 2073 2073 2208 2207 2207 2340 2339 14358 14400 14460 14459 15150 15149 15149 15149 15149 15149 15149 15244 15314 15313 15313 2052 2051 2051 2051 2051 2051 2051 2051 2051 2051 2051 2051 2051 2192 2191 2191 2350 2349 2349 17992 18024 18023 18023 18023 18023 18023 18023 18023 18023 18023 18023 18023 18023 18023 18023 18023 18023 18023 18072 18071 
labels_S16_selected_tokens_98_2065_99_0926 4606 4626 4666 4665 1048 1047 1047 1047 1047 1047 1047 1047 1047 1047 1047 1047 1090 1089 1089 1089 1089 1089 1089 1128 1127 1127 15164 15163 15242 15248 15247 5566 5565 5624 5623 5656 2074 2073 2073 2242 2241 2241 2292 2291 19216 19215 19215 19215 19215 19215 19266 19265 19265 19265 19265 19350 19349 19349 19349 19349 17332 17331 17380 17379 17440 17439 11448 11447 11447 11447 11447 11447 11447 11447 11478 11477 11477 11477 11477 11477 11477 11477 11477 11548 93 102 108 
labels_S16_selected_tokens_99_0926_99_9307 4606 4626 4666 1048 1047 1047 1047 1047 1047 1047 1047 1047 1047 1047 1090 1089 1089 1089 1089 1089 1128 1127 1127 15164 15163 15242 15248 15247 5566 5565 5624 5656 5655 2074 2073 2242 2241 2241 2241 2292 2291 19216 19215 19215 19215 19266 19265 19265 19265 19350 19349 19349 19349 19349 19349 19349 17332 17331 17380 17379 17379 17440 17439 11458 11457 11457 11457 11457 11457 11457 11457 11457 11457 11457 11457 11482 11566 11565 11565 11565 11565 11565 
labels_S16_selected_tokens_99_9307_100_9177 3 12 10 18 17720 17719 17719 17719 17719 17719 17719 17719 17816 17815 17815 17902 17901 17901 1048 1047 1047 1047 1047 1047 1047 1047 1047 1047 1047 1047 1047 1047 1090 1128 1127 15166 15165 15214 15213 15213 15314 2104 2103 2103 2103 2103 2103 2103 2103 2202 2201 2292 19216 19280 19279 19279 19346 19345 19345 11472 11471 11471 11471 11471 11471 11471 11471 11471 11471 11471 11478 11477 11477 11477 11477 11477 11477 11477 11477 11477 11477 11477 11477 11477 11548 11547 11547 11547 11547 11547 11547 11547 11547 11547 93 102 108 
labels_S16_selected_tokens_9_7607_10_7055 18808 18836 18835 18862 18861 18861 18861 18861 6696 6695 6750 6788 6787 6787 15146 15145 15145 15145 15145 15145 15145 15145 15145 15145 15145 15145 15145 15145 15145 15145 15145 15145 15145 15145 15145 15145 15238 15308 5566 5565 5565 5565 5624 5656 5655 2030 2029 2029 2029 2029 2029 2029 2180 2179 2179 2348 2347 15104 15103 15103 15103 15103 15103 15200 15199 15199 15199 15199 15199 15199 15199 15199 15199 15199 15199 15199 15264 21988 21987 21987 21987 21987 21987 21987 21987 21987 22054 22053 22060 93 102 108 
