labels_S16_selected_tokens_0_0_0_7119 
0	1	15	0,0,5170_5220_5236_5235_6674_6673_6673_6673_6750_6749_6749_6749_6749_6788_6787_6787_15148_15147_15147_15147_15147_15147_15147_15147_15234_15233_15233_15304_15303_15303_15303_19224_19223_19223_19294_19293_19338_2084_2083_2083_2226_2344_2343_2343_2343_13398_13397_13397_13397_13397_13397_13397_13397_13397_13397_13397_13397_13397_13397_13397_13397_13397_13454_13453_13453_13453_13453_13453_13502
1

labels_S16_selected_tokens_0_7119_1_4724 
0	1	15	0,0,5170_5220_5236_5235_5235_6674_6673_6673_6750_6788_6787_6787_15148_15147_15147_15147_15147_15147_15147_15147_15147_15147_15147_15234_15233_15233_15304_15303_15303_19224_19223_19223_19223_19294_19293_19338_19337_2084_2083_2083_2226_2225_2344_2343_2343_2343_13398_13397_13397_13397_13397_13397_13397_13397_13397_13397_13397_13397_13397_13397_13397_13397_13397_13397_13397_13397_13454_13453_13453_13453_13453_13453_13453_13502
1

labels_S16_selected_tokens_100_9177_101_8324 
0	1	54	0,0,3_12_18_17720_17719_17719_17719_17719_17719_17719_17719_17719_17816_17815_17815_17815_17815_17902_1048_1047_1047_1047_1047_1047_1047_1047_1047_1047_1047_1047_1047_1047_1090_1089_1089_1128_15166_15214_15213_15314_2104_2103_2103_2103_2103_2103_2103_2103_2103_2103_2202_2201_2292_19216_19215_19280_19279_19279_19346_19345_19345_19345_11472_11471_11471_11471_11471_11471_11471_11471_11471_11471_11471_11471_11471_11471_11471_11478_11477_11477_11477_11477_11477_11477_11548_11547_93_102_108
1

labels_S16_selected_tokens_101_8324_102_5046 
0	1	5	0,0,4606_4626_4666_1018_1017_1017_1017_1017_1017_1017_1017_1017_1017_1017_1017_1017_1017_1017_1017_1017_1017_1100_1099_1099_1099_1146_1145_19210_19209_19314_19376_2084_2083_2083_2226_2225_2344_2343_13558_13557_13557_13557_13557_13557_13557_13557_13557_13557_13557_13557_13664_13663_13722_13721_13721_13721_21976_21975_21975_22054_22053_22053_22053_22053_22100
1

labels_S16_selected_tokens_102_5046_103_2158 
0	1	5	0,0,4606_4626_4666_1018_1017_1017_1017_1017_1017_1017_1017_1017_1017_1017_1017_1017_1017_1100_1099_1099_1099_1146_1145_1145_19210_19209_19314_19376_2084_2226_2225_2225_2344_2343_2343_13558_13557_13557_13557_13557_13557_13557_13557_13557_13557_13557_13664_13663_13663_13722_13721_13721_13721_21976_22054_22053_22053_22053_22053_22053_22053_22053_22053_22053_22053_22100_22099_22099_22099
1

labels_S16_selected_tokens_103_2158_103_9103 
0	1	34	0,0,14022_14074_14073_14073_14073_14073_14126_14125_14125_1028_1027_1027_1027_1027_1027_1027_1027_1027_1027_1027_1027_1027_1027_1027_1027_1027_1027_1027_1027_1027_1100_1099_1124_1123_1123_5524_5523_5626_5700_2030_2029_2029_2029_2029_2029_2029_2180_2179_2179_2179_2348_2347_14956_14955_14955_14955_14970_14969_14969_14969_14969_14969_14969_15076_15075_15075_15075
1

labels_S16_selected_tokens_103_9103_104_5821 
0	1	34	0,0,14022_14074_14073_14073_14126_14125_14125_14125_1028_1027_1027_1027_1027_1027_1027_1027_1027_1027_1027_1027_1027_1027_1027_1027_1027_1027_1027_1027_1100_1099_1099_1099_1124_1123_1123_5524_5626_5625_5700_2030_2029_2029_2029_2029_2029_2029_2029_2029_2180_2179_2348_14956_14955_14955_14955_14955_14970_14969_14969_14969_14969_14969_14969_14969_15076
1

labels_S16_selected_tokens_104_5821_105_3099 
0	1	43	0,0,16468_16490_16489_16489_16489_16489_16489_16520_16519_16519_16519_16519_16519_1000_999_999_999_999_999_999_999_999_999_999_999_999_999_999_999_999_1100_1099_1124_1123_1123_5524_5523_5608_5712_10272_10366_10365_10365_10365_10365_10365_10365_10365_10365_10432_10431_15618_15617_15617_15626_15625_15625_15625_15625_15625_15625_15625_15625_15625_15625_15625_15625_15642_15641_15641_15641
1

labels_S16_selected_tokens_105_3099_105_974 
0	1	43	0,0,16468_16490_16489_16489_16489_16489_16520_16519_16519_16519_16519_1000_1100_1099_1099_1099_1099_1099_1099_1099_1099_1099_1099_1099_1099_1099_1099_1124_1123_1123_5524_5523_5608_5712_10272_10366_10365_10365_10365_10365_10365_10432_10431_15618_15617_15617_15617_15617_15617_15626_15625_15625_15625_15625_15625_15625_15625_15625_15625_15625_15625_15642_15641_15641
1

labels_S16_selected_tokens_105_974_106_9673 
0	1	53	0,0,3_12_18_17720_17719_17719_17719_17719_17719_17719_17719_17719_17719_17719_17719_17719_17719_17816_17815_17815_17902_17901_17901_17901_1052_1051_1051_1051_1051_1051_1100_1099_1099_1099_1099_1099_1099_1099_1099_1099_1099_1099_1099_1099_1099_1099_1099_1099_1099_1099_1099_1124_1123_1123_5524_5523_5523_5523_5626_5700_2074_2073_2073_2073_2073_2073_2073_2073_2232_2231_2231_2264_2263_18178_18177_18177_18232_18231_18231_18231_18231_18231_18231_18231_18282_18281_18281_19002_19001_19001_19001_19028_19027_19027_19027_19027_19136
1

labels_S16_selected_tokens_106_9673_107_991 
0	1	53	0,0,3_12_18_17720_17719_17719_17719_17719_17719_17719_17719_17719_17719_17719_17719_17816_17815_17815_17815_17902_17901_17901_17901_1052_1051_1051_1051_1051_1051_1051_1051_1051_1051_1051_1051_1051_1051_1051_1051_1051_1100_1099_1099_1099_1099_1124_1123_5524_5523_5626_5625_5700_2074_2073_2073_2073_2073_2073_2073_2073_2073_2232_2231_2231_2231_2231_2231_2264_2263_2263_18178_18177_18232_18231_18231_18231_18231_18231_18231_18231_18231_18231_18231_18282_18281_18970_18969_18969_18969_19022_19021_19021_19021_19021_19072_19071_19071_93_102_108
1

labels_S16_selected_tokens_107_991_108_8747 
0	1	57	0,0,3_12_18_18518_18554_18553_18553_18553_18553_18553_18553_18553_18553_18553_18553_18553_18553_18553_18564_18563_18563_18563_18563_1052_1051_1051_1051_1051_1051_1051_1051_1051_1051_1051_1051_1051_1051_1051_1051_1051_1051_1100_1099_1099_1146_1145_19210_19209_19260_19259_19398_19397_19397_19397_19397_19397_7332_7331_7331_7331_7331_7331_7331_7331_7331_7331_7331_7380_7379_7379_7379_7416_7415_5342_5341_5341_5430_5429_5429_5429_5498_93_102_100_100_108
1

labels_S16_selected_tokens_108_8747_109_7306 
0	1	57	0,0,3_12_18_18518_18554_18553_18553_18553_18553_18553_18553_18553_18553_18553_18553_18553_18564_18563_18563_18563_18563_1052_1051_1051_1051_1051_1051_1051_1051_1051_1051_1051_1051_1051_1051_1051_1051_1100_1099_1099_1099_1099_1099_1146_19210_19209_19260_19398_19397_19397_19397_7332_7331_7331_7331_7331_7331_7331_7331_7331_7331_7380_7379_7379_7379_7379_7379_7416_7415_5342_5341_5341_5430_5429_5429_5429_5498_5497_5497_5497_5497_93_102_108
1

labels_S16_selected_tokens_109_7306_110_5205 
0	1	68	0,0,18808_18836_18862_18861_18861_18861_18861_18861_18861_18861_1036_1035_1035_1035_1035_1035_1035_1035_1035_1035_1035_1035_1035_1035_1035_1035_1035_1100_1099_1099_1146_1145_19210_19260_19259_19398_19397_19397_7332_7331_7331_7331_7331_7331_7331_7331_7331_7331_7331_7331_7331_7331_7331_7331_7364_7363_7363_7402_7401_7401_7401_22000_22020_22019_22019_22019_22019_22019_22019_22019_22019_22019_22019_22019_22019_22100_22099
1

labels_S16_selected_tokens_10_7055_11_4984 
0	1	74	0,0,20720_20734_20756_6706_6705_6705_6750_6749_6749_6749_6749_6788_6787_15148_15147_15147_15147_15147_15147_15147_15147_15147_15147_15147_15147_15218_15217_15276_15275_15275_5042_5041_5041_5056_5055_5055_5055_5055_5060_5059_5059_5059_5059_5059_7170_7169_7169_7169_7169_7169_7169_7169_7169_7169_7169_7169_7169_7169_7169_7169_7169_7169_7169_7169_7169_7169_7204_7203_7203_7203_7203_7203_7203_7240_93_102_108
1

labels_S16_selected_tokens_110_5205_111_2844 
0	1	68	0,0,18808_18836_18862_18861_18861_18861_18861_18861_18861_1036_1035_1035_1035_1035_1035_1035_1035_1035_1035_1035_1035_1035_1100_1099_1099_1099_1099_1146_1145_19210_19260_19259_19398_19397_19397_7332_7331_7331_7331_7331_7331_7331_7331_7331_7331_7364_7363_7363_7363_7363_7363_7363_7363_7402_7401_7401_7401_7401_22000_21999_22020_22019_22019_22019_22019_22019_22019_22019_22019_22019_22019_22019_22100_22099
1

labels_S16_selected_tokens_111_2844_111_9797 
0	1	4	0,0,4606_4626_4666_4665_1018_1017_1017_1017_1017_1017_1017_1017_1017_1017_1017_1017_1017_1017_1017_1017_1017_1100_1099_1099_1146_1145_19210_19209_19260_19398_19397_19397_19397_19397_19397_7362_7361_7361_7396_7395_7434_7433_7433_7433_7433_11458_11457_11457_11457_11457_11457_11457_11457_11457_11457_11457_11457_11457_11508_11566_11565_11565_11565_11565_11565_11565_11565_11565
1

labels_S16_selected_tokens_111_9797_112_6438 
0	1	4	0,0,4606_4626_4666_1018_1017_1017_1017_1017_1017_1017_1017_1017_1017_1017_1017_1017_1017_1017_1017_1017_1100_1099_1099_1099_1146_1145_19210_19260_19398_19397_19397_19397_7362_7361_7361_7361_7396_7395_7434_7433_7433_7433_7433_11458_11457_11457_11457_11457_11457_11457_11457_11457_11457_11457_11457_11457_11508_11566_11565_11565_11565_11565_11565_11565
1

labels_S16_selected_tokens_112_6438_113_6527 
0	1	22	0,0,8906_8918_8922_8921_8921_1016_1015_1015_1015_1015_1015_1015_1015_1100_1099_1099_1099_1099_1099_1099_1099_1099_1099_1099_1099_1099_1144_1143_1143_1143_6186_6185_6228_6227_6254_6253_6253_6253_6253_6253_7308_7307_7307_7396_7395_7450_7449_10318_10317_10317_10317_10317_10402_10401_10452_10451_10451_10451_10451_15680_15679_15679_15679_15679_15696_15695_15695_15695_15695_15695_15695_15695_15695_15695_15728_15727_15727_15727_15727_15727_15727_15727_21998_22054_22053_22053_22053_22053_22053_22100_22099_22099_22099_22099_22099_22099_22099_22099_22099
1

labels_S16_selected_tokens_113_6527_114_6072 
0	1	22	0,0,8906_8918_8917_8922_8921_1016_1015_1015_1015_1015_1015_1015_1015_1015_1100_1099_1099_1099_1099_1099_1099_1099_1099_1144_1143_1143_1143_6186_6185_6228_6227_6254_6253_6253_6253_6253_6253_7308_7307_7307_7307_7396_7450_7449_7449_7449_7449_10318_10317_10317_10317_10317_10402_10401_10452_10451_10451_10451_15680_15679_15679_15679_15679_15696_15695_15695_15695_15695_15695_15695_15695_15695_15728_15727_15727_15727_15727_15727_21998_22054_22053_22053_22053_22053_22053_22053_22053_22100_22099_22099_22099_22099_22099
1

labels_S16_selected_tokens_114_6072_115_616 
0	1	69	0,0,18808_18836_18862_18861_18861_18861_18861_18861_18861_1036_1035_1035_1100_1099_1099_1099_1099_1099_1099_1099_1099_1146_1145_19210_19314_19376_2084_2083_2226_2225_2344_2343_2343_2343_13618_13617_13676_13675_13732_13731_19154_19153_19153_19153_19294_19293_19366_19365_19365_19365_19365_19365_19365_8474_8473_8478_8482_8481_8481_8481_8481_8481_8481_8481_8481_8481_8481_8481_8481_8481_8481_13586_13585_13585_13585_13585_13585_13585_13585_13585_13585_13664_13663_13663_13722_13721_13721_13721_21976_22054_22053_22053_22053_22053_22053_22053_22053_22100_22099
1

labels_S16_selected_tokens_115_616_116_6334 
0	1	69	0,0,18808_18836_18862_18861_18861_18861_18861_18861_18861_18861_1036_1035_1035_1035_1100_1099_1099_1099_1099_1099_1146_1145_19210_19209_19314_19376_2084_2226_2225_2344_2343_2343_2343_2343_13618_13676_13675_13732_13731_19154_19153_19153_19294_19293_19366_19365_19365_19365_19365_19365_19365_8474_8473_8473_8478_8482_8481_8481_8481_8481_8481_8481_8481_8481_8481_8481_8481_8481_8481_13586_13585_13585_13585_13585_13585_13585_13585_13585_13664_13663_13663_13722_13721_13721_13721_21976_21975_22054_22053_22053_22053_22053_22053_22053_22053_22053_22053_22100_22099_22099
1

labels_S16_selected_tokens_116_6334_117_3691 
0	1	10	0,0,4948_4956_4955_4955_4955_4970_4969_4969_4969_4969_4969_1052_1051_1100_1099_1099_1099_1099_1099_1099_1099_1099_1099_1099_1146_1145_19210_19260_19398_19397_19397_19397_19397_19397_7308_7396_7395_7395_7395_7395_7450_7449_7449_7449_10318_10317_10402_10401_10401_10401_10401_10401_10452_10451_10451_15618_15626_15625_15625_15625_15625_15625_15625_15625_15625_15625_15642_15641_15641_15641_15641_15641
1

labels_S16_selected_tokens_117_3691_118_1614 
0	1	10	0,0,4948_4956_4955_4955_4955_4970_4969_4969_4969_4969_4969_4969_1052_1051_1051_1051_1051_1051_1051_1051_1051_1051_1100_1099_1099_1146_1145_19210_19260_19259_19398_19397_19397_7308_7396_7395_7395_7395_7395_7395_7450_7449_7449_7449_7449_10318_10317_10317_10317_10402_10452_10451_10451_10451_10451_15618_15617_15626_15625_15625_15625_15625_15625_15625_15625_15625_15625_15642_15641_15641_15641_15641_15641_15641_15641_15641_15641
1

labels_S16_selected_tokens_118_1614_118_9536 
0	1	11	0,0,12646_12694_12693_12693_12750_12749_12749_12749_12749_12749_16106_16105_16136_16135_16135_16152_16151_16151_16151_16151_16151_18144_18143_18143_18143_18143_18143_18232_18310_19160_19159_19159_19159_19159_19159_19292_19291_19336_9020_9044_9043_9043_9058_9057_9057_648_647_650_649_649_649_649_649_654_653_653_653_653_653_653_653_17292_17291_17291_17291_17291_17291_17291_17420_17419_17419_17419_17419_17462_5342_5430_5500
1

labels_S16_selected_tokens_118_9536_119_7783 
0	1	11	0,0,12646_12694_12693_12693_12750_12749_12749_12749_12749_12749_16106_16105_16136_16135_16135_16135_16152_16151_16151_16151_16151_16151_18144_18143_18143_18143_18143_18143_18143_18143_18232_18310_19160_19159_19159_19159_19292_19336_9020_9019_9044_9043_9058_9057_9057_648_647_650_649_649_649_649_649_649_649_649_649_654_653_653_653_653_653_17292_17291_17291_17291_17291_17291_17291_17291_17291_17291_17420_17419_17419_17462_5342_5430_5500
1

labels_S16_selected_tokens_119_7783_120_4918 
0	1	17	0,0,8514_8536_8535_8535_8535_8590_8589_8589_1052_1051_1051_1051_1051_1066_1065_1065_1132_1131_1131_1131_18206_18205_18205_18205_18205_18205_18205_18232_18310_19160_19159_19292_19291_19291_19372_19371_4784_4796_4795_4795_4824_4823_4823_3682_3684_3688_3687_3687_3687_3687_3687_3687_3687_3687_3687_3687_13406_13405_13405_13405_13405_13405_13405_13405_13454_13453_13453_13453_13502
1

labels_S16_selected_tokens_11_4984_12_3351 
0	1	74	0,0,20720_20734_20756_6706_6705_6750_6749_6749_6788_6787_15148_15147_15147_15147_15147_15147_15147_15147_15147_15147_15147_15147_15147_15147_15147_15218_15217_15276_15275_5042_5041_5056_5055_5055_5055_5055_5055_5055_5060_5059_5059_5059_5059_7170_7169_7169_7169_7169_7169_7169_7169_7169_7169_7169_7169_7169_7169_7169_7169_7169_7169_7204_7203_7203_7203_7203_7203_7203_7203_7203_7240_7239_7239_7239_7239_7239_7239_7239_7239_93_102_108
1

labels_S16_selected_tokens_120_4918_121_1959 
0	1	17	0,0,8514_8536_8590_8589_1052_1051_1051_1051_1051_1066_1065_1065_1132_1131_1131_1131_1131_18206_18205_18205_18205_18205_18205_18205_18205_18232_18231_18310_19160_19159_19159_19159_19159_19292_19291_19372_4784_4796_4824_3682_3681_3681_3684_3688_3687_3687_3687_3687_3687_3687_3687_3687_3687_13406_13405_13405_13405_13405_13405_13405_13405_13405_13405_13405_13405_13454_13453_13502
1

labels_S16_selected_tokens_121_1959_121_9641 
0	1	30	0,0,13248_13276_13352_13351_13351_1002_1001_1001_1001_1001_1066_1065_1065_1065_1132_1131_1131_1131_1131_1131_18206_18205_18205_18205_18205_18205_18205_18232_18231_18231_18231_18310_18309_19208_19207_19207_19207_19278_19277_19277_19277_19277_19360_19359_19359_19359_19359_13576_13575_13668_13667_13694_13693_13693_13693_11466_11465_11465_11465_11465_11465_11465_11465_11465_11465_11465_11465_11508_11507_11566_11565_11565_11565_11565_11565
1

labels_S16_selected_tokens_121_9641_122_7291 
0	1	30	0,0,13248_13276_13352_13351_13351_1002_1001_1001_1001_1001_1066_1065_1065_1065_1065_1065_1132_1131_1131_1131_1131_18206_18205_18205_18205_18205_18205_18205_18205_18232_18231_18231_18231_18231_18231_18310_18309_18309_18309_18309_18309_19208_19207_19278_19360_13576_13668_13667_13694_11442_11441_11441_11441_11441_11478_11477_11477_11477_11477_11477_11477_11477_11477_11477_11477_11477_11477_11477_11477_11477_11477_11548_93_102_108
1

labels_S16_selected_tokens_122_7291_123_4506 
0	1	49	0,0,16960_16962_16961_16998_16997_6710_6709_6709_6758_6757_6774_6773_6773_6773_18128_18127_18127_18127_18127_18127_18232_18231_18231_18310_18309_19160_19159_19316_19315_19315_19315_19388_19387_19387_19387_8714_8713_8713_8713_8713_8748_8747_8747_8747_8776_2082_2224_2223_2342_2341_13398_13397_13397_13397_13397_13397_13397_13397_13397_13397_13397_13397_13397_13454_13453_13453_13453_13453_13453_13502
1

labels_S16_selected_tokens_123_4506_124_1309 
0	1	49	0,0,16960_16962_16998_16997_6710_6709_6709_6758_6757_6774_6773_6773_6773_18128_18127_18127_18127_18127_18127_18127_18127_18127_18127_18232_18231_18231_18310_19160_19316_19315_19388_8714_8713_8713_8713_8713_8713_8748_8747_8776_2082_2081_2224_2223_2342_2341_13398_13397_13397_13397_13397_13397_13397_13397_13397_13397_13397_13397_13454_13453_13453_13453_13453_13453_13453_13502
1

labels_S16_selected_tokens_124_1309_125_0027 
0	1	60	0,0,3_12_18_17720_17719_17719_17719_17719_17719_17834_17833_17833_17833_17914_17913_3504_3503_3503_3503_3526_3525_3525_3525_3548_3547_3547_3547_3547_3547_8718_8717_8717_8717_8717_8717_8717_8738_8737_8737_8737_8794_8793_19244_19243_19243_19292_19291_19291_19291_19372_19371_19371_4784_4796_4795_4795_4824_4823_3682_3681_3681_3684_3688_3687_3687_3687_3687_3687_3687_3687_3687_3687_3687_3687_13406_13405_13405_13405_13405_13405_13454_13453_13453_13453_13502
1

labels_S16_selected_tokens_125_0027_125_8837 
0	1	60	0,0,17796_17795_17795_17795_17795_17795_17795_17795_17834_17833_17833_17833_17833_17833_17914_17913_17913_3504_3503_3503_3503_3526_3525_3525_3525_3548_3547_3547_3547_3547_8718_8717_8717_8717_8717_8717_8717_8717_8717_8738_8737_8737_8737_8737_8794_8793_19244_19292_19291_19372_19371_19371_19371_19371_4784_4796_4795_4795_4824_3682_3681_3681_3684_3688_3687_3687_3687_3687_3687_3687_3687_3687_3687_3687_13406_13405_13405_13405_13405_13405_13405_13405_13405_13454_13453_13502
1

labels_S16_selected_tokens_125_8837_126_6597 
0	1	72	0,0,20720_20734_20782_1052_1051_1051_1051_1051_1051_1051_1051_1051_1051_1066_1065_1065_1065_1132_1131_1131_1131_1131_18206_18205_18205_18205_18205_18205_18205_18205_18232_18231_18231_18310_19208_19207_19207_19207_19207_19207_19207_19278_19277_19277_19360_13576_13575_13575_13575_13575_13668_13667_13667_13694_13693_13693_11466_11465_11465_11465_11465_11508_11566_11565_11565_11565_11565_11565_11565_11565_11565_11565_11565_11565_11565_11565
1

labels_S16_selected_tokens_126_6597_127_4391 
0	1	72	0,0,20720_20734_20782_1052_1051_1051_1051_1051_1051_1051_1066_1065_1065_1065_1065_1065_1065_1065_1132_1131_1131_1131_1131_18206_18205_18205_18205_18205_18205_18205_18205_18232_18231_18231_18231_18231_18231_18231_18231_18231_18310_19208_19278_19360_19359_13576_13575_13575_13668_13667_13667_13694_13693_13693_11442_11441_11441_11441_11441_11478_11477_11477_11477_11477_11477_11477_11477_11477_11477_11477_11477_11477_11548_93_102_108
1

labels_S16_selected_tokens_127_4391_128_3466 
0	1	75	0,0,3_12_18_21104_21118_21117_21210_21209_8226_8225_8225_8225_8225_8274_8273_8273_8292_8291_8291_8291_8291_8291_8291_18154_18153_18153_18232_18231_18310_18309_18309_19208_19207_19207_19207_19207_19207_19207_19207_19207_19207_19207_19207_19278_19360_19359_13604_13603_13603_13603_13684_13683_13714_13713_13713_13713_13713_4558_4557_4557_4557_4557_4557_4557_4557_4564_4563_4563_4563_4572_4571_4571_4571_4571_4571_4571_4571_4571_4571_4571_14962_14970_14969_14969_14969_14969_14969_15076_15075
1

labels_S16_selected_tokens_128_3466_129_2276 
0	1	75	0,0,21112_21122_21210_21209_21209_8226_8225_8225_8225_8274_8273_8273_8273_8292_8291_8291_8291_8291_18154_18153_18153_18153_18153_18232_18231_18231_18231_18231_18231_18310_18309_19208_19207_19278_19277_19277_19360_19359_19359_19359_19359_13604_13684_13714_13713_13713_13713_13713_4558_4557_4557_4557_4557_4557_4564_4563_4563_4563_4563_4563_4563_4563_4563_4572_4571_4571_4571_4571_4571_4571_4571_4571_4571_4571_14962_14961_14961_14970_14969_14969_14969_14969_14969_14969_14969_15076
1

labels_S16_selected_tokens_129_2276_130_244 
0	1	50	0,0,16960_16962_16961_16998_16997_6710_6709_6709_6758_6774_6773_6773_6773_18128_18127_18127_18127_18127_18127_18232_18231_18231_18231_18231_18231_18231_18310_18309_19208_19207_19207_19207_19207_19207_19207_19278_19360_19359_13552_13551_13634_13633_13696_13695_2032_2031_2031_2192_2350_2349_2349_18184_18183_18183_18183_18183_18183_18183_18183_18252_18314_18313_18313_18313_18313_15108_15216_15294_15293_15293_2052_2051_2051_2051_2051_2051_2192_2191_2191_2350_2349_2349_17992_17991_18024_18023_18023_18023_18023_18023_18023_18023_18023_18023_18023_18023_18023_18023_18023_18072
1

labels_S16_selected_tokens_12_3351_13_1968 
0	1	24	0,0,12454_12456_12455_12480_12479_12479_6688_6687_6687_6750_6749_6788_6787_6787_6787_15182_15181_15214_15213_15268_15267_15267_15267_15267_7356_7396_7395_7395_7395_7395_7395_7395_7456_7455_7455_7455_7455_7455_7455_8476_8475_8475_8475_8475_8475_8475_8478_8477_8477_8477_8477_8477_8477_8477_8477_8480_8479_8479_8479_19240_19239_19239_19239_19320_19319_19319_19330_19329_19329_19329_18016_18024_18023_18023_18023_18023_18023_18023_18023_18023_18023_18072_18071_18071
1

labels_S16_selected_tokens_130_244_131_2039 
0	1	50	0,0,16960_16962_16998_16997_6710_6709_6709_6758_6757_6774_6773_6773_6773_18128_18127_18127_18127_18127_18127_18127_18127_18127_18127_18232_18231_18231_18231_18231_18310_18309_19208_19278_19360_19359_13552_13551_13634_13696_13695_2032_2031_2031_2192_2191_2350_2349_18184_18183_18183_18183_18183_18183_18183_18252_18251_18314_18313_18313_18313_15108_15107_15216_15294_15293_2052_2051_2051_2051_2051_2051_2051_2051_2192_2191_2191_2350_2349_2349_2349_17992_17991_17991_17991_18024_18023_18023_18023_18023_18023_18023_18023_18023_18023_18072
1

labels_S16_selected_tokens_131_2039_132_224 
0	1	80	0,0,21112_21148_21196_21195_10980_10979_11022_11021_11021_11092_11091_11091_18164_18163_18163_18163_18163_18163_18232_18310_18309_18309_18309_19160_19159_19159_19316_19315_19315_19315_19315_19388_19387_8714_8713_8713_8713_8713_8713_8713_8713_8713_8713_8748_8747_8776_8775_2082_2224_2342_13618_13617_13670_13669_13669_13669_13669_13669_13710_15118_15117_15117_15244_15314_15313_2052_2051_2051_2051_2051_2051_2051_2192_2191_2191_2191_2350_2349_2349_17992_17991_17991_17991_17991_17991_18024_18023_18023_18023_18023_18023_18023_18023_18023_18023_18023_18023_18023_18023_18072
1

labels_S16_selected_tokens_132_224_133_1854 
0	1	80	0,0,21112_21148_21196_21195_21195_10980_10979_11022_11021_11092_11091_11091_11091_18164_18163_18163_18163_18163_18163_18232_18231_18231_18231_18231_18231_18231_18231_18310_19160_19316_19315_19315_19388_8714_8713_8713_8713_8748_8747_8776_2082_2224_2223_2342_13618_13670_13669_13669_13669_13669_13669_13669_13669_13669_13710_15118_15117_15117_15244_15314_15313_2052_2051_2051_2051_2051_2051_2051_2051_2051_2192_2191_2191_2350_2349_2349_17992_17991_17991_17991_17991_17991_17991_17991_18024_18023_18023_18023_18023_18023_18023_18023_18023_18072
1

labels_S16_selected_tokens_133_1854_134_222 
0	1	82	0,0,16960_16990_17026_17025_10956_10955_11030_11029_11029_11092_11091_11091_18164_18163_18163_18163_18163_18163_18163_18163_18232_18231_18310_18309_19208_19207_19278_19277_19368_19367_19367_19367_19367_19367_21372_21371_21371_21424_21423_21423_21466_21465_21465_21465_21465_648_650_649_649_652_651_5040_5039_5039_5039_5039_5039_5056_5055_5055_5055_5055_5062_5061_5061_5061_5061_10304_10303_10303_10303_10303_10303_10303_10303_10303_10303_10303_10303_10392_10391_10438_22010_22009_22054_22053_22053_22053_22053_22053_22053_22053_22053_22053_22053_22053_22053_22053_22053_22053_22053_22100
1

labels_S16_selected_tokens_134_222_135_20909297052154 
0	1	82	0,0,16960_16959_16990_16989_16989_17026_17025_10956_10955_11030_11029_11029_11092_11091_18164_18163_18163_18163_18163_18163_18163_18163_18232_18231_18231_18310_19208_19207_19207_19278_19368_19367_19367_19367_21372_21371_21371_21371_21424_21423_21466_21465_21465_21465_648_650_652_651_651_651_5040_5039_5039_5039_5039_5039_5039_5039_5039_5056_5055_5055_5055_5055_5062_5061_5061_5061_10304_10303_10303_10303_10303_10303_10303_10303_10303_10303_10392_10438_10437_22010_22054_22053_22053_22053_22053_22053_22053_22053_22053_22053_22053_22053_22053_22053_22100
1

labels_S16_selected_tokens_13_1968_14_0812 
0	1	24	0,0,12454_12456_12455_12480_12479_12479_12479_6688_6687_6750_6788_6787_15182_15181_15181_15214_15213_15268_15267_15267_15267_15267_7356_7396_7395_7395_7395_7395_7395_7395_7395_7395_7395_7395_7395_7456_7455_7455_7455_8476_8475_8475_8475_8475_8475_8478_8477_8477_8477_8477_8477_8477_8477_8477_8480_8479_8479_8479_8479_19240_19239_19239_19239_19320_19319_19319_19330_19329_19329_19329_18016_18024_18023_18023_18023_18023_18023_18023_18023_18023_18023_18023_18023_18072_18071_18071
1

labels_S16_selected_tokens_14_0812_15_0134 
0	1	56	0,0,17796_17795_17795_17795_17795_17816_17815_17815_17815_17815_17815_17918_17917_6672_6671_6750_6749_6788_6787_6787_15148_15147_15147_15234_15233_15233_15304_19224_19223_19223_19294_19293_19293_19338_19337_2136_2135_2176_2175_2175_2340_2339_2339_14358_14357_14357_14396_14395_14470_14469_2026_2025_2025_2025_2025_2025_2025_2025_2025_2164_2354_15162_15161_15161_15161_15161_15161_15234_15304_19170_19169_19320_19319_19330_19329_18016_18024_18023_18023_18023_18023_18023_18023_18023_18023_18023_18023_18023_18023_18072_18071
1

labels_S16_selected_tokens_15_0134_15_9414 
0	1	56	0,0,2_8_18_17720_17719_17719_17816_17815_17815_17815_17918_17917_17917_6672_6750_6788_6787_6787_15148_15147_15147_15234_15233_15233_15304_19224_19223_19223_19294_19293_19293_19293_19338_19337_2136_2135_2176_2175_2340_2339_14358_14357_14357_14357_14396_14395_14470_2026_2025_2025_2025_2025_2025_2025_2164_2163_2354_15162_15234_15304_19170_19169_19169_19169_19169_19169_19320_19319_19319_19319_19319_19319_19319_19319_19330_19329_19329_18016_18024_18023_18023_18023_18023_18023_18023_18023_18023_18072_18071_18071_18071
1

labels_S16_selected_tokens_15_9414_16_8423 
0	1	73	0,0,20720_20734_20733_20756_20755_20755_20755_6706_6705_6705_6750_6749_6788_6787_15182_15181_15181_15181_15214_15213_15213_15314_15313_15313_15313_15313_15313_2078_2077_2077_2077_2077_2077_2077_2244_2243_2334_13606_13605_13605_13605_13688_13687_13687_13687_13750_13749_13749_13749_8476_8475_8475_8478_8477_8477_8477_8477_8477_8480_8479_8479_8479_8479_8479_19240_19239_19239_19239_19239_19239_19239_19320_19319_19319_19330_19329_19329_18016_18024_18023_18023_18023_18023_18023_18023_18023_18023_18072
1

labels_S16_selected_tokens_16_8423_17_6777 
0	1	73	0,0,20720_20719_20734_20733_20756_20755_20755_6706_6750_6749_6788_6787_15182_15181_15181_15181_15181_15181_15214_15213_15314_15313_15313_15313_15313_15313_15313_15313_15313_15313_15313_2078_2077_2077_2244_2334_13606_13605_13605_13605_13605_13688_13687_13750_13749_13749_13749_8476_8475_8478_8477_8477_8477_8477_8477_8480_8479_8479_8479_19240_19239_19239_19239_19239_19239_19239_19239_19239_19320_19319_19319_19319_19319_19330_19329_18016_18024_18023_18023_18072_18071_18071
1

labels_S16_selected_tokens_17_6777_18_6707 
0	1	20	0,0,8514_8530_8529_8529_8529_8529_8586_8585_8585_12140_12139_12139_12194_12193_12193_12193_12246_12245_12245_12245_12245_12245_12245_12245_13616_13615_13615_13615_13615_13615_13615_13686_13685_13685_13754_5514_5513_5620_5619_5688_5687_5687_5687_5687_5687_5687_5687_5687_5687_21374_21422_21421_21421_21474_21473_7910_7912_7911_7911_7911_7911_7911_7911_7911_7911_7911_7911_7911_7911_7911_7911_7914_7913_7913_7913_12792_12791_12791_12822_12852_12851_12851_93_91_91_91_91_91_91_91_91_91_102_100_100_100_108
1

labels_S16_selected_tokens_18_6707_19_7666 
0	1	20	0,0,8514_8513_8513_8513_8513_8513_8513_8513_8530_8529_8586_8585_8585_12140_12194_12246_12245_12245_12245_12245_12245_13616_13615_13615_13615_13615_13615_13615_13615_13615_13686_13685_13685_13754_5514_5513_5513_5620_5619_5688_5687_5687_5687_5687_5687_5687_21374_21422_21421_21421_21474_21473_21473_7910_7912_7911_7911_7911_7911_7911_7911_7911_7911_7911_7911_7911_7911_7911_7911_7911_7911_7911_7914_7913_7913_7913_12792_12791_12791_12791_12791_12791_12822_12821_12821_12821_12821_12821_12821_12821_12821_12821_12821_12821_12852_12851_12851_12851_93_102_100_100_100_100_100_100_100_108
1

labels_S16_selected_tokens_19_7666_20_5849 
0	1	8	0,0,2_1_1_1_1_1_8_18_17720_17719_17719_17719_17719_17719_17826_17825_17825_17874_17873_17873_12144_12143_12194_12193_12193_12193_12193_12193_12193_12246_12245_12245_12245_12245_12245_12245_12245_12245_12245_12245_13614_13613_13613_13613_13613_13613_13613_13656_13740_13739_13739_10324_10323_10323_10402_10401_10401_10401_10401_10401_10401_10401_10401_10401_10401_10452_10451_15618_15617_15617_15626_15625_15625_15625_15625_15642_15641_15641_15641_15641
1

labels_S16_selected_tokens_1_4724_2_4371 
0	1	21	0,0,8514_8513_8513_8513_8554_8553_8553_8553_8558_17314_17313_17368_17486_17485_6646_6645_6645_6760_6759_6759_6788_6787_6787_15146_15145_15238_15308_5520_5519_5519_5572_5571_5571_5571_5571_5571_5571_5571_5571_5571_5571_5571_5571_5658_5657_13552_13634_13633_13696_13695_2032_2031_2031_2031_2031_2031_2031_2031_2031_2031_2031_2031_2192_2191_2191_2350_2349_2349_17992_17991_17991_17991_17991_18024_18023_18023_18023_18023_18023_18023_18023_18023_18023_18023_18023_18023_18023_18023_18023_18023_18023_18072_18071_18071
1

labels_S16_selected_tokens_20_5849_21_4098 
0	1	8	0,0,3_12_18_17720_17719_17719_17719_17719_17719_17719_17719_17719_17719_17719_17719_17719_17826_17825_17825_17825_17874_17873_17873_12144_12143_12194_12246_12245_12245_12245_12245_12245_12245_12245_12245_12245_13614_13613_13613_13613_13613_13613_13613_13613_13613_13613_13656_13655_13740_13739_10324_10323_10323_10323_10402_10401_10401_10401_10401_10401_10452_15618_15626_15625_15625_15625_15625_15642_15641_15641_15641_15641_15641_15641_15641_15641_15641_15641_15641_15641
1

labels_S16_selected_tokens_21_4098_22_3493 
0	1	26	0,0,9150_9204_9203_9203_9203_9203_9203_9203_9203_9203_9203_9203_9203_9203_9203_9288_9287_12128_12127_12127_12178_12177_12177_12246_12245_12245_12245_12245_12245_12245_12245_12245_12245_12245_13564_13563_13563_13563_13563_13672_13671_13671_13671_13716_13715_13715_13715_13715_13715_13715_13715_7334_7333_7333_7333_7333_7333_7333_7333_7364_7363_7363_7363_7363_7363_7363_7363_7363_7363_7363_7363_7363_7363_7402_7401_7401_22000_21999_21999_21999_21999_22020_22019_22019_22019_22019_22019_22019_22100_22099_22099_22099
1

labels_S16_selected_tokens_22_3493_23_1332 
0	1	26	0,0,4_16_15_18_9202_9204_9288_9287_9287_12128_12178_12177_12246_12245_12245_12245_12245_12245_12245_12245_13564_13563_13563_13672_13671_13671_13671_13671_13671_13671_13671_13716_13715_13715_13715_13715_13715_13715_13715_13715_13715_7334_7333_7333_7333_7333_7333_7333_7333_7333_7333_7364_7363_7363_7363_7363_7363_7363_7363_7363_7363_7363_7363_7402_7401_7401_7401_7401_22000_21999_22020_22019_22019_22019_22019_22100
1

labels_S16_selected_tokens_23_1332_24_0774 
0	1	36	0,0,14022_14021_14056_14055_14055_14100_14099_12126_12125_12125_12125_12194_12193_12193_12193_12193_12246_12245_12245_12245_12245_12245_13616_13615_13615_13615_13615_13615_13615_13676_13675_13675_13732_19154_19153_19153_19153_19153_19294_19386_19385_19385_19385_19385_19385_19385_19385_19385_19385_4560_4559_4559_4559_4559_4559_4559_4564_4563_4563_4563_4563_4563_4563_4563_4572_4571_4571_4571_4571_4571_14194_14193_14193_14193_14193_14193_14193_14193_14193_14210_14209_14209_14209_14209_14209_14209_14258_14257_14257_14257_14257_14257
1

labels_S16_selected_tokens_24_0774_24_9879 
0	1	36	0,0,14022_14056_14055_14055_14055_14055_14055_14055_14100_14099_12126_12194_12246_12245_12245_12245_12245_12245_12245_12245_13616_13615_13615_13615_13615_13615_13615_13615_13615_13615_13676_13675_13732_13731_19154_19153_19153_19294_19386_19385_19385_19385_19385_19385_19385_19385_19385_19385_19385_4560_4559_4559_4559_4559_4559_4559_4559_4559_4564_4563_4563_4563_4563_4563_4563_4563_4572_4571_4571_4571_4571_4571_4571_14194_14193_14193_14193_14193_14193_14210_14209_14209_14209_14209_14209_14209_14209_14258_14257
1

labels_S16_selected_tokens_24_9879_25_7393 
0	1	44	0,0,16468_16502_16544_16543_16543_16543_16543_16543_16543_16543_12138_12137_12137_12137_12194_12193_12193_12193_12193_12246_12245_12245_12245_12245_12245_12245_12245_12245_13614_13613_13613_13613_13613_13613_13613_13613_13613_13613_13656_13740_13739_13739_10324_10323_10323_10323_10402_10401_10401_10401_10401_10452_15612_15611_15611_15611_15611_15611_15611_15611_15611_15611_15626_15625_15625_15625_15625_15625_15642_15641_93_102_108
1

labels_S16_selected_tokens_25_7393_26_4681 
0	1	44	0,0,16468_16467_16467_16502_16501_16544_16543_16543_16543_12138_12137_12194_12193_12246_12245_12245_12245_12245_12245_12245_12245_12245_13614_13613_13613_13613_13613_13613_13613_13613_13613_13613_13613_13613_13656_13655_13655_13740_13739_10324_10323_10402_10401_10401_10401_10401_10401_10401_10401_10401_10452_10451_15618_15626_15625_15625_15625_15625_15625_15625_15625_15625_15625_15625_15625_15625_15642_15641_15641_15641_15641
1

labels_S16_selected_tokens_26_4681_27_3683 
0	1	78	0,0,21112_21148_21190_21189_12120_12119_12119_12119_12194_12193_12193_12246_12245_12245_12245_12245_12245_12245_12245_12245_13616_13615_13615_13615_13615_13615_13615_13615_13676_13675_13675_13732_13731_13731_13731_13731_13731_5046_5045_5045_5056_5055_5055_5055_5055_5055_5070_5069_5069_5069_5069_5069_5069_6934_6933_6938_6937_6937_6937_6937_6937_6948_6947_6947_6947_6947_6947_6947_6947_6947_6947_6947_6947_6947_6947_17104_17156_17155_17155_17155_17155_17155_17212_17211_17211_17211_17211_17211
1

labels_S16_selected_tokens_27_3683_28_2093 
0	1	78	0,0,21112_21148_21190_21189_12120_12119_12194_12246_12245_12245_12245_12245_13616_13615_13615_13615_13615_13615_13615_13615_13615_13615_13615_13615_13615_13676_13675_13675_13732_13731_13731_13731_13731_5046_5045_5045_5056_5055_5055_5055_5055_5070_5069_5069_5069_5069_5069_6934_6933_6938_6937_6948_17134_17133_17133_17133_17133_17133_17133_17133_17133_17133_17133_17133_17133_17133_17133_17133_17133_17133_17133_17156_17155_17155_17155_17212_17211_17211_17211_93_102_108
1

labels_S16_selected_tokens_28_2093_29_0487 
0	1	79	0,0,21112_21148_21190_12120_12119_12119_12119_12194_12193_12193_12193_12193_12193_12246_12245_12245_12245_12245_12245_12245_13616_13615_13615_13615_13615_13615_13615_13615_13615_13615_13615_13615_13686_13685_13754_13753_5514_5513_5513_5513_5624_5623_5623_5676_10272_10271_10271_10366_10365_10365_10365_10365_10365_10365_10365_10365_10365_10432_10431_10431_15618_15617_15617_15617_15617_15626_15625_15625_15625_15625_15625_15625_15625_15625_15625_15625_15625_15625_15642_15641_15641_15641
1

labels_S16_selected_tokens_29_0487_29_8392 
0	1	79	0,0,21112_21148_21147_21190_21189_21189_21189_12120_12119_12119_12194_12193_12193_12193_12246_12245_12245_12245_13616_13615_13615_13615_13615_13615_13615_13615_13615_13615_13615_13615_13615_13686_13685_13685_13754_5514_5513_5513_5513_5624_5623_5676_5675_10272_10271_10271_10366_10365_10365_10365_10365_10365_10365_10432_10431_10431_15618_15626_15625_15625_15625_15625_15625_15625_15625_15625_15625_15625_15625_15625_15625_15642_15641_15641_15641_15641_15641
1

labels_S16_selected_tokens_29_8392_30_955 
0	1	64	0,0,4_16_18_17720_17719_17719_17719_17719_17719_17719_17820_17819_17916_17915_17915_19222_19221_19221_19278_19277_19374_19373_12138_12137_12137_12137_12194_12193_12193_12193_12246_12245_12245_12245_12245_12245_12245_12245_13616_13615_13615_13615_13615_13615_13615_13615_13652_13651_13651_13651_13651_13744_13743_13743_21366_21365_21365_21394_21393_21393_21472_21471_21471_21471_7910_7912_7911_7911_7911_7911_7911_7911_7911_7911_7911_7911_7914_7913_7913_12934_12933_12933_12933_12933_12933_12933_12933_12946_12945_12945_12945_12945_12945_12945_12992_12991_17980_17979_18024_18023_18023_18023_18023_18023_18023_18023_18072_18071_18071_18071
1

labels_S16_selected_tokens_2_4371_3_43 
0	1	21	0,0,8514_8513_8513_8513_8513_8554_8553_8553_8553_8553_8558_8557_17314_17368_17367_17486_17485_6646_6645_6645_6645_6760_6788_6787_6787_15146_15145_15145_15145_15145_15145_15145_15145_15145_15145_15238_15308_5520_5572_5658_5657_5657_5657_5657_5657_5657_5657_13552_13634_13696_13695_2032_2031_2031_2031_2031_2031_2031_2031_2031_2031_2031_2192_2191_2191_2350_2349_2349_17992_17991_18024_18023_18023_18023_18023_18023_18023_18023_18023_18023_18023_18023_18023_18023_18023_18023_18023_18023_18023_18023_18023_18023_18023_18023_18072_18071_18071
1

labels_S16_selected_tokens_30_955_32_194 
0	1	64	0,0,3_12_18_17720_17719_17719_17719_17719_17719_17719_17719_17719_17820_17819_17819_17916_17915_17915_17915_17915_17915_19222_19221_19221_19221_19278_19277_19277_19374_19373_19373_12138_12194_12246_12245_12245_12245_12245_12245_12245_13616_13615_13615_13615_13615_13615_13615_13615_13615_13615_13615_13615_13615_13652_13651_13651_13651_13744_13743_13743_21366_21365_21365_21365_21365_21365_21394_21393_21393_21472_21471_21471_7910_7912_7911_7911_7911_7911_7911_7911_7911_7911_7914_7913_7913_7913_12934_12933_12933_12933_12933_12933_12933_12933_12933_12946_12945_12945_12945_12945_12992_12991_12991_17980_17979_17979_18024_18023_18023_18023_18023_18023_18023_18023_18023_18023_18023_18072_18071_18071_18071_18071
1

labels_S16_selected_tokens_32_194_33_197 
0	1	14	0,0,5170_5216_5274_5273_5273_12134_12133_12133_12133_12194_12193_12193_12193_12246_12245_12245_12245_12245_12245_12245_12245_12245_13564_13563_13563_13563_13672_13671_13716_13715_13715_13715_13715_13715_13715_13715_13715_13715_7326_7325_7325_7325_7325_7390_7389_7418_7417_7417_7417_7417_18646_18645_18645_18645_18645_18645_18645_18645_18664_18663_18663_18663_18684_18683_18683_11282_11286_11285_11285_11285_11285_11285_11285_11285_11285_11292_11291_16568_16567_16567_16567_16567_16567_16618_16617_16617_16617_16617_16617_16617_16617_16660_16659_16659_16659_93_102_108
1

labels_S16_selected_tokens_33_197_34_1341 
0	1	14	0,0,5170_5216_5215_5274_5273_12134_12133_12194_12246_12245_12245_12245_12245_12245_12245_13564_13563_13563_13563_13563_13672_13671_13671_13671_13716_13715_13715_13715_13715_13715_13715_13715_13715_13715_7326_7325_7325_7390_7389_7418_7417_7417_7417_18646_18645_18645_18645_18645_18645_18645_18645_18664_18663_18663_18663_18684_18683_18683_18683_11282_11286_11285_11285_11285_11285_11285_11285_11285_11292_11291_11291_16568_16567_16567_16567_16618_16617_16617_16617_16617_16617_16617_16617_16617_16617_16617_16660_16659_16659_93_102_108
1

labels_S16_selected_tokens_34_1341_35_1333 
0	1	77	0,0,21112_21148_21190_21189_12120_12119_12119_12119_12194_12193_12193_12193_12246_12245_12245_12245_12245_12245_12245_12245_12245_13616_13615_13615_13615_13615_13615_13615_13615_13615_13615_13678_13677_13677_13706_13705_4774_4773_4773_4773_4800_4814_4813_4813_6934_6938_6937_6937_6937_6948_6947_6947_6947_6947_6947_6947_6947_6947_6947_6947_6947_17320_17319_17319_17412_17411_17411_17411_17411_17468_17467_17467_17467_17467_17467_17467_15818_15817_15817_15817_15817_15817_15817_15817_15817_15817_15817_15817_15817_15817_15817_15824_15823_15828_15827_93_102_108
1

labels_S16_selected_tokens_35_1333_36_1102 
0	1	77	0,0,21112_21148_21147_21190_21189_21189_21189_12120_12119_12194_12193_12193_12193_12246_12245_12245_12245_13616_13615_13615_13615_13615_13615_13615_13615_13615_13615_13615_13615_13615_13615_13615_13678_13677_13677_13706_13705_4774_4773_4773_4773_4800_4799_4799_4814_4813_6934_6933_6938_6937_6937_6948_6947_6947_6947_6947_6947_6947_6947_6947_6947_6947_6947_17320_17412_17411_17411_17468_17467_17467_17467_17467_17467_17467_17467_17467_17467_17467_17467_17467_17467_15820_15819_15819_15819_15819_15819_15824_15823_15823_15823_15823_15823_15823_15823_15832
1

labels_S16_selected_tokens_36_1102_36_9485 
0	1	19	0,0,8514_8513_8513_8513_8536_8535_8535_8564_8563_8563_6672_6756_6755_6755_6755_6792_6791_6791_6791_6186_6185_6185_6228_6227_6254_6253_6253_7358_7357_7357_7357_7357_7366_7365_7365_7365_7365_7365_7365_7365_7408_21384_21383_21383_21392_21391_21478_21477_21477_21477_8476_8475_8475_8475_8475_8478_8477_8477_8477_8477_8477_8477_8477_8477_8480_8479_8479_18940_18939_18939_18939_18939_18939_18939_18939_18939_19068_19067_19144_93_102_108
1

labels_S16_selected_tokens_36_9485_37_791 
0	1	19	0,0,8514_8536_8535_8535_8564_8563_6672_6756_6755_6755_6755_6755_6792_6791_6186_6228_6227_6254_6253_7358_7357_7357_7357_7357_7366_7365_7365_7365_7365_7365_7365_7408_7407_7407_21384_21383_21383_21392_21391_21478_21477_21477_21477_8476_8475_8475_8475_8475_8478_8477_8477_8477_8477_8477_8477_8477_8477_8477_8477_8480_8479_8479_8479_18940_18939_18939_18939_18939_18939_18939_18939_19068_19144_93_91_91_91_91_91_91_102_108
1

labels_S16_selected_tokens_37_791_38_5349 
0	1	32	0,0,13248_13276_13275_13275_13340_13339_13339_6650_6649_6649_6649_6649_6649_6649_6756_6792_6791_6791_6186_6185_6185_6185_6185_6228_6227_6254_6253_7360_7359_7359_7359_7359_7359_7359_7359_7359_7396_7434_7433_7433_7433_7433_7433_11448_11447_11447_11447_11447_11447_11447_11447_11478_11477_11477_11477_11477_11477_11477_11477_11477_11477_11477_11477_11477_11477_11477_11477_11477_11548_93_102_108
1

labels_S16_selected_tokens_38_5349_39_1742 
0	1	32	0,0,13248_13276_13340_6650_6649_6649_6649_6649_6756_6755_6755_6755_6792_6186_6228_6227_6227_6254_6253_7360_7359_7359_7359_7359_7359_7359_7359_7359_7359_7396_7395_7395_7395_7395_7434_7433_7433_7433_7433_11448_11447_11447_11447_11447_11478_11477_11477_11477_11477_11477_11477_11477_11477_11477_11477_11477_11477_11477_11548_93_102_108
1

labels_S16_selected_tokens_39_1742_39_9218 
0	1	39	0,0,14022_14070_14098_2984_2983_3046_3045_3045_3045_3045_3060_3059_6186_6185_6228_6227_6227_6254_6253_6253_7358_7357_7357_7357_7357_7357_7390_7389_7418_7417_7417_7417_7417_18646_18645_18645_18645_18645_18664_18663_18663_18684_18683_18683_11282_11281_11286_11285_11285_11285_11285_11285_11285_11285_11285_11292_11291_16568_16567_16567_16567_16567_16624_16623_16623_16623_16623_16623_16623_16623_16660_16659_16659
1

labels_S16_selected_tokens_39_9218_40_6796 
0	1	39	0,0,14022_14070_14098_14097_2984_2983_2983_2983_2983_3046_3045_3060_3059_6186_6228_6227_6254_6253_7358_7357_7357_7357_7357_7357_7390_7389_7389_7418_7417_7417_7417_7417_18646_18645_18645_18645_18645_18645_18645_18664_18663_18663_18684_18683_18683_18683_11282_11286_11285_11285_11285_11285_11285_11285_11285_11292_11291_11291_16568_16567_16567_16567_16567_16624_16623_16623_16623_16623_16623_16623_16660_16659_16659_16659
1

labels_S16_selected_tokens_3_43_4_3434 
0	1	23	0,0,12454_12456_12455_12455_12480_12479_12479_12479_6688_6687_6687_6687_6746_6745_6768_6767_6767_14322_14321_14321_14321_14321_14321_14321_14390_14389_14389_14389_14389_14389_14389_14389_14424_18138_18137_18137_18137_18137_18137_18137_18137_18137_18137_18232_18231_18310_19238_19237_19237_19310_19309_19392_19391_19391_16306_16305_16305_16305_16305_16305_16305_16305_16305_16305_16305_16305_16305_16305_16305_16305_16305_16305_16305_16308_16312_14942_14970_14969_14969_14969_14969_14969_14969_14969_14969_14969_15076_15075_15075
1

labels_S16_selected_tokens_40_6796_41_4704 
0	1	81	0,0,21112_21152_21180_21179_7780_7779_7779_7802_7801_7801_7820_7819_7819_7819_7819_7819_7819_7819_6196_6195_6212_6211_6211_6272_6271_11592_11591_11591_11618_11617_11617_11617_11617_11617_11617_11694_11693_11693_11693_11693_11693_2022_2021_2021_2021_2021_2021_2021_2021_2250_2249_2249_2350_2349_18178_18177_18177_18232_18231_18231_18231_18231_18231_18231_18231_18282_18281_18970_18969_18969_18969_19022_19021_19072_93_102_108
1

labels_S16_selected_tokens_41_4704_42_2794 
0	1	81	0,0,21112_21152_21180_7780_7779_7802_7801_7801_7801_7801_7801_7820_7819_7819_7819_6196_6212_6272_11592_11591_11591_11591_11618_11617_11617_11617_11617_11617_11617_11617_11617_11694_11693_11693_11693_11693_11693_11693_2022_2021_2021_2021_2021_2021_2021_2021_2021_2021_2250_2249_2350_2349_2349_18178_18177_18232_18231_18231_18231_18231_18231_18231_18231_18231_18231_18231_18282_18281_18281_18970_18969_18969_18969_19022_19021_19072_93_102_108
1

labels_S16_selected_tokens_42_2794_43_1017 
0	1	42	0,0,2722_2721_2772_2771_2771_2771_2771_2771_2771_2786_2785_2785_6186_6185_6185_6185_6185_6228_6227_6254_6253_6253_7358_7398_7397_7397_7397_7397_7397_7397_7397_7448_7447_7447_15112_15111_15111_15214_15213_15314_15313_15313_2052_2051_2051_2051_2051_2051_2051_2051_2051_2051_2192_2191_2191_2350_2349_2349_2349_17992_17991_17991_18024_18023_18023_18023_18023_18023_18023_18023_18023_18023_18023_18023_18023_18023_18023_18023_18072_18071
1

labels_S16_selected_tokens_43_1017_43_9895 
0	1	42	0,0,2722_2721_2772_2771_2771_2771_2771_2771_2771_2771_2786_2785_6186_6185_6228_6227_6227_6254_6253_7358_7398_7397_7397_7397_7397_7397_7397_7397_7448_7447_7447_7447_15112_15111_15111_15214_15213_15314_15313_2052_2051_2051_2051_2051_2051_2051_2051_2051_2051_2051_2051_2192_2191_2191_2350_2349_17930_17929_17929_17929_17929_17929_17929_18024_18023_18023_18023_18023_18023_18023_18023_18023_18023_18023_18023_18023_18023_18023_18023_18072_18071_18071_18071_18071_93_102_108
1

labels_S16_selected_tokens_43_9895_44_6908 
0	1	27	0,0,9136_9135_9135_9216_9215_9215_9215_9286_9285_9285_6696_6695_6756_6755_6755_6755_6792_6791_6791_6791_6791_6186_6185_6185_6185_6185_6185_6228_6227_6227_6254_7300_7299_7299_7299_7299_7299_7299_7299_7299_7299_7299_7299_7299_7364_7363_7363_7363_7363_7363_7363_7363_7363_7363_7402_7401_7401_7401_7401_22000_21999_22020_22019_22019_22019_22019_22019_22100
1

labels_S16_selected_tokens_44_6908_45_3851 
0	1	27	0,0,9136_9135_9135_9216_9215_9215_9215_9286_9285_9285_9285_6696_6695_6695_6695_6756_6755_6792_6186_6185_6228_6254_6253_7300_7299_7299_7299_7299_7299_7299_7299_7299_7299_7299_7299_7299_7299_7299_7299_7364_7363_7363_7363_7363_7363_7363_7402_7401_7401_7401_22000_22020_22019_22019_22019_22019_22019_22019_22019_22019_22019_22019_22019_22019_22019_22100_22099
1

labels_S16_selected_tokens_45_3851_46_2088 
0	1	31	0,0,13248_13276_13352_13351_13351_13351_1002_1001_1001_1001_1001_1001_1001_1001_1001_1001_1001_1001_1001_1001_1001_1001_1001_1100_1099_1099_1144_1143_1143_6186_6185_6228_6227_6227_6254_6253_6253_7300_7299_7299_7299_7299_7299_7299_7299_7299_7299_7299_7299_7299_7364_7363_7363_7363_7363_7363_7363_7363_7402_7401_7401_7401_22000_22020_22019_22019_22019_22019_22019_22019_22019_22019_22019_22019_22019_22100_22099_22099_22099_22099
1

labels_S16_selected_tokens_46_2088_46_9481 
0	1	31	0,0,13248_13276_13352_13351_1002_1001_1001_1001_1001_1001_1001_1001_1001_1001_1001_1001_1001_1001_1001_1100_1099_1099_1144_1143_1143_6186_6228_6254_7300_7299_7299_7299_7299_7299_7299_7299_7299_7299_7364_7363_7363_7363_7363_7363_7363_7363_7363_7363_7363_7363_7363_7402_22000_21999_21999_21999_21999_21999_22020_22019_22019_22019_22019_22019_22019_22019_22019_22019_22100_22099_22099_22099
1

labels_S16_selected_tokens_46_9481_47_6237 
0	1	41	0,0,2722_2721_2772_2771_2771_2771_2771_2771_2771_2771_2786_2785_2785_2785_6186_6185_6185_6185_6228_6227_6227_6254_6253_6253_7300_7299_7299_7299_7299_7299_7299_7299_7299_7299_7299_7299_7299_7299_7299_7299_7380_7379_7379_7379_7379_7379_7379_7379_7379_7379_7379_7416_5342_5341_5341_5430_5429_5429_5429_5498_5497_5497_5497_93_102_108
1

labels_S16_selected_tokens_47_6237_48_2673 
0	1	41	0,0,2722_2721_2721_2772_2771_2771_2771_2771_2771_2771_2786_2785_6186_6185_6185_6228_6227_6254_6253_7300_7299_7299_7299_7299_7299_7299_7299_7299_7299_7299_7299_7299_7299_7299_7299_7299_7299_7299_7299_7299_7299_7299_7299_7380_7379_7379_7416_7415_5342_5341_5430_5429_5429_5429_5429_5429_5498_5497_5497_93_102_108
1

labels_S16_selected_tokens_48_2673_49_0533 
0	1	18	0,0,8514_8540_8539_8539_8578_8577_8577_474_473_473_518_517_517_517_517_517_517_517_517_517_517_517_517_540_539_539_539_6186_6185_6185_6185_6228_6227_6227_6227_6254_6253_6253_7300_7299_7299_7299_7299_7299_7299_7299_7299_7299_7299_7299_7299_7299_7299_7299_7299_7380_7379_7379_7379_7416_7415_5342_5341_5430_5429_5429_5429_5498_5497_5497_5497_5497_5497_93_102_100_108
1

labels_S16_selected_tokens_49_0533_49_77 
0	1	18	0,0,8514_8540_8539_8539_8539_8578_8577_474_473_518_517_517_517_517_517_517_517_517_517_517_517_517_517_540_539_539_6186_6185_6228_6227_6227_6254_7300_7299_7299_7299_7299_7299_7299_7299_7299_7299_7299_7380_7379_7379_7379_7379_7379_7379_7379_7379_7379_7379_7379_7416_7415_5342_5341_5341_5430_5429_5429_5429_5498_5497_5497_93_102_108
1

labels_S16_selected_tokens_49_77_50_4754 
0	1	76	0,0,21112_21162_21161_21168_21167_21167_6702_6701_6701_6701_6701_6701_6756_6755_6792_6791_6791_6186_6185_6185_6185_6185_6228_6227_6254_6253_7300_7299_7299_7299_7299_7299_7299_7299_7299_7299_7299_7299_7299_7299_7299_7299_7299_7299_7380_7379_7379_7379_7379_7379_7416_7415_5342_5430_5429_5429_5429_5429_5429_5498_5497_5497_5497_93_102_100_100_100_108
1

labels_S16_selected_tokens_4_3434_5_231 
0	1	23	0,0,12454_12456_12455_12455_12455_12480_12479_12479_12479_6688_6687_6746_6745_6745_6768_6767_14322_14321_14321_14321_14321_14321_14321_14321_14321_14390_14389_14389_14389_14389_14389_14389_14389_14424_14423_18138_18137_18137_18137_18137_18137_18137_18137_18232_18231_18231_18310_18309_18309_19238_19237_19310_19309_19309_19392_19391_19391_16306_16305_16305_16305_16305_16305_16305_16305_16305_16305_16305_16305_16305_16305_16308_16312_16311_16311_16311_14942_14970_14969_14969_14969_14969_14969_14969_15076_15075_15075
1

labels_S16_selected_tokens_50_4754_51_1011 
0	1	76	0,0,21112_21162_21168_21167_21167_6702_6701_6701_6701_6701_6701_6756_6755_6755_6792_6791_6186_6228_6227_6254_7300_7299_7299_7299_7299_7299_7299_7299_7299_7299_7299_7299_7299_7299_7299_7299_7299_7299_7299_7380_7379_7379_7379_7379_7416_7415_5342_5430_5429_5429_5429_5429_5429_5498_5497_5497_5497_5497_93_102_108
1

labels_S16_selected_tokens_51_1011_51_8532 
0	1	12	0,0,12646_12694_12750_12749_12749_12749_12749_12749_12749_12749_12749_12749_16106_16136_16135_16135_16135_16135_16135_16135_16135_16135_16135_16170_16169_16169_16169_16169_16169_5534_5608_5607_5712_10272_10366_10365_10365_10365_10365_10365_10365_10365_10365_10365_10365_10365_10365_10432_10431_10431_15618_15617_15617_15617_15626_15625_15625_15625_15625_15625_15625_15625_15625_15625_15625_15625_15625_15625_15642_15641_15641_15641_15641
1

labels_S16_selected_tokens_51_8532_52_6367 
0	1	12	0,0,12646_12694_12750_12749_12749_12749_12749_12749_12749_12749_12749_16106_16105_16136_16135_16135_16135_16135_16135_16135_16135_16135_16135_16135_16135_16170_16169_16169_16169_16169_5534_5533_5608_5712_10272_10271_10271_10366_10365_10365_10365_10365_10365_10365_10365_10365_10432_10431_10431_15618_15617_15617_15626_15625_15625_15625_15625_15625_15625_15625_15625_15625_15625_15625_15625_15625_15625_15625_15625_15625_15642_15641_15641_15641_15641_15641
1

labels_S16_selected_tokens_52_6367_53_3751 
0	1	25	0,0,8906_8908_8934_8933_8933_16106_16105_16105_16105_16136_16135_16135_16135_16135_16135_16135_16135_16135_16135_16135_16135_16135_16135_16135_16170_16169_16169_16169_16169_5534_5608_5607_5712_5711_10328_10327_10327_10327_10327_10327_10327_10327_10327_10327_10327_10327_10327_10327_10327_10327_10327_10327_10327_10327_10327_10327_10327_10352_10351_10436_5350_5430_5429_5429_5429_5498_5497_5497_93_102_100_108
1

labels_S16_selected_tokens_53_3751_54_0544 
0	1	25	0,0,8906_8908_8934_8933_8933_16106_16105_16136_16135_16135_16135_16135_16135_16135_16135_16135_16135_16135_16135_16135_16135_16135_16135_16170_16169_16169_16169_16169_5534_5533_5608_5607_5712_5711_10328_10327_10327_10327_10327_10327_10327_10327_10327_10327_10327_10327_10327_10327_10327_10327_10327_10327_10327_10327_10327_10327_10352_10351_10351_10436_5350_5349_5430_5429_5429_5500
1

labels_S16_selected_tokens_54_0544_54_9004 
0	1	28	0,0,9136_9216_9215_9215_9296_9295_9295_9295_16080_16079_16079_16108_16107_16107_16107_16107_16107_16107_16107_16107_16107_16107_16107_16107_16107_16107_16146_16145_16145_16145_22122_22121_22121_22121_22188_22187_22187_22187_22187_22187_22236_22235_10250_10249_10249_10249_10249_10249_10249_10249_10249_10249_10249_10249_10249_10249_10249_10249_10249_10249_10249_10249_10249_10249_10249_10346_10410_10409_10409_10409_22010_22054_22053_22053_22053_22053_22053_22053_22053_22053_22053_22053_22100
1

labels_S16_selected_tokens_54_9004_55_7847 
0	1	28	0,0,9136_9216_9215_9215_9215_9296_9295_9295_9295_16080_16079_16079_16108_16107_16107_16107_16107_16107_16107_16107_16107_16107_16107_16107_16107_16146_16145_16145_16145_16145_16145_16145_22122_22121_22121_22121_22188_22187_22187_22187_22187_22187_22236_22235_22235_10250_10249_10249_10249_10249_10249_10249_10249_10249_10249_10249_10249_10249_10249_10249_10249_10249_10249_10249_10249_10346_10345_10345_10410_10409_22010_22009_22054_22053_22053_22053_22053_22053_22053_22053_22053_22053_22053_22053_22053_22100
1

labels_S16_selected_tokens_55_7847_56_5121 
0	1	37	0,0,14022_14070_14069_14130_14129_14129_14129_14129_16086_16085_16085_16085_16085_16085_16136_16135_16135_16135_16135_16135_16135_16135_16135_16170_16169_16169_16169_16169_16169_16169_5534_5626_5625_5625_5700_2074_2073_2073_2073_2073_2073_2073_2073_2073_2073_2208_2207_2207_2207_2340_2339_14190_14189_14189_14189_14189_14189_14189_14189_14189_14189_14189_14189_14210_14209_14209_14209_14209_14209_14258_14257
1

labels_S16_selected_tokens_56_5121_57_2885 
0	1	37	0,0,14022_14070_14130_14129_14129_14129_14129_14129_14129_14129_14129_14129_16086_16136_16135_16135_16135_16135_16135_16135_16135_16135_16135_16135_16135_16135_16135_16135_16135_16170_16169_16169_16169_16169_16169_5534_5533_5533_5626_5625_5700_2074_2073_2073_2073_2073_2073_2073_2208_2207_2207_2207_2340_2339_2339_2339_14190_14189_14189_14189_14189_14189_14189_14189_14189_14210_14209_14209_14209_14209_14209_14209_14209_14209_14258_14257
1

labels_S16_selected_tokens_57_2885_58_2086 
0	1	46	0,0,16468_16514_16513_16560_16559_16559_16559_16559_16090_16089_16089_16089_16089_16089_16108_16107_16107_16107_16107_16107_16107_16107_16107_16146_16145_16145_16145_16145_16145_16145_22122_22121_22121_22121_22121_22121_22192_22191_22191_22228_22227_22227_22227_22227_7332_7331_7331_7331_7331_7331_7331_7331_7331_7331_7364_7363_7363_7363_7363_7363_7363_7363_7363_7363_7363_7363_7363_7363_7402_7401_7401_7401_7401_22000_22020_22019_22019_22019_22019_22019_22019_22019_22019_22019_22019_22019_22019_22100_22099_22099
1

labels_S16_selected_tokens_58_2086_59_125 
0	1	46	0,0,16468_16514_16513_16513_16513_16560_16559_16559_16559_16090_16089_16108_16107_16107_16107_16107_16107_16107_16107_16107_16107_16107_16107_16107_16107_16107_16107_16146_16145_16145_16145_22122_22121_22121_22121_22121_22121_22192_22191_22191_22228_22227_22227_22227_22227_7332_7331_7331_7331_7331_7331_7331_7331_7331_7331_7331_7331_7331_7331_7331_7331_7331_7331_7364_7363_7363_7363_7363_7363_7363_7363_7402_7401_7401_7401_22000_22020_22019_22019_22019_22019_22019_22019_22019_22019_22019_22019_22019_22100_22099
1

labels_S16_selected_tokens_59_125_59_8288 
0	1	51	0,0,16960_16988_16987_17030_17029_17029_16098_16097_16097_16097_16097_16097_16097_16097_16136_16135_16135_16135_16135_16135_16135_16135_16168_16167_16167_16167_16167_4790_4789_4789_4806_4805_4805_4850_4849_4849_648_647_650_649_649_649_649_649_649_649_649_649_649_649_649_649_649_649_649_649_649_649_649_649_649_649_649_652_651_19016_19044_19110
1

labels_S16_selected_tokens_59_8288_60_5335 
0	1	51	0,0,16960_16988_16987_16987_17030_16098_16097_16097_16097_16097_16097_16136_16135_16135_16135_16135_16135_16135_16135_16135_16135_16135_16135_16135_16168_16167_16167_16167_16167_4790_4789_4789_4806_4805_4805_4850_4849_4849_4849_648_647_647_647_647_647_650_649_649_649_649_649_649_649_649_649_649_649_649_649_649_649_649_649_652_651_19016_19044_19110
1

labels_S16_selected_tokens_5_231_5_8938 
0	1	33	0,0,13248_13276_13275_13275_13275_13275_13340_13339_6650_6649_6649_6649_6649_6649_6720_6768_6767_6767_14342_14341_14341_14341_14341_14341_14396_14470_14469_2026_2025_2025_2025_2025_2025_2025_2025_2025_2025_2025_2025_2025_2164_2163_2163_2354_2353_2353_2353_2353_14956_14955_14955_14955_14970_14969_14969_14969_14969_14969_14969_14969_14969_14969_14969_15076
1

labels_S16_selected_tokens_5_8938_6_5804 
0	1	33	0,0,13248_13247_13247_13247_13247_13276_13275_13340_13339_6650_6720_6719_6719_6719_6719_6719_6768_6767_14342_14341_14341_14341_14341_14341_14341_14396_14395_14395_14395_14470_2026_2025_2025_2025_2025_2025_2025_2025_2025_2025_2025_2025_2025_2025_2164_2163_2354_2353_2353_2353_14956_14970_14969_14969_14969_14969_14969_14969_14969_14969_14969_14969_14969_14969_15076_15075_15075
1

labels_S16_selected_tokens_60_5335_61_3973 
0	1	61	0,0,3_12_18_17720_17719_17719_17719_17719_17719_17719_17719_17834_17833_17833_17914_17913_17913_17913_16084_16083_16120_16119_16119_16119_16119_16119_16119_16119_16119_16119_16119_16119_16119_16166_16165_16165_16165_16165_16165_16165_12538_12537_12537_12540_12539_12539_12548_12547_12547_12547_12547_7324_7323_7323_7323_7323_7398_7397_7397_7397_7397_7397_7397_7397_7397_7397_7397_7397_7397_7397_7397_7397_7397_7448_7447_14892_14970_14969_14969_14969_14969_14969_14969_15076
1

labels_S16_selected_tokens_61_3973_62_3255 
0	1	61	0,0,17796_17834_17833_17833_17833_17833_17833_17833_17833_17914_17913_17913_17913_16084_16120_16119_16119_16119_16119_16119_16119_16119_16119_16119_16119_16119_16119_16119_16119_16119_16119_16119_16119_16166_16165_16165_16165_16165_16165_16165_16165_16165_16165_16165_12538_12540_12539_12539_12548_12547_12547_12547_12547_7324_7323_7323_7323_7323_7323_7323_7323_7323_7398_7397_7397_7397_7397_7397_7397_7397_7397_7397_7397_7397_7397_7397_7397_7448_7447_7447_14892_14970_14969_14969_14969_14969_14969_14969_14969_14969_15076
1

labels_S16_selected_tokens_62_3255_63_077 
0	1	59	0,0,3_12_18_17720_17719_17719_17719_17719_17719_17719_17834_17833_17833_17914_17913_17913_16084_16083_16083_16083_16083_16120_16119_16119_16119_16119_16119_16119_16119_16119_16119_16119_16170_16169_16169_16169_16169_16169_16169_5534_5533_5626_5625_5708_5707_1766_1765_1765_1765_1765_1765_1765_1765_1765_1765_1765_1765_1765_1765_1765_1765_1846_1845_1845_1845_1845_1845_1845_1845_1845_1845_1845_1998
1

labels_S16_selected_tokens_63_077_63_7891 
0	1	59	0,0,17796_17795_17795_17795_17795_17834_17833_17833_17833_17833_17914_17913_17913_17913_16084_16083_16120_16119_16119_16119_16119_16119_16119_16119_16119_16119_16119_16119_16119_16119_16119_16170_16169_16169_16169_16169_16169_5534_5533_5626_5708_5707_1766_1765_1765_1765_1765_1846_1845_1845_1845_1845_1845_1845_1845_1845_1845_1845_1845_1845_1845_1845_1845_1845_1845_1845_1998_1997_1997
1

labels_S16_selected_tokens_63_7891_64_5488 
0	1	45	0,0,16468_16514_16513_16513_16560_16559_16559_16559_16559_16090_16089_16136_16135_16135_16135_16135_16135_16135_16135_16170_16169_16169_16169_16169_5534_5584_5583_5650_5649_11592_11591_11591_11591_11591_11618_11617_11617_11617_11617_11617_11617_11694_11693_11693_11693_2126_2125_2125_2125_2125_2125_2125_2125_2246_2245_2245_2340_2339_14190_14189_14189_14189_14189_14189_14189_14189_14189_14210_14209_14209_14209_14209_14258_14257
1

labels_S16_selected_tokens_64_5488_65_3407 
0	1	45	0,0,16468_16514_16513_16513_16513_16560_16559_16559_16559_16559_16090_16089_16136_16135_16135_16135_16135_16135_16170_16169_16169_16169_16169_16169_16169_5534_5584_5650_5649_11592_11591_11591_11591_11618_11617_11617_11617_11617_11617_11617_11617_11694_11693_11693_11693_2126_2125_2125_2125_2125_2125_2125_2125_2246_2245_2340_2339_14190_14189_14189_14189_14189_14189_14189_14189_14210_14209_14209_14209_14209_14209_14209_14209_14209_14209_14258_14257
1

labels_S16_selected_tokens_65_3407_66_3163 
0	1	58	0,0,3_12_18_17720_17719_17719_17719_17719_17719_17719_17834_17833_17833_17914_17913_17913_16084_16083_16083_16083_16083_16120_16119_16119_16119_16168_16167_16167_16167_16167_4790_4789_4804_4803_4842_4841_4841_7358_7357_7398_7397_7397_7397_7397_7397_7448_7447_7447_15112_15214_15213_15314_15313_15313_15313_15313_15313_2052_2051_2051_2051_2051_2051_2051_2051_2051_2051_2051_2192_2191_2350_2349_2349_2349_17992_17991_17991_17991_18024_18023_18023_18023_18023_18023_18023_18023_18023_18023_18023_18023_18023_18023_18023_18072_18071_18071
1

labels_S16_selected_tokens_66_3163_67_3758 
0	1	58	0,0,3_12_18_17720_17719_17719_17719_17719_17719_17719_17719_17719_17719_17719_17834_17833_17833_17914_17913_17913_17913_17913_16084_16120_16119_16119_16119_16119_16119_16119_16119_16119_16168_16167_16167_16167_16167_4790_4789_4789_4804_4803_4803_4803_4842_4841_4841_7358_7398_7397_7397_7397_7397_7448_7447_7447_15112_15111_15214_15213_15314_15313_15313_2052_2051_2051_2051_2051_2051_2051_2051_2051_2051_2051_2051_2051_2192_2191_2191_2350_2349_17992_18024_18023_18023_18023_18023_18023_18023_18023_18023_18023_18023_18023_18023_18023_18023_18023_18023_18072_18071_18071_18071_18071
1

labels_S16_selected_tokens_67_3758_68_0636 
0	1	29	0,0,12646_12690_12689_12689_12689_12689_12689_12689_12689_12689_12736_12735_12735_20466_20465_20465_20500_20499_20499_20499_20499_20499_20499_20499_20499_20499_20532_20531_20531_5552_5626_5690_5689_5689_5689_15820_15819_15819_15819_15819_15819_15819_15819_15819_15824_15823_15823_15823_15823_15823_15823_15823_15823_15823_15823_15823_15823_15823_15823_15823_15823_15823_15823_15823_15823_15832_15831
1

labels_S16_selected_tokens_68_0636_68_7275 
0	1	29	0,0,12646_12690_12689_12689_12689_12689_12689_12689_12689_12689_12689_12689_12736_12735_12735_20466_20465_20465_20500_20499_20499_20499_20499_20499_20499_20499_20499_20499_20532_20531_20531_5552_5551_5626_5690_15818_15817_15817_15817_15817_15817_15817_15817_15817_15817_15817_15817_15817_15817_15824_15823_15823_15828_15827_15827_15827_15827_15827_15827_15827_15827_93_102_108
1

labels_S16_selected_tokens_68_7275_69_3906 
0	1	38	0,0,14022_14021_14021_14021_14021_14021_14062_14061_14061_14090_14089_14089_14089_14089_14089_14089_20450_20449_20449_20449_20449_20449_20449_20449_20449_20500_20499_20499_20499_20532_20531_20531_20531_5552_5584_5583_5650_5649_11472_11471_11478_11477_11477_11477_11477_11477_11477_11477_11477_11477_11477_11477_11477_11477_11477_11477_11477_11477_11477_11477_11548_93_102_108
1

labels_S16_selected_tokens_69_3906_70_0066 
0	1	38	0,0,14022_14021_14021_14062_14090_14089_14089_14089_14089_14089_20450_20449_20449_20449_20449_20449_20449_20449_20500_20499_20499_20499_20499_20499_20499_20499_20532_5552_5551_5584_5583_5583_5650_5649_11472_11471_11471_11471_11471_11471_11471_11471_11471_11471_11471_11471_11471_11471_11471_11471_11471_11478_11477_11477_11477_11477_11548_93_102_108
1

labels_S16_selected_tokens_6_5804_7_7019 
0	1	63	0,0,3_12_18_17720_17719_17719_17719_17719_17719_17719_17719_17830_17829_17878_17877_17877_17877_16686_16685_16685_16685_16685_16748_16747_16758_16757_16757_16757_6670_6669_6750_6749_6749_6749_6749_6749_6749_6788_6787_6787_15146_15145_15145_15145_15145_15145_15145_15145_15145_15145_15145_15145_15145_15145_15145_15238_15237_15308_5536_5535_5624_5623_5648_5647_5647_7332_7331_7331_7331_7331_7331_7331_7331_7331_7331_7331_7331_7331_7331_7331_7331_7364_7363_7363_7363_7363_7363_7402_7401_7401_22000_21999_21999_21999_22020_22019_22019_22019_22019_22019_22019_22019_22019_22019_22019_22019_22019_22019_22100_22099
1

labels_S16_selected_tokens_70_0066_70_654 
0	1	40	0,0,14646_14778_14777_14777_14777_14860_14859_14859_14859_20438_20437_20500_20499_20499_20499_20499_20499_20499_20499_20499_20499_20499_20499_20499_20499_20499_20499_20499_20499_20499_20532_20531_5552_5626_5625_5700_2016_2015_2015_2015_2226_2344_2343_2343_2343_2343_13398_13397_13397_13397_13397_13397_13397_13397_13397_13397_13397_13397_13454_13453_13453_13453_13502
1

labels_S16_selected_tokens_70_654_71_2847 
0	1	40	0,0,14646_14778_14777_14777_14860_14859_14859_14859_20438_20437_20437_20437_20437_20437_20437_20500_20499_20499_20499_20499_20499_20499_20499_20499_20499_20532_20531_5552_5551_5626_5625_5700_2016_2015_2226_2225_2344_2343_2343_2343_2343_13398_13397_13397_13397_13397_13397_13397_13397_13397_13397_13397_13397_13397_13454_13453_13453_13453_13453_13453_13502
1

labels_S16_selected_tokens_71_2847_72_1687 
0	1	52	0,0,16960_16959_16990_16989_16989_16989_16989_17008_17007_20444_20443_20443_20443_20443_20443_20443_20443_20443_20443_20500_20499_20532_20531_20531_20531_20531_20531_20531_5548_5547_5547_5588_5587_5587_5698_5697_5697_15090_15089_15202_15201_15294_15293_15293_15293_2052_2051_2051_2051_2051_2051_2051_2051_2051_2051_2051_2051_2192_2191_2191_2350_2349_2349_17992_17991_17991_17991_17991_18024_18023_18023_18023_18023_18023_18023_18023_18023_18023_18023_18023_18023_18023_18023_18023_18023_18072
1

labels_S16_selected_tokens_72_1687_72_9819 
0	1	52	0,0,16960_16990_16989_17008_20444_20443_20443_20443_20443_20443_20443_20443_20443_20443_20443_20443_20443_20443_20443_20443_20443_20500_20532_20531_20531_20531_20531_5548_5588_5587_5698_5697_15090_15089_15089_15202_15201_15201_15294_15293_15293_2052_2051_2051_2051_2051_2051_2051_2051_2051_2051_2051_2051_2051_2051_2051_2192_2191_2191_2350_2349_2349_17992_17991_17991_17991_18024_18023_18023_18023_18023_18023_18023_18023_18023_18023_18023_18023_18072
1

labels_S16_selected_tokens_72_9819_73_7291 
0	1	6	0,0,4606_4622_4648_4647_4647_17336_17335_17335_17382_17381_17436_17435_17435_17435_20444_20443_20443_20443_20443_20443_20443_20443_20443_20443_20443_20500_20499_20499_20499_20499_20499_20499_20532_20531_20531_5552_5608_5607_5712_10272_10271_10366_10365_10365_10365_10365_10365_10432_10431_10431_10431_10431_15618_15617_15626_15625_15625_15625_15625_15625_15625_15625_15625_15625_15625_15625_15642_15641_15641_15641_15641_15641_15641
1

labels_S16_selected_tokens_73_7291_74_466 
0	1	6	0,0,4606_4622_4621_4648_4647_17336_17382_17381_17381_17436_17435_17435_17435_17435_17435_17435_17435_17435_17435_17435_20444_20443_20443_20443_20500_20499_20499_20499_20499_20499_20532_20531_20531_20531_5552_5608_5607_5712_5711_10272_10366_10365_10365_10365_10365_10432_10431_10431_10431_10431_10431_15618_15626_15625_15625_15625_15625_15625_15625_15625_15625_15625_15625_15625_15625_15625_15642_15641_15641_15641_15641_15641
1

labels_S16_selected_tokens_74_466_75_4309 
0	1	47	0,0,16468_16482_16481_16481_16546_16545_16545_16545_16545_16545_16545_16545_16545_16545_16545_17330_17329_17329_17382_17381_17436_20444_20443_20443_20443_20443_20443_20443_20443_20443_20443_20500_20499_20499_20499_20499_20499_20532_20531_20531_5552_5608_5607_5712_5711_5711_10328_10327_10327_10327_10327_10327_10327_10327_10327_10327_10327_10327_10327_10327_10372_10371_10424_10423_10423_10423_18592_18591_18591_18604_18603_18603_18603_18603_18603_18603_18603_18603_18603_18603_18603_18603_18603_18603_18603_18603_18624_18623_18623_18623_18623_18623_18623_18623
1

labels_S16_selected_tokens_75_4309_76_3348 
0	1	47	0,0,16468_16482_16481_16481_16546_16545_16545_16545_16545_16545_16545_16545_16545_17330_17329_17382_17381_17436_17435_20444_20443_20443_20443_20443_20443_20443_20443_20443_20443_20443_20443_20443_20443_20443_20500_20499_20532_20531_5552_5608_5607_5712_5711_10328_10327_10327_10327_10327_10327_10327_10327_10327_10327_10327_10327_10327_10327_10372_10371_10424_10423_10423_18592_18591_18591_18591_18604_18603_18603_18603_18603_18603_18603_18603_18603_18603_18603_18603_18603_18603_18603_18603_18603_18603_18624_18623_18623_18623
1

labels_S16_selected_tokens_76_3348_77_4773 
0	1	65	0,0,3_12_18_17720_17719_17719_17719_17719_17719_17719_17719_17719_17719_17719_17719_17719_17719_17719_17719_17719_17820_17819_17819_17819_17819_17916_17915_17915_17915_17915_17915_19222_19221_19221_19278_19277_19277_19277_19394_20454_20453_20453_20500_20499_20499_20499_20499_20499_20499_20499_20499_20499_20499_20532_20531_20531_20531_5552_5626_5625_5700_5699_2030_2029_2029_2029_2029_2029_2029_2029_2029_2180_2179_2179_2179_2348_2347_15162_15161_15161_15161_15161_15161_15234_15233_15304_19170_19169_19169_19320_19330_19329_19329_19329_18016_18015_18015_18015_18024_18023_18023_18023_18023_18023_18023_18023_18023_18072_18071_18071_18071_18071
1

labels_S16_selected_tokens_77_4773_78_5339 
0	1	65	0,0,17796_17820_17819_17819_17819_17819_17819_17819_17819_17819_17819_17819_17819_17819_17819_17819_17819_17819_17819_17819_17819_17819_17916_17915_17915_17915_17915_19222_19221_19221_19221_19278_19277_19277_19277_19394_20454_20453_20453_20453_20453_20453_20453_20453_20500_20499_20499_20499_20499_20499_20532_5552_5626_5625_5700_2030_2029_2029_2029_2029_2029_2180_2179_2179_2179_2179_2179_2348_2347_15162_15161_15161_15161_15161_15161_15161_15161_15234_15233_15304_15303_19170_19169_19320_19330_19329_19329_19329_19329_19329_19329_19329_19329_18016_18024_18023_18023_18023_18023_18023_18023_18023_18023_18072
1

labels_S16_selected_tokens_78_5339_79_4934 
0	1	55	0,0,4_16_18_17720_17719_17719_17719_17719_17719_17719_17719_17719_17719_17719_17719_17719_17719_17719_17719_17822_17821_17821_17821_17864_17863_17863_17863_17863_12898_12897_12897_12897_12897_12897_12897_12950_13018_13017_13017_13017_20466_20465_20465_20500_20499_20499_20499_20499_20499_20499_20499_20499_20520_20519_20519_20519_19240_19288_19358_19357_10328_10327_10327_10327_10327_10327_10327_10327_10327_10327_10327_10327_10327_10327_10327_10327_10327_10352_10436_10435_5350_5430_5429_5429_5429_5429_5498_5497_5497_5497_93_102_100_108
1

labels_S16_selected_tokens_79_4934_80_4188 
0	1	55	0,0,3_12_18_17720_17719_17719_17719_17719_17719_17719_17719_17719_17719_17719_17719_17719_17822_17864_17863_17863_17863_12898_12897_12897_12897_12897_12897_12897_12897_12897_12897_12897_12950_12949_12949_12949_12949_12949_13018_20466_20465_20500_20499_20499_20499_20499_20499_20499_20499_20499_20499_20499_20520_20519_20519_19240_19288_19287_19358_19357_10328_10327_10327_10327_10327_10327_10327_10327_10327_10327_10327_10327_10327_10327_10327_10327_10327_10327_10327_10352_10436_5350_5430_5429_5429_5429_5429_5429_5429_5500_5499
1

labels_S16_selected_tokens_7_7019_8_8131 
0	1	63	0,0,4_16_18_17720_17719_17719_17719_17719_17719_17719_17719_17719_17830_17829_17878_17877_17877_16686_16685_16685_16748_16747_16747_16758_16757_16757_6670_6750_6749_6749_6788_6787_6787_15146_15145_15145_15145_15145_15145_15145_15145_15145_15145_15145_15145_15145_15145_15145_15145_15145_15145_15238_15237_15308_5536_5535_5624_5623_5648_5647_5647_5647_7332_7331_7331_7331_7331_7331_7331_7331_7331_7331_7331_7331_7331_7331_7331_7331_7331_7331_7364_7363_7363_7363_7363_7402_7401_21978_21977_21977_21977_21977_21977_22020_22019_22019_22019_22019_22019_22019_22019_22019_22019_22060_22059_22059_93_102_108
1

labels_S16_selected_tokens_80_4188_81_4684 
0	1	62	0,0,3_12_18_17720_17719_17719_17719_17719_17719_17719_17719_17719_17719_17719_17719_17719_17719_17719_17719_17719_17719_17719_17860_17859_17859_17859_17859_17912_17911_17911_20460_20500_20499_20499_20499_20499_20499_20499_20499_20499_20544_20543_20543_20543_20543_20543_6204_6203_6203_6234_6282_10272_10271_10271_10366_10365_10365_10432_10431_10431_15680_15686_15702_15701_15701_15701_15701_15701_15701_15701_15701_15701_15701_13626_13666_13758_13757_13757_11442_11441_11441_11441_11441_11441_11478_11477_11477_11477_11477_11477_11477_11477_11477_11477_11477_11477_11477_11477_11477_11548_93_102_108
1

labels_S16_selected_tokens_81_4684_82_5136 
0	1	62	0,0,3_12_10_18_17720_17719_17719_17719_17719_17719_17719_17719_17719_17719_17860_17859_17859_17859_17859_17859_17859_17859_17912_17911_17911_17911_20460_20459_20459_20459_20500_20499_20499_20499_20499_20499_20499_20499_20544_20543_20543_6204_6203_6234_6282_6281_10272_10271_10366_10365_10365_10365_10432_10431_10431_10431_15680_15686_15702_15701_15701_15701_15701_15701_15701_15701_15701_15701_15701_13626_13666_13665_13758_13757_13757_11442_11441_11441_11441_11441_11441_11441_11478_11477_11477_11477_11477_11477_11477_11477_11477_11477_11477_11477_11477_11477_11477_11477_11477_11548_93_102_108
1

labels_S16_selected_tokens_82_5136_83_4229 
0	1	66	0,0,17796_17820_17819_17819_17819_17819_17819_17819_17819_17819_17819_17819_17819_17916_17915_17915_19222_19221_19221_19221_19278_19277_19394_19393_20454_20453_20453_20453_20453_20500_20499_20499_20532_20531_5552_5584_5583_5650_5649_11592_11591_11591_11591_11591_11591_11618_11617_11617_11617_11617_11694_11693_11693_11693_11693_11693_11693_11693_2022_2021_2021_2021_2021_2021_2021_2021_2021_2021_2250_2249_2249_2350_2349_2349_17992_18024_18023_18023_18023_18023_18023_18023_18023_18023_18023_18023_18023_18023_18072
1

labels_S16_selected_tokens_83_4229_84_504 
0	1	66	0,0,3_12_18_17720_17719_17719_17719_17719_17719_17719_17719_17719_17719_17719_17719_17820_17819_17819_17916_17915_17915_19222_19221_19221_19221_19278_19277_19277_19394_19393_20454_20453_20453_20453_20453_20453_20453_20453_20500_20532_20531_20531_5552_5584_5583_5650_5649_11592_11591_11591_11618_11617_11617_11617_11617_11617_11617_11617_11617_11617_11694_11693_11693_11693_11693_11693_2022_2021_2021_2021_2021_2021_2021_2021_2021_2021_2021_2250_2249_2249_2350_2349_2349_17992_18024_18023_18023_18023_18023_18023_18023_18023_18023_18023_18023_18023_18023_18023_18023_18023_18023_18023_18023_18023_18072_18071
1

labels_S16_selected_tokens_84_504_85_3658 
0	1	7	0,0,12646_12666_12665_12665_12665_12665_12665_12665_12754_12753_12753_12753_12753_1012_1011_1011_1011_1011_1011_1011_1011_1011_1011_1011_1011_1011_1011_1090_1089_1089_1089_1089_1089_1089_1089_1128_1127_1127_15164_15242_15241_15241_15241_15248_15247_5558_5557_5557_5602_5601_5601_5650_11592_11591_11591_11591_11591_11591_11591_11591_11591_11591_11591_11591_11591_11591_11591_11591_11591_11591_11591_11642_11641_11641_11641_11641_11650_5312_5311_5311_5430_5429_5429_5500
1

labels_S16_selected_tokens_85_3658_86_272 
0	1	7	0,0,12646_12666_12665_12665_12754_12753_12753_12753_12753_1012_1011_1011_1011_1011_1011_1011_1011_1011_1011_1011_1011_1011_1011_1011_1090_1089_1089_1089_1089_1089_1089_1128_1127_1127_15164_15242_15241_15241_15241_15248_15247_15247_5558_5557_5602_5601_5650_5649_11592_11591_11591_11591_11591_11591_11591_11591_11591_11591_11591_11591_11591_11591_11591_11591_11591_11591_11591_11642_11641_11641_11641_11650_11649_5312_5311_5311_5311_5430_5429_5498_5497_5497_5497_5497_5497_5497_93_102_108
1

labels_S16_selected_tokens_86_272_86_9184 
0	1	9	0,0,4948_4956_4955_4955_4955_4955_4955_4970_4969_4969_4969_4969_4969_4969_1048_1047_1047_1047_1047_1047_1047_1090_1089_1089_1089_1128_1127_1127_15166_15165_15214_15314_2078_2077_2077_2244_2334_2333_2333_2333_2333_2333_2333_2333_2333_2333_2333_2333_2333_2333_13618_13686_13685_13754_13753_5304_5303_5303_5366_5432_93_102_108
1

labels_S16_selected_tokens_86_9184_87_6026 
0	1	9	0,0,4948_4956_4955_4955_4955_4955_4955_4970_4969_4969_4969_4969_1048_1047_1047_1047_1047_1047_1047_1090_1089_1089_1089_1089_1089_1089_1089_1128_1127_15166_15165_15165_15214_15314_2078_2077_2244_2243_2334_2333_2333_2333_2333_2333_2333_2333_2333_2333_2333_2333_2333_2333_13618_13617_13686_13685_13754_5304_5303_5303_5366_5365_5432_93_102_108
1

labels_S16_selected_tokens_87_6026_88_4003 
0	1	13	0,0,5170_5220_5236_5235_5235_5235_1048_1047_1047_1047_1047_1047_1047_1047_1047_1047_1090_1089_1089_1089_1128_1127_1127_15184_15183_15183_15183_15192_15191_15191_15300_15299_15299_15299_15299_18170_18169_18169_18169_18169_18169_18224_18223_18223_18223_18223_18298_18297_18297_18297_18297_7170_7169_7169_7169_7169_7169_7169_7169_7169_7169_7204_7203_7203_7203_7203_7203_7203_7203_7240_7239_7239_7239_7239_7239_93_102_108
1

labels_S16_selected_tokens_88_4003_89_2064 
0	1	13	0,0,5170_5220_5219_5236_5235_5235_1048_1047_1047_1047_1047_1047_1047_1047_1047_1047_1090_1089_1089_1089_1089_1089_1089_1128_1127_1127_15184_15183_15192_15191_15191_15191_15300_15299_15299_15299_18170_18169_18169_18169_18169_18224_18223_18223_18298_18297_18297_7170_7169_7169_7169_7169_7169_7169_7169_7169_7169_7169_7169_7169_7169_7169_7169_7169_7204_7203_7203_7203_7203_7240_7239_7239_7239_7239_7239_7239_93_102_108
1

labels_S16_selected_tokens_89_2064_89_9469 
0	1	16	0,0,8514_8536_8535_8535_8590_8589_8589_1048_1047_1047_1047_1047_1047_1047_1047_1047_1047_1047_1047_1047_1047_1090_1089_1089_1089_1128_1127_1127_1127_15184_15183_15183_15192_15191_15300_15299_15299_18170_18169_18169_18169_18169_18169_18169_18218_18217_18217_18217_18268_18267_18267_11464_11463_11463_11463_11463_11463_11463_11463_11463_11463_11463_11508_11566_11565_11565_11565_11565_11565_11565_11565_11565
1

labels_S16_selected_tokens_89_9469_90_7369 
0	1	16	0,0,8514_8513_8513_8513_8513_8513_8513_8513_8536_8535_8535_8535_8590_8589_1048_1047_1047_1047_1047_1047_1047_1047_1047_1047_1047_1047_1090_1089_1089_1089_1089_1089_1128_1127_1127_15184_15183_15192_15191_15191_15300_15299_15299_15299_15299_18170_18169_18218_18217_18217_18217_18217_18217_18217_18268_18267_11464_11463_11463_11463_11508_11566_11565_11565_11565_11565_11565_11565_11565_11565_11565_11565_11565_11565_11565_11565_11565
1

labels_S16_selected_tokens_8_8131_9_7607 
0	1	70	0,0,18808_18836_18835_18835_18862_18861_18861_18861_18861_18861_18861_6696_6695_6695_6750_6749_6749_6788_6787_15146_15145_15145_15145_15145_15145_15145_15145_15145_15145_15145_15145_15145_15145_15145_15145_15238_15308_5566_5565_5565_5624_5656_5655_2030_2029_2029_2029_2029_2029_2029_2029_2180_2179_2179_2179_2348_2347_15104_15103_15103_15103_15103_15103_15103_15103_15103_15200_15199_15199_15199_15199_15199_15199_15264_21988_21987_21987_21987_21987_21987_21987_22054_22053_22053_22053_22053_22053_22053_22053_22060_93_102_108
1

labels_S16_selected_tokens_90_7369_91_7145 
0	1	67	0,0,18808_18836_18835_18862_18861_18861_18861_18861_18861_1048_1047_1047_1047_1047_1047_1047_1047_1047_1090_1089_1089_1089_1089_1128_1127_1127_1127_15184_15183_15183_15234_15233_15233_15304_19200_19199_19199_19266_19265_19265_19265_19265_19350_19349_19349_19349_17332_17331_17422_17476_17475_2134_2133_2133_2133_2133_2133_2133_2133_2246_2245_2245_2340_2339_14346_14345_14345_14345_14345_14390_14389_14389_14389_14389_14389_14389_14424_14423_14423_22004_22003_22003_22054_22053_22053_22053_22053_22053_22053_22053_22053_22053_22053_22053_22100_22099
1

labels_S16_selected_tokens_91_7145_92_7435 
0	1	67	0,0,18808_18836_18835_18835_18835_18835_18862_18861_18861_18861_18861_1048_1047_1047_1047_1047_1047_1047_1047_1047_1047_1090_1089_1089_1089_1089_1089_1128_1127_1127_15184_15183_15183_15234_15233_15304_15303_19200_19199_19199_19266_19265_19265_19265_19265_19350_19349_19349_17332_17331_17422_17476_17475_17475_2134_2133_2133_2133_2133_2133_2133_2133_2246_2245_2340_2339_14346_14345_14345_14345_14345_14345_14345_14345_14345_14345_14390_14389_14389_14389_14389_14424_14423_14423_22004_22003_22054_22053_22053_22053_22053_22053_22053_22053_22053_22053_22053_22053_22100_22099_22099
1

labels_S16_selected_tokens_92_7435_93_54 
0	1	71	0,0,20720_20734_20782_20781_1048_1047_1047_1047_1047_1047_1047_1047_1047_1047_1047_1090_1089_1089_1089_1089_1089_1089_1089_1128_1127_1127_15166_15165_15165_15214_15213_15213_15266_15265_15265_10320_10319_10319_10319_10319_10319_10319_10319_10319_10319_10372_10371_10424_10423_10423_10423_18592_18591_18591_18604_18603_18603_18603_18603_18603_18603_18603_18603_18603_18603_18603_18603_18603_18603_18603_18603_18603_18624_18623_18623_18623_18623_18623
1

labels_S16_selected_tokens_93_54_94_3339 
0	1	71	0,0,20720_20719_20734_20733_20733_20733_20782_1048_1047_1047_1047_1047_1047_1047_1047_1047_1047_1047_1047_1047_1047_1090_1089_1089_1089_1089_1089_1089_1128_1127_1127_15166_15165_15214_15213_15266_15265_10320_10319_10319_10319_10319_10319_10319_10319_10319_10319_10319_10372_10371_10424_10423_10423_18592_18591_18591_18591_18591_18591_18604_18603_18603_18603_18603_18603_18603_18603_18603_18603_18603_18603_18603_18603_18603_18603_18624_18623
1

labels_S16_selected_tokens_94_3339_95_2379 
0	1	35	0,0,14022_14074_14073_14073_14073_14073_14073_14126_14125_14125_14125_998_997_997_997_997_997_997_997_997_997_997_997_997_1090_1089_1128_1127_15166_15165_15214_15213_15266_15265_10320_10319_10319_10319_10319_10319_10394_10393_10414_10413_12536_12535_12535_12542_12541_12541_12541_12568_12567_12567_7170_7169_7169_7169_7169_7169_7169_7169_7169_7169_7169_7169_7169_7169_7169_7169_7169_7169_7169_7169_7169_7169_7204_7203_7203_7203_7203_7203_7240_7239_7239_93_102_108
1

labels_S16_selected_tokens_95_2379_96_1183 
0	1	35	0,0,14022_14074_14073_14073_14073_14073_14073_14073_14073_14126_14125_14125_998_997_997_997_997_997_997_997_997_997_1090_1089_1089_1089_1089_1089_1089_1128_1127_15166_15165_15214_15266_15265_10320_10319_10319_10319_10319_10319_10319_10394_10393_10414_10413_12536_12535_12535_12542_12541_12541_12541_12568_12567_12567_7170_7169_7169_7169_7169_7169_7169_7169_7169_7169_7169_7169_7169_7169_7169_7169_7169_7169_7169_7169_7169_7204_7203_7203_7203_7240_93_102_108
1

labels_S16_selected_tokens_96_1183_97_1678 
0	1	48	0,0,16960_16959_16959_16962_16961_16961_16998_16997_1038_1037_1037_1037_1037_1037_1037_1037_1037_1037_1037_1037_1090_1089_1089_1089_1128_1127_15164_15163_15163_15242_15241_15241_15248_15247_5566_5565_5624_5623_5656_5655_2074_2073_2073_2073_2208_2207_2207_2207_2340_14358_14400_14399_14399_14460_15150_15149_15149_15149_15149_15244_15243_15314_15313_2052_2051_2051_2051_2051_2051_2051_2051_2051_2051_2051_2051_2051_2192_2191_2191_2350_2349_2349_17992_17991_17991_17991_18024_18023_18023_18023_18023_18023_18023_18023_18023_18023_18023_18023_18023_18023_18023_18072_18071
1

labels_S16_selected_tokens_97_1678_98_2065 
0	1	48	0,0,16960_16959_16962_16961_16961_16998_16997_16997_1038_1037_1037_1037_1037_1037_1037_1037_1037_1090_1089_1089_1089_1089_1128_1127_1127_15164_15163_15163_15163_15242_15241_15248_15247_5566_5565_5624_5656_5655_2074_2073_2073_2073_2208_2207_2207_2340_2339_14358_14400_14460_14459_15150_15149_15149_15149_15149_15149_15149_15244_15314_15313_15313_2052_2051_2051_2051_2051_2051_2051_2051_2051_2051_2051_2051_2051_2192_2191_2191_2350_2349_2349_17992_18024_18023_18023_18023_18023_18023_18023_18023_18023_18023_18023_18023_18023_18023_18023_18023_18023_18023_18072_18071
1

labels_S16_selected_tokens_98_2065_99_0926 
0	1	3	0,0,4606_4626_4666_4665_1048_1047_1047_1047_1047_1047_1047_1047_1047_1047_1047_1047_1090_1089_1089_1089_1089_1089_1089_1128_1127_1127_15164_15163_15242_15248_15247_5566_5565_5624_5623_5656_2074_2073_2073_2242_2241_2241_2292_2291_19216_19215_19215_19215_19215_19215_19266_19265_19265_19265_19265_19350_19349_19349_19349_19349_17332_17331_17380_17379_17440_17439_11448_11447_11447_11447_11447_11447_11447_11447_11478_11477_11477_11477_11477_11477_11477_11477_11477_11548_93_102_108
1

labels_S16_selected_tokens_99_0926_99_9307 
0	1	3	0,0,4606_4626_4666_1048_1047_1047_1047_1047_1047_1047_1047_1047_1047_1047_1090_1089_1089_1089_1089_1089_1128_1127_1127_15164_15163_15242_15248_15247_5566_5565_5624_5656_5655_2074_2073_2242_2241_2241_2241_2292_2291_19216_19215_19215_19215_19266_19265_19265_19265_19350_19349_19349_19349_19349_19349_19349_17332_17331_17380_17379_17379_17440_17439_11458_11457_11457_11457_11457_11457_11457_11457_11457_11457_11457_11457_11482_11566_11565_11565_11565_11565_11565
1

labels_S16_selected_tokens_99_9307_100_9177 
0	1	54	0,0,3_12_10_18_17720_17719_17719_17719_17719_17719_17719_17719_17816_17815_17815_17902_17901_17901_1048_1047_1047_1047_1047_1047_1047_1047_1047_1047_1047_1047_1047_1047_1090_1128_1127_15166_15165_15214_15213_15213_15314_2104_2103_2103_2103_2103_2103_2103_2103_2202_2201_2292_19216_19280_19279_19279_19346_19345_19345_11472_11471_11471_11471_11471_11471_11471_11471_11471_11471_11471_11478_11477_11477_11477_11477_11477_11477_11477_11477_11477_11477_11477_11477_11477_11548_11547_11547_11547_11547_11547_11547_11547_11547_11547_93_102_108
1

labels_S16_selected_tokens_9_7607_10_7055 
0	1	70	0,0,18808_18836_18835_18862_18861_18861_18861_18861_6696_6695_6750_6788_6787_6787_15146_15145_15145_15145_15145_15145_15145_15145_15145_15145_15145_15145_15145_15145_15145_15145_15145_15145_15145_15145_15145_15145_15238_15308_5566_5565_5565_5565_5624_5656_5655_2030_2029_2029_2029_2029_2029_2029_2180_2179_2179_2348_2347_15104_15103_15103_15103_15103_15103_15200_15199_15199_15199_15199_15199_15199_15199_15199_15199_15199_15199_15199_15264_21988_21987_21987_21987_21987_21987_21987_21987_21987_22054_22053_22060_93_102_108
1

