Regression analysis information for: S03_selected_tokens_0085
number of formants: 3
number of coefficients: 5
190.7 285.6 212.2
603.7 -148 11 70.2 -67.9 98.1
1326.4 -326.2 -85.1 222.1 -68.8 35.9
2469.9 -47.5 -67.7 83.1 -178.8 206.4
174.2 292.6 189.8
579.9 -51.8 -119.8 138.6 -78.6 55.3
1375.1 -243.4 -303 284.3 -14.3 -8.8
2459.7 73 -305 227.4 -118.6 86.6
110.1 268 190.2
717 -234.2 -64.6 142.7 -79.9 -24.6
1574.3 -413.4 -324.3 223.9 -38.1 -39.1
2685.1 -231.3 -145.1 65.1 -26.8 -31.2
86.5 312.8 120.3
740 -284.7 24.1 88.4 -77.4 -44.7
1631.5 -459.9 -350.6 12.9 -124 -16.6
2780.6 -339.2 -42.7 -87.6 -9.2 -44.8
13.9 26.3 22.9
795.6 -242.7 -60.9 33.5 -17.3 13.9
2198.4 330 -170.4 2.4 -14.4 -2.6
2985.3 -24.3 53 -67.2 42.7 -37.9
13.9 24.9 23.2
805.2 -227.8 -55.9 27.1 -24.2 10.7
2191.5 324.3 -167.8 3.3 -15.1 -2.4
2967.1 -33.7 50.7 -64 49.8 -34.2
14.1 23.2 21.4
814.4 -219.8 -54.7 24.2 -27.6 10.1
2187.3 318.2 -164.5 6.5 -17.7 -2.2
2959.4 -47.3 53.3 -59 49.2 -32.7
14.6 22.5 19.7
821.1 -215.9 -56.2 23.7 -30.2 11.1
2187.7 314.5 -163.5 9.3 -20 -1.6
2964.3 -56.8 56.9 -56.4 45.2 -32.8
15.5 22.6 18.5
826.5 -214.4 -57.3 22.9 -31.7 11.9
2193.6 311.5 -161.8 13.6 -22.4 1.3
2974 -60.4 57.8 -53.3 40.2 -33.1
18.4 22.9 17.3
826 -212.1 -64.8 27.5 -36.6 16.8
2197.9 311.7 -164 15.8 -24.4 2.8
2987.2 -65.6 60.3 -52.4 35.3 -32.6
24.7 24 15.9
816.4 -207.5 -82.9 39.5 -46.6 28
2199.6 315.5 -169.3 16.3 -26.1 2.2
3002.8 -72.8 64.7 -53.2 30.5 -31.8
29 25.6 15.6
799.5 -210.8 -102.6 48.8 -54.1 36.4
2204.6 318.8 -172.5 18.7 -28.4 3.4
3017 -74.8 66.5 -51.7 25.2 -30.8
31.6 28.6 16
772.1 -221.8 -103.8 70.2 -46.1 42
2211.9 319.5 -176.5 19.2 -33.3 4.7
3025.6 -78.9 59.7 -53.9 15.7 -32.9
38.5 31.4 18.7
725.8 -222.4 -82.5 109.3 -40.3 25.4
2214.4 321.7 -186.1 15.1 -38 4
3018.2 -104.4 50.5 -49.9 21.3 -27.3
40.3 34.1 21.5
670.9 -182.9 -41.2 83.1 -50.4 30.5
2210.3 320.5 -191.7 16.6 -35.7 4.5
2994.5 -133.2 50.4 -36.1 41.8 -20
14.4 32 54.1
570.6 -87.2 16.5 2.7 -23.7 16.7
2143.5 354.6 -154.3 -15.4 5.5 -17.9
2867.3 -69.3 91.2 -82.5 122.6 -37.6
10.6 30.1 35.9
565.1 -78.7 14 3.3 -23.3 12.9
2118.4 360.8 -126.4 -12.9 -7.4 -25.4
2847.1 -25.2 75.9 -66.4 102.4 -42.2
10.6 31.9 35.4
567.2 -79.7 12.3 4.9 -26.2 13.9
2127.3 367.9 -127.3 -15.8 -15.2 -23
2872 -19.5 88.6 -72.2 92.3 -42.6
10.1 36.7 48
571.8 -81.9 12 6.2 -29.2 15.4
2155.2 375.5 -141.6 -17.5 -26.2 -16.1
2907.7 -3 102.1 -96.6 80.5 -53.1
11.3 56.1 86.2
579.9 -88.1 9.5 15.1 -40.7 20
2173.4 402.5 -159.1 -49.3 1.3 -5.5
2949.3 32.4 121.8 -152.5 84.8 -90.1
winner is: 9
