Regression analysis information for: S03_selected_tokens_0022
number of formants: 3
number of coefficients: 5
7.6 73.7 47.8
494.1 -40.1 -17.4 -0.4 -3.5 -9.2
1148.5 183.3 228.2 235.3 155 76.9
1851.1 396 145.2 169.3 118.6 57.4
24 112 68.2
513.3 -60.9 -7 -6.2 15 11.6
1139.5 245.3 252.7 341.5 129.9 -4.4
1876.2 469.8 168.7 158.9 68.1 -16.8
15 111.1 120.6
548.4 -56.4 6.1 -43.8 -2.4 -2.6
1518.8 268.3 227.8 -171 -96.5 126.3
2393.8 56.4 366 -277.4 -84.5 225.7
11 113.2 144.7
567.9 -71.4 3.7 -42.6 -15.9 4.2
1616.7 229.3 88.3 -106.6 -36.8 145.9
2517.6 -15.5 176.6 -108.9 -55.6 163.2
5.1 12.9 7
578.6 -81.7 -8.5 -36.7 -17.6 -4.8
1693.1 187.4 -38.9 5.2 18.3 10.6
2607.1 -61.2 23.7 26 14.5 -7
5.6 12.2 7.5
579.6 -87.8 -15.8 -37 -18.2 -7.5
1695.9 188.3 -37.3 5.3 17.1 10.8
2611.7 -59 31.4 20.2 11.7 -3.8
5.8 11.8 8.1
576.2 -92.3 -22.3 -35.9 -17.6 -8.7
1698.9 188.8 -37.8 5.5 16.1 10.1
2620.3 -59.1 34.2 15.2 11 -2.5
6.1 12.2 9.4
565.7 -97 -27.3 -30.8 -13.7 -8.4
1700.1 187.4 -41.4 3.6 13.9 8.1
2629.4 -62.1 31.9 8.6 9.7 -3.2
8.7 15.8 12.3
546 -88.3 -34.8 -20.6 -9.9 -6.6
1694.8 183 -52.1 -2.7 8.1 4.3
2634.1 -74.6 22.4 -2.7 4.5 -8.1
8.5 19 11.8
520.9 -74.3 -35 -13.1 -8.6 -3.5
1677.6 184.4 -63.7 -7.6 8.3 9.6
2624 -82.5 1.3 0.5 3.4 -1.2
8 18.9 15.7
510.6 -74.1 -34.3 -12.8 -8.7 -6.3
1661.6 188.7 -63.6 -7.2 15.4 18
2602 -78.3 -9.7 19 9.8 9.7
7.5 18.7 18.7
506.5 -72.4 -31.6 -12 -8.1 -7.3
1650.8 190.8 -54.8 -3.1 24 24.1
2577.7 -70.5 -2.1 38.4 20.3 12.3
7.1 17.3 16.2
505.1 -72 -29.9 -11.7 -8 -8.1
1646.9 194.3 -44.9 1.7 28 26.6
2565.3 -65.8 15.9 46.6 23.2 5.2
6.8 16.2 10.8
504.7 -72 -28.5 -11.6 -7.9 -8.5
1646.3 199.3 -32.7 8.9 32.7 30.1
2559.6 -64.5 38.8 52.7 23.2 -1.7
6.8 16.1 7
505 -72.5 -27.3 -11.8 -7.9 -9.4
1650.6 206.9 -20.2 17.2 37 31.3
2564 -65.8 59.5 55.4 25.3 -11.3
6.9 17.1 11.9
506.5 -73.2 -27.1 -12.8 -8.5 -10.3
1665.9 224.3 -8.9 23.6 41.1 34.5
2586.8 -59.3 70.4 50.6 31.8 -8.6
7.3 19.6 23.1
508.9 -74 -27.2 -14.8 -9.7 -11.7
1688.1 249.2 2.8 26 40.3 34.2
2622.1 -44.8 87.3 48.8 47.4 2.3
7.6 20.1 50
512.8 -76 -28.2 -17.3 -11.9 -14.2
1721.8 281.5 11.7 24.7 30.2 24.9
2685 -11.5 118.7 57.3 79.1 30.3
7.3 16.9 61.6
518.6 -78 -28.7 -19.6 -14.3 -16.3
1756.2 307.9 14.5 20.3 13.6 9.8
2769 25.4 123.5 7.9 58.7 22.7
8 12.5 89.3
525.6 -81.5 -29.2 -22.6 -17.9 -19.2
1785.4 321.6 14.2 23.1 2.9 -0.5
2995.3 251.6 189.1 -135.3 -89.4 -77.1
winner is: 5
