Regression analysis information for: S03_selected_tokens_0020
number of formants: 3
number of coefficients: 5
2 17.2 4.9
404.3 -7.8 -36.1 6.5 -4.6 3.6
879.3 87 17.9 -18.4 19.2 -29
2071.9 -67 -42.5 -7.4 -0.1 -5.7
30.4 79.5 47.9
403.1 9.7 -40.9 -5.8 19.1 -24
764 144.6 73.8 26.3 196.3 -14.5
2095.7 -18.6 5.8 38.3 48.1 38.4
16.6 137.4 82.5
440.5 -16.5 -50.1 28.8 -23.3 7.9
1891.3 274.7 -354.7 273.9 -230.8 178.7
2844.1 62 -234 165.7 -162.7 120.9
3.6 4.9 3.8
467.2 -37.2 -41.9 19.6 -14.5 6
2053.3 -59.7 -39.6 -8.4 -0.7 -5.2
2930.1 -171.8 -32.7 -11.5 -11.9 -4.8
3.9 5 5.8
476.3 -41.4 -44.2 18.2 -10.3 4.4
2049.6 -53.9 -41.3 -5.7 -4.4 -2.5
2919.1 -156 -33.8 -1.3 -22.6 -0.8
3.9 5.4 7.4
478.1 -44.7 -45.1 17.5 -7.6 3.5
2050.7 -52.5 -42.8 -4.4 -5.7 -1.3
2923.2 -142.5 -34.8 1.5 -27.1 2.5
3.8 5.4 7.8
474.8 -46.7 -44.4 17.1 -5.2 3
2054 -53.2 -43.6 -3.9 -5.8 -0.9
2934.9 -135 -33.3 -0.8 -27.1 3.1
3.8 5.1 7.7
467.2 -46.1 -42.5 15.7 -3.3 2.3
2058.1 -55.1 -43.9 -3.9 -5.3 -1
2948.8 -130.6 -30.4 -4.6 -25.1 2.8
4 4.9 7.6
454.7 -41.4 -39.9 11.6 -1.2 1.6
2062.2 -57.5 -43.9 -4.1 -4.6 -1.1
2963.4 -127.5 -26.6 -8.2 -22.6 2.5
4 4.7 7.1
441.1 -34.6 -37.8 7.5 -0.2 1.1
2065.4 -60.2 -43.9 -5.1 -3.6 -1.6
2976.6 -126.3 -23.5 -12.9 -19.9 1.9
4.3 6 7.9
426.8 -25.4 -37.7 6 -2 1.7
2065.7 -66.1 -45 -9.1 -2.3 -4.3
2983.9 -135.3 -28.1 -21.7 -21.6 -1.2
3.7 7.6 13.3
417.7 -20.3 -35.8 5.1 -2.7 1.8
2062.8 -70.7 -46.8 -14 -2.1 -6.9
2975.8 -165.2 -51.2 -44.2 -34.5 -12
3.2 7.3 17.3
411 -16.8 -33.7 5 -2.8 2.6
2051.9 -70.6 -46.6 -15.7 2.5 -2.5
2942 -202.4 -78.1 -30.3 -19.2 24
2.3 6.7 16.5
404.9 -13.3 -30 4.5 -3.9 1.3
2000 -39.4 -27.3 -16.4 -6.1 -5.7
2835.3 -181.6 -51.4 33.1 -52.7 11.8
2.3 8.8 17
404.9 -12.4 -30.3 4.6 -3.7 1.3
1992 -16.1 -39.7 -7.6 -10 0.7
2837.9 -136.6 -60.8 42.9 -52.1 17.9
2.3 11.3 24.5
405.7 -11.8 -30.6 4.7 -3.6 1.5
2001.4 -5.7 -45.5 -4.2 -9.2 5.8
2875.5 -98.3 -48.1 43.5 -41.9 28.5
2.2 9.5 40.4
407.4 -11.4 -30.9 4.5 -3.4 1.6
2029.5 -11.2 -43.8 -14.9 1.6 2
2951.8 -39 -23.7 31.6 -29.5 44
2.1 12.2 63.4
409.7 -11.2 -31.2 4 -3.1 1.6
2071.2 -30.2 -41.3 -32 18.8 -8.2
3091.4 48.6 8.3 -39.8 -26.8 41.7
2.1 11.9 93.2
412.1 -11.3 -31.5 3.4 -2.8 1.6
2113.9 -51.6 -49.3 -36.1 28.1 -13.6
3315.2 142.8 48.4 -214.5 -28.5 -35
2.2 11.3 59.3
414 -11.6 -31.7 3 -2.6 1.9
2155.1 -77.6 -60.8 -25.3 27.5 -15.9
3492.8 190.4 56.7 -285.1 16.3 -84.4
winner is: 4
