Regression analysis information for: S03_selected_tokens_0054
number of formants: 3
number of coefficients: 5
15.9 19.1 51.2
524.3 105.5 -38 7.7 -40.5 -11.1
1283.4 -6.1 196.3 -75.9 85.4 -20.8
2365 52.4 -46.1 70.4 -2.8 68.6
17.6 18.4 43.7
525.4 106.3 -34.1 9.7 -37.2 -14.5
1282.2 -3.9 191.5 -74.6 84.5 -21.3
2380.2 45.7 -48.6 58.3 -2.9 62.9
20.9 17.8 40.1
514.7 105.4 -33.3 13.7 -33.3 -17.9
1285.7 -5 196.3 -74.6 85.9 -20.3
2398.7 55.6 -53.5 61.9 -3.8 66.6
22.1 18 36.6
498.5 99 -29.4 20.1 -24.4 -19.3
1284 -5.7 198 -74.5 87.2 -20.7
2416.6 59.6 -57.6 61.6 -3.7 66.4
17.4 19.2 33.9
480.7 88.2 -26.4 25.9 -12.7 -14.6
1276.4 -5.3 195.8 -73.9 87.6 -21.6
2431.3 56.7 -60.3 58.1 -2.3 62.6
11.3 21.3 34.7
465.8 79 -26.8 28.1 -6 -8
1269.9 -5.6 197.1 -73.6 87.9 -21.4
2437 62.3 -67.6 65.3 -4.1 65.9
7.9 24.6 36.5
456.1 74.1 -25.7 27.5 -3.4 -4.2
1261.8 -4.5 198.8 -74.2 86.8 -21.5
2433.2 68.1 -72.8 71.7 -5.6 66.5
7.2 27.7 43.4
449.3 72.4 -25.4 26.7 -3.1 -1.3
1257.4 -5.8 205.3 -76.8 87.2 -20.9
2412.4 76 -69.5 76.7 -3.1 69.7
5.9 31 64.7
441.3 65 -21.6 25.5 -1 1.2
1240.1 -12.3 204.4 -80.4 83.3 -20.4
2301.8 11.4 -14.9 49.8 3.1 66.6
5.7 30.6 55.9
442.1 65.7 -21.6 25.6 -1 1.3
1241.8 -11 204.6 -79.7 84.2 -20.1
2317 19.6 -16.3 51.7 9 67.5
6.7 29.1 43.4
445.1 69.3 -24 26.4 -1.4 1.4
1252.4 -11.1 209.4 -80.3 88.8 -19.6
2369.7 37.8 -30.1 62.7 19.7 72
9.1 28.3 48.9
452.5 73.3 -28.3 26.9 0.5 0.9
1264.5 -7.2 207.7 -79.4 95.2 -18.5
2471.5 63.4 -75.9 70.3 57.3 91.5
37.5 30.5 210.5
478.6 97.6 -34.2 11.6 -20.3 -23
1277.3 -1.9 198.2 -76.2 105.1 -16.3
2748 204.4 -226.3 14.7 77.3 50.3
58.4 41.7 250.6
499.2 115.9 -46.2 7.7 -28.2 -35
1309 15.5 199.5 -83.6 98 -36
2998.9 258.6 -343.7 19.8 64.1 -57.4
70.1 67.4 230.1
527.3 156.7 -35.6 -4 -68.7 -74
1331.9 43.3 234.1 -74.2 77.5 -69.9
3165 293.5 -332.2 -14.6 28.3 -96.8
92.1 69.8 194
571.5 206.3 -59.1 -62.2 -113.4 -55.3
1344.1 53.1 246.1 -71.5 86.1 -48.9
3288.5 282.6 -320.9 -79.1 24.9 -77
98.9 71.7 203.8
550.6 178.4 -59.3 -37.9 -82 -30
1342.7 48.2 246.6 -81.7 77.9 -48.8
3319.7 231.3 -293.7 -111.7 22.1 -93.2
97.9 78.3 200.3
531.2 160.5 -48.2 -9.7 -62 -28.2
1341.9 44.1 259.5 -79 76.5 -50.1
3309.1 217.3 -263.9 -120.3 21.8 -78
78.5 103.7 199.4
510.2 142 -24.8 25.5 -42.9 -47.8
1359.5 67.4 281.4 -75.8 63 -72
3289.7 234.5 -197.9 -135.4 18.1 -85.1
51.7 89.6 192
494.2 118.2 -33 34.8 -24.5 -27.5
1348.7 48.2 265.2 -79.2 70.8 -59.3
3241.6 170.8 -213.5 -98 83.4 -32.2
winner is: 6
