Regression analysis information for: S03_selected_tokens_0095
number of formants: 3
number of coefficients: 5
56.1 117.5 100.8
733.5 -171.6 45.6 45.8 -111.5 -104.4
1292.9 -564.9 -31 250.3 -38.2 -107.3
2200.7 -26.9 -189.5 122.3 -54.6 -66.8
39 109.5 110
845.3 -79.3 -25.2 28 1.8 -19.5
1902.8 133 -129.9 14.5 32.3 -47.2
2418.6 -12.6 -310.9 98.9 15.8 35.3
5.3 26.1 82.2
864.8 -63.1 -34.4 -2.9 -12.5 -4.9
1936.1 140.9 -192.2 -78.2 3.4 30
2447.3 -159.5 -149.1 179 -96 -16.6
5.6 19.5 112.1
866.3 -63 -34.1 -4.5 -13.1 -6
1931.1 137.6 -174.4 -65.3 1.1 23.2
2559.2 -310.3 -70.9 134.1 -82.3 -59.7
5.3 15.6 97.7
868.5 -61.1 -33 -5 -12.4 -6.4
1938.7 149.8 -159.3 -61.3 -10.9 11.5
2659 -420.3 -17.8 73.2 -43.3 -65
5.7 14.4 65.6
869.1 -61.6 -34.5 -5.6 -13.1 -7
1949.7 168.2 -151 -62.6 -20.2 1.8
2716.1 -470.3 -7.2 36.2 -27.6 -37.2
7 14.7 41.9
867.9 -66.1 -38.7 -7.4 -15.8 -8.2
1961.7 189.8 -144.9 -65.2 -26.9 -7.6
2757.9 -510.9 -2.8 -6.9 -12.6 -6.8
7 15.6 30.8
869.2 -69.3 -38.8 -7.7 -16 -8.4
1976.6 210.2 -135.7 -62.2 -31.7 -15.3
2784.6 -510.1 -17 -44.3 0.1 9.8
7.8 17.6 30.2
861.6 -86.7 -50.5 -13.4 -19.7 -8.8
1990.8 233 -124.7 -55.9 -26.9 -15.1
2785.6 -506.1 -79.4 -78.3 -16.6 14.4
6.9 29.4 33.2
859.1 -96.8 -54.2 -15.9 -20.2 -8.3
1984.4 211.1 -144.9 -65.3 -27.8 -6.9
2801.8 -473.7 -121.1 -103.7 -31.7 11.1
7 49.3 39.6
851.8 -111.5 -63.3 -19.8 -22.4 -8.1
1938.8 120.1 -223.4 -115.2 -44.9 -1.8
2821.7 -464.2 -155 -127.2 -33.7 15.2
6.7 53.7 42.8
849.8 -114.4 -60.4 -16.5 -19.2 -7.2
1936.3 103.8 -238.8 -120.9 -43.2 4.9
2844.4 -459 -177.9 -148.7 -20.3 33.4
8.3 55.3 53.9
842.1 -115.4 -62.9 -15.6 -20.6 -9.5
1929.4 86.1 -257.3 -128.9 -39.4 9.7
2873.5 -472.9 -193.5 -176.6 -4.5 45.1
9.4 47.5 67.6
834.2 -106.7 -58.9 -11.9 -18.9 -9.5
1920.1 65.6 -264.4 -108.5 -5.3 35.9
2842.1 -554.3 -176.7 -84.8 115.8 67.6
10.6 81.3 95
802.5 -89 -47.7 -4.3 -23.3 -16.5
1772.5 3.5 -52.5 22.3 -72.3 -15.9
2652 -647.4 207.1 26.7 -116.8 -61.2
11.7 57.3 121.8
792.2 -77.2 -42.3 -9.3 -24.2 -11.9
1806.9 35.2 -94.1 -2.9 -39.2 -5.7
2592.8 -573.8 223.9 -41.7 -72 -72
10.9 55 166.4
787.4 -60.5 -45.2 -5.3 -22.9 -11.1
1840.4 77.4 -122.1 -26.9 -24.6 4.8
2482.4 -347.5 -6 161.5 -208.8 -7.9
17.6 76.8 149.1
786.2 -44.2 -55.6 0 -27.8 -5.4
1874.6 147.6 -168.5 -35.9 -26.9 33.1
2530.8 -445.4 27.2 151.2 -196.9 -38.5
12.3 99.3 125.8
799.1 -41.1 -47.6 -3.3 -15.4 -10
1890.8 158.4 -107.6 -62 -70.6 -10.1
2576.7 -521.7 67.3 127.2 -181.2 -32.8
13.8 143 241.6
805.9 -32.5 -49.2 2.8 -9.1 0
1876.8 120.1 -147.4 -57.3 -48.3 -42
2701.8 -428.2 45 160.1 -20.1 124.3
winner is: 8
