Regression analysis information for: S03_selected_tokens_0070
number of formants: 3
number of coefficients: 5
0.4 168.2 29.3
372.5 -5.4 -5.4 -2.3 -1.9 -1
1294.9 -289.5 156.6 -177.1 175.8 -97
2253.5 -97.1 1.6 -132.1 -5.4 -45.4
0.5 200.6 43.2
372.8 -4.6 -5.2 -1.5 -1.8 -0.4
1546.9 -21.9 375.8 -29.5 243 -75.3
2299.6 -44.9 66.8 -100.6 24.1 -29.4
0.5 13.2 14.1
374.1 -4 -5 -0.9 -1.7 -0.2
2202 -44.9 -60.3 -75.3 -40.2 -10.5
2466.9 -106.9 -63 -40.7 -22 -11.7
0.6 10.3 14.1
374.7 -3.8 -5.7 -0.8 -2.2 -0.1
2194.2 -49.7 -56 -77.6 -37.6 -9.1
2465.9 -113.9 -57 -40.2 -20.5 -14.1
0.5 10 13
374.7 -3.9 -6 -0.9 -2.3 -0.2
2198.6 -47.4 -51.2 -74.2 -35.5 -9.7
2479.5 -113 -57.5 -37.8 -19.6 -11.1
0.5 10.4 13.3
374.2 -4.2 -6.3 -1.1 -2.4 -0.3
2204.2 -47.3 -50.6 -72.7 -35.5 -10.3
2489.9 -115 -63.6 -38.3 -22.3 -8.3
0.6 11 15.8
373.4 -4.7 -6.6 -1.3 -2.5 -0.3
2208.9 -49.4 -52.5 -72.7 -37 -10.5
2493.3 -123.5 -75.8 -43 -28.7 -7.9
0.5 11.9 17
373 -4.9 -6.4 -1.4 -2.4 -0.4
2215.4 -45.4 -51 -70.5 -37.5 -11
2496 -127.6 -81.3 -45.7 -31.8 -5.8
0.5 15.5 19.5
372.4 -5.3 -6.7 -1.4 -2.3 -0.3
2215.8 -52.6 -58.7 -75.9 -43.3 -13.7
2486.4 -145 -94.5 -52.5 -36.2 -5.9
0.5 16.5 21.7
372.2 -5.4 -6.2 -1.5 -2.1 -0.4
2218 -52.7 -59.8 -78.2 -44.1 -13.3
2475.4 -151 -75.8 -54.4 -28.1 -6.1
0.5 16.3 22.2
371.9 -5.5 -6.4 -1.4 -2.2 -0.3
2213.4 -63.2 -68.2 -85.3 -47.4 -12.4
2462.3 -156.3 -68.6 -55.4 -24.2 -8.7
0.4 11.2 19.9
372 -5.4 -6.1 -1.5 -2 -0.4
2212 -60.6 -62.2 -83.4 -38.9 -6.2
2453.8 -149.9 -51.6 -57.7 -12.4 -18.3
0.4 9.7 22.9
371.9 -5.5 -6.1 -1.4 -1.9 -0.4
2211.4 -60.9 -59.4 -82.6 -35.9 -4.3
2454.5 -160.6 -44.2 -61 -3.9 -28.8
0.4 10.8 24.2
372.1 -5.4 -5.8 -1.4 -1.8 -0.5
2221.4 -44.3 -44.7 -73.3 -33.7 -8.9
2463.1 -163.6 -41.8 -58.4 2 -26.2
0.4 14.9 27.2
372.3 -5.3 -5.8 -1.3 -1.7 -0.4
2231.8 -35.9 -38.7 -68.8 -34.7 -16.8
2479.4 -178 -40.9 -65.1 14.7 -25.5
0.3 14.7 28.8
372.6 -5.1 -5.7 -1.2 -1.6 -0.4
2240.1 -32.6 -37.8 -63.9 -32.9 -17.9
2510.4 -165.9 -32.8 -63.5 22.2 -24.2
0.3 12.9 30.7
373.5 -4.8 -5.5 -1 -1.4 -0.4
2258.3 -37.7 -44.6 -53.5 -33.7 -17.2
2581 -138.1 -33.9 -55.5 35.6 -8.7
0.4 11.9 48.9
374.7 -4.6 -5.9 -0.7 -1.2 -0.3
2270.7 -48.6 -52.6 -49 -37.1 -18.1
2724.4 -109.8 -68.7 -40.2 66.1 21.5
0.5 11.7 117.3
376.8 -4.3 -6.4 -0.4 -1.1 -0.2
2281 -51.2 -51.5 -44.9 -37 -17.7
3048.8 -14.2 -180 22.1 157.7 144.7
0.7 11.7 130.7
379.1 -4.4 -7.2 -0.1 -1.3 -0.2
2286.5 -54.7 -51.7 -44.2 -37.4 -18
3491.7 33.1 -322.9 75.8 43.9 116.2
winner is: 5
