Regression analysis information for: S03_selected_tokens_0063
number of formants: 3
number of coefficients: 5
12.2 76.1 245.7
392.1 19.8 18.8 4.5 -8.6 0
1228.3 -71.3 254.4 -14.9 31.8 -32
2144.8 -0.2 584.7 31.3 -275.2 105.5
4.3 19 128.8
411.7 39.1 13.9 1.8 -8.3 -1.9
1275.1 -53.6 190.7 -55.7 48.6 -21.8
2422.1 37.6 102.8 -69.4 -27.4 137.7
4.1 12.8 14.8
418.3 45.7 12.9 -0.1 -9.8 -2.2
1281.3 -53.1 178.2 -47.1 52.5 -31.7
2478.9 1.6 13.2 20.9 6.3 23.9
4.5 13.3 13.8
419.3 47.5 10.1 -0.4 -10.7 -2.8
1284 -52.4 179.1 -48.4 52.9 -32.1
2485.5 5.6 17.8 18.7 5.6 24.9
4.2 13.5 13.4
413.4 42.5 5.8 -0.5 -10.6 -3.2
1287.6 -54.4 183 -50.7 54 -33.8
2495.1 11.6 19.9 19.5 5 24.5
5.2 14.5 13.7
402.4 31.1 3 1.3 -7.7 -3.6
1282.6 -49.2 180 -46.1 53.8 -35.3
2504 16.6 20.1 19.9 4.8 24.1
4.3 23.8 34.4
385 7.9 -7.5 -1.4 -5.3 -2.3
1259 -29.8 152.8 -19.1 36 -15.1
2500.2 40.3 3.6 42.3 -10.1 39.6
2.6 14.4 20.8
378.9 0.6 -7.6 -0.7 -3.3 -1.1
1253.3 -54.9 166.8 -32.5 61.6 -34.3
2495.7 21.3 18.3 35.9 15.8 27.3
2.7 15.9 22.3
375.5 -3 -9.4 -1.1 -4.2 -0.7
1246.5 -71.1 166 -37.9 63.8 -36.3
2462.7 -9.1 14 40 25.8 35.8
2.6 16.4 20.9
374.6 -4.3 -9.7 -1.6 -4.7 -1.1
1243.6 -80.8 165.5 -44 63.8 -40.3
2437.3 -44.3 12.1 20.5 15.8 26.1
2.2 17.6 20
375.2 -4.5 -8.9 -2.1 -4.3 -1.5
1243.2 -81.4 164.9 -45.2 64.5 -41.1
2440.5 -44.9 13.8 16.4 10.8 26.7
2.2 18.8 17.8
375.7 -4.4 -9.1 -2.4 -4.4 -1.4
1247.1 -84.8 167.9 -49 66.2 -42.8
2454 -43.2 6.5 15.5 9.3 27.5
2.3 18.2 17.1
377.9 -2.3 -10.5 -3.4 -5.9 -0.6
1262.8 -83.3 176.3 -54.1 64.2 -40.9
2517.7 -3.8 -8.7 13.9 -0.4 34.7
2.5 18.3 38.4
382.8 1.5 -10.4 -6.4 -7.9 -0.8
1279.8 -64.8 182.3 -54.5 57.8 -36.7
2631.4 111.3 5.9 -7 -30.4 34.9
5.9 22.7 91
389.6 8.9 -11.1 -12.8 -14.8 -2.5
1304.9 -43.4 196.6 -61.8 47 -38.7
2769.6 275.8 34 -66.3 -123 -16.7
21.8 30.9 100.4
405.2 27.6 -14.9 -34.9 -38.6 -11.1
1330 -20.7 207.5 -76.1 30.7 -43.2
2838.6 345.5 38.2 -92.6 -154.8 -23.5
35 40.8 109.7
416.9 41.4 -22.8 -56 -56.6 -11
1349.5 -7.1 210.2 -94.8 15.5 -39.6
2875.3 387.9 33.8 -116.2 -168.6 -13.1
37.1 42.5 119.5
417.3 41.6 -23.4 -57.7 -59.2 -13.1
1348.2 -11.1 210.3 -96.1 12.7 -45.4
2887.7 402 31.4 -128.8 -184.4 -23
31.5 34.9 134.4
410.8 30.8 -22.5 -48.6 -46.2 -5.6
1335.1 -34.1 208.4 -88.9 26.7 -45.3
2892 392.3 17 -157.2 -214.4 -39.2
5.7 19.6 110.5
391.5 7.3 -13.7 -13.9 -14.7 1.3
1320.2 -74.5 222.8 -62.7 60.8 -40.5
2850.2 323 7.5 -109.7 -166.8 -15.2
winner is: 5
