Regression analysis information for: S03_selected_tokens_0055
number of formants: 3
number of coefficients: 5
8.4 66.7 58.2
444.9 45.9 -10.3 23.1 18.2 -13.6
969.9 -10.7 27.9 56.8 72.8 40.1
1665.2 191.1 93.2 11.9 69.7 56.8
26.2 206.4 10138.2
559.9 138.6 -63.4 -77.7 -33.7 -1.4
1162.5 372.7 -99.6 -261.3 -25.6 62.2
1918 469.9 -58.8 -216.8 22.7 87.1
6.8 17.2 22.6
606.1 122.4 -65.3 -43.4 -33.3 1.1
1584.5 119.5 60.4 -6.5 29.7 7.1
2360.5 47.1 63.8 63.9 9 17.6
7 18 21.9
617.1 115.2 -64.5 -40 -34.1 0
1583.6 118.6 58.3 -7.2 29.6 7.6
2352.8 56.8 57.2 59.9 9.8 20.6
8.1 18.7 20.5
619.3 112.2 -66.7 -41.8 -36 -1.3
1589.2 122.5 60.3 -9 30.9 8.4
2364.3 60.1 57.1 57.3 11.8 19.4
9.4 17.9 18.6
619.4 111.9 -66.7 -42.6 -38.4 -1.7
1592.4 126.1 57.4 -11.1 28.5 8.6
2376.1 59.3 54.9 54.7 11.4 20
11.8 17.7 17.3
612.7 112 -68.7 -44.8 -42.2 -2.7
1597 130.1 57.3 -13.3 27.7 8.9
2389 58.4 55.2 52.6 12.2 19
14.4 18.2 17.4
595.4 112.5 -72.5 -47.9 -46.1 -4.7
1601.8 134.3 60 -15.2 28.1 9.1
2401 57.3 58.4 52.4 13.1 16.8
18 18.5 19.8
566.1 114.5 -69 -52 -39.7 -6.6
1600.1 136.6 59.1 -16.3 25.9 8
2399.7 59.2 55.1 58.9 8.3 15.4
16 21.8 35.3
531.9 98.2 -60.1 -45.4 -25.5 -6.9
1585.1 130.4 55.6 -15.4 24.5 4.5
2357.8 73.6 33.7 75 1.7 10.5
10.4 25.1 53.3
507.3 79.1 -47.4 -25.3 -11.4 -5.9
1546.4 97.1 53.2 1 34.5 7.7
2279.4 65 30.3 95.8 9.9 22.3
8.9 22.1 49.8
497.3 71.8 -41.4 -17.7 -7.4 -7.2
1513 69.2 64.2 23.9 44.8 2.7
2235.2 74.1 53.1 91 13.7 23.6
8.8 22.4 45.4
493.9 69 -39 -14.8 -6.5 -8.3
1501 58.5 70.3 31.3 46 -1
2228 73.6 63.4 84.6 14.6 22.3
8.9 22.1 42.5
492.9 67.3 -39.2 -14.9 -6.9 -9.8
1503.6 58.6 77.3 33.9 49 -2
2239.6 67.4 71.5 81.5 18.5 19.3
8.7 22.3 39.6
493.9 67.4 -38.4 -14.6 -7.4 -11
1509.9 60.8 82.1 33.9 49.1 -4.6
2256.5 53.5 77.2 78.8 21.7 17.9
8.6 20.2 37.6
497.7 69.5 -37.6 -14.3 -7 -10.3
1520.7 66 83.5 31.9 49.1 -5.8
2275.9 28.5 83.3 76.5 24.2 16.9
9.3 23.2 43.1
503.6 72.3 -41.1 -19.3 -8.9 -11.5
1549.2 86.6 92.7 29.1 52.9 -8.9
2298.5 -19.8 101.8 81 36.7 10.3
10.3 49.4 89.3
518.4 82 -50.4 -30.6 -11 -10.2
1606.4 135.4 86 11.8 53.8 -18.9
2284.3 -142.5 162.9 127.3 56 -11.7
31.7 119.1 499.7
568.2 121.4 -90.4 -79.3 -18.1 -1.2
1647.8 155.5 72 22.7 99.3 8.5
2754.7 63.2 -126.9 -314 92.3 15.4
27.2 41.7 306.4
619 164.8 -122.5 -126.7 -44.2 -10.3
1756 263.7 33.5 -91.8 11.7 19.5
3395.4 284.1 -433.6 -542 15.2 -135.5
winner is: 6
