Regression analysis information for: S03_selected_tokens_0034
number of formants: 3
number of coefficients: 5
1.3 4.1 6.6
514.3 -20.2 -3.8 -3.3 -0.9 -0.7
1495.1 -118.8 -80.9 -30.2 -10.7 11
2605 7.1 7.3 -20.2 8 -6.9
1.2 4 5.6
516.8 -17.8 -2.1 -3.4 -1.5 -1.4
1499.4 -110.2 -78.9 -31.6 -14.2 7.9
2595.2 9.2 5.1 -14.5 11.1 -6.7
1.3 3.8 5.4
517.5 -18.6 -1.4 -3.9 -1.3 -1.1
1496.4 -115.8 -82.7 -29.8 -11.7 9.7
2595.6 7.6 5.2 -13 10.4 -7
1.2 3.6 3.9
516 -19.2 -1.8 -4.9 -2.2 -1.7
1503.2 -111.4 -79.8 -31.9 -15 7.1
2601.9 10.1 4.6 -9.6 11.2 -8.4
1.4 4.1 4.3
512.8 -22 -2.5 -6.6 -2.9 -1.7
1501.5 -118.6 -83.3 -30.4 -12.6 9
2611 7 5.4 -10 10.3 -8.2
1.4 3.8 3.3
506.8 -23.8 -3 -7 -3.5 -2.8
1508.1 -115.4 -80.4 -32.6 -15.9 6.9
2620.9 9 4 -8.5 10.6 -8.6
1.7 3.8 3.2
498.1 -28 -3.6 -7 -3.6 -2.9
1509.5 -118 -81 -33.1 -16 7.1
2631.7 9.6 3.3 -8.8 10.2 -8.6
2.3 4.3 3.7
486.5 -30.4 -6.7 -5.5 -4.1 -1.5
1503.6 -127.2 -86.3 -30.8 -13.2 10.5
2642.8 6.4 3.4 -12.3 8.5 -9
1.7 5.5 4.5
475.5 -23.4 -6.6 -5.7 -2 -1.8
1501.4 -119.7 -85.6 -32.7 -14.2 9.9
2650.2 4.7 -1.6 -11.8 7.2 -10.7
1.4 5.9 7.9
466.2 -23.3 -6 -3.3 -2.4 -0.4
1478.1 -119.2 -91.5 -20 -8.3 20.2
2644.1 -6.5 -21.3 -23.5 1.2 -8.5
0.5 4.2 7.4
462.3 -18.3 -4.5 -3.6 -1.4 -1.2
1457.5 -89.8 -88.3 -26.6 -3.9 15
2615.4 18.3 -29 -29 15.2 -8.2
0.6 2.4 6.4
459.8 -17.4 -4.8 -3.7 -1.6 -1.2
1432.3 -70.9 -90.9 -25.5 1 15.6
2564.3 64.7 -19.2 -32.9 24.2 -2.1
0.8 5.2 6.3
464.5 -11.4 -2.8 -3.9 -3.1 -2.4
1458.2 -56.1 -91.4 -34.9 -15.6 7.2
2631.6 123.7 2.5 -15.2 15.1 -11.3
0.8 5.3 8.8
469.7 -14.1 -3.7 -3.1 -5.4 -1.8
1495.5 -97.2 -99.5 -16.4 -35 17.3
2727.9 47.7 3 39.8 -22.1 7.1
0.5 5.1 7.8
472 -20.1 -2.1 -2.7 -3.8 -1.4
1520.5 -144.2 -80.6 -17.8 -28 17.3
2779.7 -38.1 38.6 33.7 -12.3 5.9
0.6 6.8 6.4
472.7 -23 0.4 -3.5 -1.5 -2.1
1533.9 -167.9 -57.9 -30.6 -15.2 7.3
2790.1 -92.5 58.4 14.3 8.2 -6.4
0.9 10.8 8.5
472.4 -25.1 1.3 -4.7 -0.8 -3
1530.9 -181 -49.9 -36.6 -4.7 2.2
2792.2 -100.9 78.9 4.2 20.6 -14.9
1 9.8 11.4
472 -22.3 2 -3.9 -0.9 -2.9
1528.1 -164.9 -48.1 -37.7 -9.4 0.1
2777.7 -83 79.5 2.4 19.5 -19.4
0.9 10.7 10.7
472 -22.7 1.3 -4.3 -1.8 -3.2
1524.1 -166 -53.4 -35.1 -10 2
2784.5 -67.1 84.8 7.6 16.1 -18.1
0.9 6.6 7.1
472.6 -20.4 1.6 -3.8 -2.5 -3.1
1528.8 -154.8 -53.1 -33.9 -19.2 4
2787.5 -54 81.8 16.4 9 -11.3
winner is: 6
