Regression analysis information for: S03_selected_tokens_0102
number of formants: 3
number of coefficients: 5
20 5.8 10010.9
595.5 -89.3 -4.4 -8.7 -50.6 10.9
958.9 -24.1 -63.7 15.1 -15.1 6.8
1536.7 29.9 19.9 -2 8.5 -8.7
62.1 43.9 10092.4
596.6 103.7 105.8 80.4 46.1 16.6
1072.3 223.7 143.1 156.9 76.4 33.1
1745.5 459.9 369.7 237.1 145.8 13.5
90.1 73.3 199.9
889 -4.2 -2 47.3 -87.2 -4
1463.7 60.9 51.4 22 -47.6 -2.6
2827.6 -64.3 -4.2 49.4 -163.3 -23
5.8 12 35.7
929.9 -15.3 -45 11.4 -12 7.5
1488.3 41.7 39.9 -6.6 10.3 -8.9
2889.4 -80.1 -85.1 -43.3 22.5 -23.7
5.7 12 30.4
931.1 -16.1 -42.6 12 -12.3 7.6
1487.5 41.3 41.5 -2.9 8.4 -9
2875.2 -76.1 -69.4 -25.6 18.5 -19.9
5.7 11.8 26
932 -17.1 -43.1 11.7 -12.7 7.1
1490.3 40.8 41.5 -1.9 8.1 -9.2
2882 -81.1 -59.8 -13.1 12 -16.7
5.7 11.8 24
932.2 -18.4 -44.9 10.8 -13.1 6.3
1493.2 40.5 40.5 -2.1 8.3 -9.7
2898.9 -86.9 -55.3 -7.2 7 -12.4
6.1 11.9 23.6
930.2 -20.3 -49.4 8.8 -14.5 4.5
1495.5 40.4 39.2 -4 8.9 -10.6
2918.3 -94.9 -53.5 -6 2.5 -9
5.7 12.6 23.6
928.7 -21.5 -52.3 6.7 -14.4 3.7
1494.7 40.8 36.2 -6.3 9.5 -11.6
2939.2 -100.4 -51.7 -5.8 -1.2 -4.8
5.8 13.4 24.8
925 -22.1 -56.6 4.5 -14.6 2.9
1492 41.6 33.3 -9.9 10.4 -12.3
2957.8 -107 -52.6 -7.7 -5.3 -2.2
6.9 14.2 27
919.1 -22.3 -61.8 2.5 -15.3 2.5
1487 42.6 31.6 -14.4 11.1 -11.6
2973.5 -114.9 -56.5 -11.4 -10 -0.6
7.9 15.2 30
913.6 -20.6 -64.1 2.1 -14.8 4.3
1479.2 45.1 31.1 -17.2 11.7 -9
2988.2 -121.4 -59.8 -15.7 -13.8 1.6
8.7 16.3 33.3
907.6 -17.4 -61.9 2.6 -14.4 8.4
1466.8 49.3 34.8 -18.2 9.6 -3.7
3001.6 -125.1 -61.7 -19.9 -16 5.2
10.9 18 37.5
897 -15.7 -59.2 2.4 -15.6 9.5
1450.2 51.1 45.9 -17.4 6.6 -1.8
3005.8 -129.8 -66.2 -27.6 -16.3 8.7
13.1 22.3 39.4
881.6 -10.1 -51.2 5.8 -19.8 10.1
1425.1 57.2 58.1 -8.4 -0.9 -0.4
2979.6 -98.9 -84.6 -23 -9 6.1
14.9 22.6 57.1
863.2 -7.8 -37.2 4.8 -20.3 4.8
1403.2 54.2 70.9 -4.1 0.4 -5.9
2898.8 -63.2 -80.6 -48.7 27.6 -21.9
12.8 20.1 44.4
853.9 -8 -25.6 7.3 -23.7 6.2
1393.6 50.9 73.8 2 -1.1 -4.1
2845.8 -65.8 -49.6 -22.5 5.7 -11.5
11.2 17.2 27.7
852.3 -10.8 -21.6 10.9 -24.9 5.7
1393.5 47.3 76 6.2 0.6 -5
2840.1 -93.6 -25.5 10.1 9.5 -15
11.5 16.3 23.3
856.8 -14.2 -22.6 14.2 -27.5 7.1
1399.7 46.7 79.4 7.8 0.5 -4.6
2874.7 -114.6 -14.5 22.9 2.4 -4.9
11.8 16.1 30
868 -21 -21.4 20 -30 11.1
1407.9 45.4 85.5 9.2 0.4 -3.3
2934.1 -155.3 8.8 35.5 -9.6 15.5
winner is: 7
