Regression analysis information for: S03_selected_tokens_0080
number of formants: 3
number of coefficients: 5
17.3 29.9 31.9
396.4 -13.9 -2.9 2.3 0.9 6.6
2420.3 -49.9 -35.8 -3.2 -39.5 -33.7
2741.4 12.8 115.9 13.8 53.7 24.8
8.7 26.7 32.8
394.9 -21.9 -12.1 -4.4 -6.8 -1.8
2416.1 -47.7 -31.1 -1.6 -33.1 -35.8
2721 15.2 124.6 0.1 53.1 25.5
14.9 23.7 28.7
397.6 -16.7 -8 1.9 -0.6 3.4
2411.7 -46.9 -25 -5.8 -35.1 -29.8
2730.6 18 132 3 54.4 30.9
8.9 26 26.5
388.5 -30.8 -22.2 -12.4 -15.3 -12.7
2417.7 -51.8 -27.7 -11.6 -40.6 -30.6
2743.5 12.6 126.5 0.8 52.8 29.1
8.3 25.9 23.8
385.3 -29.6 -20.7 -12.5 -14.5 -13.2
2430.3 -52.4 -30 -9.6 -44 -29.2
2760.8 10 124.7 3.8 50.5 29.9
7.9 24.7 21.4
381.4 -28.7 -19.4 -13.6 -14.3 -13.8
2444.7 -51.8 -32 -6.4 -45.8 -27.6
2778.1 5.8 122.8 7.8 47.6 30.8
12.3 23.6 20.3
374.7 -34.1 -24.7 -20.4 -19.9 -18.9
2459 -48.9 -34.2 -4.5 -47.8 -28.3
2797.3 0.7 126.4 14.9 46.3 31.4
61.4 23.3 40.6
401.8 24.9 34.9 36.6 38.2 38
2486.7 -17.6 -5.9 23.1 -23.4 -4.9
2817.8 13.1 146.8 43.9 66.4 57.1
62.4 25.4 50
400.3 25.6 35.4 36.6 38.7 38.6
2501.7 -6.1 0.9 26.5 -23.2 -7.1
2810.5 -23.4 132.2 38.3 59.2 63.8
112.4 32.8 80.4
424.8 76.1 85.9 85.8 87.6 86.2
2516.8 11.6 15.6 39.9 -8.9 8.1
2815.3 -29.6 157 64.4 81.8 98.4
58.9 27.7 62.3
396.9 22.3 31.5 32.6 34.7 35.1
2512.4 -7.4 0.3 24.8 -20.7 -2.3
2788.7 -78.2 137.8 48.2 66.3 105.7
108.9 36.4 77.8
422.2 73.3 82.6 82.6 84.4 83.1
2518.9 4 23.9 57 9.6 18.4
2790.7 -55.3 189.1 83.5 100.8 139.5
93.6 34.8 72.4
414.9 59.7 68.7 68.9 70.8 70.2
2530.9 22.9 36.7 58.3 9.6 25.9
2778.4 -34.9 224.7 69.5 91.3 165.8
124.1 43.6 72.7
429.8 89.6 97.9 97.3 98.5 96.4
2543 44.5 54.4 70.5 16.4 36.7
2777.7 -1.2 221.5 79.8 88.1 159
86.6 40.3 71.1
410.3 51.9 59.9 60.3 62.7 62.1
2542.8 48.2 53.7 75.4 13.7 46.8
2770.3 117.3 255.3 56.5 148.6 119
147.6 59.7 86.2
449.7 129.2 136.2 133.7 133.4 127.8
2558.3 77.1 74.9 106.4 39.5 65.1
2815 178.7 277.5 102.6 160.8 115.6
151 59.8 85.3
451.8 132.7 139.4 137.1 136.5 130.8
2557.9 83.7 75.2 102.9 37.9 64.5
2888.9 218.4 276 132.8 136.3 83.4
133.2 59.3 88.9
434.6 97.7 104.6 104.5 105.5 102.7
2561.2 79.9 76.4 94.7 38.4 62.6
3022.2 282.1 273.5 187.6 95.5 26.8
164.1 59.9 98.9
460 145.7 151.6 149.9 148.8 142.5
2571.3 82.3 84.5 91.6 43.6 62.1
3191 250.9 160 241.4 9.6 -81.1
143.6 59.8 112.1
441.2 106.3 112.2 113.2 113.8 110.7
2577.7 71.9 87.1 81.2 45.9 59.5
3428.9 166.9 -53.3 347 14.7 -113.9
winner is: 6
