Regression analysis information for: S03_selected_tokens_0107
number of formants: 3
number of coefficients: 5
11.1 33.6 43.7
947.3 -23.6 -21 2.1 -22.4 -1.8
1696 14.7 8.7 -44.4 -38.3 -8.7
2168.9 51.7 -5.9 -19.7 -34.7 -33.9
10.5 60.8 68.7
949.8 -21.6 -19.3 4 -20.6 -0.7
1716.6 2.1 -2 -74.1 -57 -51.8
2222.9 21.1 -45.3 -32 -33.8 -44.1
26.2 146.7 158.4
924.3 -70.6 -64.3 -37.9 -53 -25.9
1593 -24.7 -103.6 -340.3 -26.6 -160.1
2207.9 108.1 -7.1 -205.8 61.6 -60.1
24.1 147.3 10091.6
915.7 -58.8 -69.3 -19.8 -50.6 -2.6
1236 -160.8 -65.3 -93.5 4.8 -29.5
1931.1 23.1 216.7 -106.9 77.2 -3.2
24.7 97.4 10079.4
922.3 -51.1 -55.4 -20.1 -48.4 -13.2
1226.3 -138.7 -107.8 -62.7 -39.3 -16.4
1920.8 59.3 200.4 -103.7 71 -28.8
24.1 87.2 10033.6
913.3 -68.9 -73.5 -30.4 -57.5 -15.7
1234.5 -18.4 -189.4 -3.8 -72.3 33.3
1876.9 164.8 140.7 -20.3 46.9 10.9
67.5 187.4 10304.6
909.3 22 -11.6 -10.9 -7.3 14.4
1454.2 320.3 87.1 204.3 57.9 165.6
2168 303.2 191.7 201.2 -6.9 185.9
18.8 100.5 156.6
949.5 -6.9 -29 17.9 -27.5 5.1
1778.7 220.2 58.3 41.1 -24.2 -2.5
2715.3 55.6 29.3 119.8 -81.8 -29.4
8.4 12.9 25.2
960.6 -20.8 -17.8 7.9 -19.4 -0.4
1836.7 128.1 110.8 -22.5 29.3 1.3
2796 -61.3 77.7 27.7 16.8 -14.3
8.2 12.6 23.5
963.8 -21.2 -18.5 8.1 -19 -0.7
1838.8 129.1 108.6 -22 27.2 1.5
2794 -57.2 78.4 27.7 12.9 -14.9
8.1 12.4 22.1
965.6 -21.1 -18.7 7.5 -18 -1
1842.6 130.5 108.2 -22.8 26.6 1.1
2798.7 -53.7 76.9 29.1 9.7 -14.8
8.6 12.2 21.2
965.6 -20.4 -19.1 5.3 -16.5 -2.1
1846.6 133 109 -24.5 27.5 0.4
2806.4 -50.9 75.7 30.6 7.6 -13.8
9.3 12.3 20.5
964.1 -20.5 -19 2.7 -16.2 -3.2
1849.7 135.8 110.6 -26.7 28.7 -0.4
2814.3 -47.5 73.9 30.8 7.8 -13.4
11.2 13.1 19.7
959.5 -22.1 -19.8 -1.1 -16.8 -4.4
1850.4 138.8 113.5 -29.2 31.2 -0.4
2821.2 -44.7 73.2 30.5 9 -12.8
15.2 15.5 20.3
948 -26.5 -20.9 -9.3 -22.8 -5
1842.2 141.9 121.5 -34.7 31.3 3.3
2821.7 -44.1 75.2 26.1 11.8 -9.2
17.9 17.6 38.9
929.8 -34 -28.9 -11.3 -30.6 -6.6
1802.3 122.1 114.2 -25 32.8 4.7
2774 -88.4 72.2 13.5 16.2 -4
16.9 15.1 44.8
924.3 -34.6 -29.3 -9.5 -31.7 -6.7
1765.4 95.4 89.3 -21.8 23.3 5.2
2731.4 -120.3 71.5 14.1 8.7 -20.7
17.8 14.7 40.2
921.6 -34.4 -35.2 -7.4 -35 -5.8
1759.1 97.4 78.4 -12.6 21.7 13.1
2731.2 -116 66.4 25.2 12.6 -17.9
17.8 14.3 36.6
923.9 -33.4 -36.7 -5.6 -34.7 -5.5
1769.3 107.7 78.2 -8.2 22.7 15.5
2747.6 -108.6 56 30.6 14.3 -16.9
17.8 17.1 35.1
927.7 -31.6 -38.1 -3.9 -34.4 -4.8
1787.9 126.2 81.4 -5.8 23.3 18.8
2771.7 -97.9 43 31 14.3 -11.1
winner is: 12
