Regression analysis information for: S03_selected_tokens_0024
number of formants: 3
number of coefficients: 5
3.9 14.3 10012.3
499.8 2.9 -44.3 0.8 -10.2 -6.4
1002.4 31.1 -23.5 -25.6 26 -2.9
1769.7 217.2 -61.7 10.8 -5.5 14.1
4.6 23.5 10013.5
511.8 2.2 -44.7 5.2 -11 -9.7
991.6 0.4 -53.2 -48.9 31.6 -0.3
1764.7 214.9 -61.9 11.9 -6.7 17.2
12.4 95.8 10080.2
542 -14.6 -33.1 10.9 -13.9 -10.9
1216.1 634.4 265.6 -152.7 -67.8 -47.2
2059 714.8 154.4 -29.6 -140.1 -41
9 84.7 158
581.9 -55.5 -10.9 13.8 -24 1.2
1666.6 337 -156.1 82.4 -37.9 11.7
2623.6 200.6 -119.6 78.3 -26.7 22.4
3.9 11.1 35
596.7 -72.8 -2.3 7.6 -19.9 -0.3
1721.6 233.4 -63.9 19.8 -9.3 17.8
2705.3 26.1 54.1 -35 18.7 30.3
3.5 11 26.9
600.4 -79.4 0 6.1 -18 0.3
1725.9 231.2 -62.9 18.8 -9.6 16.4
2711.3 36 44.7 -34 19.4 22.2
4 10.5 23.5
598.2 -87.5 -2.1 4.7 -18.8 0.2
1728.1 235.8 -65.1 19.1 -10 16.6
2728.7 38 36.3 -30.1 16.6 25
4.3 10.6 20.2
594.2 -94 -2.7 3.1 -19 0.9
1731.4 235.8 -66.1 18.8 -10.2 16.6
2748.2 33.8 30.6 -30.4 18.3 24.7
5.1 11.3 17.2
589.2 -96.8 -1.6 1.1 -18.6 2
1735.1 231 -65.9 18 -10 15.9
2766.6 25.6 25.8 -32.3 22.1 22.9
7 11.9 15.2
581.9 -94.9 -2.9 0.2 -19.8 4.7
1735.6 229.2 -67.7 18.3 -10.3 16.2
2783 14.9 22.2 -32.3 24.9 22.6
12.3 13.4 14.9
568.3 -80.3 -13.6 5.3 -25.5 11.2
1731.4 232.9 -73.3 20.7 -12.6 18.3
2797.2 -0.3 21.3 -32.2 26.6 23.3
9.4 14 20.6
553.4 -61 -22.2 4.5 -20.8 5.5
1726 234.5 -77.7 22 -13.5 18.4
2799.2 -6.5 11.8 -23.8 20 31.9
5.5 14.4 40.6
537.5 -38.2 -29.3 2.5 -16.4 0.9
1713.2 240.8 -82 19.9 -16.2 18.8
2764.6 19.9 -3 -16.3 -2.5 48.2
4.1 16.8 47.1
528.5 -29.7 -31.4 0.5 -12.3 -1.7
1688.5 241.6 -83.8 22.5 -8.6 16.9
2661.6 74.1 -9.9 -10.7 19.5 31.1
3.5 13.7 48.6
523.2 -26.4 -30.4 -1.8 -11.1 -2.2
1665 250.9 -66.2 19.6 -7.2 18.2
2577.5 132.6 45.5 -38 17.9 23.4
3.2 11.7 45.4
524.4 -25.6 -29.3 -2 -10.4 -2.8
1669.7 252.2 -65 18.2 -5.8 17.7
2596.5 130.9 45.1 -47.6 31.4 10.9
2.7 10.3 45.2
525.6 -26.1 -30.1 -2.1 -10.2 -3.4
1681.8 264.7 -66.8 18.1 -4.3 17.4
2632.3 133.4 43.7 -47.3 35.1 15.2
2.4 11.4 44
529.8 -27 -30 -1.9 -10 -4.1
1710 281.2 -70.4 19.1 -2.8 18.6
2692 127.5 47.4 -55.3 52.1 13.2
2.8 18.1 67.9
538 -28 -30.4 -0.8 -10.7 -5.1
1758.9 304.6 -78.8 20.9 -5.9 18.6
2797.8 114.9 55.2 -83.3 101.2 4
4.2 23.9 224.3
548.5 -31.4 -33.7 0.9 -12.4 -6.7
1812.1 338.9 -86.4 26.5 -10 16
3090.1 203.6 64.8 -113.7 275.8 72.4
winner is: 9
