Regression analysis information for: S03_selected_tokens_0120
number of formants: 3
number of coefficients: 5
73.2 105.7 10130.7
793.3 6.1 -167.5 -46 17.6 -12.6
1095.5 174.9 6.2 -17.8 29.1 18.8
1611.2 212 236.3 51.3 -47.9 -74.5
108.8 88.6 10258.6
766.9 198.7 -24.3 -57.7 14.9 -0.2
1231.8 330.6 98.4 -0.6 -78.6 10.2
1963.2 456.4 111.3 -79.6 -164.6 30.2
7.3 8.7 13
940.5 -13.7 -19.2 -3.6 -5.1 -4.9
1483.6 39.2 100.7 -0.5 -22.2 -21.3
2591.7 -173.9 -63.9 -18.4 9.2 -22.6
7.3 9.4 12.6
941.3 -13.3 -20.2 -3.5 -5.1 -4.9
1484.9 46.8 94.9 0.6 -22.4 -18.9
2578.7 -147.9 -67.7 -15.2 6.5 -19.4
7.8 9.7 10
941.5 -14.7 -21.2 -4.4 -5.4 -5.8
1488.8 49.2 94.2 0.5 -22.6 -18.7
2583.3 -135.8 -72.3 -11.9 2.8 -17
7.9 9.1 8.1
941.8 -16.2 -20.6 -5.3 -5 -6.6
1489.5 47.7 95.2 0.2 -24 -21.1
2597.2 -135.9 -73.5 -11.6 -1.5 -18.7
10 9 9.1
938.7 -20.6 -24.1 -8.5 -8.3 -9.1
1489.9 44.3 99.2 -0.4 -26.7 -23.2
2608.6 -147.9 -76.5 -14.5 -5.8 -22.5
10.9 8.1 12
936 -23.4 -25.5 -10.7 -9.7 -10.4
1484.9 38 101.8 -1.9 -29.5 -26.6
2618.1 -162.8 -79.7 -18.1 -11 -27
11.3 8.2 13.8
933.4 -24.7 -26.4 -12.3 -10.3 -10.8
1478.4 32.8 104.7 -2.7 -29.5 -27.7
2625.2 -177.8 -81 -20 -12.9 -28.5
11.2 8.3 14.1
931.3 -24.4 -27.1 -13 -10.1 -10.3
1472.6 31.1 107.2 -3 -26.8 -26.4
2631.2 -190.7 -80.7 -20.7 -11.5 -27.3
10.2 8.2 13.9
931.1 -21.4 -25.7 -12.1 -7.9 -8.8
1466.9 32.6 107.8 -3.2 -23 -25.3
2639.5 -196.4 -77.6 -20.7 -7.8 -24.8
9.9 9.2 13.1
930.2 -19 -26.6 -11.7 -7.1 -7.5
1464.3 38 107.9 -3.2 -19.6 -22.6
2645 -203.3 -77.9 -23.1 -4.1 -22.8
9.7 12.3 13.2
929.8 -15.7 -27.9 -10.5 -6.4 -5.5
1463.6 47 107.3 -1.4 -16.1 -18.5
2651.1 -205.5 -78 -24.8 0.4 -19.9
9.4 15.8 16.4
929.8 -12.5 -29.5 -9.3 -5.8 -3.3
1463.5 56.1 104.6 -0.1 -14.2 -13.3
2656 -205.7 -80.9 -27 4.8 -14.4
10.4 21.7 25.1
928.6 -8.9 -33.1 -6.8 -7.1 -0.3
1466.1 69.9 105.1 7.3 -11.5 -4.7
2658.6 -198.5 -82.8 -17.3 10.1 -2.5
9 21.4 26.3
929.1 -6 -31.9 -5.4 -6.1 0
1460.5 75.8 101 8.6 -15.8 -8.4
2653.5 -186.1 -85.7 -13.5 5.7 -5.7
8.3 21.9 26.1
927.6 -3.5 -33.4 -4.5 -6.9 1.2
1455.8 81.8 96 10.6 -16.1 -5.3
2640.6 -164.2 -95.6 -5.4 5.7 -0.9
8.4 20.4 15.8
922.6 4.4 -37.6 -3.3 -7.1 0.8
1445.9 98.7 87.3 11.4 -13.8 -9.2
2603.9 -112 -128 -9.9 7.6 -17.1
8.4 18.7 17.4
923.9 3.3 -37.6 -4.4 -7.2 -0.8
1451.6 99.4 87.2 7.1 -18.5 -14.3
2619.2 -117.7 -122.1 -13.1 5.2 -21.1
7.1 21.5 23.2
928.5 0.5 -35.1 -6.8 -5.4 -0.8
1469.8 106.4 98.3 4.2 -17 -12.5
2649.1 -133.5 -99.8 -18.2 15.5 -21.5
winner is: 6
