Regression analysis information for: S03_selected_tokens_0074
number of formants: 3
number of coefficients: 5
10.6 12.8 16.9
391.6 -24.8 -13.2 -11.6 -12.9 -9.2
2357.3 52.8 -62.7 16.3 -2.7 -4.8
2791.2 59.6 75.2 -16.7 53.4 24.4
11.1 10.5 16.9
392.8 -24.5 -14.1 -11.8 -13 -9.6
2350.7 49.5 -58.8 15.5 -0.2 0.9
2784.2 53.9 79.5 -13.2 51 26.8
11.4 10.1 15.6
391.7 -24.7 -14.9 -12.6 -13.2 -10.5
2354.4 47.6 -56.1 17.4 -1.6 3.3
2793.7 51.2 76.8 -11.3 50.5 26.7
10.9 12.6 13.5
388.1 -25.5 -14.3 -14.1 -13.9 -10.7
2368.1 50.1 -58 20.9 -4.8 -2.3
2812.4 52 68.1 -10.3 52.7 22.8
10.3 14.1 12.8
384.6 -25.3 -12.7 -15.2 -12.9 -10.6
2384.1 52 -58.5 26 -10.3 -7
2827.6 51.8 59.6 -11.7 53.8 19.4
10.2 16.8 14.3
380.7 -27.2 -13.5 -17.3 -13.6 -11.3
2397.3 55 -63.1 30.6 -18 -13.4
2840.4 54.9 56.8 -11.7 55.6 19.5
9.9 17.6 17
378.6 -27.7 -13.4 -18.2 -13.4 -11.4
2410.9 59.1 -65.3 37.9 -24.8 -18.3
2843 58.7 57.5 -14.7 59.8 20.7
9.6 17.5 21.3
377.9 -27.1 -12.5 -18.1 -12.5 -11.2
2424 63.9 -63.6 47.3 -30 -21.3
2833 62.6 61.7 -21.6 68.8 22.8
9.7 17.4 26.2
377.2 -27.4 -12.8 -18.5 -12.6 -11.5
2431 69.4 -64.3 55.9 -35.8 -23.3
2819.1 69 63.6 -27 79.8 24.3
10.1 16.6 31.3
376.8 -28 -13.5 -19.1 -13 -12
2435.2 71.9 -63.6 60.2 -39.5 -23.6
2813.6 69.1 55.3 -31.7 91.1 20.3
55.9 23.1 56.6
400.5 18.7 33.7 27.9 34.2 35
2444.8 89.3 -48.7 74.5 -26.5 -9
2834.9 89.8 65.8 -4.7 124.4 37.6
56.6 22.6 61
400.6 18.5 33.5 27.8 34.2 34.9
2448.9 89.8 -45.9 72.1 -25.7 -5.7
2852 79.6 43.4 3.6 134.3 31.9
56.7 20.2 63.4
399.9 16.8 31.7 26.2 32.6 33.3
2456.8 94.9 -37.5 73.9 -20.2 0.2
2880.9 80.4 23.7 10.2 138 14.4
61.2 19.3 64.4
402.8 22 36.8 31.1 37.7 37.6
2466.3 99.7 -25.7 78.5 -10.4 7.8
2901.3 69.2 2 18.2 147.5 9.2
121.9 25.7 84.6
432.9 81.1 96.2 89.2 95.6 93.9
2479.2 110.9 -5.1 92.1 6.6 22.3
2927 85.4 25.8 38.7 173.8 35
150.8 36 95
452.7 119.7 134.7 126.4 131.3 127.9
2490.5 128.8 13.4 105.2 22.6 37
2951.1 102 51.6 62.1 179.4 57.7
109.3 53.9 77.9
427 68.3 83.7 76.7 82.9 81.9
2510.6 147.2 43.6 122.8 42.3 59.5
2978.9 96.4 53.4 54.4 152.9 58.8
125.8 44.7 77.6
442.8 98.1 113.3 104.6 109.6 106.6
2524.4 139.6 54.2 108.2 36.1 49.6
3047.7 119.8 90.7 68.5 136.1 65.4
127.9 51.9 88.9
444.6 99.6 115.4 106.2 111.1 108.3
2547.1 139.1 77.4 102.3 44.9 49.8
3176.1 158.5 153.6 87.2 99.4 49.1
90.8 27 141.8
422 52.4 69.5 61.7 68 68.4
2552.5 108.3 65.2 67.4 24.8 22.7
3373.9 148.3 231.2 85.2 -1.5 38.5
winner is: 4
