Regression analysis information for: S03_selected_tokens_0026
number of formants: 3
number of coefficients: 5
10.5 37.2 14.7
482.8 -51.5 -58.6 -29.3 -25.5 -10.2
990.3 -93.5 30.8 100.9 91.9 103.4
1818.2 372.1 -18.3 20.2 14.9 20
9.8 26.6 14.6
483.1 -56.9 -54.8 -29.8 -26.5 -7.9
1016.7 -80.5 47.9 104.9 78.3 91.1
1818 375.9 -21.9 20.5 14.8 19.2
7.6 44 15.7
494.7 -63.3 -55.2 -36.1 -31.9 -14.7
1001.7 -120.4 22.9 121.1 109 133.9
1813.7 380.4 -26.2 20 15.6 22.2
57.3 274.1 10131.6
529 -16.3 -2.9 -0.3 25.9 29.5
1105.4 478.3 179.7 85.4 -97.3 -148.3
1958.9 656.6 118.1 8.7 -105.9 -114.7
36.7 15.5 27.5
562.6 -21.9 -6.2 -0.4 12.9 19.2
1781.9 371.2 -4.7 23.7 4.6 20.9
2804.9 8.9 103.6 -8.4 -4.4 3.1
34.1 13.7 26.5
583 -8.9 6.5 10.7 25.6 27.2
1773.8 363.6 1.7 29 2.6 16.1
2770.7 4.2 111.2 -9.9 -12.5 -9.5
34 12.9 25.1
592.1 -5.8 9.4 13.5 29.6 29.7
1773.3 362 2.9 30.9 2.8 14.2
2765.7 6.4 113.2 -8 -11.8 -10.9
38.8 12.5 24.4
599 2.6 17.1 21.7 39.3 37.7
1775.7 369 2.1 31.1 3 13.7
2776.1 9.3 115.3 -5.2 -9.6 -6.5
36.2 12.2 21.8
594.2 -2.3 7.5 14.2 34.3 32.7
1779.1 365.5 1.1 30.2 3.7 13.7
2785.1 9.6 112.3 -4.4 -8.7 -5.6
41.9 12.2 20.9
590.6 4.3 8.3 20.2 41.8 40.5
1782.5 375 -0.7 29.4 3.7 14.2
2801 11.3 114.7 -2.7 -6.5 -0.9
37.1 12.6 19.3
572.3 -8.6 -12.5 8.5 30.3 34.8
1785.2 373.9 -2.6 27.7 3.7 15.3
2811.6 11.7 112 -2.9 -5.3 -0.1
14 13.8 18.4
532.7 -55.8 -60.6 -29.5 -8.8 6
1785.4 384.3 -7.4 24.3 0.7 16.3
2823.4 8.5 108.8 -7.1 -6.8 0.3
9.6 15.3 20.6
516.4 -59.3 -56 -28.1 -13.7 4.1
1779.9 381.5 -7.1 17 -4.2 21.2
2811 -7.8 95 -24.2 -23.4 -5.9
14.1 26 61.4
502.6 -56.7 -43.2 -16.5 -5.7 9.7
1718.8 352.9 35.8 52.2 -3 10.4
2679.7 -45.7 170.1 -9.5 -41.2 -30.5
14.6 23.6 48.7
500.8 -56.1 -42.5 -15 -5.3 9.9
1695.6 331.2 41.5 62 -4.8 9.5
2646 -34.4 159.9 -3.1 -35 -31.1
15.1 21.9 45.8
501.7 -56.1 -42.7 -14.7 -4.7 9.9
1703.6 335.6 36.2 60.2 -2.2 11
2665.4 -31.7 153 3 -25.2 -35.9
9.4 29 44.9
502.7 -61 -49.9 -22.9 -11.4 3.4
1742.4 359.6 8.6 25.5 -4.3 31.3
2715 -29.8 137.8 -0.7 -25.2 -37.4
13 28.9 47.7
505.7 -63.8 -55.8 -25.4 -10.7 5.7
1791.4 401.1 -23.8 4.4 9.7 49.5
2842.4 15.2 98.9 -25.1 -13.3 23
13.3 22.7 91.4
505.5 -76.8 -75.5 -47.2 -32.8 -16.8
1821.1 417.7 -35 -4.3 12.1 43.2
3017.2 93.9 20.6 -28.9 93.2 128.5
48.5 19.6 93.6
535.8 -24.9 -22.3 10.7 28.2 41.3
1855.1 449.9 -41.7 -1.3 14.6 32.8
3139.1 157.9 15.8 11.6 151.7 146.3
winner is: 13
