Regression analysis information for: S03_selected_tokens_0019
number of formants: 3
number of coefficients: 5
57.5 125.7 10057.9
554.8 131.4 -130.1 -147 44.8 48.9
1202.3 220.9 -450 -341.7 74.3 113.5
2082.1 19.5 -320.4 -150.7 139.2 116.6
53.1 134.6 10084
554 104.5 -136.4 -118.8 44.5 71.5
1146.5 156.4 -431.8 -222.5 205.8 194.9
2105.7 40.5 -340.5 -191 116.2 130.7
88.6 248.7 10185.5
575 85.1 -179.3 -83.5 96.4 -0.8
1297.4 162.3 -391.4 26.2 376.2 142.8
2252.1 68.5 -260.8 8 282 114.2
50.6 270.1 228.2
681.1 -19.9 -180 33.3 -17.8 33
1601.7 5.3 -311.5 275.9 82.5 238.7
2495.1 -61.7 -142.8 125.5 46.4 140.6
9.5 6.7 44.6
720.6 -33.5 -133.5 4.6 -31.5 20.1
1862.8 -51.3 -17.1 -3.9 -24.3 -17.9
2692.5 -111.3 116.3 -123.3 -38.6 -92.8
8.9 5.9 35.4
727.3 -31.8 -128.7 0.8 -32.9 16.2
1855.6 -44.6 -19.2 -2.9 -18.3 -17.8
2667.8 -103.8 106.7 -106.5 -8.3 -75.5
7.4 5.1 32.3
736.1 -32.5 -121.7 -3.6 -32.8 12.3
1856.8 -41.7 -19.5 -0.3 -16.4 -16.4
2671.2 -87.8 99.1 -89.1 2.7 -63.7
10 4.3 33.2
731 -34.6 -130.4 -2.7 -36.1 14.5
1862.1 -43.8 -21.7 0.7 -17 -15.3
2697.6 -88.5 96.5 -92.4 -6.1 -59.3
12.4 4.9 39.2
711.9 -52.4 -142.6 -12.2 -48 7.4
1875.8 -49.4 -26.1 6 -20.9 -10.5
2733.9 -92.5 83 -104.8 -21.2 -64.1
16.3 7.9 61.1
690.3 -57.3 -126.2 -7.1 -47 3
1888 -59 -32.3 8.2 -29 -7.1
2739.7 -121.7 47.4 -150.5 -62.3 -99.7
22.2 12.6 81.8
651.5 -45.3 -119.8 3.9 -51.6 4.7
1894.3 -76.1 -44.1 9.5 -41.3 -6.2
2706.8 -153.8 54.8 -195.9 -102.4 -142.8
17.8 16.8 136.3
628 -31.2 -105.7 5.7 -47.4 2.7
1890.5 -71.6 -47.1 5.6 -33.3 -18.5
2621.3 -122 162.1 -201.4 -117.9 -230
12.3 33 144.4
604.7 -11.7 -112.6 10.2 -47.3 7.7
1874.9 -55.4 -47.8 2.3 -21.7 -32.1
2553.3 -95.9 214.1 -223.3 -87.6 -247.4
6.5 40.5 82.1
590.2 -3 -109.2 12.3 -43.6 7.8
1842.4 -30 -42 5.9 -23.3 -45.1
2422.6 -73.5 237.6 -181.8 4.8 -237.2
5.8 36.3 63.5
593 -0.8 -103 10 -41.4 11.4
1838 -15.3 -29.3 11.3 -29 -21.7
2415.6 6.2 227.8 -161.1 27.3 -205
6.5 19.9 55.5
594.5 4.8 -105.3 6.6 -36.5 14.1
1833 18.3 -32.8 -4.6 0.7 -11.1
2468.5 79.7 246.8 -117.6 31.3 -156.8
8.2 22.2 87.6
598.8 7.1 -113.9 7.3 -35.7 19.9
1867.8 1.1 -44.8 14.3 -0.8 3.1
2606.3 273.8 396.4 -58.7 143.3 -58.9
8.8 78.1 157
614 5.3 -115.1 6 -33.5 27.3
1868.6 -18.4 -22.3 54.5 -0.7 -58
2712.4 358.3 366.4 -156.6 170.6 7.8
11.4 21.7 331.3
622.4 4.7 -127.4 9.3 -33.1 34.4
1928.1 -41.6 -53.3 41.6 -13.8 14.8
3037.6 202.9 272.5 -196.6 56.3 452
13.4 27.3 350.3
635.4 -3.2 -130.2 8.2 -32.3 39.3
1936.5 -57.9 -39.6 36.6 -22.5 15
3196.7 56.9 260.9 -208.3 62.8 610.5
winner is: 7
