Regression analysis information for: S03_selected_tokens_0117
number of formants: 3
number of coefficients: 5
49.5 71.6 10069.1
805.9 167.3 -134.4 32.1 36.7 -4.1
1142.3 276.2 189.9 125.7 126.8 109
1852.1 355.2 273.1 214.5 154 89.5
82.8 133.9 10237.5
845.5 134.2 -95.8 40.7 18.9 16.9
1256.9 273.3 274.4 74.7 32.4 101.8
2010.7 287.3 438.6 163.1 7 100.5
101.9 160.4 10291.5
853.1 78.8 21.7 20.2 -35.8 -8.9
1305.5 208 385.6 49.8 -70.2 34.4
2155.6 174.4 565.3 44.7 -125.4 93
27.1 30.5 55
952.5 0.8 -19.6 13.4 -17.7 12.2
1669.8 102.9 10.8 37.9 -6.3 30.3
2763.9 -55.8 -23.1 72.7 -35.9 51
6.6 10 12.1
961.3 -14.8 -6.2 -3.2 -2.5 -3.6
1677.6 91.9 30.6 18.7 12.7 13.1
2771.3 -81.8 21.2 33.9 4.2 10.3
6.2 10.3 12.4
962.5 -14.2 -6.4 -2.5 -1.2 -2.9
1677.5 93 27.9 18.8 11 14.4
2766.3 -69.5 18.9 29.5 1.5 10.8
6.2 10.4 13.5
962.1 -15.2 -7.9 -2.2 -1.6 -2.3
1681 96.5 29.6 21.2 11.7 16.2
2771 -58.7 17.6 32.7 -1.1 14.7
5.9 10.9 13.1
961.5 -16.9 -8.2 -2 -1.1 -2.1
1683.8 95.9 30.7 22.1 12.6 17
2779 -55.4 17.4 33.1 -2.7 16.2
5.3 11.9 12.7
960.7 -18.9 -7.7 -2.1 -0.3 -2.3
1685.2 91.3 30.7 21.5 13.2 17
2787.9 -57.6 18.1 31.2 -3.3 16.6
5.4 12.4 12.8
959 -21.4 -8.2 -2.8 -1.1 -3
1687 89.1 32.3 22.2 14.1 17.7
2797.1 -59 19.7 32 -3.5 18.3
6.2 12.3 12.6
956.4 -24.3 -9.7 -4 -3.3 -3.8
1689.2 89.7 35.6 24.2 15 19
2806.5 -59.7 22.2 34.8 -3.5 20.3
7.2 12.5 13.1
953.9 -26.8 -10.9 -6.1 -5.5 -5.2
1689.6 87.8 37.3 24.1 14.7 19.3
2815.1 -63.6 25.2 35 -3.7 21
8.5 13.3 13.7
951.6 -28.5 -11.4 -8.6 -7.5 -7.2
1687.7 83.6 36.9 21.5 13.1 18.2
2822.1 -69.4 27.5 33.2 -4.9 21.2
10.7 13.1 14.1
947.9 -29.8 -13.5 -11.4 -11.2 -9.3
1684.4 84.8 36.8 20.4 10.1 17.8
2828.5 -74 31.2 33 -7.2 20.8
15.8 14.8 15.9
940.6 -33.4 -20.3 -16.5 -20 -13.1
1675.8 91.4 33.4 20 2 17.4
2829.9 -78.6 35.7 34.3 -12.8 16.9
15.9 13.6 17.7
935 -26.1 -22.9 -14.4 -21.6 -12
1650.8 116.9 9.8 26.9 -8.9 17
2815.9 -75.2 27.6 36.2 -24.7 17.6
19 15 26.5
924.6 -23.8 -28.5 -19 -28.1 -12.7
1622.7 146 3.1 19.3 -8.3 14.5
2764.4 -28.1 28.4 21.1 -19.5 16.7
18.9 11.6 22.5
918.7 -25.7 -34.5 -19.3 -29.9 -12.6
1607.1 144.4 -11.2 17.5 -7.9 11.4
2725.7 -15.8 0 24.3 -11.9 8.6
16.5 10.5 16.8
923.5 -23.3 -28.9 -18.7 -24.2 -12.4
1612.9 141.8 -9.8 14.8 -5.6 9.4
2741.1 -22.2 2.4 12.3 -4 -2.1
18 11.2 17.1
927.3 -29.5 -29.8 -24.3 -24.8 -15.2
1631 130.2 1.7 7.4 -1 8.9
2785.6 -57.9 24.9 -2.6 0.7 2.6
winner is: 5
