Regression analysis information for: S03_selected_tokens_0059
number of formants: 3
number of coefficients: 5
22.1 270.8 256.8
462.8 54.2 -57.4 16 -29.3 2.3
1296 191.7 50.7 174.5 -70.8 -85.6
2206.4 -44.2 103 133.5 -28.9 -78.8
11 14.4 29
484.9 48.8 -56 11.1 -28.8 4.1
1507 321.3 -19.1 66.5 -9.2 10.7
2378.9 9.4 83.4 46 28.2 26.1
13.9 13.4 25.4
487.3 48.3 -53.9 9.1 -29.4 8.4
1507.8 320.2 -19.4 66.2 -10 11.3
2381.1 3.8 81.8 46 29.1 18.2
15.7 13.8 24.7
481.5 53.9 -54.1 8.1 -30.9 12.5
1508.8 324.7 -19.8 65.2 -10.1 9.7
2393.5 -3 83.6 46.6 27.5 17.6
15.4 13.6 26
474.3 60.5 -52.1 6.6 -29.6 13.7
1508.6 328.1 -21.3 66.7 -12.1 11.4
2405.1 -9.4 84.5 47.1 24.9 19.8
13.9 14 28.4
467 66.9 -51.2 5.6 -27.3 12.5
1507.5 332.4 -22.5 68.4 -13.6 12.6
2414.1 -11.4 86.8 49.4 21.5 25.6
12.5 15.1 32.9
461.2 71.6 -51.1 5.1 -25.1 10.4
1505 338.1 -23.9 70.7 -14.8 13.1
2417.6 -6.1 86.3 55.8 15 36.1
11.2 16.3 34.1
456.9 74 -51.3 4.4 -23 8.5
1501.9 342.7 -24.9 72.2 -14.4 12.5
2415.8 3.5 83.8 63 9.7 44.8
8.8 17.2 36.5
449 73.2 -49 3.2 -17.7 5.6
1480.5 339.1 -24.6 77.3 -4 11
2327.7 47.9 92 47.9 51.4 17.7
8.5 18 27.4
447.9 72.3 -49.3 2.5 -18.1 4.9
1475.4 334 -24.9 75 -3.6 8.7
2311.5 35.7 95.4 28.4 56.5 -1.5
8.5 20.6 29.1
447.7 72.5 -51.5 2.8 -19.4 4.6
1480.8 333.2 -22.8 70.3 -1.6 1.3
2347.9 -4.8 113 16.7 66.1 -25.1
8.4 21.7 42.2
450.3 71.8 -52 3.4 -20.1 4.3
1491.8 331.1 -22.4 68.9 -4.5 -1.3
2409.8 -62.5 126.7 21.3 63.8 -43.1
8.2 19.8 71.9
455.4 70.3 -50.9 4.4 -20.3 4
1506 329.8 -24.6 70.7 -11.7 1.8
2493.6 -132.1 120.1 60.9 34.3 -52.9
8.6 19.4 96.6
459.6 70.2 -52.5 5.4 -21.5 4.2
1521.7 336.4 -27.6 70.5 -17.4 3.6
2586.5 -180.9 81.2 140.6 -19.8 -44.7
9.2 19.4 101.8
463.3 70.8 -54 5 -21.2 4.6
1535.6 343.3 -29.8 67.6 -18.2 6.1
2672 -216.4 53.1 177.5 -24.7 -42
10.3 19 155.2
467.4 71.6 -56.1 3.3 -20.6 5.2
1550.8 351.7 -32.7 61.7 -18.2 7.2
2784.6 -266.6 24.6 179.1 -3.4 -36.6
11.4 18.7 195.7
471.1 72.9 -58.3 1.1 -20.4 6
1564.4 360.7 -34.8 56.5 -18.5 6.5
2879.1 -279.5 -12.1 158.5 19.2 -14.3
12.2 22.1 214.3
472.2 75 -62.6 -0.3 -21.7 6.9
1575.4 370.6 -35.3 49.7 -16.5 0.8
2955.2 -284.1 -43.6 148.1 39.3 4.3
12.1 24.4 198
472.9 77.1 -63.7 -1.6 -23.2 6.8
1581.6 379.9 -33.8 45.8 -19.4 -2.7
2966.1 -251.6 -10.7 95.7 39.3 35.9
12.2 26.7 165.2
472.1 78.4 -65 0.1 -24.4 6.5
1582.7 382.4 -32.6 47.6 -20.1 -5.1
2960.3 -254.7 2 127.3 45.8 -5.5
winner is: 3
