Regression analysis information for: S03_selected_tokens_0069
number of formants: 3
number of coefficients: 5
5.5 117.4 111.7
374.5 0.8 -0.7 4.1 -0.9 -1.5
1355.6 30.5 349.4 -24.4 -65.8 19.4
1956.6 -95.8 402 -79.8 -163 40.2
1.6 65.7 105.5
378.5 4.1 -2.6 0.1 -3.8 -0.5
1538.2 76.9 85.5 -90.6 21.6 23.7
2230.8 -84.5 -21.4 -100.8 20.4 59.8
1.6 9.3 11.1
379.4 4.6 -3.5 0.1 -4 -0.5
1570.4 48.1 48.5 -31 4.8 -22.3
2282.5 -132.8 -73.6 -2.7 -13.2 -15.5
1.5 9.4 9.8
379.4 4.5 -4.6 0.4 -3.9 -0.2
1571.9 48.3 48.5 -31.3 4.6 -22.2
2288.1 -134 -66.8 -8.4 -12.4 -17.4
1.4 8.8 9.7
378.6 3.9 -5.4 0.6 -3.6 0.1
1572.8 49.8 46.8 -30.3 3.4 -21.2
2295.4 -136 -63.5 -12.4 -11.4 -19.4
1.4 8.4 11.8
377.3 3.4 -5.9 0.9 -3.2 0.6
1573.4 50 45.2 -30.9 2.4 -21
2297.8 -136.1 -69.3 -10.3 -15.6 -16.2
1.3 8.5 14
375.7 2.5 -5.9 0.6 -3.1 0.5
1570.9 51.4 43.2 -30.2 2.1 -21.3
2296.1 -134.6 -79.7 -5.2 -20.2 -11.2
1.3 8.6 12.4
374.6 1.9 -5.4 0.3 -2.9 0.6
1566.4 50.5 44.8 -32.2 4.3 -22.4
2289.8 -144.2 -85.1 -5.6 -15.4 -11.1
1.2 8.9 12.4
373.8 1.5 -4.9 0.3 -3 0.4
1559.9 48.1 50.2 -34.4 5.7 -26
2276.2 -153.3 -78.7 -7.6 -7.5 -18.5
1.1 10.3 13.6
373.5 1.2 -4.6 0.3 -2.9 0.4
1555 43.6 57.5 -35.8 9.5 -29.4
2261.5 -163.9 -60.5 -10.3 5.5 -28.9
0.9 11.5 14.9
373.7 0.9 -4.2 0.1 -2.6 0.2
1554.1 42 60.8 -35.1 11.7 -29.5
2261.4 -168 -49.7 -13.7 7.7 -29.9
0.9 12.6 14.6
373.9 0.8 -4 0 -2.5 0.1
1557.5 38.7 63.9 -37.7 13.7 -30.7
2269.6 -172.4 -45.2 -17.2 8.4 -30
0.8 13.7 14.1
374.2 0.9 -3.8 -0.1 -2.4 0.1
1563.2 37.3 66.2 -39.8 14.4 -30.7
2284 -173.9 -42.4 -19.2 5.9 -27
0.8 14.3 13.5
374.6 1 -3.6 -0.2 -2.5 0.1
1570.9 37.8 67.1 -41.3 12.9 -29.6
2304.1 -173.2 -41.6 -19.7 -0.5 -21.9
0.8 13.8 16.4
375.2 1.4 -3.4 -0.1 -2.6 0.2
1580.4 42.4 66.6 -42.8 9.2 -26.8
2329.1 -165.7 -42 -19.8 -10.2 -15.2
0.9 15 24.3
375.9 2.2 -3.5 -0.1 -2.9 0.3
1594.1 46 67.8 -48.6 6.1 -25.6
2360 -154.8 -43.2 -23.4 -22.8 -12.9
1.1 17 35.2
376.9 3.2 -3.3 -0.3 -3.3 0.3
1607.5 55.7 64 -52.7 0.9 -22.3
2402.2 -122.6 -45.3 -31.9 -43.7 -16.7
1.2 19.7 49.2
378.1 4.5 -3.2 -0.6 -3.8 0.1
1620.6 63.9 59.4 -56.6 -1.6 -19.6
2459.7 -65.7 -44.7 -53.9 -79.9 -41.3
1.4 21.4 75.8
379.2 5.5 -3.3 -1 -4.2 -0.2
1631.5 68.4 54.7 -59.3 -1.2 -17.6
2535.4 19 -42.2 -99.7 -146.8 -93.3
1.6 22.5 112.8
380 6 -3.2 -1.4 -4.7 -0.5
1638.7 67.9 52.8 -60.6 -2 -17.4
2610.6 100.7 -46.2 -172.3 -239.9 -142
winner is: 5
