Regression analysis information for: S03_selected_tokens_0113
number of formants: 3
number of coefficients: 5
75 79.1 10151
636.2 81.4 -78.7 4.3 47.4 -36.8
1005.2 -53.6 -54.1 34.8 47.7 -23
1805.6 28 -34.8 54.4 115 -54.1
63.2 76.7 10159.6
685.6 19.7 -154.4 114.6 -5.8 -77.4
1043.9 -131.8 -139.1 130.9 -47 -83.2
1908.2 -98.6 -179.7 275 -29.2 -178.5
79.8 170.2 10197.1
690.8 121.8 -176.6 154.9 -41.7 -125.5
1201.8 106.4 -6.6 176.7 -161.2 -209.1
2085.3 117.5 -66 325 -164.9 -317.1
91.4 103.1 164
852.9 -50.9 57.7 72.1 -34.2 -130.1
1511.4 44 317.9 63.6 -109 -120
2484.5 -122.9 336.5 158 -135.1 -190.5
41.8 57 105.5
922.7 -42.4 -5 -3 -40.9 -6.8
1619 79.2 158.8 -62.1 -61.2 53.5
2627.6 -97.8 116.5 38.7 -71.8 43.6
13.2 19 36.5
938.8 -39.5 -40.5 -9.1 -9.6 5
1640.3 84.8 111.1 -63.5 -14.7 61.3
2660.5 -87.5 36.3 32.3 9.5 53.2
12.9 17.3 30.5
939.3 -39.5 -40.1 -9 -9.5 4.6
1641.1 84.5 111.9 -60.8 -13.9 54.6
2660.5 -84 42.1 31.5 10.9 34.8
11.6 16.4 27.1
941.2 -39.5 -38.1 -9.2 -7.5 4.1
1644.8 82.8 109.8 -61.9 -10.3 49.9
2668.9 -83.3 44.5 27.5 12.7 22.2
11.6 16.5 27.2
941.7 -40 -38.6 -9.2 -7.2 4
1651 81.6 107.3 -61.8 -6.8 47.9
2683.1 -85.3 46.9 24.1 13.4 11.8
11.9 17 28.7
942 -40.7 -39.6 -9 -7.1 4.1
1657.4 80.1 104.7 -62 -3.5 47.1
2699.3 -89.3 48.7 21.1 13.2 3.8
13.8 18.1 31.5
940.4 -41.7 -43.4 -8.6 -9.2 4.6
1664.4 79.7 102.4 -60.5 -1.6 48.7
2716.9 -93.8 50.6 19.6 11.7 -2.7
15.5 19.5 41.1
938.8 -40.5 -47 -6 -11 6.4
1669.9 78.2 100 -60.8 0.1 50.1
2738.6 -109.8 61.2 9 16.8 -12.8
19.3 24.1 54
934.6 -38.6 -53.5 -2.9 -15.4 9.1
1668.1 83 97.3 -61.8 -3.8 59.4
2745.5 -101.3 50.1 17.8 5.5 -9.4
21.2 31.5 83.7
931.5 -35.1 -56.4 -0.2 -17.5 12.5
1654.1 98.9 95.6 -65.3 -15.7 77.8
2710.7 -21.4 -25.4 86.6 -60.3 42.7
23.7 38.1 77.5
924.2 -33 -58.2 1.8 -21.5 15.1
1621.4 114.9 124.2 -72.3 -52.2 96.6
2689.4 -3.6 -31.5 104.7 -96.2 76.1
26.2 38.1 73.4
913.8 -33 -59.3 1.3 -26.9 15.5
1584.5 121.8 151.9 -72.9 -80.9 88.4
2654.5 -22.6 -10.7 96.6 -94.2 90.1
24.3 51.5 83.3
901.6 -33.1 -47.1 -2.7 -24 12.9
1521.6 116.8 168.1 -76.1 -67.2 42.7
2543.4 -63.7 -8.4 98.2 3 105.9
23.4 49.1 61.7
895.7 -32.4 -42.8 -4.4 -21.1 8.3
1500 115.3 171.2 -75.1 -45.7 18.4
2498.4 -35.9 1.8 64.7 71.1 49.9
22.9 46.2 56.8
897.1 -34.3 -41.6 -2.5 -19.5 4.3
1504.7 111.9 178 -72.8 -42.7 10.7
2516.8 -46.2 14.4 67.1 70.3 35.8
24.2 48.2 78.7
903.9 -39 -47.7 1 -17.6 -0.5
1527.2 108.2 189.5 -71.3 -47.1 13.1
2604.5 -148.5 115 -1.2 116 -11
winner is: 8
