Regression analysis information for: S03_selected_tokens_0021
number of formants: 3
number of coefficients: 5
14.7 187.7 44.1
391.6 -61.5 30.9 -2.2 -8.4 -10.6
1445 714.3 319.1 -123.8 -386 -181.8
2214.2 592.7 -133.3 -57.3 -96.1 -26.3
6.2 135.5 28.1
400.1 -63.6 27.4 -12.2 -2.3 -3.7
1671.1 812.4 -3.1 -303.1 -94.4 146.4
2259.7 628.1 -192 -72.3 -31.1 46.3
4.7 133.4 51.2
411.5 -76.5 36.6 -14.3 2.5 -5
1746.4 840.7 -261.3 -166 61.2 61.5
2281.2 617.3 -255 -22.3 21.4 -1.1
12.4 131.5 113.6
421.4 -91.2 42.9 -16.6 5.6 -10.2
1962.7 525.2 -194.7 -117.3 105.9 -114.7
2574.7 131.1 13.8 -129.6 91.3 -92.1
7.2 17.9 11.6
433.3 -113.3 46.6 -10.8 -9.4 -1.1
2043.5 414.7 -199.1 -13.2 -46.7 -7.4
2640.3 50.5 3.4 -41.4 -34.5 -1.4
6.4 17.9 11
436.7 -118.9 49.2 -8.4 -12 1.6
2055.9 417.2 -196 -13.3 -41 -5.7
2646.1 60.7 -1.5 -43.8 -28.3 -5.1
7.6 19.8 11.9
436.9 -125.9 47.9 -9.4 -17.2 1.3
2058.6 423.8 -207.1 -18.2 -40.2 -5.4
2654.5 58.2 -7.3 -49 -27.5 -8.7
7.8 21.6 12.4
435.5 -127.4 48.1 -9.9 -19 2.6
2067.3 428.2 -212.6 -20.9 -37.7 -4.1
2663.6 55.4 -9.7 -51.7 -28.2 -11.9
7.8 23.4 15.1
431.6 -123 48.1 -10.7 -17.5 3.9
2083.7 433.2 -213.1 -22.1 -32.5 -0.4
2668.9 49.3 -9.4 -53.3 -34.9 -18.6
7.9 26.9 17
425.2 -115.3 44.9 -11.6 -16.9 4.7
2093.2 438.7 -224.5 -27.8 -29.9 3.8
2665.9 35.7 -2.7 -55.5 -48.2 -26.7
7.9 30.2 23
415.4 -103.1 36.2 -11.2 -17.4 3.1
2087.7 440.8 -250.8 -42.2 -40.1 3
2643.8 10.9 18.7 -51.6 -68.8 -29.1
6.9 29.8 28.8
407.5 -91 30.5 -11.3 -14.3 0.2
2066.5 435.4 -249.2 -38.1 -57.9 -3.5
2608.6 4.4 42.1 -28.9 -83.2 -8.9
5.7 33.9 27.5
403.6 -82.9 29.5 -11.7 -9.9 -1.2
2031.5 421.9 -212.3 -16.4 -68.6 -12.9
2574.7 24.9 28.9 1.5 -62.2 12.8
5.5 21.9 26.3
401.3 -79.4 28.6 -12.6 -8.2 -2.4
1979.3 409.9 -175.1 9.2 -47.3 -7.1
2547.2 88.3 3.8 -19.1 -39.4 1.7
6.1 23.7 27.4
401.2 -81.5 27.6 -13.8 -9.4 -3.4
1994.8 440 -185 -7.4 -43.7 -1.1
2552.1 91.9 11.1 -24.5 -27.3 0.2
5.4 29.5 31
402.3 -80.5 29.5 -13.5 -7.5 -2.8
2078.8 496.5 -229 -60.8 -39.8 15.9
2563.1 68.9 40.2 -30.3 -42.9 -9.1
6.3 27.1 97
404.2 -85.5 29.4 -15.7 -8.9 -4.3
2126.6 529.4 -236.3 -42.2 -14.8 8.2
2719.6 145.1 -24.7 -230.2 -122.3 26.2
6.6 27.8 127.6
407.2 -89.5 30.9 -17.1 -8.6 -5.2
2155.9 523.1 -232.3 -18.2 -12.9 -6.3
2936.8 218.1 -97.2 -357.2 -82.9 37.2
5.5 23.3 142.6
411.2 -90.8 34.5 -16.5 -5.6 -4.6
2181.2 501.3 -227.4 -2.6 -14.9 -11.7
3176.5 218 -239.1 -317.1 105.8 -39.8
7.3 25.3 124
414 -98.7 34 -19 -7.9 -7.4
2189 489.3 -232.7 0.1 -21.9 -14.6
3336.1 187.6 -260.6 -210.5 169.4 -112.7
winner is: 6
