Regression analysis information for: S03_selected_tokens_0009
number of formants: 3
number of coefficients: 5
120 195.6 137.8
586 -17.1 -305.2 81.5 103.2 23.5
1340 -61.5 -557.2 160.8 155.1 83.4
2300.4 -93.6 -532 241.1 155.2 -8.1
119.5 196 154.7
660.6 128.9 -269.5 31.4 26.3 -63.5
1482 164.8 -513.7 32.2 -90.3 -166.8
2433.3 106 -476.6 155.2 -22.4 -186.5
84.9 151.6 144.2
706.9 144.4 -261 47.1 -67.9 -60.4
1538.6 118.7 -536.2 13.3 -272.9 -161.6
2508.1 49.7 -483.3 156.6 -191.2 -171.4
64.5 108.5 175.3
810.8 32.8 -121.1 47.6 -85.2 57.8
1809.1 95.6 -107.2 144.5 -116.8 113.1
2779.6 -133.5 -71.7 228.3 -74.3 76.9
10.8 5.2 82.7
832.9 -16 -70.7 -3.5 -32.5 7.3
1858.8 -25.1 8 27.1 -9.1 1.6
2822.2 -307.3 104.7 88.5 43.2 -22.2
9.3 6.1 77.4
832.2 -10.3 -70.2 -1.5 -30.7 7.6
1848.7 -19 4.4 26.5 -12.9 2.7
2741.8 -233 96.5 53 63.3 -42.3
7.5 6.1 67.7
835.5 -7.7 -65.3 -1.5 -27.8 6.6
1843.1 -11.9 2.1 25.1 -12.9 3.1
2693.3 -158.4 59.3 45.6 64.5 -49.1
8.2 5.7 58.5
834.6 -7.2 -68.3 -0.2 -29.3 8.3
1847 -11.4 0.9 24.4 -14.4 3.7
2737.8 -187.2 65.6 48.3 35.4 -25.9
8.7 8.2 48.7
836.5 -9.3 -68.2 0.6 -29.8 9.6
1861 -20.8 2.1 23.2 -16.5 3.2
2839.8 -284.4 86.4 55.7 -0.6 -19.4
9.8 7.6 59.6
833.1 -23.4 -75.4 -6.5 -33.4 5.6
1879.5 -18.4 -6.4 23.3 -14 5.5
2947.8 -300.5 31.9 77.6 -8.2 -24.3
12.8 9.5 59.7
820.7 -37 -90.2 -9.3 -39.6 3.3
1889.1 -12.9 -17.8 18.8 -13.7 6.8
3011.2 -276.8 -28.3 56.1 -13.6 -17.4
13.6 10.3 63.1
816.5 -48.4 -91.2 -11.6 -39.3 0.1
1894.6 -11.2 -22.4 15 -14.2 7.8
3044.2 -249.4 -65.9 28 -22.7 -19.5
15.9 81.1 158.2
806.8 -57.4 -100.7 -10.8 -42.6 0.3
1854.2 -51.5 12.4 94.4 27.3 -30.2
3004.8 -294.9 -32.4 111.4 24 -73.1
16.5 86.6 257.8
798.5 -66.5 -102.3 -7.4 -40.5 1.8
1833.4 -84.6 34.4 140.4 36.9 -55.2
2985.3 -433.4 4.9 259.6 64.1 -103.1
22.1 77 254.7
792.9 -61.2 -107 1.5 -44.2 8.8
1837.3 -94.4 33.8 128.6 23.1 -60.3
2967.3 -580.1 35.6 305.9 131.8 -77.2
21.6 72.4 257.8
791.9 -55.8 -112.4 0.5 -48 12.9
1855.7 -84.2 10.5 101 23.5 -38.4
3028.9 -547 -1.5 234.1 87.6 -75
20.5 53.2 186.4
784.9 -47.2 -124.4 -0.4 -54.5 18.4
1884.9 -68.5 -34.7 43.3 16.6 20.7
3307.7 -348.8 -251.6 -230.2 -176.2 119.8
18.6 8.2 98.3
787.8 -38.4 -121 -3.4 -55.8 18.9
1911.1 -40.9 -38.2 10 -22.8 5.3
3341.8 -361 -219.6 -195.8 -202 68.5
16.9 8.6 100.7
780 -28.3 -129.6 -1.7 -59.9 21.5
1915.4 -37.1 -36.3 14.5 -20.5 6.3
3393.1 -380.5 -222.8 -186.4 -198 90.5
15.6 8.6 107.3
777 -16.7 -126.1 -0.4 -60.5 22.8
1920 -33.2 -33.6 18.8 -20.6 10.5
3454.8 -379.8 -242.6 -192.3 -239.1 114
winner is: 9
