Regression analysis information for: S03_selected_tokens_0110
number of formants: 3
number of coefficients: 5
74.3 121.1 10130.3
769 -66.5 -118.7 19.9 12.7 4
1084.5 161.8 132.7 91.5 22.2 -14.7
1712.2 291.3 259.8 84.3 14.1 -54.6
45.5 79.5 10124.3
831.7 0.1 -80.9 43.4 15.5 -7.3
1153.2 299.5 230.9 132.5 22.3 -25.7
1797.1 444.5 362.4 116.7 -3 -85.7
84.4 67.8 10144.2
785.4 41.7 5.1 69.9 -45.3 -9
1198.6 367.4 212.7 109.6 -16 -64.8
1871.9 509.9 305.2 65.5 -66.1 -159.2
65.1 92.4 249.5
900.4 -9.4 -21.9 -52.2 21.4 -22.4
1493.6 146.5 153 -43.4 90.8 -47.7
2551 26.8 44 -178.8 164.1 -92.8
13.9 7.7 28.9
941.9 -53.2 -44.4 -7 -15.1 -1.5
1559.6 77.5 124.3 30 25.6 2.2
2709.3 -139.8 -18.9 32.5 -10.2 14.7
14.6 7.8 29.2
942.6 -54.6 -45.6 -8.1 -15.6 -2.4
1562.2 81.7 125.4 29.7 25.8 1.4
2712.4 -113.9 -9.3 36.2 -8.5 8.7
15.3 8.1 29.7
942.7 -56 -46.5 -9.2 -16.1 -2.9
1565.7 85.2 126.9 29.4 25.6 0.9
2728.2 -96.3 -2.2 35.7 -5.5 7.2
15.7 8.7 30.5
942.3 -57.1 -47.1 -9.9 -16.7 -3.1
1569 88.2 128.7 29.1 25.1 0.2
2748 -83 3.9 34.8 -2.3 7.4
16 9.5 31.3
941.2 -57.7 -47.3 -10.3 -17.2 -3
1571.4 90.8 130.8 29.2 24.7 -0.4
2768.8 -70.6 10.7 35.3 1.9 9
16.1 10.3 31.1
939.4 -57.8 -47.5 -10.3 -17.7 -2.8
1572.8 93.1 133.4 29.8 24.3 -1
2790 -57.4 19.5 37.9 7.9 12.7
15.9 11.5 31.4
935.4 -58.3 -46.4 -7.8 -18.1 -3.7
1570.5 93.4 139.4 35.2 24.7 -4.6
2810.3 -43.7 30.7 44.2 17.1 19.6
15.9 13.2 31.1
931 -58.1 -45.6 -5 -18.1 -3.9
1566 92.4 145.4 42.4 26.8 -7.3
2822.6 -37.2 46 59.4 30.9 27
16.4 14.6 31.4
925.7 -56.8 -46.1 -2 -19.1 -4
1559.3 90.9 150.4 50.1 29.5 -9.2
2824.8 -40.4 64.3 82.9 47.4 32.2
18.7 15.6 42.6
917.6 -56.5 -47.7 1.4 -19.2 -3.8
1544 81.3 153.2 63.8 42.5 -2.9
2787.1 -91.5 80.2 137.5 99.2 60.4
19.7 14.2 59.9
909.1 -56 -49.3 2.2 -21.3 -3.5
1525.5 69.6 148.8 67.4 48.8 5.4
2722.8 -169.5 52.5 130.6 89 53.6
18.7 11.4 56.6
899.5 -52.1 -51.7 -0.2 -24 -2.3
1503.6 63 135.6 60.5 49.9 13.6
2632.7 -161.6 -4.6 70.8 40.9 16.1
18.2 11.1 43.1
901.2 -47.6 -50.2 -1.4 -24.7 -0.8
1507.3 76 135.2 57.1 41.2 9.5
2633.5 -117 -14.7 61.5 17.3 37.8
19.7 16 42.7
904.1 -44.2 -55.5 -4.1 -28.8 -0.8
1526 99.6 141.3 51 28.1 -3.3
2678.4 -83.9 -20.3 50.4 13.8 39.7
20 26 69.6
912.6 -40.3 -58.9 -8.3 -30.1 -0.5
1543.9 111.8 134.6 33.2 12.7 -9
2762.9 -42.7 -30 22.4 7.1 60.1
29 29.7 147.1
917 -49.7 -67.4 -7.8 -18.3 13.2
1570.2 130 134.1 23.1 8.7 -6.7
2975.7 126.1 -15.1 -63.7 -65.5 28
winner is: 5
