Regression analysis information for: S03_selected_tokens_0015
number of formants: 3
number of coefficients: 5
50.9 153.3 70.1
757.4 -188.1 -84.2 13.2 32.5 2.8
1614.7 -325.6 -82 207.5 363.4 305.1
2482.6 -236.1 -61.9 76.2 201.5 168.1
5.4 5.1 48.2
801.5 -119.5 -80.2 -31.5 -14.3 -7.8
1878.2 88.9 16 1.3 3.2 -4.2
2596.1 -12.6 -41.4 -62.1 4.3 -0.2
6 5.8 37.3
805.3 -111.4 -76.2 -30.7 -15.6 -9.4
1868.5 84.4 16.9 3.8 7.1 -2.1
2548.2 -15 -30.7 -36.5 30.5 9.4
6.4 5.7 27.2
807.9 -109.1 -76.1 -31.8 -17.1 -10.8
1866.5 85.3 19.7 6.9 8.3 -1.8
2546.8 -6.6 -18.5 -25.2 22.8 4.1
7 5.8 23.5
809.5 -110.2 -78 -33.8 -18.8 -12.1
1870 86.8 21.4 9.1 8 -2
2571.1 -7.1 -13.6 -23.5 13.9 1.9
7.6 6.2 22.5
809 -114.6 -81.9 -37 -21.1 -13.7
1876.3 88.6 22.3 10.9 7.5 -2.1
2603.5 -12.7 -11.9 -24.2 6.7 1.6
8.1 6.5 23.5
806.3 -121.3 -86.2 -40.3 -23 -14.6
1884.2 89.9 21.9 12.5 6.9 -2.4
2640.7 -21.7 -14.9 -25.7 0 2
9.4 7.6 27.5
793.5 -137.1 -86.3 -35.6 -20 -14.5
1896 92.6 18.5 10.9 4.8 -2.3
2687 -34.5 -29.5 -37.1 -8.5 4.7
5.6 7.3 47
767.7 -160.8 -79.9 -25.1 -11.4 -6.4
1909.9 95 14.3 9.8 0.5 -4.8
2723.5 -80.5 -57.3 -41.1 -11.9 3.9
4.5 7.3 87.9
747.2 -167.5 -67.4 -22.7 -12.5 -3.2
1914.3 83.3 1.3 1.8 -9.9 -12
2624.6 -307.5 -85.2 67.9 88.7 34.5
4.5 11.6 66.8
732.5 -165.2 -63.4 -22.7 -14.1 -0.2
1911.4 68.2 -6.6 -2 -13.5 -11.8
2562.1 -382 56 133.9 38.1 30.5
4.8 12.3 78.1
724.8 -154.8 -63.7 -24.8 -13.3 0.4
1910.2 62.2 -1.5 5.1 -11.5 -8.9
2550.9 -381.2 162.7 80.8 -40.1 94.6
4.9 11.5 107.8
719.7 -141.1 -69.1 -26.1 -13.8 1.3
1915.7 69.5 8.5 11.4 -9.4 -6.8
2559.8 -329.5 211.7 -40.1 -16.6 151.8
5.3 11.9 130.8
707.5 -121.1 -75.1 -26.5 -12.4 -0.8
1915.2 73 18.7 15.4 -12.2 -5.1
2422.1 -113.1 242.6 -226.8 176.6 7.2
3.1 11.6 53
697.3 -92.9 -91.6 -21.9 -13.2 -3.7
1913.9 110.8 21.2 24.3 -8.6 2.1
2306 274 -53.1 -68.5 89.5 -12.5
2.8 11.3 89.4
706.9 -88.9 -93.5 -23.2 -14.9 -3.7
1928.1 130 23.3 28.5 -1.7 2.3
2511.5 445.9 -28.9 -102.9 61.2 -38.9
3.9 10.9 102.5
723.5 -89.7 -91.9 -23.3 -19.9 -1.8
1946.6 128.5 27.1 29.3 0.3 2.6
2782.3 656 -63.9 -129.7 157.3 42.6
5.7 23.4 228.1
749.2 -102.6 -86 -21.9 -24.2 -2
1957.5 127.4 39.7 11.5 11.6 10.3
3235.3 258.3 -141.5 126.4 -245.2 336.5
6.8 11.6 33.6
773.5 -120.2 -78.7 -22.7 -25 -4.6
1979.7 112.2 29.8 29.2 6.4 -3
3506.4 -125.4 28.3 38.3 -36.7 14.2
7.2 11.6 30.8
787.7 -135.3 -76.5 -25.1 -23.9 -7.7
1988.2 108.2 28.5 29.5 7.9 -4.1
3524.3 -111 24.5 41.7 -30.9 15.3
winner is: 5
