Regression analysis information for: S03_selected_tokens_0035
number of formants: 3
number of coefficients: 5
8.6 155.9 43.1
389.6 -36.3 24.3 0.8 -1.2 -2.4
1483.7 902 355 -122.7 -276.7 -98
2325.5 818.6 -45 -6 -79.5 -22.6
5.7 168.1 42.8
398.1 -46.9 24.7 0.7 -3.9 4.4
1433.1 899.9 418.4 -87 -275.8 -171.8
2319.9 824.1 -36.3 4.4 -79.7 -41.7
9.8 214.3 135.7
412.8 -66 30.2 -1.3 -6.5 6.9
1878.7 855.9 -309.7 26.4 -40.2 76.8
2571.2 635.7 -261.6 209.9 -174.7 95
4.9 12.3 24.4
429.7 -93.4 44.9 -8.2 -4.3 6.8
2087.3 522.9 -168.3 17.4 -12 -10.6
2824.7 164.2 93.8 -8.3 -27.4 -11
3.9 12.3 19.8
433.5 -100.6 47.5 -9.6 -3.5 5.6
2088.5 526.7 -166.3 17.4 -13.8 -8.7
2818.9 193.8 74.5 6.8 -37.8 -0.4
3.2 12.2 18
432.3 -101.4 48.3 -12.4 -1.6 4
2098.2 524.2 -165.2 19.7 -14.1 -7.3
2830.3 199.1 71.4 10.8 -38.5 4.6
3.2 12.9 18.8
429.9 -100.2 49.6 -15.6 1.6 1.9
2102.1 532 -171.1 18.5 -12.3 -6.7
2848.2 199 73.6 8.1 -35.7 4
3.3 13.3 19.3
424.9 -95.3 49.6 -19.3 5.2 -0.5
2109 535.3 -174.8 18.4 -9.9 -6
2864.6 195.8 77.3 5.8 -31.8 4.3
2.9 14.1 20.4
417.5 -85.3 45.3 -19.6 6.6 -2.2
2114.6 540.3 -179.2 17.6 -5.4 -5.5
2880.1 188.5 86.6 1.1 -24.7 2.6
2.3 16 22.1
408.9 -72.3 37.4 -16.3 5.1 -2.3
2116.5 548.5 -184.4 16.3 1.6 -5.8
2888.2 181.5 99.7 -3.2 -16 -0.4
2.4 17.9 27.6
402.6 -62.2 31 -13.1 3.2 -1.7
2115.5 554.8 -190.2 14.3 9.8 -8.4
2873.4 185 110.9 -1.6 -13.2 -10.3
2.2 22.3 27.1
399.6 -57.5 28 -11.1 1.2 -0.1
2106.8 567.7 -193.2 12 16.4 -4
2815.2 242.3 92.2 37.5 -60.7 5.2
2.1 24.3 42.6
398.3 -55.8 27 -10.5 0.8 0.2
2083.1 568.5 -173.7 17 13 1.4
2741.5 276.3 66 75.5 -114.9 10.3
2 19.8 31.5
397.5 -55 26.7 -10.6 0.8 0.2
2040.8 557.9 -134.1 15.3 -15.9 -7.7
2720 275.2 44.7 61.8 -100.6 10.4
2 16.8 32.6
398.8 -57.1 28.1 -11.4 1.1 0.1
2053.2 565.4 -147.6 1.4 -10.5 -3.9
2751.1 245 73.4 28.9 -87.2 -7.5
2.1 26.2 79.2
400.4 -59.5 30.1 -13.1 2.4 -0.8
2110.4 568.6 -190.1 -17.9 7.6 4.2
2846.6 113.5 227.8 -72 -15.6 -76.4
2.1 21.3 68.5
403.5 -63.8 32.8 -14.6 3.2 -1.2
2166.6 571.9 -217.2 -9.7 5.7 -7.2
3015.5 20.1 313.5 -208.1 39.1 -84.7
2.4 23 89.5
407 -68 34.8 -15.3 3.2 -1.1
2211.9 564.3 -226.2 19.5 -11.9 -19.1
3320.5 113.1 176.8 -355.7 19.4 -3.1
2.7 23.5 100.7
410.4 -71.4 35.8 -14.8 2.3 -0.4
2245.5 553.2 -226.8 48.6 -33.2 -16
3620 150 -42.8 -313 148.8 -10.1
3.3 27 67.3
413.7 -74.7 36.4 -13.5 0.4 0.8
2264.4 553.3 -227.8 69.4 -45.7 -8.5
3729.5 94.9 -3 -172.2 90.8 19.3
winner is: 6
