Regression analysis information for: S03_selected_tokens_0060
number of formants: 3
number of coefficients: 5
8.2 13.7 17.3
506.6 126 -38.9 48.5 -24.1 5.2
1091.5 189.2 77.3 33.3 36.6 -5.4
2451.8 -31.2 -18.2 22 24.8 23.8
11.7 13.3 15.8
527.7 104.4 -35.9 42 -28.1 12.6
1094.8 186.6 72.9 31.6 32.8 -4.2
2447 -27.2 -16.6 23.2 23.8 21.2
14 13.7 16
532 95.5 -39.3 38.3 -29.5 15.1
1096.9 186.1 71.6 30.8 31.9 -3.3
2451.6 -23.1 -13.4 25 24.6 21.8
14.9 14 16.2
525.3 95.3 -47.6 40.4 -32.7 18.2
1095.7 184.7 69.1 31 31.5 -1.9
2458.5 -21.8 -10.5 24.8 26.3 22
12.5 13.9 16.7
507.7 107.5 -56.7 41.7 -30.5 14.9
1090.7 183.6 65.7 31.1 31.9 -0.7
2464.9 -22.4 -9.2 24.3 27 22.3
10.5 14 19.5
478.3 132.9 -56.2 26.7 -16.7 8.2
1083.2 188.9 66.7 29.4 34.7 1.5
2470.4 -19.2 -7.7 29.7 28.4 27.1
10 14.5 21.4
460 140.3 -43.1 17.4 -13.2 6.8
1073.4 189.3 69.8 27.1 36.1 2.2
2469.2 -16.3 -11.9 32.3 25.9 30.4
7.5 14 21.2
449.3 138.8 -36 17.3 -11 7.6
1063.8 184.8 72 27.6 39.2 3.2
2454.3 -16.3 -13 29.6 31.4 26.9
7 13.9 19.7
443 134.2 -33.6 17.3 -11.1 8.1
1056.5 176.4 70.3 24.8 38.1 2.4
2417.8 -34.1 -6.6 12.9 35.4 14.1
6.8 13.8 18.5
444.4 134.9 -33.5 17.7 -11.3 8.5
1058.7 178 71.7 25.4 38.3 2.5
2431.3 -38.4 -0.7 17.4 31.5 21.3
5 14.1 21.4
450.8 139.5 -35.5 15.2 -12.8 9.5
1060.5 179.7 70.8 26.7 38.7 2.5
2476.4 -44.6 -13.8 13.9 13.7 37.7
11.2 18.1 30.2
459.9 159.5 -42.8 8.6 -17.8 5.3
1060.1 185.7 78.1 36.5 48.6 3.3
2528.6 -31 -22.7 13.9 8.9 43.6
50.2 110.4 140.1
495.8 174 -26.4 -18.4 -42.4 8.2
1094.1 95.1 157.3 43.2 68.9 72.7
2629.2 -86 63.6 7.7 7.3 113.1
73.4 205.8 244.1
534 203.3 15 -27.8 -61.9 -14.3
1132 81.4 212.8 28.1 72.5 86.8
2729.2 5.7 211.1 56.1 64.9 140
83.6 309.8 287.6
554.6 217.5 40.1 -25.7 -76.2 -22.5
1240.5 184.8 309.1 1 -33.3 0.4
2801.9 38.4 297.5 59.2 31.9 121.9
86.8 304.9 277.9
554.8 228 45.7 -16.8 -68.5 -16.5
1280.2 269.3 385.1 52.1 -17.4 -28.5
2842.5 83.6 333.8 69.6 29 100.6
111.5 376.3 334.2
568.6 219.7 62.6 -38.6 -76.3 1.7
1320.7 198.3 464 39.2 -29.4 -0.8
2924.8 12.8 422.9 42.6 16.1 127.9
161.4 421.7 354.7
595 82.4 196.6 -75.3 -43.2 10.4
1517.8 -174.5 715.9 -35.5 -83.7 62.8
3151 -376.5 679.1 -31.8 -24.4 188.9
96.6 344.6 446.9
764.5 -37.9 96.2 -49.9 -124.6 -6.1
2115.9 -342.1 289.1 -105.8 -390.8 -17.4
3891 -474.3 253.1 -180.8 -430.7 58.2
85.7 332.7 434.2
788.1 -38.6 15.7 -53.8 -84.2 1.3
2048.3 -516.9 -109.3 -101 -63 119
3882.8 -702.1 -176.1 -174.4 -77.2 196.4
winner is: 10
