Regression analysis information for: S03_selected_tokens_0030
number of formants: 3
number of coefficients: 5
41.7 93.3 10058.9
535.4 -6.7 -8.7 63 106.6 99.8
977.9 132.8 280.4 259.7 205.3 146.5
1854.4 315.2 33.9 156.4 73.5 59.2
58.4 140.2 10153.3
546.6 11.6 6.1 50.9 59.7 54.7
1058.1 254.9 315.7 210.3 91.1 -4.9
1910.5 401 49.5 89.6 -60.2 -91.8
53.9 168.5 10104.2
592.3 6.5 -44 -18.9 -24.6 17
1143.3 362 162.2 -165.1 -240 -134.2
2008.2 495.6 -67.4 -175 -306.2 -174.3
62.9 186.4 10200.7
643.7 -7.7 5.9 -7.2 -10.2 5.7
1276.9 597.5 125.6 -153.3 -255.1 109
2188.2 602.2 -131 -134.8 -314.1 3.4
44.6 66.7 135.1
694.8 -13.1 -4.2 12.2 23.6 -9.4
1725.6 283.9 -100.9 54.4 47.5 -48.5
2745.8 -6.5 -57.6 -141 56.7 -159.7
22.9 24.5 65.5
715.4 -32.1 9.5 19.3 10 15.1
1746.7 237.8 -75.4 54 5.4 4.3
2743.4 33.8 19.2 -113.4 27.7 -62.5
24.9 17.6 33.9
720.9 -30.3 14.6 25.2 16.2 20.3
1751.1 254.9 -65.4 60.9 11.4 11.7
2762.8 83.1 61.1 -78.8 55.2 -26.9
28.7 17 32.8
720 -36.5 13 26.2 19.3 24.5
1755.1 255.8 -65 61 9.5 11.2
2778.7 77.3 54.5 -76.7 48.2 -26.4
35.9 16.9 32.3
711.1 -54.5 2 20.8 19 28.2
1761.1 250.2 -65 61 7.8 10.7
2797.9 70.4 45 -71.7 43.3 -25.7
44.4 17.3 31.6
697.2 -77.8 -11.5 16 21 34.4
1765 248.6 -67.2 61.7 5.8 10.1
2819.5 58.6 37.4 -69.4 39.4 -24.6
50.6 18 31.2
682.3 -95.1 -19.7 19.6 28.6 44.6
1765.8 251.6 -72.5 63.6 3.9 10.1
2842.3 41.2 32.6 -70.1 37.5 -23.3
49.3 19.7 32.5
665.3 -101.7 -24.7 26 34.3 51.3
1765.3 248.4 -79.2 66.2 2.6 11.6
2861.7 25.7 25.9 -69.4 38.9 -22.8
46.9 23.8 36.2
641 -94.8 -38.8 28.7 29.7 50.9
1759.5 243 -90.2 69.8 1.9 14.6
2870.4 17.7 18.7 -73.2 50.2 -24.1
46.7 31.4 50.9
620 -81 -37.1 31.8 31.5 50.7
1744.6 245.7 -101.1 72.5 11.6 17
2846 40.3 7.3 -89.8 90.2 -32.1
46.9 39.3 55.6
604.8 -59.6 -27.5 36.4 41.3 53.8
1719.2 268.5 -105.5 70.3 34.7 13.4
2734.6 175.7 -30 -114.1 168.9 -88.2
45.3 36.9 59.7
593.1 -60.1 -27.2 28.8 35.5 46.9
1695.1 269.3 -95.3 68.9 53.2 9.7
2616.8 235.6 55 -128.1 144.2 -63.7
45.3 33.3 70.2
589.7 -52.3 -15 35.3 42.2 54.5
1661.2 274.9 -60.9 68.5 64.9 26.7
2554.6 217.5 161.8 -113.6 76.7 -30.8
46 31.7 68.5
590.6 -53.1 -14.5 33.4 41.6 56
1667.9 280.9 -57.6 59.1 57 32.5
2583.1 205.8 155.7 -122.7 77.2 -30.7
47.9 29.6 71.1
588.8 -64.1 -23.5 21.6 33.1 53.4
1685.2 286.4 -58.7 41.6 42.6 38.8
2615.3 200.1 143.2 -136.6 83.1 -27.5
94.3 76.3 182.3
647.8 28.4 50.8 69.6 43.1 32.9
1761.4 362.9 -34.9 55.5 12.7 13.2
2725.3 298 212.7 -145.1 129.5 -28.9
winner is: 7
