Regression analysis information for: S03_selected_tokens_0105
number of formants: 3
number of coefficients: 5
6.7 45 91.3
986.9 5.6 -9.7 8.5 2.8 11.4
1662.6 18.1 -6.1 -14.5 -23.4 20.8
2196 5.1 -35.3 262.7 -28.6 35.3
77.3 134.6 206
892.4 -101.5 61.2 168.5 92.8 -17.6
1523.7 -160.7 85.2 237.6 127.2 11.4
2369.8 -195.3 12.3 359.9 136.7 0.9
156.3 163.4 227.3
818 -54.2 65.4 192.3 43.3 62.1
1448.7 -161.4 115.5 275.2 125.9 91.7
2332.3 -297.9 154.1 321.2 149.5 85.3
159.6 208.5 265.8
868 -74.7 -50.1 99.3 -37.9 64.1
1478.2 -244 -127.4 40.6 -43.7 73.1
2370.5 -414.2 -150.2 49.1 -53 59.5
74 126.4 168.4
950.4 4 -70 41 -29 50.4
1594.3 -109.6 -124.3 -49.6 -76.2 14.6
2521 -272.3 -167.7 -92.1 -81 -9.4
41.1 72.2 108.7
976.3 7.4 -39.8 13 -22.4 20.7
1645.5 -68 -52.2 -73.6 -59 -35.2
2583.9 -215.5 -56.8 -112.6 -46.8 -68.5
8.7 25.5 19.2
996.2 14.5 -4.6 13.8 5.3 12.5
1693.6 -4 38.8 -21.4 15.6 -4.9
2647.7 -117.9 74.6 -29.7 59.7 -17.3
8 23.4 18.8
998 15.8 -3.7 14 5.3 11.9
1694.3 -2.4 34.3 -19.4 11.4 -3.3
2649.5 -118.3 66 -30.4 54.9 -16.3
8.6 24.3 19.1
999.9 19.5 -1.8 16.7 6.6 13.6
1700.5 -3.4 37.3 -18.5 13 -0.6
2660.2 -120.8 63.5 -31.1 51.2 -13.2
8.8 24.6 20
1001 20.8 -0.4 17.7 7.7 14.1
1705.9 -4.9 39 -18.4 13.7 0.7
2671.9 -121.9 60.6 -31.6 48.9 -11.3
8.7 24.5 20.5
1001 19.5 0.8 17.1 8.6 13.6
1709.7 -7.1 39.2 -19.6 13.4 0.1
2683.1 -122.1 56.8 -32.9 48 -11
9.3 25.4 21.5
1000 19.1 2.4 17.9 10 14.5
1713.8 -9.4 42.2 -20.6 14.9 0.4
2694.7 -123.5 55.4 -33.8 47.2 -9.9
10.7 27.3 24
996.5 17.8 3.8 19.7 11.6 16.3
1716.5 -12.7 47.6 -21.9 18 1.5
2705 -126.9 57.1 -33.4 46.7 -7.9
11.7 28.6 25.8
989 10.9 5 18.6 12.7 17
1710.3 -14.9 50.7 -24.7 18.5 -1.6
2706.1 -129.5 60.3 -33.2 49.5 -11.4
13.8 36.1 39
974.1 3.1 3.8 15.9 14.8 18.1
1681.6 -0.7 51.4 -31.4 31.6 -14.7
2678.5 -121.1 68.8 -34.4 71.8 -28.6
19.1 54.6 46.7
949.4 -3 -7.1 20.7 7.6 24.5
1601.1 74 -5.5 24.7 -6.6 11.8
2597.5 -114.5 83.8 -7.2 93.6 -38.8
18.6 42.6 35.8
929.8 -2.7 -7.8 20.9 -0.2 28.2
1554.2 94.5 5.4 23.2 -10.1 10.9
2527.3 -104.1 124.2 -10 85.6 -19.9
11.9 26.9 28.7
920.2 -10.9 -23.2 9.6 -11.1 18.1
1540.5 100.3 -15.6 14.7 -13.6 -6.4
2515.8 -98.4 94.6 -18 76.9 -33.2
9.2 27.5 27.4
929.3 -14.4 -22.7 4.8 -12.1 14.6
1559.6 93.2 -19.1 10.4 -21.5 -3.4
2540.6 -98.1 84.2 -21.8 70.3 -37.2
7.6 37.2 29
946.1 -17.6 -26.8 1.3 -15.2 12.2
1606 70.1 -27.2 -0.5 -38.6 4.8
2585.3 -96.9 69.3 -36.4 61.7 -54.8
winner is: 8
