Regression analysis information for: S03_selected_tokens_0011
number of formants: 3
number of coefficients: 5
44.6 76.1 10064
564.3 279.5 84.8 30.4 -57.6 -40.4
1268.2 680.3 303.7 28.3 -134.6 -88.7
2193.8 442.5 225.7 6 -100.4 -71.9
44 77.8 10066.8
558.8 289.9 97.3 53 -38.3 -55.8
1249.9 674.3 327.5 69.3 -114.4 -113.4
2185.9 436.2 241.4 32.4 -88.3 -83.1
102.6 188.7 153.6
623 243.6 94.9 -23.8 -137.3 126.4
1494 523.7 272.1 -83.8 -241.8 323.1
2394.3 289.7 217.5 -74.8 -197.7 264.1
58.5 87.3 77.4
802.2 68.8 17.8 -16.5 2.1 60.5
1908.3 78.2 130 -1.8 25.8 76.6
2733.5 -119.8 161.5 -11.9 20.1 33.3
7.9 5.9 37.2
824.6 55.1 -22.1 30.1 5.4 13.4
1934.5 46.8 74.8 66.7 30.5 0.2
2714.4 -106.7 128 24 52.9 -68.6
7.9 6.6 34.9
825.3 58.5 -20.9 30.5 5.3 14.6
1932.2 54.5 78.4 65.4 28.1 0.2
2684.9 -62 131.3 1.5 57.2 -62.3
7.8 7.5 31.9
827 60.1 -20.2 30.6 5.3 14.8
1934.8 62.6 80.3 63.5 26.5 0.6
2684.2 -43.2 126 -3.5 48.3 -43.5
7.7 8.9 28.2
827.4 62 -21.6 30.7 3.9 14
1941.8 73.2 83 62.3 23.8 -0.3
2701.6 -43.2 123.6 -4.3 39.6 -30.2
7.6 9.5 26
825.5 52.1 -27.2 24.2 0.1 11
1946.6 76 81.6 59.5 23.5 0.2
2719.2 -49.2 115.6 -3.4 33.6 -21.4
10.6 11.2 23.6
813.7 31.9 -46.9 10.6 -10.5 6
1954.6 82.6 80.6 55.6 19.4 -1.3
2744.4 -65.4 111.8 -4.9 25.5 -13.3
29.2 13.9 22.3
789 -17.8 -85.5 -18.8 -28.2 -0.2
1956.5 75.6 70.2 44.6 13.8 -4.2
2763.1 -91 100.6 -12.9 16.6 -11.9
39 18.6 24.2
773.3 -36.9 -98.9 -18.6 -23.3 13.3
1958.7 67.5 56.3 30.6 4.5 -7.2
2785.3 -128.3 92.3 -16.8 4.2 -7.7
39.5 19 37.6
757.4 -49.4 -104.2 -17.2 -25.2 14.1
1960.4 53.4 38.3 16.5 -2.4 -8.6
2808.9 -181.8 91.1 -2.8 -6.1 -10.9
36.9 31.9 97.7
704.9 -46.7 -89 24 -4.4 35.9
1887.5 -54.3 61 133.2 87.8 5
2776.9 -407.9 213.5 254 -23.8 -84.7
37.4 113.8 249.9
675.1 -15.7 -92.3 25.6 2.3 39.3
1807 -12.6 129.6 66.5 153.5 21.5
2707.9 -405.7 460.7 27.9 -64.4 99.4
34.6 81.5 67.4
654.9 2.7 -93.2 31 2 44.1
1761.8 27.4 141.8 74.7 156.1 -26.4
2268.1 297.4 172.2 -20.2 92.8 -70
35.7 91.6 109.7
661.3 -6.7 -95.4 21.1 -4 39.8
1788.7 25.9 108.3 78.4 150.9 -26.4
2305.8 219.1 238.8 -69.7 153.1 -125.3
42.2 54.5 288.4
682.2 -11.5 -99 23.8 -5.1 56.2
1899.1 -16 68.2 93.8 103.9 47.8
2834.8 -578.6 443.9 213.3 -116.9 62.1
46.6 66.9 369.5
704.7 -26.5 -116.6 4.2 -19.8 60.7
1947.1 -1.9 35.6 67.6 66.2 61.2
3191.2 -456.2 9.5 -84.4 -236.8 236.3
62.3 63.4 207.6
713.5 -30.9 -140.9 -4.6 -22.2 77.4
1970.7 13.1 18.3 69 111.2 106.2
3334.7 -464.1 -235 -110.8 -53.3 344.2
winner is: 9
