Regression analysis information for: S03_selected_tokens_0053
number of formants: 3
number of coefficients: 5
10 83.1 66
436.8 62.5 -10.2 -15.8 -18.6 6.9
1752.8 23.3 132.9 -117.5 39.8 42.1
2411.2 43.8 96.7 5.7 48.6 30.1
8.6 25 36
445.2 61.7 -17.2 -9.3 -15 5
1777.5 6.2 78.5 -73 66.9 -17.3
2419.4 31.2 65.5 29.9 63.4 -2.7
9.1 25.4 35.9
444.8 61.9 -21.5 -9.4 -14.3 3
1782.2 3.1 84.6 -75.4 69.3 -18
2426.5 28.5 73.6 25.4 64.4 -4.8
8.7 25.4 34.5
439.2 62.3 -19.7 -11.5 -13.2 2.5
1787.6 5.3 85.9 -77 69.1 -19
2436.6 30.4 74.7 22.9 62.6 -4.6
7.3 25.1 32.6
431.6 62.3 -14.1 -14.2 -12 3.1
1790.3 11.4 83 -77.3 66.5 -19.4
2444.1 34.8 70.7 23.3 58.6 -1.5
6.3 25.2 32.8
423.7 60.6 -10.1 -16.6 -12.5 3.2
1793.5 15.6 83.8 -80.4 65.9 -20.5
2451.1 38.8 70.6 21.7 58.1 -1.7
5.3 25.7 34.4
418.1 58.6 -7.4 -17.5 -13 3.3
1794.1 19.4 84.9 -85.1 65.1 -21.4
2453.2 42.8 70.2 19.3 58.4 -1.5
5.2 27.2 39.5
413.8 56.2 -7.2 -18.4 -14.4 3.2
1793.6 16.8 88.1 -94.2 65 -23.1
2451.9 41.8 72.1 12.1 60.9 -4
4.4 30.1 66.2
410.2 53.8 -4.1 -16.3 -12.9 2.4
1776.2 9.8 79.5 -101.4 57.8 -27.7
2407.3 11.4 80.7 47.3 81.3 -17.6
3.9 32.8 60.2
408.4 52.4 -3.5 -16 -12.7 3.4
1758.1 -7.4 79.9 -96.5 64 -20
2385.3 -5.9 80.7 51.6 88.4 -7.7
4.4 31.3 53.5
407.4 51.9 -4.3 -16.3 -13.4 3.7
1751.8 -12.7 84.7 -91.2 71.8 -10.3
2382.8 -1.6 85 48.1 89.8 -1
4.3 34.1 49.7
407.6 52.1 -4.2 -16.3 -13.5 4
1753.3 -10.7 87.6 -91 73.6 -6.9
2388.4 3.9 85.9 41.9 86.4 1.5
3.7 36.1 44.6
408.7 52.8 -3 -15.7 -12.4 4.4
1761.4 -3.2 91.4 -86.1 76.6 -5.9
2400.5 7.4 85.4 40 82.9 5.2
4.2 43.6 48
409.4 53.3 -4.1 -16.2 -13.3 4.2
1785.5 6.6 106 -90.4 82.6 -10.9
2428.9 11.9 94 23.5 85.7 1.9
4.2 48.4 63.8
411.4 54.4 -3.9 -16.1 -13.6 4.2
1822.4 26.8 120.4 -89.2 81.2 -19.8
2471.1 14.6 104.2 2.4 85.4 1.6
4.3 49.7 123.8
415.5 56.1 -4.3 -16.1 -14.4 3.8
1893.3 53.2 125.6 -82.9 62 -46.4
2584.3 55.3 124.5 -36.2 66.4 18.9
4.1 48.2 223.9
421 57.6 -4 -15.1 -14.8 3.5
1950 56.4 108.9 -59.2 53.8 -48.9
2836 48.4 83.5 24.1 -36 -65.9
5.4 48.3 215.1
425.4 57.7 -5.2 -13.8 -16.3 2.3
1984.2 50.9 100.3 -44.8 58.1 -41.2
3069.6 55.5 66.1 50.3 -154.5 -109.9
7.1 50.7 200.5
426.9 56.4 -7 -13.2 -18.4 1.5
2005.1 44.9 102.7 -38.7 66.4 -38.6
3197.2 13.3 49.2 70.6 -227 -104.3
6.1 52.5 206
425.7 56.5 -5.3 -14.7 -18.3 3.8
2010.6 42.3 103.5 -35.1 67.4 -34.3
3224.5 -48.5 43.3 104.8 -243.2 -76.8
winner is: 6
