Regression analysis information for: S03_selected_tokens_0033
number of formants: 3
number of coefficients: 5
29.4 286.5 120.8
428.4 -88.6 37.1 16.4 -31.6 -28.6
1656.5 -112 -224.3 -62 -335.9 -311.8
2584.1 -235.8 -60.6 -123.2 -175 -138.1
3.6 37.6 34.1
458.5 -80.3 11.3 7.3 -5.7 -3.4
1834 76.4 -317.2 -95.4 -33.2 9.3
2646.3 -97.3 7.4 -54.3 -10.8 16.8
3.1 33.5 24.6
464.7 -80 13.3 9.2 -4 -1.6
1815.6 73.3 -289 -91.3 -50.3 2.3
2627.9 -99.6 8.2 -58.3 -22.5 3.4
3 29.2 23.1
466.3 -80.4 14.2 9.9 -2.7 -0.7
1822.1 73.8 -293.5 -90.1 -51.7 -2.7
2639.9 -97 4.3 -56.9 -26.8 1.6
3.5 27.4 23.8
464.9 -81.5 14 9.8 -1.7 -0.1
1835.7 75.8 -308.2 -91.4 -47.4 -4.8
2658 -93.6 3.1 -54.5 -28.6 1.6
3.7 28 27.2
456.1 -88.7 11.4 11.9 3.5 5.5
1864.4 88.7 -322.9 -97.4 -45.4 -6.5
2680.3 -81.1 6.2 -52.8 -34.4 -1.6
6.1 41.9 46.2
433.1 -86.7 18.1 5.3 14.4 4.2
1910.8 104.4 -397.5 -132.2 -37.6 0
2690.1 -93 23.1 -33.9 -39.2 -0.2
5.4 57.6 65.1
415.8 -82.4 21.5 0 13.9 3.5
1951.5 119.1 -456.3 -146.3 -21.2 -13.8
2666.3 -124.7 32.5 -29.8 -1.4 58.2
4.3 121.4 78.4
403.6 -76.6 22.5 -0.1 8 2.5
1851.4 61.5 -386 -46.8 61.2 -34.4
2592.8 -146 21.2 -91.8 124.9 148.1
2.6 200.3 99.9
397.7 -75.7 24.1 -0.3 3.9 0.7
1676.9 52.3 -164 -95.1 -58.9 58.1
2539.3 -190.9 -87.6 -159.9 99 120.5
7.9 115.9 44.9
391.4 -74.9 32.6 1.7 -4 -3.1
1532.1 15.4 78.1 0.6 -246.6 -65.7
2472.4 -161.3 -5.3 -96.4 -2.9 14.1
1.6 81.1 50.1
394.6 -72.9 29.5 1.3 1.3 -1
1606.4 73.5 22.2 -17.3 -200.2 -69
2512.7 -106.5 46.9 -41.9 53.5 49.1
2.1 157.1 108
398.5 -71.2 29.1 1 3.1 -1.4
1615.1 105.6 99.6 3.4 -266.6 -118.5
2683.9 151.9 309.4 109.4 110.1 14.1
4.8 81.3 160
408.9 -72.7 22.2 1.1 6.4 -1.5
1975.2 169.6 -400 -165.3 -64.2 30.2
3207.3 419.3 -48.7 -170 124.1 -37.8
7.3 47.7 122.7
417.6 -80 19.2 5.5 4.5 -1.6
2039 98.4 -459.9 -85.2 -77.8 -16.5
3502.8 85.7 -67 113.3 -75.5 -4.3
7.6 50.2 149.1
419 -87.2 21.4 7.8 0.3 -1.5
2061 77.4 -451.8 -83.4 -94.2 -4.2
3505.1 -5.1 -134.8 43.1 -148.4 -50.7
6.2 49.8 147.7
415.6 -89.2 27 7.9 -2.9 0.2
2064.1 66.7 -458.5 -82.9 -93.6 3.7
3528.5 -27.4 -158.1 46.2 -157.9 -48.9
4.5 50.3 148.3
411.3 -87.6 31.6 5.8 -3.4 1.1
2059.4 65.1 -461.6 -83.5 -83.1 7.1
3530.7 -46.6 -153.9 78 -138 -43.5
3.3 50.3 159.1
408.6 -85.6 34.1 4.4 -2.8 1.4
2049 70.6 -458 -84.7 -68.1 5.7
3512.4 -38.9 -100.7 131.7 -85.2 -37.4
2.5 50.4 146.2
407.8 -84.8 35.8 4 -2.6 1.6
2028.7 74.5 -455.5 -87.1 -55.1 3.9
3487.6 19.6 8.7 199.3 -20.5 -10.8
winner is: 5
