Regression analysis information for: S03_selected_tokens_0064
number of formants: 3
number of coefficients: 5
15.2 251.4 241.6
280.5 -14.9 -30.6 -36.7 -13.3 6.2
1175.8 -239.1 -116.3 -453.9 12.6 80.4
2328.6 -157 -123 -421.4 -30.7 103.7
15.8 204.7 174.9
274.6 -13.9 -13.3 -31.6 -15 7.4
1094.5 -242.2 62.2 -508.5 -211.7 249.3
2247 -188.6 46.5 -481.5 -212.9 238.3
1.9 65.7 75.6
290.2 -6.9 -7.7 -13.1 -8.1 2.2
1329.5 -342 -277.8 -208 -103.1 -94.3
2470 -273.8 -260 -168.5 -124.7 -55.1
2.1 15.4 3.2
295.4 -7.3 -7.2 -5.1 -1.7 1.5
1453.5 -89.3 -46.2 -39.8 10.1 -23.8
2609.9 -3.1 -22.8 15.9 -0.4 6.7
1 9.9 2.4
299.5 0.6 -12.1 -1.3 2.3 0
1459 -71.4 -38.2 -22.8 8.3 -11.6
2611.1 -9.4 -19.3 11.7 -0.4 5.7
0.8 10.7 2.1
293 3.1 -9.6 -1.8 2.2 1.4
1466.6 -68.6 -39 -20.3 11.7 -10.3
2613.2 -10.4 -19.2 11.5 0.2 5.2
0.9 17.8 2.6
282.2 2.9 -7.5 -1.9 1.3 0
1461.4 -93.3 -41.1 -34.5 19.6 -22
2614.2 -8 -20.2 13.3 0.1 5.8
0.6 24.2 2.8
274.9 3.8 -5 -4 -0.2 0.3
1433.2 -121.9 -64.6 -58.9 0.9 -35.7
2615.7 -8.8 -20.2 13.1 0.3 5.7
0.3 18.9 2.1
267.8 4 -1.5 -3.2 -0.5 0.4
1327.4 -171.5 -69.5 -59.7 -40.9 -38.5
2617.8 -12.1 -18.6 10.2 0.4 5.1
0.3 10.2 2.7
262.8 3.6 -2.3 -4.6 -0.4 0.5
1187.2 -196.9 -83.8 -83.4 -43.5 -18.7
2613.9 -10.3 -20.2 10.4 -0.9 6
0.5 13.5 4.4
260.6 1.9 -2.3 -5.1 0 0.5
1144.6 -215.5 -67.4 -85 -22.1 -27.3
2606.4 -4.5 -24 13.9 -2.5 8.1
0.5 14.1 4.3
260.4 1.9 -2.3 -5.4 0.2 0.5
1148 -209.5 -63.4 -89.4 -16.1 -27
2605.4 -4.3 -23.7 12.6 -1.3 7.9
0.3 12.6 2.5
261.1 3.4 -1.5 -4.6 0.5 0.6
1158.1 -186.8 -58.6 -80 -19 -25.9
2608.9 -8.1 -19 9.2 1.4 5.7
0.4 18.3 2.3
263 5.2 -0.4 -3.6 1.2 0.8
1163.8 -210.9 -81.6 -99.8 -32.6 -37.8
2613.6 -8.2 -17.8 9.6 2.1 5.1
0.6 173.8 151.8
264.9 6.4 1.5 -2.1 2.4 1.3
1338.8 58.5 237 172.5 253.3 184.6
2774.1 296.6 282.8 285 254.6 216.5
6.1 218 179.4
263 0.2 -4.4 -5.7 1.4 2.4
1315 -27.3 172.7 132.8 247.9 199.6
2807.1 350.4 336.6 334.2 300.1 254.5
0.6 146.1 2.7
269.3 10.3 1.9 -0.2 2.9 1.5
1389.9 119.7 257.1 217.4 255.9 197.4
2624 -12.8 -18.3 11.8 0.6 5.2
0.3 207.4 11.5
270.3 9 -0.2 -1.1 2 0.9
1352 18.8 191.7 184.6 259.4 232.5
2640.1 12.1 8.3 35.9 22.6 23.7
0.4 144 232.7
271.4 8.6 -0.6 -1.2 2 0.8
1500.3 259.8 429.4 324.5 318.8 181.9
2956.2 618.7 521.6 420.6 241.7 83.3
0.4 144.1 212.4
272.4 7.8 -1.9 -1.7 1.7 0.9
1490 246 456.7 327.1 318.1 191.8
3013.1 726.8 630.7 517.8 333.1 159.5
winner is: 10
