Regression analysis information for: S03_selected_tokens_0003
number of formants: 3
number of coefficients: 5
65.7 89.6 61.7
729.1 287 -206.1 76.2 19 -74.8
1529.7 327.8 -291.2 141.1 -1.6 -106.6
2279.5 133.5 -278.7 115.9 16.5 -72.8
39.7 60.6 101.2
870.7 25.9 -31.4 24.2 -30.5 32
1746.8 -77.2 -25 56.9 -62.6 40.7
2503.5 -307.9 33.8 2.9 -28.6 77.2
4.7 9.7 69.2
876.2 7.4 -9.4 -0.6 -4.1 3.6
1756.4 -125.8 22.1 16.1 -20.6 -3.6
2496.5 -379 139.9 -74 25.4 35.2
4.1 8.1 54.6
872.9 13.3 -13.1 1.5 -4.6 2.9
1749.4 -118.1 20.7 17.1 -21.1 -3.6
2464 -332 125.8 -80.1 35.3 26.5
3.7 6.6 48.4
873.3 15 -14.8 2.4 -4.7 2.5
1749.9 -109 14.6 18.4 -20.8 -4.7
2457.7 -286.6 72.5 -51.7 29 17.3
3.4 5.8 38.7
874.9 14.8 -15.8 2.7 -4.6 2.3
1755.2 -103.2 9 18.8 -20.8 -5.3
2480.5 -282.8 41.7 -33.9 25.3 10.2
3.2 5.8 32.3
876.8 14 -16.5 2.7 -4.6 2.1
1763.1 -99.5 4.7 18.1 -20.7 -5.2
2514 -294.7 20.3 -21.6 22.7 4.8
3.1 6 28.7
878.5 12.8 -17.2 2.3 -4.6 2
1772 -96.6 1.3 16.7 -20.7 -4.7
2550.1 -311.1 1.7 -12.1 21 -0.3
3.1 6.1 26.6
879.9 11 -18.1 1.6 -4.8 1.7
1781.3 -93.4 -1.4 14.6 -21.4 -4.1
2586.9 -328.4 -17.1 -3.5 18.3 -5.8
3.3 6.9 25.8
880.8 8.6 -19.6 0.7 -5.3 1.3
1792.5 -90 -5.4 9.2 -21.3 -1.8
2627.2 -349.9 -38.8 -0.1 20.7 -11.4
4.6 8.6 32.4
878.8 4.8 -24.2 -0.6 -7.7 0.7
1804.1 -86.8 -11.5 1.5 -24.2 -1.2
2663.4 -389.3 -64.8 -2.7 18.8 -27.2
5.9 13 50.4
874.9 -1.7 -29.8 -2.7 -10.9 -0.4
1813.9 -93 -28.1 -17.4 -34.8 -8.2
2702.8 -448 -103 -12.5 30 -51.5
6.8 16.7 92.5
867.2 -7.9 -36.4 -0.8 -13.7 0.7
1823.8 -102.7 -53.4 -47.6 -51.6 -13.9
2734 -554.8 -126.3 -4.5 94.2 -71
12.9 91.6 169.5
851.5 -4.6 -48.3 8.7 -20 8.5
1737.2 -214.9 -2.5 86.2 9.6 -71.3
2693.7 -786.9 -113.4 214.6 246.8 -98.3
14.4 116.8 213.2
826.9 16.5 -57.4 24.5 -25.1 12.4
1661.7 -240 -4.2 206.2 -22 -51.6
2823.9 -852.7 -313.6 456.7 148.7 -123.7
17.4 181 378
787.8 57.4 -66.7 27.4 -28.2 -3.8
1512.7 -161.1 163 62.8 -60.4 -96.4
2320.9 -293 -273.6 500.6 -162.8 -170.2
9.4 54.9 69.3
766.3 86.6 -61.5 6.5 -14.1 6.4
1498.5 -109.1 164.7 2.9 -14.8 -53.6
2026.1 -42.7 98.2 -4.7 -0.6 43.4
8.8 78 106.2
779.3 76.9 -54.9 -0.2 -10.6 6.3
1533.2 -114.7 165.2 14.5 -31.4 -57.9
2055.1 -128.6 194.6 -92.7 89 -45.7
41.5 138 283.8
789.7 47.1 -8.6 3.6 -39 -13.7
1541.8 -107.9 258.9 -19.6 -50.7 -68
2242.2 -481.4 357.4 -55.6 -37 39.2
29 169.9 425.5
829.3 36.1 -20 -10.6 -22.2 17.8
1723.9 -161.8 178.8 103.3 -89.9 -52.6
2971.1 -910.8 -249.5 100.9 -38.5 10
winner is: 9
