Regression analysis information for: S03_selected_tokens_0045
number of formants: 3
number of coefficients: 5
12.4 188.3 133.8
437.3 70.7 0.6 -5 -14.5 -7.2
1180.5 -235.6 232.7 -4.9 159.8 63.2
1918.9 -213.6 332.3 33.4 59.7 135.9
8.5 133 120.6
445.5 73 9.7 9 -4 2
1284.5 -323 300.1 199.4 72.7 65.8
2023.5 -278.2 309.4 167 -15.9 149.4
13.8 141 106
452.1 74.7 3.1 2.6 -8.9 5.1
1591 -80.9 76.1 23.9 29 -0.9
2380.2 -24.9 21 10.8 -2.5 32.9
5.1 8.3 21
464.7 88 -3.7 1 -3.8 1.9
1665.6 -9.9 32.8 -25.8 28.3 -25.3
2433.4 20 -3.5 -29.1 -6.5 14.7
5.2 8.6 21
466.4 91.9 -9.5 -2.6 -4.5 -1.8
1667.2 -10 33.4 -26 28.4 -25.1
2438.2 15.1 2.1 -28.4 -4.1 16.4
6.5 8.9 20.9
463.8 92.5 -13.1 -6 -6.6 -5.5
1668.8 -9 33.6 -26.5 28.1 -25.7
2445.9 13.4 5 -27.9 -1.2 17.1
7.9 9.2 20.6
459.2 91.2 -14.2 -8 -9.4 -8.3
1669.8 -7.4 33.3 -26.9 27.8 -26.6
2452.8 14.6 4.8 -26.5 0.6 17.6
8.8 9.5 19.7
450.7 87.4 -11.6 -10.6 -12.4 -9
1668.8 -5.2 32.5 -28.8 28.1 -28.1
2456 19.2 0.6 -25.4 0.1 18.1
8 10.2 27.3
431 72.5 -4.8 -5.4 -12.3 -9.1
1648.3 -10.5 29 -28.4 31.5 -32.4
2405.2 30.4 -27.2 -39.1 -27.7 13.6
6.7 9.1 31.1
427.5 68.9 -4.7 -4.4 -11.4 -7.9
1634.4 -22.6 24.4 -26.6 36.3 -30.3
2370.6 14.1 -23.2 -41.2 -30.7 10.6
6.5 8.7 29.1
427.7 68.7 -4.4 -3.7 -10.8 -7.8
1634.8 -25 25.9 -23.8 39.1 -29.3
2376.3 6.9 -15.5 -33.4 -21.7 6.8
6.4 10.3 30.9
428.8 69.1 -4.4 -3.2 -10.4 -7.7
1641.2 -23.7 29.2 -21.6 40.4 -28.4
2398.4 3 -10 -26.3 -10 3.9
6.4 12.9 33.6
430.5 69.9 -4.3 -2.9 -10.2 -7.5
1651.4 -20 34.4 -19 41.5 -25.9
2429.4 2 -1.4 -18.9 4.2 6.1
6.9 14.2 35.5
432.3 70.9 -4.2 -3.1 -10.4 -7.5
1664.9 -14.1 41.7 -16.6 41.7 -21.4
2468.3 6.5 15.4 -10.8 21.5 17.4
8.6 13.7 41.9
434.2 71.4 -4.7 -4.6 -12 -8.2
1682.2 -7.2 50.4 -16.2 39.6 -14.1
2520.6 19.7 47.9 -1.3 47.7 46
13.2 14.8 57.4
435 69.2 -7.3 -8.6 -16.5 -11.5
1702.8 -4.4 59.6 -16.8 33.3 -5.5
2596.8 28.4 103.3 20.8 82.1 95.6
14.5 18 81.9
437 69.7 -5.7 -8.9 -17.7 -11.7
1720.3 -3.9 65.1 -18.3 25.2 0.9
2676.5 4.2 158.5 34.9 94.5 154.9
30.7 43.9 123.5
453.2 101.2 26.3 20.5 10.7 18.2
1750.3 22.4 97.3 6.5 44.9 30.5
2769.1 7.1 247.9 77.7 145.9 228.6
20.4 21.6 112.8
435.4 67.5 -6.7 -15.5 -26.6 -16.5
1747.5 -2.4 70.9 -21.8 10.2 0.2
2789.7 -47.5 233.8 47.5 116.8 194
19.6 21.5 109.7
434.7 70.7 -1.2 -16.3 -28.4 -13.7
1757.5 1.9 68.1 -23.8 2.1 -4.4
2807.5 -60.4 228.3 48.3 122.3 181.1
winner is: 4
