Regression analysis information for: S03_selected_tokens_0014
number of formants: 3
number of coefficients: 5
7.3 40.9 4.1
390.6 11.2 -24.7 3.3 -7.1 -7.3
828.3 3.5 -10.3 -34.5 -3.8 41.9
2174 -68.1 -22.5 -9.7 -9.1 7.2
7.6 46.7 3.9
396.1 4.7 -18.6 3.6 -4.6 -4.9
830.5 38.3 -19 -39.4 -19.1 28.4
2177.2 -67.3 -20 -10.1 -9.4 7.5
25.9 282.9 126.9
397.2 -5.4 -19.6 -3.6 1.4 1.5
821.7 -54.9 122.8 -81.2 76.5 162.3
2249.4 -141.5 94.5 -32.3 35.2 62.8
14.8 427.7 190.2
428.9 -14.8 4 4.1 -9.2 2.4
1870 -126.1 345.9 85.5 12.3 3.5
2819.8 -211.2 163.8 17.4 -14.2 -22.4
5.9 6.2 12.2
454.1 -14.8 -4.8 -1.6 -9.6 4.8
2156.3 -65.2 -33.4 -12.4 -9.4 -0.2
2931.1 -193 4.1 -12.6 -30.9 -33.9
5.6 6.1 12.1
465.8 -15.3 -8.2 -4 -11.6 5.3
2150.8 -63.3 -31.7 -11 -8.4 -0.7
2914.6 -189 9.1 -3.9 -29.9 -35.3
6.1 6.4 12
472.3 -13.6 -8.5 -6.9 -9.8 5.4
2151.3 -62.5 -28.5 -9.7 -9.6 -0.4
2909.4 -182.5 17.8 3.3 -30.2 -31.5
6.8 6.1 9
459.4 -15 -14.1 -2.9 -10.8 9.4
2158.4 -64.1 -24.7 -11.2 -8.3 -0.6
2924.6 -184 24 -3.9 -26.1 -33.9
5.3 6.1 15.4
424.1 -17.8 -16.4 -2.3 -10.3 -5.1
2172.1 -63.2 -24.1 -9.4 -6.7 8.8
2954 -185.7 4.9 -20 -30 -24.1
3.8 5.6 26.1
410 -8.8 -21 -1.8 -9 -4.3
2176.7 -68.4 -24.1 -11.1 -8.5 7.1
2960.1 -205 -8.7 -36.1 -43.3 -41.4
3.4 5.8 26.7
406.3 -2.9 -22.3 -0.7 -6.8 -4.1
2176.8 -72 -25.3 -13.9 -11.5 5.1
2964 -207.2 -3.3 -34.6 -43.4 -40.7
3.5 6.9 25.4
404.2 -0.2 -23.7 -0.8 -6 -4
2175.5 -72.9 -27.7 -14.6 -12 3.5
2965.7 -211 -2.3 -34.8 -43.2 -40.6
3.9 8.8 22.8
402.1 0.9 -25.4 -1.7 -6.5 -4.1
2175.7 -70.3 -28.4 -12.4 -8.4 4
2968.9 -214.9 -5 -36.9 -41.6 -39.8
4 12 24
399.1 1.8 -23.5 -1.9 -6.5 -3.3
2172.1 -67.3 -32.8 -12.9 -6.1 1.6
2970 -216.9 -10.7 -38 -39.8 -41.3
3.6 10.8 22.6
397.5 2.4 -19.3 -0.9 -6.1 -2.1
2168.4 -64.9 -30.6 -11.9 -4.3 4.4
2968.6 -209 0.9 -23.8 -28.9 -36.9
3.4 12.1 18.6
396.6 3.3 -18 -0.5 -6.4 -1.9
2165.2 -49.7 -24.1 -4.3 2.6 6.7
2969.1 -187.2 22.2 -3.1 -15.6 -28
3.4 10.6 18.5
396.4 3.8 -17.1 -0.4 -6.3 -1.6
2165.8 -41.2 -14.2 -0.7 8.1 11
2975.6 -161.4 51.8 17.4 3.3 -11.9
3.9 10.4 32.8
395.5 3.7 -18.1 -0.6 -7.5 -1.7
2169.6 -36.1 -4.4 5.3 9.9 16.4
2994 -128.6 91.7 48.6 26.1 15.1
3.9 10.9 45.1
395.9 3.9 -17.8 -0.4 -7.6 -1.5
2174.9 -34.6 1.2 8.8 7.7 21.1
3009.3 -106.3 115.2 67.9 37 33.9
3.9 11.4 51.8
396.2 3.8 -17.8 -0.5 -7.9 -1.4
2181.7 -37 4.2 9.5 4.1 25.7
3022.1 -98.4 122.9 72.6 39 44.8
winner is: 8
