Regression analysis information for: S03_selected_tokens_0065
number of formants: 3
number of coefficients: 5
4.8 99.2 186.2
377.7 9 12 -2.2 0.1 -0.1
1394.8 311.9 194.8 -11.7 21.9 -80.1
1932.7 438.4 377.9 -412.9 63.7 -65.7
6.4 98.5 175.3
384.7 6.7 4.6 -9.5 -3.7 0
1385 313.3 252.5 -113.3 57 2
2112.6 222.6 397.4 -355.4 -46.3 166.8
7 61.3 94.6
389.1 1 -8 -12.6 -4.7 -1.5
1453.4 248.8 218.2 -29.5 10.3 -5.4
2404.5 16.5 68.2 -3.9 -38.3 31.6
7.8 14.5 20.7
389.2 -4.4 -18.3 -12.6 -2.6 -0.2
1478.2 249.3 168.2 -22.1 56.2 -10.4
2455.4 19 -9.4 -3.8 55.1 20.8
8.1 14.5 19.1
385.4 -9.6 -23.3 -10.3 1.3 0.7
1480.9 251.6 168.4 -21.1 56.2 -11.1
2466 18.4 -1.8 -4.8 54.8 19.3
7.4 14.3 18.5
378.5 -14.4 -22.8 -5.7 4.6 1.3
1481.1 254.7 168.1 -20 57.2 -11.6
2477.5 14.7 3.6 -7.7 57 16.1
4.8 13.1 19.5
369.2 -17.1 -15.5 -3.4 2.1 -0.3
1477.8 259.7 174.7 -22.2 61.6 -11.9
2484.8 17 3 -3.1 60.1 21
2.6 13.7 27.5
364 -17.8 -10 -2.2 -0.2 -0.4
1464.5 261.5 176.4 -19.3 65.1 -9.8
2476.2 25.7 -8.4 4.7 61 31.5
1.9 13.6 26.3
361.3 -18.8 -8.2 -2.2 0 0.2
1451.8 256.6 182.7 -17.1 73.7 -4.2
2462.3 9.2 11.4 -8.2 91.2 31.2
1.4 15.3 29.7
360 -19.7 -8 -2.5 -0.3 0.3
1445.4 248.2 185.4 -20.1 76.9 -0.7
2441 -5.8 13.1 -15 96.9 37.6
1.2 17.3 27
360 -19.7 -7.7 -2.9 -0.3 0.4
1437.4 239.2 177.8 -23.4 77.3 1
2428.7 -18.5 2.5 -29 87.7 35.1
1.3 16.5 24.1
360.6 -19.7 -7.7 -3.2 -0.4 0
1449.6 248.1 186.9 -27 74 -5
2447.6 -1.9 12.8 -24.6 87.1 33.3
1.4 17.4 22.4
361.8 -19.4 -7.8 -3.4 -0.8 -0.5
1464.4 261 192.3 -28.7 65 -14.7
2480.4 15.8 18.2 -15.9 76.6 24.5
1.6 20 24.8
363.4 -18.7 -7.8 -3.2 -1.4 -1
1479.4 277.7 195.1 -26.1 54.3 -25
2525.4 46.4 28.1 -1 60.3 9.7
1.9 19.7 30.8
364.6 -18.9 -8.6 -3.1 -2.4 -1.7
1500.4 294.2 203.7 -27.1 43.4 -34.5
2578.4 92.4 47.9 18.8 42.1 -7
2.1 19.2 32.3
365.4 -19.2 -9.4 -2.9 -3.3 -2.2
1513.4 305.4 205.8 -25 34.6 -40
2618.5 124.9 58.6 34.4 21.8 -23.3
2.2 18.2 31.9
365.8 -19.9 -10.3 -2.8 -4.1 -2.4
1523 312.5 206.4 -23.8 28.4 -42.2
2647.5 146.4 64.6 44.9 7.9 -30.7
2.4 18.7 32.4
366.4 -20.6 -10.7 -2.4 -4.5 -2.3
1526.1 313.2 202.5 -19.4 24.2 -42
2663.7 143.8 60.7 52.9 -4.2 -33.3
2.2 17.7 32.8
366.3 -21.9 -11.3 -2.4 -4.8 -2
1531.8 308.9 203.9 -20.9 25.6 -35.8
2668.8 130.5 58.3 61.6 7.9 -9.2
2.3 18.7 33.4
367.3 -22.4 -11 -1.6 -5.3 -1.8
1532.9 301.2 198.1 -16.1 24 -30.7
2679 105.7 46.5 68 2.9 -1.7
winner is: 7
