Regression analysis information for: S03_selected_tokens_0084
number of formants: 3
number of coefficients: 5
59.7 152.6 119.6
678 -282.9 -120.3 44.4 31 10.8
1483.2 -320.5 -345.9 -88.4 69.4 32.1
2817.9 -434.8 -68.4 23.6 65.8 23.8
15.8 153.3 97.9
730.9 -208.4 -135.2 -26.8 -21.7 8.5
1868.2 321.2 -15.5 -24.1 73.1 94.9
2997.2 -147.2 -22.7 -74 32.9 -22.7
8.6 13.4 70.9
744 -184 -116.2 -24 -30.6 -4.6
1925.7 430.2 60.5 -2.9 28.2 -1.7
2983.5 -194.9 -37.7 -32.1 -8.2 -72.1
8.5 13.7 48.1
747.8 -178.7 -113.5 -22.6 -32.5 -5.5
1920.8 421.7 57.4 -6 25.5 -0.4
2977.6 -242.7 -14 28 -45.5 -29.1
9 13.1 37.3
751.5 -178.1 -113.2 -24.9 -34.9 -7
1921.4 416.8 56.3 -5.5 25.4 1.5
2983.6 -218 -0.4 18.5 -43.4 -22.1
9.3 13.3 33.4
751 -182.5 -117 -27.3 -36.5 -8
1926.7 419.6 58.1 -4.4 26.6 3.9
3003.4 -196.5 2.5 12.3 -38.8 -16.8
9.3 13.6 33.3
746 -190.4 -123.6 -28.4 -35.8 -7.2
1934.1 427.2 61.7 -3.6 28 6.2
3030.6 -178.4 1.6 11.5 -33 -13.6
8.8 14.3 34
740.8 -198.7 -127.1 -28.3 -33 -6.1
1939.9 430.8 63.6 -1.5 30.3 7.1
3059.9 -158.3 3.1 9.4 -28.1 -16.3
10.5 14.7 45.6
724.9 -209.7 -137.5 -19.9 -26 4.1
1947.5 444 67.8 2.2 32.4 10.2
3092.6 -142.6 8.8 9.6 -20.7 -20.9
12.2 25.6 72
708.2 -218.8 -140.5 -7.6 -12.9 12.5
1938 424.4 44.3 -14.7 19 0.5
3091.2 -187.6 -44 -33.7 -50.4 -44.9
14.9 68.2 88.1
673.6 -225.8 -145.2 18.9 10.4 26.6
1905.8 380.3 6.2 -21.2 35.6 29.5
3087.6 -242.2 -92.5 -54.7 -48.7 -41.6
16.7 38.9 68.8
629.1 -209.8 -134.5 54.8 13.1 17.1
1908.2 417.6 0.8 -17.7 16.1 16.4
3015.9 -415.5 -187 -30.2 79.8 107.3
12.6 21.9 107.5
589.4 -187.9 -91.5 42.6 -10.1 25.5
1924.3 485.9 48.1 5.2 28.2 26.5
3054.2 -386 -170.5 41.4 102.7 46.7
10.7 22.7 108
573.3 -170.2 -78.2 35.8 -13.9 19.5
1909.5 503.2 65.7 10.2 20.1 13.4
3044 -113.8 314.9 136.6 -178.3 -71.5
10.6 21.1 94.9
568.8 -157.9 -75.2 27.8 -14.9 18.1
1907.3 518.5 71.8 -4.8 14 18.4
3111.9 -11.2 271.4 42.8 -182.8 29.1
7.6 17.3 96.6
572.4 -158.7 -82 24.8 -7 18.5
1918.8 522.8 60.3 -12.9 19.3 18
3192.8 -1.6 149.2 62.5 -90.7 -8.8
9.2 16.2 61
585.6 -167.6 -95 24.4 5.3 15.1
1932.8 513.6 42.9 -13 28.5 12.5
3311.8 -17.7 -27.9 52.2 94.6 -12.8
13.5 17.6 57.9
597.7 -176.7 -107.2 28.1 15.6 12.3
1942.2 507.5 33.1 -11.5 37.1 14.6
3322 -56.9 -38.2 36.7 104.9 -4.2
14.8 18 57.5
604.3 -183.6 -105.1 24.5 21.1 10.2
1940.8 496.9 27.8 -9.9 42.7 18.4
3325.6 -90.5 -49 34.1 124.1 6.9
16.1 18.4 58.3
602.6 -186 -97.3 22.1 20.8 10.7
1934 493.5 30.8 -4 46.4 20.9
3321.9 -112.4 -47.1 44.5 137.7 6.1
winner is: 6
