Regression analysis information for: S03_selected_tokens_0039
number of formants: 3
number of coefficients: 5
2.3 46.6 39.4
419.8 -53.7 23.7 -10 0.1 0.6
997.1 -145.4 43.2 121.3 46.7 39.9
1987.7 313.2 -314.6 -101.7 -48.3 -44.7
6.5 168.2 89.3
425.4 -62.3 27.1 -6.9 -0.1 6.4
1201 206.6 305.7 286.1 76.3 -80.5
2068.5 475.9 -195.7 -29.3 -15.6 -55.6
4.7 264.3 163.3
442.7 -72.9 33.6 -9.7 -8.4 7.5
1543.1 475.2 156.5 -58.3 -445 -147.6
2340.2 344.3 -205.7 100 -301.9 123.4
8.6 100.7 145.1
457.7 -88.2 36.9 -11.2 -10.5 11.7
1906.4 402.6 -381.7 -28 -120.2 40.1
2580.8 95.1 -246.8 119.8 -224.2 162.5
4 47.5 20.5
471.2 -108.5 47.4 -19.4 -4.3 8
1939.3 308.5 -294.3 -115.6 -59.1 -29.9
2695 -134.3 -15.7 -96.9 -23.8 -26.3
3.7 44.8 20.3
474.3 -113.7 50.2 -23.6 0.5 5
1952.5 317.3 -282.5 -107.7 -56.1 -29.2
2699.4 -118 -16.7 -88.2 -26.9 -22.8
4.1 46.1 19.8
474.6 -117.4 51.7 -25.8 3.4 3.5
1950 315.2 -295.7 -115.1 -61.6 -33.7
2706.1 -118.1 -17.3 -86.8 -25.8 -20.3
4.3 46.6 19.5
469.4 -113.9 49.8 -27.9 7.2 0
1956.1 319.1 -299.4 -116.3 -61.9 -36.3
2713.2 -118.6 -17.6 -87.7 -26.2 -20.2
4.8 46.8 20.3
458.6 -102.1 44.9 -29.2 13.2 -6.1
1969.2 328.2 -295.3 -114.1 -58.5 -39.1
2715.1 -125.4 -26.9 -96.7 -35.3 -27.8
3.9 42.6 25
445.4 -95.2 43.5 -24.3 15 -7.8
1942.9 280.6 -339.3 -136.2 -51.6 -28.3
2668.6 -208.3 -66.3 -100.9 -17.8 -18.6
2.6 68.3 19.2
435.4 -82.9 40.1 -20.2 9.1 -3.9
1883 244.6 -318.5 -104.9 -9.4 -15.1
2643 -210.9 -17.6 -99.5 -33.4 -33.6
1.9 53 24.6
431.1 -75.2 35.5 -16.1 5.5 -1.4
1856.4 276.8 -235.7 -107 -66.5 -17.4
2635.2 -188.1 -0.6 -107.6 -26.8 -35
1.9 62.1 34.2
429.9 -71.2 33.4 -14.2 4.5 -0.6
1910.5 356.8 -196.5 -99 -76.6 -33.2
2633.9 -165.4 -9.7 -91.6 -19.8 -19.3
1.8 55.7 37.6
431.1 -70.8 34.1 -13.8 4.4 -0.3
1962.9 412.5 -209.3 -126.5 -90.5 -34.7
2688.6 -77.9 63 -35.3 3.9 -10
1.8 49.8 66.4
433.7 -72.6 35.6 -13.9 4.4 -0.1
2006.1 434 -279.5 -176.5 -89.7 -18.7
2811.5 103.6 221.6 42 9.5 -47
1.8 60.2 78.7
434.8 -72.4 35.3 -13.8 4.8 -0.2
2049.8 439.5 -319.3 -160.3 -41 -13.1
2903.8 210.1 273.1 41 -5.2 -29.8
1.8 60.8 100.5
437.5 -74.7 35.6 -13.4 4.7 -0.3
2062 422.7 -358 -143.6 -37.4 -37.9
2990.7 238.7 202 -27.9 -14.9 -6
1.7 54.8 116.8
439 -75.5 34.6 -12.9 5 -1.1
2085.3 409 -386.5 -111.9 -34.6 -66
3060.5 252.8 145.5 -47.3 4.4 20.6
2.1 51.4 119.4
439.2 -74.4 32.9 -12.7 6.1 -3
2117 400.1 -399 -71.1 -34.3 -87.6
3118.7 261.5 112.6 -34.2 27.6 42.2
3.3 49.3 126.5
439.8 -74.7 32.3 -12.9 7.6 -5.1
2119.4 384.1 -422.7 -62.8 -48.2 -98.7
3164.6 243.6 61.9 -25.2 10 15
winner is: 6
