Regression analysis information for: S03_selected_tokens_0076
number of formants: 3
number of coefficients: 5
12.1 270.4 72.8
377.8 -27.9 -12.7 -6.3 -9.2 -5.7
2332.1 99.8 -188.3 193.5 31.1 203.8
2854.4 115.4 8.6 68.5 4.5 74.4
12.2 42 22.5
382.2 -25.9 -12.9 -7.2 -13.2 -8.2
2476.2 100.6 -45 -16.5 -35.5 -17.5
2883 73.2 62.9 -12.2 20.9 1.5
12.5 41.9 20.4
383.2 -26.1 -13.2 -6.9 -13.8 -8.7
2471.1 99.4 -44.8 -17.7 -34.7 -13.8
2878.7 75.4 63.1 -9.3 22.6 5.2
12.8 43.1 18.7
381.9 -26.2 -13.7 -8.3 -14.2 -9.6
2475.7 100 -43.2 -12.8 -32.2 -10.4
2888.8 76.1 67.5 -4.3 25.2 8.3
12.5 42.1 19.8
378.9 -27.5 -14.3 -10.5 -14.3 -10.2
2488.2 108.8 -39 -5.7 -28.3 -6.1
2904 80.8 71.8 -0.5 26 9.9
11.7 43.1 25
374.3 -30.8 -16.2 -14.2 -15.3 -11.1
2501.3 115.1 -39.4 -3.1 -28.6 -6.4
2922 90.5 80 5.8 29 12
10.9 41.6 31.6
370.4 -33.7 -17.7 -17.1 -16.1 -11.4
2516.6 126.2 -35.8 3.7 -24.7 -3.1
2939.7 103.5 90.9 13.8 34.8 14.4
11.2 35.8 39.2
367.2 -36.5 -19.3 -19.8 -17.4 -12.3
2533.8 142.6 -27.5 14.7 -16.3 3.4
2954 117.3 102.6 20.8 42.2 15.3
53.2 27.8 55.2
389.5 9.8 28.2 26.4 29.9 34.7
2557.1 173.8 -4.4 39.7 6.9 23.2
2975.4 153.5 138.7 50 74.9 38.9
56.8 29.1 69.8
389.9 11.8 30.8 28.5 32.3 37.4
2573.4 194.2 8.5 53.2 18.5 30.6
2980.5 164.3 155.2 57.8 88.7 44.6
63.2 34.8 73.2
391.8 16.2 35.8 32.9 36.9 42.2
2583.5 204.4 12.5 58.1 22.7 30
2984.2 185.1 196.1 83.1 119 81.2
15.3 39 94.6
372 -21.3 -1.4 -4.8 -0.9 5.4
2548.8 208.6 49.6 24 10.9 65.8
2934 182.8 259.1 97.7 131 115
20.3 37.4 85.5
373.7 -17.6 2.1 -1.1 2.9 9
2540 207.6 45.5 28.2 22.6 66.4
2922.2 188.6 242.3 112.8 151.7 109.5
22.1 36.9 81.5
374.1 -17.5 2.2 -0.8 3.2 9.2
2556.3 204 27.1 45.5 32.2 51
2939.6 195.5 240.7 117 155.2 118.7
22.8 38 74.8
374.8 -16.7 2.7 0.3 4.1 9.9
2580.9 197.2 -0.2 70.1 35.6 29.3
2968.3 205 222.3 117.3 165.5 125.7
9.3 36.8 78.4
365.1 -37.2 -18.2 -19.7 -16.2 -10.3
2605.2 189.8 -16.2 81.8 25.4 18.7
3031.3 200.8 170.1 132.6 195 107.4
71.3 46.6 99.1
396.6 23.1 42.3 40.4 44 48.5
2636.2 206.5 -3 87.5 31.4 44.6
3163.7 211.5 101.4 201.3 227.4 68.3
70 44.7 113.7
396.2 20 38.8 38.2 41 46.3
2651.6 205.3 -6 79 22.7 51.2
3380.5 235.7 39.9 263.6 129.7 -10.7
69.7 45.5 102.9
397.1 18.9 37.6 37.4 39.6 45.5
2663.9 201.2 -0.6 74.8 21.2 53.7
3600.4 250 -9.7 173.6 -62 22.3
132.7 69.7 81.3
428.6 78.4 97.5 96 97.7 102.9
2684.9 220 29 93.4 45.4 75.7
3698.4 238.9 27 146.1 -28.7 103.2
winner is: 5
