Regression analysis information for: S03_selected_tokens_0073
number of formants: 3
number of coefficients: 5
8.5 17.1 11.7
401.1 -14.3 -19 -17.3 -13.8 -10.8
1987.6 220 29.8 -46.9 -13.8 -15.9
2617.4 95.2 94.3 39.2 13.2 -3.8
9.1 15.3 13.1
402.2 -14.2 -18.6 -17.7 -14.4 -12
1985.6 216.4 31.1 -44 -11.4 -13.9
2611.7 86.5 90.4 39 15.2 2
9 14.3 12.8
401.1 -14.7 -20 -18.2 -14.9 -11.9
1989.3 215.2 28.7 -46.1 -11.9 -14.5
2625 88.5 91 36.3 15.1 2
8.9 14.5 11.5
399.6 -13.3 -19.9 -17.9 -14.9 -11.7
1995.9 218.1 26.2 -44.4 -10.5 -15.9
2639.7 89.1 86.2 33.5 13.4 0.6
8.5 15.5 10.2
397.2 -13.6 -20.7 -18.2 -15.1 -12
2001 223.3 22.7 -45.9 -12.2 -15.7
2652.2 94.9 84.7 32.5 9.8 1.6
8.1 17.2 12.6
395.4 -13.8 -21.5 -18.6 -15.3 -12.3
2001.4 231.9 19.9 -46.5 -16.7 -12.7
2652.7 105.4 86 38.3 -0.2 5.4
8.7 17.9 15.5
392.8 -16.7 -24.6 -21.2 -17.2 -14.2
1997.7 238.9 22.3 -51 -21.2 -10.9
2643.2 114 99.7 44.3 -8.5 1.2
8.9 18 15.2
392.7 -16.2 -24.2 -21 -16.9 -14.5
1993 244 30.1 -50.9 -20.8 -11.7
2626.6 114.5 111.7 49.8 -9.1 -6.8
58.5 34.1 49
418.6 35.1 27.8 30.2 34.9 36.2
1998.7 262.3 54.4 -30.7 4.2 6.5
2625.4 130.7 143 81.8 35.6 19
56.8 34.2 53.4
416.2 30.3 23.4 26 31.2 32.8
2001 257.2 54.7 -30.5 12.8 5.4
2630.3 120.3 145.9 78.9 51.5 19.6
58.8 33.3 59.1
418.6 34.4 27.5 29.5 34.8 35.6
2011.2 258.2 52.9 -31.7 21.5 3.3
2647.7 119.3 143 65.8 60.8 21.6
106.7 47.5 88.2
443.1 82.3 75.8 76.5 82 81.2
2034.2 276.9 67.6 -20.5 43.7 14.7
2687.9 149.3 173.2 76.4 93.5 43.4
106.3 48.5 91.3
443.1 81.2 75 75.4 81.1 80.2
2053.4 278.2 63.6 -23.9 48.7 8.6
2726.3 153.5 175.6 57.2 91.6 39.2
109.9 49.6 100.2
446.6 86.5 80.6 80.2 85.8 84.2
2072.6 279.8 61.4 -24.5 53.6 5.5
2776.3 166.5 179.8 29.1 85.5 39.8
143.8 59 122.2
471.4 133.9 128.1 125.3 129.6 125.1
2100.1 291.2 77.2 -11.8 69.5 16.4
2853.2 208 211 19.6 88.7 61.2
144 58.8 122.5
472.1 133.6 128.3 125.2 129.4 125.1
2117.2 283.3 74 -8.7 69.9 14.4
2911.5 205.2 203.3 -9.5 68.4 61.4
146.7 54.6 122.7
474 135.8 131.2 127.9 131.6 127.8
2129.9 277.4 81.1 0.9 61.7 20.3
2956.6 185.7 221.9 0.7 44.4 88.7
108.5 43.5 115.8
447.1 80.1 76.4 75.6 80.4 80.6
2148.5 252.8 55 7.7 44.5 3.2
3052.7 124.7 163.9 -28.6 -10.5 113.5
155 51.3 146.1
479.9 141.6 137.7 135.4 137.4 134.8
2181.4 253.5 55.2 34.8 51.8 6.1
3254.4 100.8 51.2 39.6 -1.4 201.5
153.2 56.9 155.3
482.1 142 138.2 136.6 137.5 135
2204.1 250.9 51.4 53.1 54.2 5.2
3479.7 38.4 -152.5 116.3 54.6 211.3
winner is: 5
