Regression analysis information for: S03_selected_tokens_0112
number of formants: 3
number of coefficients: 5
41.5 66.3 10111.6
660.2 176.1 54.7 22.7 34 -10.4
1049.7 132.5 128.8 122.1 112 93.2
1624.9 319.6 253.7 127.6 232.1 127.8
97.4 84.4 10280.6
714.7 112.5 76.4 55.8 -28.2 49
1098.4 93.3 174.9 160.8 68.6 144
1827.2 81.7 392.4 258.6 7.7 369.2
124.5 104.4 10330
751.9 43.2 170.7 121.7 -71.4 81.6
1208.5 98.3 261.9 128.6 49.7 107.6
2149.6 -49.7 625.2 200.9 -84.8 385
18.8 26.8 46.8
953.3 13 24.6 8.8 -4.4 10.5
1449.9 153.8 64.7 -41.9 41.3 8.9
2824.7 -48.2 -12.2 13.7 -41.9 28.2
5.1 17.9 26.7
958.5 12.9 13.2 11.2 7.2 5.6
1448.7 152.9 57.8 -35.5 43.6 8.8
2821.7 -48 -37.5 32 -18.5 22.5
5.1 17.7 26.4
959.3 13.5 13.9 11.3 6.5 6.5
1453 151.6 62.1 -35.5 45.3 9.6
2821 -49.9 -28.7 31.5 -19.6 29.5
5.2 18.6 24
960.3 12.2 13.9 11.8 6.3 7.3
1455.6 151.4 62.4 -37.4 48.4 8.2
2834.7 -52.6 -21.1 31.5 -19.5 35
5.5 20.6 22.3
960.6 9 13.3 11.8 6.5 7.8
1452.6 154.8 59 -42.2 52.9 4.7
2853.3 -56.6 -15.8 30.1 -18.3 37.9
6.3 24.5 21.4
959.7 5.4 12.3 11.9 6.5 7.8
1444.3 164.4 57.9 -50.8 62.6 -1.3
2870.9 -58.6 -12.7 29.2 -16.4 39.9
7.8 29.6 22.2
956.5 2.1 11.2 10.4 7.4 6.2
1427.7 181.1 56.2 -61.3 74.2 -10.4
2885.5 -59.6 -10.8 28.2 -13.1 41.4
10.4 33.3 24.1
949.9 1.2 10.5 5.4 10.3 2.4
1410.2 196.4 59.7 -67.3 80.2 -15.8
2895.3 -58.3 -10.3 28.3 -8.8 41.5
11.8 35.6 27
942.1 0.7 10 -0.7 13.2 -3.1
1391.2 208.7 61.5 -65.3 72.9 -14.1
2900.9 -56.6 -9.8 28.1 -4.6 40.6
12.2 36.2 29.8
935.9 -0.8 9.7 -5.2 13.4 -7.3
1374.8 218.5 63.6 -59.5 61.3 -8.3
2903.9 -54.7 -9.1 29.9 -2.5 39.8
11.2 32.9 31.4
931.8 -2.4 10.3 -7.5 12.4 -9.5
1358.2 229.8 59.2 -50.2 45.8 0.6
2905.7 -52.3 -8.3 33.1 -4.1 41.1
11 29.5 33
929.4 -5 10.9 -8.2 8.3 -9.7
1345.5 241.8 56.1 -40.5 32.2 10.4
2905.9 -47.6 -8.5 41.1 -12.5 46.1
12.5 27.7 33.6
927.4 -7.6 11.1 -8.4 2.9 -8.1
1338 251.6 56.5 -33.5 26.7 18.1
2902.8 -41 -9.4 51.9 -22.1 53.8
14.1 25.5 33.6
923.7 -14.2 8.5 -9 -1.3 -8.1
1326.5 249.4 50.7 -29.9 22.1 22.1
2884 -60 -19.3 59.7 -26.3 67.3
16.4 25.3 35.1
917.6 -17.8 3.5 -6.8 -7.3 -8.4
1317.6 245.4 49.2 -26.1 19.7 20.9
2851.7 -83.7 -34.4 70.3 -43.6 58.2
15.3 24.5 35
906.6 -8.6 13 -17.6 -8.4 -4.6
1320.4 241.1 52.1 -22.6 14.1 18.2
2833.7 -70.4 -8.6 50.4 -54.6 56.8
13.3 24.2 29.2
906.3 0 10.5 -21.3 -3.9 -9.1
1331.1 241.5 56.3 -24.5 13.1 18.5
2851.5 -44.9 -12 37.8 -51.3 42.5
winner is: 7
