Regression analysis information for: S03_selected_tokens_0119
number of formants: 3
number of coefficients: 5
85.3 114.5 119.5
804.6 126.8 -171.1 -44.3 11.5 -108.5
1489.9 292.5 -333.7 -83.5 -92.8 -217.8
2337.1 356.3 -397.7 -34.6 -25.1 -197.9
71.2 111.2 113.8
808.6 139.1 -139.9 -46.6 32.6 -64.1
1453.4 298.2 -342.8 -145.7 -68 -217
2305.4 363.2 -418.3 -95.7 18.6 -219.4
78.9 73.1 96.1
834.2 179.9 -157.9 54.6 11.3 -72.3
1607 394.5 -197.6 118.8 -37.2 -57.5
2462.2 393 -311 169.2 -20.4 -72.5
5 11.4 20.2
957.3 -35.3 -7.7 -1.9 -8.5 -1.2
1775.9 85.3 31 -5.7 -14.6 -10.5
2705.4 -62.2 22.8 -14.9 7 0.7
5 11.9 22.8
957.4 -33.8 -7.9 -0.6 -8.4 -0.2
1773.9 91.2 27.8 -3.9 -14.8 -10
2698.5 -51.5 23.9 -18.8 10.3 3.7
5.5 13 23.6
957.2 -34.6 -9.4 -0.7 -9.3 -0.1
1775.3 95.5 27.6 -3.1 -13.6 -8
2697 -38.5 24.6 -18.1 11.6 6.5
6 13.5 22.8
957.1 -36.5 -10.3 -1.6 -9.9 -0.8
1777.4 96.9 27.7 -3.2 -13 -7.3
2701.7 -30.1 24.4 -17.4 12.4 6.3
6.7 13.6 21.7
956.3 -39.7 -12.4 -3.5 -11.2 -2.2
1779.8 96.8 27.5 -3.9 -13 -7
2710.3 -25.3 23.5 -17.2 11.8 5
7.5 13.5 20.9
955.1 -43.2 -14.9 -5.6 -12.9 -3.9
1781.9 95.5 26.5 -5.2 -13.5 -7.2
2719.7 -24.3 20.3 -17.7 10.1 2.5
8.1 13.3 20.4
953.9 -45.9 -16.9 -7.1 -14.1 -5
1783.6 93.3 24.7 -7.1 -14.6 -7.8
2728.8 -26.2 14.9 -19.5 7 -1.2
7.8 12.4 19.8
953.8 -46.2 -16.7 -7.4 -13.5 -5.3
1784.4 89.8 22.3 -9.3 -16.6 -10
2737.4 -29.9 8.1 -22.7 3.7 -7.5
7.9 12.5 19.7
952.6 -46.4 -18 -7.3 -13.9 -5.3
1785.7 88.3 20.6 -10.5 -17.6 -10.4
2746.2 -33.6 1.7 -24.4 0.5 -11.3
8.3 13.1 19.8
950.6 -44.2 -19.7 -5.9 -15 -4.1
1786.6 88.5 19.1 -10.2 -18.4 -9.8
2755.6 -36.6 -3.2 -24.2 -1.1 -14.3
9.4 14.4 20.5
946.6 -38.3 -23.4 -2.2 -17.1 -1.3
1785.5 91.9 16.7 -7.2 -20 -8.1
2764.2 -38.7 -6.4 -20.9 -2.3 -15.8
9.8 16.1 22.8
940.5 -31.4 -25.5 1.3 -18.5 0.7
1779.9 97.2 15.6 -0.5 -21.7 -8.3
2766.1 -42.7 -7.5 -11.1 -3.3 -18.4
11.1 17.8 28.4
931.4 -23.2 -29.4 4.7 -20.2 1.9
1768.5 108.6 15.4 9.5 -19.1 -8.7
2753.7 -44.9 -1.8 9.7 2.9 -16.9
10.8 17.2 29.7
919.8 -13.6 -27.6 3.8 -21.8 4.3
1741.6 124.6 21.5 12 -19.8 -10.7
2678 -14.8 47.3 -10.8 -6.1 19.4
11.6 16.7 28.9
917.9 -10.1 -27.8 3.4 -20.7 5.3
1736.8 132.3 22.2 9.4 -15 -9
2658.8 13.5 51.5 -29.3 15.1 29.1
11.7 16.9 27.2
919.8 -9.9 -26.5 3.6 -18.6 5.6
1741.5 133.3 24.4 9.3 -9.9 -7.3
2673.1 13.9 49.6 -27.4 29.9 26.1
11 18.9 30.9
925 -10.7 -23.1 3.9 -15.1 6.1
1754.5 133.6 29.2 10.1 -4.2 -4.3
2709.3 6.4 48 -19.4 40.1 17.7
winner is: 4
