Regression analysis information for: S03_selected_tokens_0100
number of formants: 3
number of coefficients: 5
28.2 209.5 58.2
598.6 -295.2 60.1 37.6 -18.9 25
1287.7 -414 383.6 88.7 -27 284.4
2420.3 439 86.6 -9.1 20.6 50.9
25.7 224.6 90.2
592.9 -277.1 57.6 19.6 18.5 -6.1
1216.6 -259.9 477.3 -50.9 206.4 245.1
2458.8 390.3 147.4 -32 40.1 66.7
36.8 194.2 53.5
534.9 -153.2 -66 124.2 -42.4 2
979.2 149.6 148.4 109.7 155.7 202.2
2397.2 505.8 61.5 13.3 37.9 30
61.8 244.5 58.4
527.7 -173.7 1.4 23.9 -35.2 49.7
960.3 168.3 244.4 205.4 227.2 277.6
2412.8 530 84.5 27.6 52.8 43.3
75.6 417.5 218.1
598.9 -165.6 -104.4 128.8 -27.5 -10.7
1997.9 572.3 53.4 426 -30.3 -193
2937.2 366.2 -83.5 235.9 -76.6 -47.6
6.6 11.2 19
694.2 -279.6 -27.6 44.4 5 -7.9
2352.7 458.6 9.1 -46.4 -9.5 -23.7
3135.4 125.4 60 -4.4 2.4 -8.6
5.4 10.3 16.9
705.7 -275.5 -34 37.9 3.2 -5.8
2340.9 455.7 9.4 -39 -5.8 -24
3102.2 146.9 52.3 5.5 6.5 -11.6
4.8 9.3 13.9
711.9 -275.7 -37.1 34.8 2.8 -5
2338.7 455.2 9.9 -34.6 -5.1 -23.1
3093.9 159.5 45.4 15.3 0.9 -9.9
4.7 9 12.6
714.6 -278.4 -38.8 33 2.9 -4.7
2342.3 456.8 10.5 -33.1 -5.7 -22
3101.1 161.8 43.3 19.4 -3 -8.3
4.8 9.1 12
714.1 -282.9 -39.9 31.6 3 -4.5
2348.4 459.1 11.5 -32.7 -6.6 -20.9
3114.4 159.3 43.8 20.9 -4.7 -7.6
5.2 9.4 11.8
709.7 -290.1 -40.1 31.4 4 -4.1
2355.6 462.6 12.8 -33.2 -7.9 -20
3129.6 155.9 44.9 21.4 -6 -7.3
9.2 16.1 10.6
683 -319.3 -31.8 50.2 12.6 -10.6
2376.2 486.2 22 -34.9 -10.1 -15.3
3153.3 161.5 49.9 19.3 -8 -6.2
8.8 25 26.2
662.3 -329 -13 61.8 7.5 -19.7
2405.8 524.4 35.6 -41.6 -20.7 -17.1
3157 131.3 33.7 7.5 -15 -11.8
9.7 27.6 50
632.8 -314.1 14.7 59.4 -17.9 -14.4
2411.4 524.5 19.5 -65.8 -36.7 -22.1
3104.7 16.6 20 42.9 24.9 -16
7.9 33.1 40.5
608.3 -286.1 19.3 48.4 -21.2 -1.9
2377.3 499.1 21.5 -49.8 -27 -33
3077.7 -13.7 45 57.2 32.2 -12
7.9 39.2 48.1
591.1 -260.4 11.3 46.5 -19.3 0.5
2354 527.7 28.1 -45.1 -17.1 -40.4
3021.6 81.2 43.5 52.7 22.7 -28.3
7.1 38.3 32.3
586.8 -252.8 10.4 44.5 -17.8 0.8
2348.2 563.3 36.5 -44.4 -25.9 -49.2
2984.2 194.3 25.1 67.1 1.3 -11.9
7.9 34.2 31.8
585.5 -250.1 8.1 45.4 -19 1.9
2355 586.6 38.1 -52.4 -27 -43
3009 249.9 38.3 55.8 -8.4 -9.7
8 29.2 31.9
586.7 -250.6 8.3 44.9 -18.9 2.3
2366.4 595 36.7 -58.1 -24.3 -33.3
3061 292.2 60.1 39.1 -19.2 -8.6
8.5 25 34.9
588.8 -252.1 8.8 44.2 -18.4 2.9
2380.2 599.1 34 -64.6 -19.1 -23.9
3125.8 335.7 78.6 15.1 -26.4 -1.1
winner is: 10
