Regression analysis information for: S03_selected_tokens_0025
number of formants: 3
number of coefficients: 5
2.2 141.9 51.7
382.2 2.3 1.8 1.2 3.8 1.3
1904 883.4 -59.4 -308.9 118.3 156.7
2473.1 827.1 -216.4 36.7 48.9 32.8
1.7 129.2 52
381.8 2.7 1.2 1.6 3.8 1.1
1906.5 906.7 -93.5 -286.1 124 136.2
2491.3 825.1 -219.4 35.3 52.2 26.5
1.5 112.6 64.5
382.7 2.5 2.1 1 4.6 0.1
1954.7 878 -151.6 -236.8 156.1 55.2
2503.5 819 -243.2 70.3 57.9 -1.1
3.3 108.9 120.3
385.7 -1.5 6.6 -2.7 7.3 -2.8
1986.8 827.6 -192.6 -184.1 155.8 19.2
2551.3 675 -145.6 -14.6 190.5 -136.5
4.4 100.2 123.3
388.9 -6.8 11 -5.9 9.4 -4.5
2059.4 727.8 -226 -93.1 150.2 -81.8
2614.6 577.8 -114.9 -22.4 224.8 -223
3.2 24.9 27.9
391.2 -11.5 13.4 -6.2 8.2 -2.6
2190.5 555.8 -206.8 39.7 -32 33.5
2830.7 261.9 29.1 34.6 24.9 -2.4
2.4 22.4 20.4
391.4 -13.2 12.9 -4.4 5.5 0.8
2201.8 569.7 -209.2 34.6 -30 33.5
2844.6 281.2 27.5 23.9 29.6 -12.1
3.2 21.1 18.4
390 -13.1 10.9 -2.7 3.2 3
2216.1 583.3 -214.5 32.6 -29.4 35
2866.3 292.9 26.3 19.7 23.6 -11.9
3.3 20.6 25.2
388.1 -12.7 9 -2.3 2.6 3.3
2234.4 589.9 -216.6 31.6 -29 36
2884.2 312 15.3 26.5 6.3 -0.4
2.8 21.6 34.3
386 -12.1 6.8 -2.4 2.2 2.6
2247.8 602.1 -222.5 31.8 -27.5 36.7
2902.2 335.6 5 31.3 -12.3 11.5
2.1 23.4 41
383.8 -11.7 4.3 -3 1.4 1.2
2255.5 620.9 -231.9 32.6 -24.7 36.7
2920.4 360.2 -1.4 29.2 -26.9 18.7
1.5 24.9 43.2
381.9 -11.3 2.4 -3.9 1.5 -0.6
2265.5 633.4 -237.2 31.9 -20.6 34.5
2936 383.8 0.8 16.1 -32.2 19.1
1.2 28.1 50.9
380.5 -10.9 1.4 -4.8 1.8 -1.9
2277.5 643.7 -239.2 27.8 -10.1 34
2929.6 419.7 29.2 -4.2 -34.3 5.6
1.1 96.2 64.8
378.7 -12 -0.2 -6.1 1.5 -2.9
2150.4 545.6 -224.4 -10.6 -18.9 103.7
2705.6 261.3 50.9 48.8 75.5 39.6
1.3 83.6 42.8
378.5 -12.2 -0.2 -6.6 1.7 -3.5
2115.1 543.4 -154.8 51.8 -14.3 42.5
2692.2 222.9 20.3 11.4 71.1 -18.1
1.4 56.6 41.8
378.7 -12.7 0.1 -6.8 1.9 -3.8
2162.6 596.6 -129.8 76.1 -11.9 21.8
2708.7 190 26.7 -4 79.3 -31.7
1.5 29.7 57.8
379.3 -13.3 0.5 -7 2 -3.9
2260.9 674.4 -153.2 70.7 -25.1 -20.5
2755.6 208.7 117.6 47.4 136.1 0.1
1.7 27.5 89.1
379.9 -14.7 0.7 -7.5 1.6 -4.2
2321.7 671.9 -248.9 56.4 6.7 2
2919.3 351.2 254 95.4 106.8 -120
1.7 25.9 123.9
381 -15.8 1.3 -7.5 1.6 -4.1
2338.5 650.2 -254.3 71.4 -5.2 8.2
3182.4 320.6 58.6 84 153.6 -238.5
1.6 24 146.4
382.1 -17 1.8 -7.4 1.3 -3.8
2352.4 635.8 -252.4 82.3 -15.6 14.9
3552 232.4 -269.1 71.8 201.2 -263.2
winner is: 8
