Regression analysis information for: S03_selected_tokens_0028
number of formants: 3
number of coefficients: 5
135.7 125.9 230.4
416.3 -77.3 92.6 -19.2 -42.6 73.2
997.1 -206.1 63.8 -24.2 -85.8 69.5
1974.9 -158.5 141 -47.3 -92.9 85
55.1 120.1 103.5
674.2 -267.4 -34.8 117.3 98.7 6.7
1457.1 -161 -3.3 375.5 323.5 108.6
2535.8 -324.2 106.6 264.6 235.3 29.5
4.4 18.8 54.6
771.1 -123.5 -54.5 -20 -9.6 -5.6
1717.9 211.3 -62.6 -8.1 -31.2 -15
2672.9 -17.7 -10.8 -32.1 -55.8 -51.5
3 17.9 41.2
766.4 -122.2 -47.3 -16.6 -7.9 -6.6
1687.8 202.9 -43.7 -0.6 -28.4 -15.2
2602 -18 9.5 -41.3 -24.7 -51.3
2.6 14.8 27.4
767.6 -120.6 -45.5 -16.9 -8.3 -7.4
1681.9 198.9 -35.8 5.5 -25.1 -16.3
2600.4 -27.9 32.6 -33.4 -11.5 -53.8
2.7 13 22.6
769.5 -121.1 -46.2 -18.1 -9.1 -8.3
1686.3 198.3 -35.7 7.3 -23.8 -16.5
2624.4 -39 45.2 -32.2 -7.3 -55.7
2.5 11.5 21.2
773.3 -119 -46 -18.5 -9.7 -8.6
1696.1 196.9 -35.3 9.4 -22.1 -16.3
2653.5 -44.8 54.1 -26.4 -6.5 -54.9
3.4 10.7 20.9
773.7 -124.2 -50.8 -22.4 -12.6 -10.9
1706.6 198.7 -39 8.5 -22 -15
2689 -58.1 66.4 -28.4 -4.6 -55.2
7 10.8 24.3
762.9 -149.9 -70.5 -35.1 -20.7 -16.7
1719.7 207.4 -48.7 2.7 -24.6 -14.4
2731 -71.6 77.9 -37.8 -8 -61
4.6 11.1 32.2
750.5 -175.6 -86.7 -39.9 -19.6 -12.3
1734.6 211.4 -56.8 -2.4 -28.1 -12.2
2777.5 -113.6 104.2 -54.9 -13.5 -67.7
4.3 12.2 41.5
741.7 -189.6 -89.3 -30.7 -7.9 -2.3
1751.7 214.5 -66.3 -5.8 -25.9 -7.1
2802.8 -133.8 113.6 -45.6 -17.7 -67.6
7.6 24.5 86.7
723 -209.8 -91.2 -12.5 9.8 7.2
1771.6 219.8 -94 -18.3 -23.6 11
2821.4 -234.8 145.8 -32.1 -52.7 -56.4
13.3 93.4 192.4
687.5 -211.6 -82.9 20.8 4.9 -7.1
1711.6 202.8 -34 48.2 -105.1 -73.2
2668.3 -265.7 44.3 6.7 -31.1 -92.6
5.8 36.9 43.7
559.8 -128 -8.6 -7.9 -11.2 -0.6
1419.3 238.7 111.6 15.3 -9 -30.4
2212.4 154.9 -82 -20.8 23.6 -70.7
23.1 87.4 69.2
603.2 -147.2 -35.9 -4.2 -3.6 34.1
1442.5 249.2 190.4 50.3 -43.2 -44.9
2179.9 218.6 -85.3 -29.9 54.2 -134
37.7 148.7 403.8
695 -196 -107.5 36.5 7.4 46.8
1734.4 229.3 -81.1 62.4 -14.6 139.3
3029.2 -268.6 15.3 502 -187.9 462
24.8 38.2 244.2
741.4 -221 -97.2 21.5 32.3 23.6
1848.4 205.9 -130.9 55.8 5.7 4.7
3329.8 -384.2 135.3 324.9 122.1 43
23.9 16.6 169.3
762.5 -214.5 -93.3 11.8 29.6 11.9
1883.2 231.6 -139.7 11.4 -31.5 -12.6
3448.1 -375 184.9 177.5 104.1 -74.9
18.9 14.5 76.8
779.8 -205.7 -92.6 -2.9 21 2.2
1897.8 228 -138.8 7.6 -28.3 -17.6
3578.7 -251.4 128.3 22 -64.2 -111.6
15.6 13.6 73.1
789.8 -197.1 -91.8 -17.5 4.8 -10.4
1909 227.8 -142 4.6 -26.3 -20.8
3624 -243.8 115.9 25.5 -72 -106.2
winner is: 8
