Regression analysis information for: S03_selected_tokens_0114
number of formants: 3
number of coefficients: 5
54.7 15.5 10040.8
568 37.8 -13.4 10.5 -30.9 -44.1
966.1 -31.4 -32.4 4.9 -2.9 -11.9
1525.2 42.1 75.3 49.9 16 -48.9
116.9 89.9 10265.5
677.4 -128.6 -142.3 145.8 -152.2 40.5
1138.2 -213.5 -116.6 135.2 -92.1 71.8
2057.6 -480.3 -238.8 467.3 -214.8 164.3
60.3 71.4 175.7
886.5 -110.3 -18.3 78.5 93.3 51
1389.9 -81.4 84.5 113.4 144.5 70.4
2617.7 -341.6 -43.3 255.6 305.4 179.8
48.2 36.4 99.2
922 -61.3 -24.2 29.9 39.3 28
1437.8 -10.1 75.1 36.7 43.1 6.3
2730 -164.8 -68.2 49.5 81.3 51
4 7.2 21
943.3 -31.2 -27.1 -2.5 -6.1 -1.2
1454.5 12.1 74.2 14.2 10.3 -14.1
2760.4 -110.5 -74.1 -7.6 1.6 0.5
3.9 6.9 19.1
943.8 -31.3 -27.1 -2.3 -5.9 -1.1
1456.9 14.1 76.2 16.8 11.8 -12.9
2761.9 -109.8 -70.8 2.6 2.7 5.8
3.9 6.7 17.3
944.4 -31.2 -27.1 -2.4 -5.8 -1
1460.6 17.3 79 18.6 12.8 -12.1
2771.6 -109.7 -67.5 11.5 2.3 10.6
3.5 6.4 16.3
945.3 -31 -26.2 -2.9 -5.3 -1.4
1462.9 19.8 81.3 20 14.1 -11.5
2785.9 -110.1 -63.7 18.6 1.8 15.6
4.1 6.9 17.6
944.5 -31.1 -26.9 -3 -5.9 -1
1466.1 22.4 85.3 20.9 14.2 -11
2798.5 -112.6 -62.6 23.9 1 17.6
4.3 8.2 19.1
943.6 -31.2 -26.5 -3.2 -6 -1.1
1465.9 22.5 88.3 21.8 14.7 -10.2
2811.7 -116.1 -61.2 28 0.4 20.4
4.4 10.5 20.9
942.6 -31.4 -24.7 -3.4 -5.7 -1.7
1461.5 18.9 89.8 22.6 15.6 -9.5
2824.6 -121.8 -60.3 30.1 -0.6 23.7
4.9 14 23.4
940 -31.9 -23.4 -2.6 -5.8 -1.9
1454.7 12.7 91.7 24.4 17.2 -7.8
2834.8 -129.5 -61 32.1 -1.7 26.3
5.9 17.7 26.7
935.6 -32.9 -22.6 -0.5 -6 -1.7
1445.1 3.4 94.3 28.3 20.4 -4.2
2841.8 -139.2 -63.4 35.6 -1.8 29.2
5.7 19.4 28.9
931.1 -34.3 -19.1 2.8 -4.1 -2.6
1427.7 -12.5 91.8 32.3 24.6 -4
2846.1 -155.5 -67 34.3 -4.1 30.8
6 18.3 33.5
924.6 -35.1 -16.2 7 -3.6 -2.4
1409.5 -26.6 89 34.8 25.7 -2.3
2841.9 -178.3 -74.5 31 -11 28.4
6.5 17.1 43
916.9 -35.3 -14.8 10.6 -2.3 -2
1384.4 -48.8 70.4 25.4 19.4 -6.2
2824.9 -213.9 -92.4 22.3 -19.7 22
8 15.9 48.5
907.5 -33 -14.9 12 -5.1 -2.1
1361.6 -61.4 50.8 10.7 4.8 -15.2
2801.2 -226.9 -100.6 17.9 -27.2 13.7
10.7 16 33.7
896.4 -25.3 -16.5 12.2 -7.3 0.6
1342.8 -52.7 36.6 6.4 -1.3 -14.6
2748.5 -168.2 -108.6 8.2 -12.9 13.8
8.3 13.7 26
891.1 -21.5 -15.3 10.1 -6.1 -1.3
1335.4 -45.9 31.4 4 -0.9 -18.3
2711.8 -108.3 -112.5 2.2 3 3.3
8.4 15.6 29.1
892.5 -19.3 -15.8 9.6 -8.1 -0.8
1342.6 -37.7 39.1 8.9 2.1 -15
2722.6 -114.3 -111.1 -0.8 -5.8 0
winner is: 8
