Regression analysis information for: S03_selected_tokens_0049
number of formants: 3
number of coefficients: 5
22.1 202.9 165
485.1 159.1 35.4 11.6 2.9 11.9
1082.2 -120.2 118 68.2 -4.2 169.2
1831 -176.7 268.9 -15.6 5.1 206.4
14.5 126.7 153.8
506.2 157.7 34.9 10.9 22.2 22
1226 -291.9 280.7 66 14.6 65.8
1962.3 -308.8 298.8 70.1 4.5 152.2
17.7 144.1 137.8
525.2 166.1 18.2 11.8 38.8 28.7
1525.2 -82.3 30.9 -18.5 131.9 127
2331.8 -50.9 11.6 25.2 136.1 106.2
9 16 24.1
542.2 180.5 9.8 6.7 30.6 11.1
1603.6 25.5 53.1 -55.6 14.2 -24
2401 38.5 46.8 -5.1 12.5 -35.5
8.9 16.7 22.8
545.4 187.4 9.4 6.5 29.4 7.5
1607.4 21.3 56.2 -58.9 18.1 -25.2
2412.8 22.9 46.8 -4.8 13.6 -26.4
9.7 16.8 22.3
544.8 190.1 13 4.9 28.3 6.1
1609.7 22.4 55.3 -58.9 19.3 -24
2426.8 19.8 42.7 -2.9 11.1 -21.1
10.2 17.6 23
540.4 191.3 17.7 3.7 25.4 5.8
1612.7 21.4 56.9 -61.1 21.8 -24.2
2442 17.2 40.9 -2.4 8.2 -16.7
10 19.2 25.6
534.1 191.5 24.1 2.8 21.4 6.2
1615.7 19.7 60.2 -64 24.6 -24.5
2452.5 22.2 38.2 -1.5 6.8 -14.8
9 20.9 36.8
525.2 188.5 29.1 1.8 17.2 6.6
1599.5 51.3 34.4 -42.2 5.9 -9.7
2392 140.2 -24.7 4.4 34.5 -53.6
7 20.9 37.1
515.7 180.7 31.9 -0.6 11.7 5.9
1589.3 64.7 26.3 -34.4 -5.8 -2.7
2374.8 166.1 -15.9 -12.8 42.4 -61.9
4.3 24.9 42.8
498 156.1 23.8 -4.1 8.6 5.3
1572.2 62.1 29.7 -32.5 -21.9 -10.2
2332.5 168.4 22.7 -18.1 29.6 -82
5 24.1 39.1
488.4 141.5 16.7 -7.6 5.8 3.1
1557.2 45.5 31.7 -34 -28.5 -23.5
2286.7 111.1 40.6 2.3 36.2 -76.1
5.7 24 37.1
486.4 138.3 15 -9.3 4.2 1.7
1558.6 23.6 44.7 -44.7 -22 -34.6
2281.7 75.6 48.7 10 32.2 -63.1
5.6 25.6 36.8
486.3 137.3 14.6 -9.6 4 1.6
1569.3 -0.5 63.6 -60.2 -8.9 -44.5
2293.2 54.6 47.6 20.5 15.1 -46.1
5.4 32 41.7
487.2 137.3 14.5 -9.6 4.3 1.8
1588.8 -32.7 89.5 -84.5 12.4 -57.9
2315.9 36.5 43.7 36.1 -9.8 -25.4
5.3 32.2 48.9
488.5 137.4 14.3 -9.4 4.9 2.1
1606.4 -57.8 107.1 -102.2 29.2 -66.5
2357.7 -10 57.9 46.4 -36 -4.1
5.2 34.8 86.3
491 138.5 13.8 -9.6 5.4 2.9
1625.1 -72.7 113.4 -118.5 42.3 -68.5
2437.3 -109.7 110.3 37.2 -63.4 5.2
5.8 42.2 168.3
496.8 142.1 10.9 -10.6 8.6 6.9
1650.4 -59 81.7 -135.9 56.1 -44.4
2526.9 -222.8 158.9 109.4 -205.5 60.5
10.7 53.5 425.2
512.1 153.4 1.5 -15 18.5 18.4
1681.1 -50.8 58.5 -149.1 61.8 -35
3170 -740.8 122.2 -183.1 -157.7 471.8
26.5 61.2 376.9
545.2 192.7 9.7 1.8 53.9 49.1
1733.4 1.4 81.7 -108.4 118.5 4.8
3529.9 -638.2 -7.4 -396.1 43.3 486.3
winner is: 5
