Regression analysis information for: S03_selected_tokens_0089
number of formants: 3
number of coefficients: 5
9.9 49 37
933.2 -40.2 -50.8 2.3 -26.6 4.6
1919.4 179.4 -37.8 22.7 26.3 23.2
2268.6 88.1 -31.2 94.8 -116.2 -4.2
79.8 92.9 94.6
903.7 51.5 -136.6 90.4 -106.1 85.2
1980.8 366.5 -139.8 77.8 -49.7 114.5
2348.7 59 -38.8 171.1 -142 53.1
70.8 76.3 189.5
904.8 82.9 -160.5 109.4 -109.6 84.1
2013.9 444 -166.8 81.3 -95.3 66
2626.9 227.3 -90.6 197.6 13.8 217.6
83.2 79.5 159.8
926.3 58.5 -134.5 70 -69.8 37.6
2035.9 415.7 -141.6 41 -50.4 22.3
2821 284.2 -77.2 9.4 46.5 52.3
17.6 21.1 30.3
980.8 -48.5 -38.6 -11 -14.2 -2.3
2089.3 313.8 -50.1 -36 7.9 -14.9
2948.9 117.5 106.6 -170.1 120 -60.1
15.3 20.3 31.5
974.3 -45 -42.3 -5.6 -20.9 -1
2085.1 316.9 -54.6 -32.1 3.9 -14.6
2940.6 129.6 93.8 -161.7 114 -60
13.2 19 26.2
972.4 -45.3 -41.4 -3.3 -22.9 -0.2
2080.9 315.2 -55.3 -30.1 1.2 -15.1
2923.5 140 75.7 -144.4 98 -55.9
12 17.9 20.8
973.9 -46 -39.6 -2.5 -23 0.2
2078.8 311.2 -54.3 -28.8 0.1 -15
2913.7 133.1 71 -131.6 86.3 -48.4
10.5 16.4 16.5
978.8 -46.4 -35.3 -2.8 -20.5 0
2080.4 305.9 -52.2 -26.9 0.6 -15.9
2914.5 122.5 72.6 -120.7 82.3 -40.9
10.4 15.7 14.6
982.5 -46.8 -34.2 -3.2 -20.1 0
2083.3 303.5 -51.4 -25.9 0.6 -15.6
2925.1 109 77.4 -116.2 78.2 -35.2
11.7 16.3 15.7
984.2 -47.4 -36.5 -4.2 -21.8 0.1
2086.7 304 -51.3 -25 0.1 -13.3
2944.1 91.5 87 -114.4 71.7 -27.1
13.1 17 16.7
985.3 -48.3 -37.6 -7.2 -21.8 -1.4
2092.4 304 -51.1 -23.4 -0.8 -13
2966.4 79 95.3 -112.5 66 -22
18.6 18.7 20.3
980.1 -43.5 -40.9 -13.8 -19.4 -4.3
2097.8 306 -53.2 -18.9 -2.6 -12.9
2985.8 73.1 102 -113.2 69.1 -23.2
34.8 22.2 29.6
962.2 -33.8 -59.9 -15.2 -29.8 -2.1
2100.5 312.9 -57.9 -15.3 -5.7 -10.6
3002.3 71.4 108.2 -120.3 72 -23.1
56.2 28.7 68.4
914.7 -15.3 -96 -29.8 -46 -9.8
2098.9 327.6 -67.4 -11.8 -6.3 -10.7
2983 123.7 105.4 -169.2 138.8 -72.9
46.7 81.9 143.5
772.3 -38.7 -89.7 13.2 -35.1 -10
2055.4 338 -75.1 19.8 52.2 1.3
2818.1 325.7 80.6 -231.3 269.1 -122.5
26.4 50.6 124.7
726.9 -48.8 -83.6 25.5 -47.4 -4.4
2034.9 377.4 -67.9 -20.5 10.9 -10.8
2716.6 318.9 62.3 -142.6 218.5 -81.6
26.5 81.3 100.2
719.8 -55.9 -87.1 29.5 -54.7 -0.6
1998.2 331.9 -62.8 7.2 42.5 31.7
2698.8 247 64.2 -133.7 211.2 -66.4
25.7 51.7 87.4
726.2 -65.5 -88.9 35.4 -59.8 2.8
2025.1 338.3 -71 -6.8 -6.7 -2.1
2740 254.8 52.8 -178.4 155.4 -114.3
26.6 34.3 72.5
742.1 -79.4 -92.3 44.6 -72.5 7.9
2059.6 333 -85.8 -2.3 -41.3 -23.3
2787.2 257.6 36.6 -200 140.5 -142.2
winner is: 10
