Regression analysis information for: S03_selected_tokens_0032
number of formants: 3
number of coefficients: 5
1 8.3 6
444.8 -17.9 1.1 -7.3 -5.9 -2.7
1052.5 78.1 37 49.8 23.3 41.5
1555.9 -40.9 -112.1 -7.8 -8.8 -7.6
1.5 107.7 156.2
464.1 -12.9 0.4 -7 -8.4 -7.3
1114.5 172.1 70 9.5 -99.7 -98.1
1862.7 506 175.7 -11.9 -205.4 -233.3
28.6 162.2 10212.8
476.5 -11.4 17.8 -29.8 0.8 7.8
1085.3 358.2 62.2 -35.8 -122.6 -80.8
2026.9 605.7 90.6 53.3 -189.2 -192.7
2.6 122.4 177.5
507.6 -52.8 -5.7 3.5 -0.8 -13.5
1424.6 -55.4 67.6 77.9 -128 -142.9
2609.4 -96.7 200.4 96 -129.6 -177.2
1.9 5.2 3.1
518.3 -65 -12.1 1.8 4.8 -7.8
1510.6 -18.1 -78.9 -11.5 -15.2 -9.4
2724.3 -25.5 -1.5 -33.7 25 9.2
2.3 4.5 3.3
520.2 -71 -16.1 -1.3 10 -2.8
1507.2 -23.6 -84.1 -12.5 -14.9 -9.1
2727.2 -23.9 3.7 -28.9 18 4.3
2.6 4.6 2.5
507 -57.9 -17.7 -8 15.6 0.4
1508.9 -24.4 -83.5 -12.3 -12.6 -7.1
2741.7 -27.9 5.2 -25.2 12.7 0.6
2.7 5 3.2
494.1 -46.2 -15.1 -11.3 15.9 1.3
1505.3 -22.2 -83.9 -15.3 -9.7 -6.3
2750.8 -32.2 3.8 -25 12.5 1.7
2.2 5.5 5.5
477.9 -38.4 -9.3 -9.1 10 0.2
1488.2 -20.7 -83.6 -21.4 -6.4 -5.3
2753.7 -35.9 3.7 -32.3 18.6 4.2
1 5.5 6.6
470 -34 -5.3 -5.5 5.3 -1.4
1474.8 -14.7 -73.6 -20.7 -8.7 -6.9
2745.7 -26.8 10.6 -40.7 29.1 4.4
0.8 4.1 4.9
464.4 -31.3 -3.2 -3 2.2 -1.9
1458.4 -12 -57.2 -15.1 -15.7 -10.1
2707.5 -22.7 22.8 -44.8 40 4.9
0.6 5.1 9.6
462.5 -31.4 -3 -2.2 1.4 -2.3
1449.7 -14.3 -53.5 -11.4 -18.2 -12.9
2677.2 -33.1 26.6 -36.6 38.3 -4.5
0.7 4.9 8.9
462.7 -31.8 -3.7 -1.8 0.9 -2.4
1449 -14.1 -59.5 -10.9 -20.3 -12.6
2684.3 -26.3 19.7 -29.5 25.8 -3.9
0.7 4.5 5.3
464 -31.8 -4.8 -1.4 0.7 -2.2
1455 -13.9 -65.4 -9.7 -20.9 -11.9
2703.3 -24.6 4.3 -23.5 18.9 -0.8
0.9 4 3.2
466.2 -31 -5.5 -1 0.5 -1.6
1467.8 -11.7 -66.8 -8.1 -21.8 -10.5
2734.7 -21.3 -3 -20.5 13.4 5
1.2 3.8 6.6
469.6 -31.8 -6.8 -1.1 0.3 -1.5
1481.4 -10.1 -78.4 -10.2 -24.2 -9.6
2791.3 -12 -8.2 -21.3 0.3 8.7
1.5 4.7 16.7
474.6 -31.5 -8.3 -0.9 -0.4 -1.3
1504.1 -4.7 -88 -11.3 -28.9 -10
2869.3 7.7 -15.6 -25.9 -24.8 9.4
1.8 6 39.6
481.2 -30.3 -9.7 -0.4 -1.9 -0.9
1537.1 3.5 -95.1 -10.8 -38.2 -11
2986.1 43.3 -28.3 -45.7 -92.3 -0.9
2.4 9.3 74.5
488.3 -30.1 -11.8 0.3 -3.4 -0.6
1570.1 10.9 -109.1 -10.5 -46.8 -12
3157.3 97 -45.2 -48.6 -222.9 -44.2
3.3 13 103.7
494.4 -31.5 -14.5 0.6 -4 -0.8
1594.2 13.3 -130.2 -12.6 -49.9 -12.7
3323.7 80.9 -69.3 65.9 -318.5 -94.5
winner is: 15
