Regression analysis information for: S03_selected_tokens_0081
number of formants: 3
number of coefficients: 5
91.6 211.3 99.7
615.2 -365 101.7 33.6 -111.6 24.9
1438.3 -364.9 152.4 175 -88.1 9.2
2318.3 224.1 -76.2 93.9 -47.8 17.3
137.9 257 129.3
634.6 -371 57.6 12.3 -47.2 57.6
1459.5 -413.9 23.7 162 36.1 62.6
2430.9 91.2 -98.4 158.8 -117.4 131.7
180 261.1 163.8
682.7 -209.6 -105.3 -145.4 -28.1 198.3
1723.3 -97.2 -356.9 -349.4 26.2 309.8
2635.2 11.1 -74 -169.1 -30.2 231
84.2 148 103
783.1 -270 -197 1.2 -102.5 59.3
1902.7 -106.4 -481 -210.2 -147.8 43.8
2720.3 -29.4 -134.2 -54.2 -113.1 106.8
21.5 68.7 39
822.5 -325.8 -115.1 -86.6 -36.9 -28.5
1972.1 -86.6 -386.3 -307.2 -175.9 -129.3
2758.4 -101.6 -5.7 -147.3 -46.6 5.9
22.9 131.1 54.1
821 -296.4 -123.7 -78.3 -52.6 -28.7
1999 -13.2 -328.5 -265.3 -147.3 -106.9
2764.5 -47.5 31.9 -122.4 -25.2 22.6
18.2 12.6 22
851.8 -230.9 -78.7 -36.5 -31.8 -15
2179 340.6 -20.1 -14 27.7 -10.1
2827.6 105.1 125.1 -19.5 33.1 59.4
14.1 11.4 18.1
872.8 -195.5 -50 -14.7 -20.8 -13
2179.3 334.7 -28.5 -16.5 24.8 -10.6
2830 101.9 99.3 -24.5 28.5 55.3
16.7 10.8 18.3
878.4 -189.8 -42.7 -7.3 -18.9 -14.5
2183.1 333.8 -35.2 -20.8 20.8 -12.9
2844.5 99.1 84.9 -27.8 25.5 49.4
19.4 10.4 19
880.6 -189.5 -36.1 -0.9 -15.2 -15.6
2189.7 334.5 -39.3 -22.2 18.4 -15.3
2862.6 97.4 76.7 -29.8 28.6 44.6
19.8 10.4 20.2
880 -191.4 -27 7.8 -7.2 -13.8
2197.7 335.5 -42 -21.4 16.5 -18
2881.1 96 70 -31.6 34.7 40.8
23.1 10.8 22.4
871.2 -202 -21.4 15.5 -0.7 -14.9
2205.5 338.4 -44.5 -21.7 14.9 -20.9
2900.4 95 64.8 -32.5 40.5 37.6
28.3 11.8 25.6
848.4 -227.2 -21.3 20.1 4.7 -19.4
2213.3 343.7 -46.8 -22.9 14.6 -24
2919.7 92.4 63 -34.9 47 33.4
32.6 12.1 31.6
802.6 -263.2 -16.5 29 28.8 4.6
2223.7 350.2 -50.6 -20.8 12.1 -33.7
2926 86 62.6 -39.4 62.5 43.4
29.3 33.2 66.5
711.8 -295.3 -2.4 14.3 26.6 -16.7
2221.4 351.3 -64.5 -24 29 -23
2844.9 32.4 114.5 1.9 141.6 84.5
28.3 39.9 74.6
631.9 -234.1 -53.9 10.7 -27.2 -1.2
2165.9 342 -49.4 -7.4 94.8 14.8
2727.1 73.2 225.7 -50.4 47.3 149.7
21.6 39.4 30.5
588.4 -164.7 -78.8 27.2 -43.3 14.5
2094.5 378.1 -29.8 -53.5 71.1 51.8
2606.1 158.7 133 -2.4 -57.8 92
20.9 29.5 26.6
588.4 -164.5 -73.9 27.5 -46.8 14.5
2082.5 364.2 -22 -60.8 32.9 25.9
2620.2 147.4 129.2 -6.6 -54.7 86.5
20.8 38.8 38.5
598.3 -174.5 -72.5 28.7 -45.7 13.2
2144.9 400.7 -38.2 -84.2 5.2 -14.2
2622.3 117.1 159.4 -6.7 -38.2 120.8
31.6 31.7 115.7
625.1 -224.9 -60 17.2 -24.3 -12.4
2204.3 412.2 -24.9 -105 5 -23.8
2718.6 100.8 277.4 -118.4 -37 63.4
winner is: 8
