Regression analysis information for: S03_selected_tokens_0072
number of formants: 3
number of coefficients: 5
6.4 376.3 27.7
392.4 1.7 0.2 0 -1.4 -1.9
1877.3 77.9 200.2 -160.2 -61.4 -17.3
2271 -66.8 17.9 -41.6 -4.5 -20
1.1 14.7 13.3
396.6 -0.3 -1.7 1.7 -0.8 0.8
2125.2 -72.9 -61.3 -34.5 -27.6 11
2289 -73 3.2 -37.1 1.9 -20.5
1.1 12.6 12.3
397 -0.3 -2.5 1.9 -1.1 1.2
2121 -70.3 -50.2 -37.6 -21 3.6
2297.9 -73.4 -1.4 -38.2 0.8 -16.8
1.1 12.9 13.3
396.3 -0.8 -2.8 1.8 -1.4 1.1
2133.4 -69 -51.8 -39.5 -18.7 2.2
2299.6 -74 -3.9 -36.5 -2.4 -13.3
0.9 15.4 15.6
395.3 -1.3 -2.7 1.5 -1.5 0.9
2151 -67.5 -59 -38.9 -16.7 2
2292.5 -72 -1.8 -34.3 -7.9 -8.3
0.9 18.7 18.4
394.4 -1.5 -2.7 1.4 -1.6 0.8
2164.7 -71.6 -73.1 -36.4 -17.7 5.8
2278.1 -75.9 2.7 -38.9 -13.7 -7.9
0.9 17.2 17.3
393.9 -1.7 -2.6 1.2 -1.6 0.7
2171.2 -80.1 -78.7 -35.5 -23.7 11.3
2268 -75.4 6.7 -44.3 -10.1 -11.3
0.8 14.9 16.8
393.7 -1.8 -2.4 1 -1.5 0.5
2174.2 -86.3 -73.7 -39.1 -26.1 14.7
2265.1 -74.4 10 -47 -2.2 -16.3
0.8 12.5 16.5
393.6 -1.9 -2.3 0.9 -1.4 0.4
2177.4 -91 -72 -41.4 -26.2 14.1
2263.4 -77.6 15 -52.9 5 -22
0.8 12.8 19.5
393.6 -1.9 -2.2 0.9 -1.3 0.4
2182.7 -90.5 -68.6 -40.7 -21.3 13.1
2264.1 -81.9 18.9 -61 12.3 -26.8
0.9 13.5 20.4
393.6 -1.8 -2.2 1 -1.2 0.4
2184.1 -89.5 -65.3 -44 -19.5 10.8
2268.2 -93.9 20.6 -65.5 18.9 -30.3
0.9 13.1 22.7
393.8 -1.8 -2.1 1 -1.1 0.4
2189.1 -83.8 -58.8 -42.9 -17.8 7.5
2275.1 -105.8 24.4 -74.6 28.6 -35.9
0.9 11.3 20.9
393.9 -1.7 -2 1 -1 0.3
2199.4 -70.9 -49.3 -35.4 -16.1 2.8
2279 -116.2 24.7 -83.4 32.7 -45.6
0.8 9.9 20.6
394.2 -1.6 -1.8 1 -0.9 0.2
2210.5 -56.8 -40.1 -25 -16.7 -5.9
2291.8 -122.1 21.7 -90.3 36.7 -40.1
0.8 7.4 23.8
394.6 -1.4 -1.7 1.1 -0.8 0.2
2212.1 -50.7 -34.4 -25.9 -18.2 -12.1
2324.2 -123.9 20.5 -89.9 43.4 -40.3
0.8 8 30.3
395 -1.1 -1.5 1.3 -0.7 0.3
2212.2 -50.2 -32 -28 -18.4 -15.7
2360.6 -129.2 30.1 -94.7 50.4 -42.4
0.8 7.6 36.4
396.6 -0.5 -1.7 1.2 -0.7 0.3
2216.6 -49.5 -31 -28 -17.2 -14.3
2465.1 -100.9 -2.1 -106.6 41.3 -41.6
1.1 7.4 64.9
399.9 1 -2.9 0.9 -1 0.5
2221 -51.1 -30.4 -28.7 -16.5 -14.3
2673.6 -56.9 -99.7 -139.3 16.9 -41.2
1.5 9.1 261.5
404.9 3.1 -3.9 1.3 -1.1 1
2223.2 -55.6 -30.9 -31.4 -17.2 -16.1
3169.3 17.3 -495.7 -312.2 -148.2 -93.5
1.6 25.2 74.7
410.1 5.2 -3.9 3 -0.8 1.9
2217 -41.2 -35 -35 -2 -33.6
3670.2 210.2 -193.2 120.6 -47.8 -29
winner is: 3
