Regression analysis information for: S03_selected_tokens_0061
number of formants: 3
number of coefficients: 5
22 123.8 205.8
376 -17 -2.9 -8.4 0.8 -2.7
888.6 79 220.9 -146.1 48.6 -22.8
1695.5 642.6 429.2 -316.2 -66.2 -77.6
12.7 85 197.6
392.9 -4.2 -10 -14.1 -2.7 -14.8
1066 -13.1 61.6 -71.6 85.1 -97.8
2355.4 270 -250.7 86.3 88.1 -180.1
8.2 44.6 130.4
403.6 -8.9 -12.3 -9 -8 -8.5
1094.2 -57.9 83.3 -62.8 52.4 -51.8
2417.2 105.6 -123 75.1 7.1 -38.1
8.6 29.6 94.1
406.4 -9.9 -16.2 -7.7 -9.9 -8.2
1103.7 -73 92.8 -66.2 48.9 -42.3
2482.1 -17 -9.6 14.1 18.5 -0.1
9.1 51.7 157.5
403.3 -12.1 -19.6 -8.5 -14 -7.8
1072.9 -9.2 26 3.3 -23.5 31.3
2468.5 51.5 -89.4 111.1 -92.6 129.8
8.2 35.6 141.3
396.3 -13.9 -15.4 -11.5 -13.7 -6.1
1087.7 -43.7 58.5 -29.9 4.7 3.8
2518.7 6.2 -62 79.6 -59.2 93.4
7.7 28.4 155.7
385.7 -15.4 -10.9 -13 -10.6 -6.6
1085.3 -51 65.9 -38.1 11.6 -5.8
2526.7 47.7 -128.1 125.7 -113.7 127.2
7.7 30.4 159.8
378 -17.7 -8.6 -15.3 -10.3 -6.9
1079.6 -56.3 72.3 -42.8 14.1 -9.4
2535 41.7 -169.6 137.3 -140.8 128.2
7.3 37.1 175
374.4 -18.9 -5.9 -16.2 -8.8 -7.3
1068.4 -49.2 67.5 -33.4 5.1 1.5
2520.9 -8.7 -162 130.5 -112.2 112.2
7 17.4 94.6
372.9 -19.2 -4.2 -16.7 -8.4 -7.5
1088.6 -98.2 117.9 -78.3 46.7 -36.3
2544.1 -175.5 14 6 50 -20.8
6.3 18 87
373 -18.3 -2.3 -16.6 -7 -7.4
1085.6 -95.5 117.9 -77.9 46.8 -37
2524.1 -178.5 41.6 7.7 47.5 -11.3
5.9 18.9 73.8
372.1 -17.6 -1.9 -16.8 -6.8 -7.5
1083.1 -93.5 119.5 -78.6 47 -36.7
2488.2 -171.5 91.1 -10.4 43.7 16.2
5.7 19.7 67.5
373.3 -16.6 -3 -16 -6.8 -7.7
1087.1 -90.7 116.5 -76.4 47.7 -37.4
2601.2 -146.2 32.7 30.7 38.7 9.5
6.3 20.5 78.4
373.9 -16.2 -5.1 -15.8 -8.3 -8.1
1092.5 -88.4 116.4 -74.7 48 -36.1
2716.7 -76.9 14.5 74.1 28.9 29.1
6.5 21.9 95
374.5 -14.9 -5.8 -15.3 -8.8 -8.1
1094.5 -83.2 115 -72.3 47.9 -35.3
2805.4 8.4 35.5 111.5 42.3 55
5.9 24.2 87.6
373.9 -12 -4.6 -14.6 -7.7 -7
1088.4 -72.1 111.7 -69.1 47.8 -33.6
2760.7 104.8 117.1 91.2 111.8 97.4
6.8 23.6 90.8
373.3 -12.9 -6.4 -15.7 -9.2 -7.9
1089.6 -71.6 111.7 -69 47.1 -32.6
2779.6 154.3 116.5 109.3 113.9 113.5
7.1 23.4 100.5
373.6 -13 -7.1 -15.9 -9.8 -8.3
1090.8 -70.5 109.9 -68.1 45.9 -32.5
2820.6 179.2 101.6 123.8 101.8 120.8
6.9 22.4 95.4
374.6 -13 -7.8 -15.5 -10 -8.4
1093.2 -71.1 107.5 -67.9 44.4 -32.8
2864.7 159.2 40.1 105.9 54.9 100.7
7.1 21.9 102
376.1 -13.2 -8.8 -15.3 -10.4 -8.8
1097.1 -71.8 105.7 -67.4 43.4 -33
2946.8 168.5 6.9 120.4 28.3 100.7
winner is: 13
