Regression analysis information for: S03_selected_tokens_0108
number of formants: 3
number of coefficients: 5
27.8 11.1 10017.8
632.6 7.2 -12.2 5.3 -12.3 10.5
996.7 -31.8 -10.8 0.9 1.4 -0.8
1547.6 12.4 122.5 -3.8 53.4 0.3
51.2 39.8 10069.7
636.3 3.9 -2.2 34.9 10.7 21.2
1009.4 -7.4 3.8 3.1 -12.4 -29
1575 63.5 155.3 10.2 35.1 -46.4
85.5 77.4 10171.5
719.6 175.5 0.2 -158.5 -69.4 18.4
1149.1 158.8 -72.5 -175.3 -156.4 -88.9
1966.8 480.9 -63.3 -441.8 -230 -61.6
60.3 66.6 157.8
887.6 101.5 -146.9 45.1 -43.2 -21.9
1376.4 236.4 -35.4 116.5 -16.8 33.5
2573.6 353.8 -294.6 231 -15.5 38.1
37.8 67.6 92.9
943.9 8.1 -81.4 29.1 -60.7 18
1450.5 89.6 72.3 55 -9.8 52.3
2742.8 -6.3 -69.4 103.8 -39.7 93.7
17.8 16.5 29
954.3 -10.8 -61.3 9.9 -41.1 -0.6
1481.6 32 130.4 -5.3 49.1 -8.4
2771.1 -58.1 -2.8 34.3 26.1 15.9
17.2 16.2 21.8
955.3 -11.7 -60.4 9.5 -40 -0.9
1484.5 33.4 129 -3.9 48.7 -7.6
2776.8 -40 -4.4 44.6 20.9 21.1
17.6 16.6 19.8
953.9 -13.3 -63.4 9.1 -41.2 -1.1
1489.1 32.4 131.9 -3.2 49.8 -7.2
2792.4 -34.3 5.9 47.7 25.6 20.9
16.7 18 20.7
955.1 -15.8 -61.3 8.9 -38.7 -0.8
1487.7 30.2 131.7 -0.8 51.7 -6.1
2808.8 -35.2 15.9 47.7 31 21
17.1 20.5 23.2
953.5 -19.2 -62.7 8.5 -38.5 -1
1484.5 26 136.5 2.3 55 -5.5
2824.6 -37.7 27.1 48.5 38.5 21.7
18.9 24 27.9
948.5 -24 -68.6 7.7 -41.1 -2.1
1478 18.8 146.9 6.7 59.8 -5.1
2838.2 -44.3 38.3 50.1 48.2 24.5
20.4 28.3 35
944.2 -28.8 -72.1 6.7 -42.7 -3.6
1465.7 12.2 157 10 64.2 -4.9
2846.8 -56.9 47 52 60.5 30.3
21.2 31.5 42.1
941.2 -30.8 -72.3 6.7 -43.2 -4.1
1448.2 9.9 167 8.5 66.7 -3
2851.6 -73.1 54.1 51.8 72.5 36
24.6 32 39.4
930.9 -32.6 -83.3 6.4 -52.2 -5.9
1431.5 7.3 177.7 1.9 63.3 -7.6
2845.1 -106.5 50.1 39.4 70.7 29.7
27.6 29.2 38.1
921.7 -29.4 -91.4 7.7 -58.8 -6.2
1409.3 10.4 177.7 -9.1 58.6 -13.6
2813.4 -164.7 6.7 0.6 36.1 4.8
29.5 25.9 57.9
909 -18.6 -101.2 12.8 -65.8 -1
1379.7 32.6 166.2 -6.4 46.7 -8.2
2734.5 -76.9 -100.9 80.1 -45.2 72
28.5 21.2 33.7
903.7 -10.7 -95.7 10.1 -62.7 -2.3
1363.3 49.4 164 -7.9 45.4 -11.7
2698.9 -21.9 -109 86.6 -48.8 49.7
26.4 19.5 29.9
897.2 -2.3 -91.2 5.7 -60.6 -3.4
1359.5 60.5 165 -7.9 47.8 -16.7
2680.7 18.9 -88.8 75.4 -34.3 29.7
26.7 19.5 29.1
900.8 -0.4 -90.9 4.7 -60 -6
1373 62.6 179.1 -10.8 53.7 -21
2710.1 23.1 -61.5 71.1 -16.6 21.3
27.6 20.5 32.6
916.2 0.9 -81.8 3.9 -55.2 -8.2
1396 66.5 206.6 -14.5 64.1 -25.7
2765.3 -2.9 -12.1 49 7.7 8.2
winner is: 8
