Regression analysis information for: S03_selected_tokens_0046
number of formants: 3
number of coefficients: 5
12.6 75.9 330.7
451.9 111.8 24.8 -8.2 10.7 17.2
1000.7 -105.5 203.5 -98.1 66.7 9.2
2429.1 -7.5 29.2 -31.2 95.8 106.2
6.9 9.2 49.5
469.9 114.9 17 -2.4 4.4 10.9
1046.3 -95 174.1 -77.1 41.4 -23.5
2600.3 10 -58 69.6 -20.5 -33.6
6.1 9.6 44.6
476.5 117.7 13.3 1.2 -1 10.1
1049.6 -95.1 174.6 -78.1 40.6 -23.5
2595.9 4.3 -46.4 62.7 -6.6 -31.7
6.3 9.7 40.1
476.2 122.2 8.5 2.4 -3.2 9
1051.4 -95.8 174.8 -79.5 40 -23.8
2607.7 -0.4 -39.1 58.7 -6.8 -31.9
7.6 10.2 36
468.3 127.5 9.1 0.5 -6.4 10.4
1053.1 -99.9 178.5 -81.8 39.1 -24.5
2630.1 -8.5 -39.4 52.3 -3.2 -41.3
6.9 9.9 36.9
452.3 133.7 9.8 -4.6 -2.9 5.5
1043.9 -93.2 174.4 -80.4 38.8 -28.4
2656.5 -17.2 -41.9 52.7 -5.7 -43.1
4.2 10.4 43.4
434 132 11.6 -10 2.7 5.1
1027.5 -80.3 168.1 -80.2 45.3 -36.3
2676.3 -16.6 -56.9 68.3 -19.4 -46.1
3.4 10.4 55.7
417.8 114.2 6.6 -8.4 10.5 13.8
1014.1 -83.5 163 -75.6 51.1 -35.1
2639.2 31.8 -94.7 108 -40.2 -24.2
2.9 11.5 84.7
410.8 105.7 2.7 -12.5 7.7 11.7
1007.6 -87.4 160.9 -78.9 53 -40.7
2567.6 -30.6 -85.6 92.6 13.7 -60.5
3.4 11.9 82.3
409.8 105 3.8 -12.1 8.2 12.7
1007.4 -88.7 162.9 -79.3 54.4 -40.7
2542 -51.1 -60.2 92.9 43 -53.1
4 12 66.5
411 105.8 3.8 -12.6 7.8 13.9
1007.4 -86.5 161 -78.3 52.9 -38.4
2577.5 -35.3 -68.4 78.9 16.1 -9.9
5.3 12.3 67.2
417.5 109.9 2.6 -14.6 6.7 16
1017.2 -94.3 165.5 -84.2 51.4 -36.6
2764.6 -43 -134.2 45.9 -51.1 -37.4
8.1 12.4 97.2
424.3 117.9 9.1 -13.2 7.3 18.2
1026 -109.7 175.8 -96.5 51.4 -40.4
2895.8 -41.6 -33.3 -29.1 -77.3 -84.4
20.2 16.3 125.3
435.1 139.4 32.1 6.1 24.9 33.4
1025.4 -134.6 173.6 -115.5 42.9 -51.9
2950.4 14.2 108.7 4.5 -25.3 -81.1
24.4 29.5 100.4
440.1 150.2 43.7 17.6 35.7 41.6
1033.9 -117.2 192.5 -97 64.8 -31.8
2948.9 56.9 178.3 28.6 48.1 -35.2
24.7 31.1 97.9
440.1 148.7 41.4 16.7 35.7 42
1030.9 -113.5 188.1 -94.9 64.9 -31.6
2971.6 64.4 155.6 52.7 65.2 -26.4
24.2 16.2 100.4
442 149.7 38.8 14 34.5 43.6
1021.8 -136 170.8 -114.4 43.3 -47.9
3022.5 73.7 87.2 76.8 60.6 -28.1
22.7 17.7 115.8
441.1 146.6 31.7 -0.4 24.4 46.7
1010.1 -147.4 168.7 -125 31.9 -58.4
3112.2 46.5 -37.3 93.8 54.1 -85.5
51.7 36.7 157.4
452.3 153.6 15.3 -12.5 30.9 53
989.7 -150.6 193.5 -125 42 -79.4
3209.2 2.5 -126.9 119.5 33.2 -185.3
87.1 269.7 224.9
549.4 144.8 -101.5 20.1 79.4 59.3
1182.2 -217.7 104.4 66 -27.1 -53.1
3533.9 17 -389 84 12.5 -49
winner is: 6
