Regression analysis information for: S03_selected_tokens_0051
number of formants: 3
number of coefficients: 5
48.8 181.2 175.4
491.7 125.5 13.1 15.2 36.3 43.5
1167.1 97.5 35.6 175.2 75.2 151.5
1607.8 356.1 -73.8 -1.7 129.2 160.1
17.3 36.7 49.6
542.1 158.6 -2.9 0.4 23 7
1355.9 195.9 -72.5 50.9 7.6 2.4
2184.6 -141 -58.1 -7.2 -14.2 4
9.7 15 14
559.2 163.1 -13.4 -5.1 16.1 5.7
1367.6 207.3 -82.3 30.3 -4.5 8.8
2198 -145 -45.5 -43.1 -5.6 -6.7
8.5 14.6 13.8
562.8 160.7 -14.1 -5 16.1 2.8
1372.2 207.3 -80.2 31.5 -4 9.1
2205 -141.1 -42.7 -42 -4.9 -8.4
9.4 14.6 14.3
558 160.8 -13 -5.6 14 2.8
1374.6 210.8 -79.4 32.4 -4 9
2212.2 -141.5 -42.1 -42.2 -4.8 -9.8
10.8 15.1 15.5
547.6 158.7 -10.2 -6.9 10.3 3.5
1375.3 214.8 -78.9 33.6 -4.4 9.5
2217.4 -142.9 -43.4 -43.1 -5.5 -11.3
12.3 16.3 19
533.2 154.9 -8.9 -7.3 4.4 5.6
1371.8 222 -80.6 35.3 -6.3 10.3
2215.4 -142.1 -53 -40.1 -12.2 -7.5
10.9 17.4 21.8
519.7 143.1 -6.5 -9.8 2 4.9
1369.4 221 -77.5 35.9 -5.9 12
2210.8 -138 -60.4 -38.7 -16.3 -6.2
9.6 18.9 21.2
507.5 132 -6.4 -10.4 0.6 5.4
1362.8 218.4 -75.3 36.1 -5.3 13.1
2199 -138.3 -68.5 -39 -18 -4.7
7.8 21.6 16.4
495.5 120.2 -9.6 -10.7 0.4 6.9
1348.4 208.5 -77.2 35.2 -3.1 13.1
2175.4 -149.1 -74.9 -47.2 -10.5 -2.2
5 21.5 11.7
488.8 109.9 -10.1 -11.8 0 5.3
1335.6 188.3 -79.3 33.6 -4.4 13
2159.3 -164.1 -66.2 -52.4 -8.9 -7.4
4.9 19.8 12
484.6 105.3 -12.9 -12.5 -1 6.8
1323.7 174.1 -86.6 29.9 -4.8 14.4
2152.3 -179.2 -57.5 -56.1 -3.7 -7.5
5.1 19.4 13
483.6 102.9 -13.6 -13.3 -1.6 6.4
1320.9 168.1 -88.6 27.7 -6.4 13.8
2156.9 -189.2 -46.2 -60.2 -0.9 -11.6
4.4 19.6 13.2
484.9 101.6 -12.6 -14.1 -0.7 5.2
1324.3 166.5 -87.1 27.6 -6.6 14.4
2167.2 -195.6 -39.1 -63.8 0.4 -14.1
5.4 19.2 13.3
485.7 102.7 -13.6 -14.1 -2 5.7
1326.7 169.6 -88.5 26.9 -8.1 12.4
2180.9 -212.5 -31 -68.5 3.2 -14.4
5.5 19.6 14.7
489 104.9 -12.2 -14.2 -2.1 5.4
1334.7 175.9 -85.9 27.9 -10 11.1
2197.3 -235.5 -23.1 -76.5 4.7 -15.4
5.6 20.6 17.4
493.9 109.5 -9.5 -13.2 -1.8 5.6
1346.5 187 -81.5 30.5 -12.4 9.3
2211.3 -270.7 -21.6 -87.6 2.8 -13.9
7.5 32.3 21.8
503.8 119.4 -1.8 -10.4 1.9 7.1
1365.3 199.6 -80.2 26.5 -26.9 -3.6
2216 -328.3 -29.6 -105.3 3.1 -1.8
22.8 61.4 232.5
528.7 162.8 24.1 9.6 15.7 24.2
1397.3 234.8 -82.3 25 -37.9 4.9
2293.4 -205.3 186.6 100.4 234.7 248
52.3 114.4 525.2
563.6 183 46.6 -16.1 25.9 20.7
1380.2 154.2 -161 5.4 -3.4 52.5
2466.6 -150.7 619.6 126.6 -40.3 203.7
winner is: 12
