Regression analysis information for: S03_selected_tokens_0018
number of formants: 3
number of coefficients: 5
1.6 91.2 4.1
404.8 39.1 -9.8 -0.1 -1 2.4
1069.4 6.1 17.5 103.9 39.8 77.7
2098.2 43.7 -30.4 7.1 6.9 2.2
2.2 20.4 4
405.2 40.5 -9.4 -0.4 -3.6 1.3
1030.7 -102.5 -78 5.6 -48.8 -8.2
2099.1 43.3 -30.4 7.1 6.8 2.3
4.3 28.6 3.2
410.8 41.2 -11.6 -1.5 -6.6 -0.3
1040.1 -107.3 -65.6 31.4 -14.1 24.7
2099.7 43.5 -31.6 7.8 8.2 2.2
7.3 222.9 158.3
428.7 45.4 -14.8 -4.3 -8.9 -2.1
1160.6 280.9 101.1 92.9 -177.9 -264.3
2247.9 312.6 115.9 18.5 -109.3 -181.3
10.4 205.6 167.3
456.1 49.3 -28.7 -8.5 -10.6 -2.1
1920.7 199.3 159.1 -286.5 105 203.4
2889.7 79 144.5 -223.6 68.7 151.3
10.5 3.1 6.3
481.6 46.8 -50.7 -8.9 -11.3 -2.2
2070.8 48 -25.3 3.6 13 3.8
2986.8 -40 2.1 13.1 -14.1 -11
8.7 2.9 6.2
498.8 43.2 -58.6 -3.5 -9.5 -1.9
2069.6 47.2 -22.1 2 11.8 3.4
2973.4 -33.6 18.1 8.1 -17.7 -9.8
6 3 6.1
498.3 41.2 -62.8 -3.1 -9.5 1.4
2072.2 47.5 -21.5 2.3 11.5 2.6
2980.7 -33.7 19.9 7.9 -16.7 -13.1
3.8 3.8 7.2
466.6 40.1 -60.7 -0.7 6.2 2.9
2077.1 49.4 -22.9 2.6 10.1 2.8
3006.9 -40.2 14.4 5.1 -25.8 -12.9
3 3.4 8.1
440.4 34.1 -44.1 3.8 3.3 0.6
2079.3 50.3 -26.4 2.9 12.9 3.6
3030.5 -41.2 5.5 3.5 -21.8 -9.7
1.8 2 6.9
431 32.6 -35 2.5 0.3 2.3
2076.9 48.2 -30.8 3.5 16.4 4.5
3038.1 -44.2 -0.3 8.8 -11.9 -8.2
1.9 1.8 4.4
426 32.2 -31.5 2.1 -1.3 2.5
2071.4 47 -35 3.9 18.4 5.5
3032.6 -48.8 -10.5 11.9 -6.1 -6.2
2.3 2.6 6.4
421.8 32.9 -30.3 1.4 -3.1 2.7
2065 48.3 -36.2 3.3 17.8 6.7
3022 -50.2 -18.4 12.5 -9.2 -5.6
2.4 3.1 11.4
420 32.9 -28.9 0.9 -3.8 2.4
2057 47.9 -37.3 -1.5 15.8 6.5
2999.9 -47.8 -17.4 2.7 -18.9 -3.8
2.4 4.1 12.8
420.5 32.2 -26.4 1.3 -3.3 2.2
2051.5 47.2 -34.7 -2.3 16.3 7.3
2979.2 -41.5 -3 3.9 -20.4 2.7
2.8 5.5 8.6
419.2 32.8 -27.5 1.6 -4.1 1.4
2051.1 50.7 -30.1 0.4 14.8 3.6
2977.6 -39.1 8.3 11.3 -26.3 -13.9
3 7.4 12.8
419.6 32.9 -27 1.8 -4.2 1.2
2054.7 50.7 -22.5 2 14.2 2.2
2988.3 -44.7 29.1 13.5 -28 -18.8
2.8 7.9 17.8
422 32.5 -25.5 2.1 -3.7 1.1
2068 52.3 -19.5 4.4 12.6 -1.7
3024.9 -44.7 32.6 20.8 -26.2 -28.2
2.8 9.1 23.3
423 32.8 -25.5 2.3 -3.7 1
2084.3 56.1 -16.2 6.5 9.4 -4.8
3069.7 -46 33.9 24.8 -29 -37
3 11.4 31.1
422.3 33.8 -27.5 2.1 -4 1
2102 62.9 -16.3 7.4 3.4 -6.8
3118.9 -44.5 21.5 24.7 -40.2 -45
winner is: 12
