Regression analysis information for: S03_selected_tokens_0118
number of formants: 3
number of coefficients: 5
52.9 58.2 10112.2
711.5 109.4 38.7 -33.3 -30.4 44
1007.3 87 74.1 97.6 107.7 85.1
1592.6 224.1 207.6 159.1 180.6 156.6
83.9 62.3 10146.7
680.2 139.2 139.7 -18.6 -43.4 39.9
1129.4 289.6 139.2 16.9 -35.3 -20.8
1878.4 686.2 357.1 -23.7 -142.1 -75.5
72.2 77.5 256.6
830.1 197 -124.9 39.8 37.3 -14.4
1331.9 254.6 -58.8 11.1 58 -41.1
2542.4 495.5 -347.4 76.9 180.9 -187
5.3 6.7 22.6
939.9 7 -6.4 2.9 18.9 9.5
1445.6 59.1 57.9 -12.3 15.8 5.8
2907.1 -154.3 23.1 47.1 -21.9 26.1
5.4 6.5 19.7
940.4 7.7 -6.5 3.4 19.6 9.7
1446.6 63.2 55.1 -11.8 16.9 5.3
2895.6 -123 19.1 36.1 -11.8 13.6
5.6 6.9 20.5
941 7.5 -6.3 5.2 21 10.4
1450.3 64.2 55.7 -9.9 18.3 6.8
2905.2 -105.3 6.7 40.8 -9.3 2.2
5.6 7.4 21.6
940.6 5.6 -6.5 6.7 22.9 11.4
1450.9 61.9 56.9 -8 19.7 7.9
2927.2 -101.9 -1.3 51.9 -10.5 -0.8
6 8.5 22.6
938.7 2.6 -7 7.6 24.4 12.3
1447.6 57.6 60.6 -6.9 20.1 9.2
2951.1 -104.7 -6.9 64.4 -11.2 -2
7 9.7 23.5
935.2 -1.4 -8.2 6.7 24.1 12.2
1439.8 52.3 66.7 -8 17.6 10.1
2973.2 -111.5 -11.1 76.5 -11.9 -2.4
8.8 10.7 24.3
929.4 -7.1 -11.4 2.2 19.8 9.2
1428.7 47.6 74.1 -12.1 11.5 9.6
2992.1 -120.6 -14.6 86.7 -13.7 -2.6
8.4 10.9 24.7
924.4 -9.8 -13 -1.7 16.6 7.7
1415.5 44.9 80 -17.8 4.7 7
3009.4 -130.8 -15.9 94.6 -15.8 -0.7
10 9.6 27
918.2 -13.4 -17.8 -7.8 9.9 2.9
1404.5 45.6 82.8 -23.5 -3 2.9
3024.2 -140.4 -19.6 98.7 -22.7 -3.7
11.8 8.8 29.7
913.4 -14.2 -22.2 -11.7 4.4 -0.7
1395.2 50.1 82.1 -27 -9.7 -0.8
3038.5 -148 -24.6 100.9 -31.4 -10.2
14 9.8 33.9
909 -11.5 -26.7 -14.2 1.1 -2.7
1385.4 60.1 78.1 -29.6 -13.2 -3.7
3051.4 -154.1 -31.6 102.7 -41.1 -17.5
15 10.6 37.2
904.8 -8.7 -28.7 -14.6 -3.4 -5.3
1376.6 68.9 76.8 -29 -19.1 -7.3
3057.2 -156.6 -35.2 106.6 -56.2 -29.6
19.2 11.2 43.9
899.6 -8.2 -34.5 -18.9 -8.3 -8.6
1371.7 77.6 75.3 -30.6 -19.8 -7.2
3054.6 -151.4 -44.7 105 -64.3 -38.1
20.1 11.5 53.8
896.8 -3.4 -35.6 -20.9 -7.2 -8.8
1366.7 85.2 73.5 -32.6 -18.3 -8.6
3038.5 -125.1 -51 93.2 -52.3 -42.1
19.6 10.5 50.5
891.7 3.7 -35.7 -20.7 -6.7 -9.1
1360.1 93.4 71 -31.5 -16.1 -11
2988.9 -56.9 -69.9 85.5 -18.6 -68.9
19.1 9.9 43.8
890.4 0.9 -35.1 -23.4 -10.6 -9.1
1361.7 91.3 71.3 -32.7 -17.4 -10.2
2993 -75.3 -62.1 79.6 -38.2 -60
18.1 10 35.5
889.2 2 -26.6 -26.3 -10.5 -5.5
1364.7 89.8 73.1 -33.3 -16.2 -11.3
2996.1 -77.8 -24.4 58.3 -39.8 -41
winner is: 5
