Regression analysis information for: S03_selected_tokens_0094
number of formants: 3
number of coefficients: 5
26.6 64.8 21.9
626.3 -348.2 25.8 67.8 -16.2 -25.7
1146.3 -379 132.9 -22.9 -77.5 57.7
2271.4 381.6 -35.1 -2.6 -1.9 6.8
87 108.5 99.4
580.7 -293.4 51.3 7.9 13.1 -13.7
1144.6 -390.7 180 -72 -58.2 61.4
2320.8 294.7 39.9 -63.2 49.1 -54.7
117.7 141.9 181.8
546.1 -234.2 30.9 7.2 -4.8 17.7
1105.3 -339.8 167 -60.2 -70.4 63.7
2440.8 90.3 185 -134.5 42.3 3.6
87.2 120.8 175.3
492.1 -146.2 22.3 -54 58.3 -29
1029.7 -255 170 -101.5 11.7 -8.9
2441.4 96.8 205.6 -165.6 70.3 -12.3
109.2 124.1 176.5
501.6 -150.1 47.6 -62.8 38.7 -26.9
1002 -330 224 -56.2 34.7 -17.4
2479.3 53.6 266.3 -196 76.9 8.8
77.3 267.5 173.6
632.7 -218.5 38.1 -122.8 13.3 65.4
1590.6 -85.3 -244.3 -774.2 -288.1 274.8
2879.4 -11.7 163.8 -469.5 -66.7 210.9
86.8 288.6 191.6
695.4 -239.8 3.8 -86.4 6.9 66.1
2114 415.5 -21.7 -250 -97.2 15.4
3104.5 12.4 61.5 -182.1 -12.1 60.4
5.6 27 49.6
751 -265.5 -49.4 2.6 -3.6 3.4
2234.3 423 -48.5 20 7.1 4.4
3131.3 -33.9 -92.9 0.4 -14.5 -47.3
5.1 23.6 36.5
755.3 -258.9 -47.2 3 -2.8 4.3
2213 393.5 -72.2 -1.5 -7.6 1.8
3112.5 -7.8 -90.2 7.1 -33.3 -23.3
5.1 20.7 28.2
757.9 -256.6 -46.8 3 -2 4.2
2211.6 393.8 -72.3 -7.6 -9 3.1
3107.6 12.4 -67.4 -19 -27.8 -15.8
5 20.1 30
759.2 -257.5 -47.9 1.3 -1.7 3.6
2223.5 409 -57.5 -1.4 -4.7 7.5
3122.9 10.2 -46.5 -36.7 -29.5 -10.7
5.5 19.9 48.7
749.5 -276.7 -60.1 -4.7 -3.5 1.8
2271.1 487.8 10.2 43.6 26.5 23.9
3174.4 32.7 10.8 -18.9 -9 6.9
8 163.5 83.2
732.6 -303 -65.5 6.4 11.9 9.2
2182.2 298.3 -171.2 -120.9 -98 -44.4
3228.2 43.1 47.2 -20.4 -23.1 -8.3
8.2 137.2 98.1
721.3 -314 -55.7 24.7 23 9.3
2223.9 362.1 -125.1 -96.4 -81.7 -34.5
3282.4 41.4 81.8 -17.4 -26.8 -17.4
9.2 21.7 112
709.1 -319.6 -41.4 39.5 23.7 1.6
2325.1 533.4 12.1 -4.7 -29.4 -17
3380.3 79.5 180.8 26.4 3.5 -16.2
16.6 118.3 140.9
684.2 -304.4 -30 57.2 4.8 0.8
2266.6 443.1 -42.8 44.8 52.5 112.6
3362.7 -152.4 180.1 138.4 105.4 125.9
17.7 129.5 327.6
661.7 -297.7 -3.7 55.9 -5 -19.2
2207.5 511.9 -80.4 138.8 72.6 72.5
3259.4 41 -37.9 303.3 33.5 35.9
12.6 130.2 366.7
653.4 -292.1 5 51.9 -15.2 -5.3
2178.8 573.3 -98.9 165.1 43.2 73.7
3122.9 259.8 -198 470.2 -14.8 -90.6
17.7 128.5 433
643.2 -279.8 4.1 48.9 -20.1 1.1
2213.1 592.2 -70.5 132.6 6.9 25.8
3117.2 244 -37.3 372.1 12.9 -144.6
7.3 79.4 384
646.6 -292.2 21 27.6 -9.1 -4.8
2272.8 549.8 48.9 4.1 23.6 1.9
3193.9 91.3 360.3 15.3 132.2 -7.3
winner is: 10
