Regression analysis information for: S03_selected_tokens_0047
number of formants: 3
number of coefficients: 5
32.7 202.4 199.3
452.6 26.5 14.6 59.2 25 -5.5
1449.1 -304.2 132.1 248.6 146.1 -56.7
2338.8 -99.5 97.3 255.5 86.5 -16
11.7 14.7 40.4
496.2 66.3 -10.3 13.9 -10.3 -8.7
1652.7 -88.4 -3 -37.5 5.7 -15.7
2516.2 86.3 -24.5 -10.6 -16 38.6
12.3 14.3 39.1
503.8 76.4 -22.1 1.8 -14.4 -2.5
1653.3 -91.2 0.5 -34.8 9.6 -15.5
2512.1 68 -11 5.6 1.2 33.5
14.8 14.4 36
500.6 83.1 -25 -5.2 -17 0.7
1656 -90 2.2 -33.5 10.6 -16
2524 65.7 -5.5 14.1 7.2 28.1
16.6 15 36.4
489.9 85.7 -25.2 -13.9 -19.5 2.4
1659.3 -89.4 3.8 -33.7 11.3 -17
2542.4 69.3 -3.3 15.6 11.6 22.4
16.7 16 37.8
474.6 82.4 -24.2 -20.7 -20.4 3.8
1661.8 -88.5 4.6 -34.2 11.7 -17.8
2560.7 75.7 -3.6 16 14 18.7
16.2 18 39.6
451.3 66 -25.1 -24.5 -18.5 6.2
1662.5 -88.2 3.7 -35.6 11.2 -18.8
2574 92.9 -13.2 24.2 8.7 23
12.5 23.7 46.7
409.7 33.3 -15.7 -8.4 -5.5 5.9
1654.2 -87.8 -1.6 -40 9.1 -22.1
2572 124.9 -29.5 28.4 -5.3 34.1
4.5 28.5 107.4
382.8 5.5 -11.3 4.2 3.3 5
1618.1 -121.8 -15.1 -50.5 10.7 -19.9
2435.8 29 -19.9 16.2 11.7 97.6
4.1 26.7 71.8
381.4 3.8 -11.9 4.1 3.2 4.1
1607.5 -134.1 -23.5 -54.2 7.7 -25.7
2401.2 4.9 -17.5 30.2 7.2 63.6
4 26.2 56.6
382.8 4.4 -12.2 3.9 3.1 3.7
1615.1 -127.3 -24.2 -55 4.3 -29.5
2442.2 26.7 -31.8 18.7 -1.2 39.8
4.1 27.1 68.6
384.7 5.2 -12.7 3.7 3 3.1
1628.4 -121 -23.5 -56.6 2.3 -34.8
2520.6 60.6 -55.3 -13.2 -13.9 0
4.1 25.2 84.6
386.5 6.3 -12.9 4.1 3.3 3
1643.3 -113.8 -19.1 -55 4 -36.5
2603.1 98.4 -79.7 -32.1 -15.2 -30.5
3.9 24 105.9
388.5 7.3 -11.7 5.8 4.7 4
1666.1 -97.7 -0.8 -42.5 13.7 -30.4
2725.2 169 -48.8 1.5 22.3 -52.5
3.7 22.8 141.9
390.1 8 -9.5 8.3 7 6
1691.3 -79.6 27.5 -24 29.9 -17.8
2864.4 238.6 46.3 42.1 92.4 -72.1
4.8 25.2 152.7
391.3 9.2 -6 11.9 11 9.6
1718 -61.8 62.3 -3.9 48.3 -1.4
2966.2 252.5 121.3 52.8 128.2 -93.6
6.7 27.8 146.6
390.1 6.8 -6.5 11.3 12.4 11
1724.9 -76.1 69.3 -9.3 45.9 -3.1
3000 196.3 159.5 38.8 137.9 -101.3
6.2 28.2 147.3
389.3 5.5 -7.7 8.6 11 8.2
1724.5 -94.5 65 -19.7 39.7 -5.9
3037.7 128.3 202.2 6 155.7 -93.8
5.4 22.8 132.4
388.8 5.6 -8.1 6.9 9.4 5
1719.7 -114.6 50.8 -37.7 26.7 -16.6
3041.7 84.7 181.5 -34 141.3 -99.3
5.1 20.5 117.7
388.3 6.8 -7.2 7.2 8.7 3
1721.1 -121.5 46.1 -44.2 21.9 -18
3051.3 59.3 161.1 -62.7 135.4 -100.2
winner is: 4
