Regression analysis information for: S03_selected_tokens_0027
number of formants: 3
number of coefficients: 5
9.2 141.1 62.8
383.1 -55.5 22.9 2.6 1 -5.5
1042.9 198.4 290.1 270.3 202.4 116
2134.6 470.7 -190.3 -10.3 -44.7 -24.1
19.1 162.6 53.8
409.7 -74.7 28.6 5.9 4 -17.2
1070.2 343.6 375.5 307.8 192.5 83.6
2158.6 510.5 -176.9 15.2 -32.7 -19.9
29.4 308.5 111.7
487 -159.3 55.9 -7 13.9 -44.3
1610.6 504.5 192.6 75.2 -115.1 -647
2451.7 201.6 45.2 -271 42.9 -250.5
7.5 57.1 61.3
528 -192.7 41.6 10.9 -12.3 -19
2069.7 426.3 -283.4 -108.1 -91.4 -22.3
2574.1 122.9 -69.6 -189.9 -82.2 35.3
8.2 49.2 68.2
537.6 -195.7 33.3 6.2 -12.2 -15.8
2059.5 428.1 -274.2 -106 -88.2 -25
2542.2 125.1 -43.5 -150.2 -60.3 -4
8.1 44.8 58.7
541.2 -195.8 31.6 2.6 -12 -11.8
2065.1 425.3 -261.6 -83.4 -78.9 -30.9
2558 130.7 -27.8 -129.4 -53.2 -18.8
8.7 49.5 58.6
540.3 -201.9 30.5 -2.8 -15.3 -8.9
2067 417.8 -280 -75.8 -72.3 -47.4
2578.1 116.1 -17.1 -139.9 -57 -32.6
9.9 54.2 59.9
536.4 -203.4 34.3 -7.4 -17.6 -3.2
2078.9 414.4 -293 -64 -62.6 -59
2601.3 111 -5.8 -147.6 -61.1 -34.3
11.1 55.5 62.1
526.8 -205.4 38.1 -12.6 -18.9 5.1
2089.4 415.9 -298 -58.8 -62.7 -64.5
2628.5 103.2 -5 -159.1 -66 -47.7
11.7 55.3 66
514.4 -201.5 43.6 -15.9 -19.4 10.1
2098.3 415.4 -306.3 -56.4 -63.3 -65.7
2651.6 95 -6.3 -174.3 -69.6 -53.6
11.9 51.1 69.3
495.3 -189.7 44.2 -13.8 -14 16
2117.3 425.2 -301.3 -45 -62 -62.5
2681.5 124.9 11 -179.1 -68.1 -49.4
12.1 51.9 91.3
469.3 -164.3 33.8 -6.6 -10 12.3
2125.9 431.3 -310.6 -43.5 -69.3 -62.1
2683.2 160.5 3 -212.4 -86.1 -46.6
6.4 64.8 129.2
445.5 -134.9 19.8 -0.5 -6.5 5.5
2113 445.2 -302.3 -59.1 -93.8 -37.4
2599.3 366.1 -92.1 -183.9 -123.3 -8
3.2 78.4 113.9
425.4 -114.9 15.4 -0.8 -0.2 -2.7
1972.5 502 -220 -168.9 -82.6 28.8
2475 429.7 -148.8 -244.3 -115.1 -1.4
3 77.1 98.2
425.5 -119.5 19.2 -0.9 -0.9 -2.6
1948.1 490.1 -172.8 -169.1 -140.3 25.8
2396.4 276.5 -159.9 -184.5 -12.1 52.7
2.8 85.9 87.1
429.4 -127.2 25.6 -1.4 -1.5 -1.6
1959 438.5 -127.6 -97.8 -148.3 40.4
2373.3 271.2 -120.6 -151.4 -1.2 12.8
4.8 78.7 134
440.3 -146.3 38.1 -5.7 -1.9 0.3
2008.9 421.4 -117.3 -70.1 -178.3 23.6
2358.2 313.6 -146.8 -119.6 -39.7 66.8
9.4 63.4 174.7
461.7 -182.4 61.5 -16.9 0.7 1.5
2075.9 436.5 -141.3 -81 -194.1 3.8
2837.6 -436.9 421.7 -386.8 6.1 98.7
10.3 72.2 172.4
483.9 -217.7 81.3 -24 1 2
2100.8 443.1 -163.3 -109.9 -157.4 40.2
2980.5 -314.2 453 -367.9 -136.3 96.4
13.7 119.2 273.5
493.6 -233.7 87.5 -25.4 -2.8 1.3
2109.5 434.9 -193 -116.4 -147.5 53.1
3302.6 -349.6 255.1 -65.3 -231.2 -109.9
winner is: 6
