Regression analysis information for: S03_selected_tokens_0077
number of formants: 3
number of coefficients: 5
1.9 284 122.8
404 -3.5 -5.9 -2 -0.4 1.2
1532.2 291.9 -335.7 90.1 129.5 -9.3
2281.8 259.6 -239.8 115.2 35.3 -29.1
1 64.7 63.5
404.1 -2.1 -5 -2.1 -1.4 -0.5
1686.2 507.6 -170.3 77.9 53.3 -100.7
2325.2 360.5 -184.3 115.3 46.6 -56.6
1 95.4 66.3
405.7 -2.9 -3.3 -1.6 -0.8 -0.6
1844.7 233.9 -31.7 94.3 -78.6 82.6
2473 88.7 -34.6 88 -40.9 82.9
1.1 13 13.3
406.6 -4.3 -1.5 -1.7 -1 -0.8
1885.1 152.9 46.5 12.9 1.5 3.2
2507.1 24.9 28.8 16.9 31.9 10.7
1 13.9 11.5
406.2 -5.3 -0.6 -2.2 -1.2 -1.1
1889 155.7 46.4 14.3 -1.5 3.3
2517.2 28 32.1 20.4 33.7 11.5
0.9 14 9.7
405.3 -5.2 -0.3 -2.3 -1.3 -1.2
1892.9 153 49 14.6 -0.5 1.9
2525.3 25 32.5 21.5 32.3 11.6
0.9 15.2 9.1
404.1 -5.4 -0.8 -2.8 -1.6 -1.3
1896.5 155.5 50.8 15.3 -3.6 1.6
2535 24.2 39.7 23.7 34.3 11.3
0.8 15.9 9
403 -5 -1.4 -2.7 -1.9 -1.1
1898.2 155.7 53 15.4 -4.8 1.1
2539.4 20.5 43 24 34.3 11.3
0.7 16.2 9.1
402.2 -4.2 -1.8 -2.5 -1.9 -0.8
1897.7 153.9 54.6 15.1 -3.7 1.1
2537.8 15 40.1 22.5 32.1 12.9
0.7 16.5 10.7
401.6 -3.9 -2.3 -2.4 -2 -0.7
1895.4 155.6 52.5 15.5 -4.5 2.2
2532.5 12.6 33.9 22.2 31.3 15.9
0.7 17.5 13.6
401 -3.8 -2.8 -2.6 -2.3 -0.6
1888.4 162.2 48 15.4 -10 7.1
2519.4 17.3 27.1 21.2 27.3 24.2
0.6 13.1 22.5
400.1 -2.8 -3.2 -2.7 -2.1 -0.7
1859.1 194.4 34.2 12.8 -0.4 5.8
2475.2 64.6 5.4 20.8 34.4 22.3
0.6 14.8 17.8
400.3 -2.7 -2.8 -2.6 -1.9 -0.7
1860.2 187.9 39.8 10.8 2.6 4.7
2478.4 56.4 9.2 18.6 31.6 20.3
0.6 13.7 18.4
400.6 -2.8 -2.7 -2.6 -1.8 -0.7
1869.2 178.9 43.8 8.3 6.1 5.7
2492.2 48.1 13.3 16 37.1 21.6
0.6 15.7 18.1
400.8 -3.5 -2.8 -2.9 -1.8 -0.7
1883.5 164.3 51.1 3.3 7.1 6.8
2511.9 36.8 25.1 12.4 45.8 20
0.6 17.4 21.5
401.9 -3.8 -2.2 -2.9 -1.5 -0.6
1918.5 142.2 66 -2.7 8.2 4
2546.7 13.6 40.3 -1.7 59 19.3
0.8 23.6 61.4
404.2 -4.7 -2.1 -3.1 -2 -0.5
1997.2 131.9 65.2 3.3 -30.1 -3.2
2659.9 -90 139.1 -53.3 86.1 49.9
1 21 131.1
408.5 -5.3 -2.5 -2.8 -3 -0.5
2071.9 119.1 42 25.1 -43.3 -14.2
3010.9 -241.4 280.5 -88 -57.3 108.9
1.1 19.3 127.7
413.6 -4.6 -3.6 -1.9 -3.5 -0.6
2101 115.3 32.1 30.7 -38.9 -13.4
3692.7 37.2 89.7 72 -120.7 -43.9
1.4 19.8 42.4
417.4 -3.6 -5.7 -1.7 -3 -0.8
2115.4 117.8 28.9 31.5 -33.3 -11.9
3817.9 41.3 -58.1 46.1 25.9 8.6
winner is: 6
