Regression analysis information for: S03_selected_tokens_0079
number of formants: 3
number of coefficients: 5
28.1 18.7 22
403.1 4.4 13.1 15.7 12.6 16.5
2036.9 235.4 -7 -45.3 35.8 -3.4
2563.1 60.7 138.3 25.9 32.6 0.6
13.7 17.1 20
396.6 -13 -2.8 0.3 -3.8 1.5
2035.6 239 -6 -42 35.3 -3.9
2561 70.7 133.2 24.2 33.7 -4.7
9.1 16.8 17.2
389.8 -26.7 -15 -12.2 -16.3 -9.7
2040.9 241.6 -6.7 -40.4 35.2 -6.5
2573 78.7 129.1 24 34.3 -5.2
9.7 18.1 13.9
388.7 -25.3 -12.2 -9.8 -13.4 -5.2
2048.9 242.6 -7.1 -42.7 34.7 -11.1
2590.6 85.4 128.2 23 34 -4.2
9.4 18.9 11.9
385.8 -25.4 -10.7 -10.4 -13.5 -4.5
2057.4 244 -11.2 -43 35.2 -14
2604.8 87.1 122 20.3 34.2 -3
9.3 18.9 12
382.3 -24.7 -10.4 -12.2 -13.3 -4.6
2066 245.4 -14.7 -42.2 35.9 -16.5
2614.7 86.1 121.3 20.6 33.1 -2.7
9.1 18.8 14.6
378.8 -23.5 -11.5 -14.2 -13.3 -5.9
2073.3 246.3 -17.8 -41.8 36.9 -17.8
2614.2 78.4 131.4 26.9 30.4 -4.8
8.5 19.5 24
375.1 -23.7 -14.7 -17.6 -14.9 -9
2077.2 247.4 -20.3 -41.9 38.2 -17
2597.5 66.9 157.2 35.2 25.9 -7.8
7.4 23.1 35.5
372 -23.1 -17.6 -20.9 -16.3 -13.2
2070.7 256.1 -22.7 -43.7 39.7 -7.5
2561.8 60.4 188 31.9 22.4 -0.3
10.4 29.7 37.1
368.8 -26.3 -22.6 -25.5 -20.2 -18
2055.3 275.1 -17.3 -53.7 44.9 6.4
2539.9 80.9 194 34.2 32.5 -2.1
65.4 45.2 60.7
396.5 29.7 33.5 29.9 36.3 37.7
2048 311.5 8.5 -44.6 70.5 30.5
2545.5 150.6 221.6 66.2 83.6 23.8
120 47.8 88.1
426.5 89.7 93.3 88.1 94 92.9
2038.4 341.5 31.1 -29.8 89.5 53.1
2545.8 198.4 250.1 103.3 119.5 45.1
121.4 42.6 88.2
428.5 93 96.3 90.8 96.2 94.6
2058.5 342 23.5 -22.9 81.1 43.5
2571.8 208.5 241 89 121.6 64.5
121.8 53 105.7
429.4 92.8 96 90.8 95.8 94.4
2111.2 320.1 3 11.3 62.5 3
2641.7 261.1 226.1 -5.8 107.3 120.3
121.9 53.5 185
430.7 91.8 95.1 90.3 94.6 93.5
2152.1 294.4 1.7 25.4 62.8 -22.1
2863.3 388.9 94.2 -248.3 -11.3 222.9
121.6 47.8 278.1
431.5 89.5 93 88.9 92.4 91.4
2179.1 274.2 12.4 25.9 66.8 -31.2
3102.4 282.2 -39.2 -41.5 -117.9 83.3
161.4 54.3 234.5
464.8 151 153.9 147.9 148 142.2
2207.9 275.2 41.1 42.8 84.9 -18.8
3322.9 235.3 -177 93.6 10.5 37.1
159.4 47.6 179.2
462.6 143.6 147.3 142.5 142.7 137.7
2219.3 257.6 47.4 33.6 83.5 -25.6
3406.5 197 -210.6 93.4 46.9 61.4
160.8 40.5 166.3
462.5 142.2 146.3 141.6 142.1 137.1
2223.5 245.3 47.5 26.9 80.4 -32.7
3448.5 178.9 -202.5 102.8 51.1 60.6
181.7 60.3 174.1
492.9 201.7 204.3 194.7 191 178.7
2242.5 271.2 80.9 51.5 108.4 -13.3
3489.3 196.7 -172.2 137.8 84.3 77
winner is: 5
