Regression analysis information for: S03_selected_tokens_0042
number of formants: 3
number of coefficients: 5
9.7 16.5 13.2
501.5 60.5 -0.3 13.7 15.1 1.4
1089 -3.7 75.7 -42.6 54.5 -26.9
2567.8 -71.2 -77.7 21 -38.9 11.7
6.7 16.5 11.5
507.9 63.6 -3.8 15.3 10.8 2.8
1092.9 -3.3 76.2 -41.5 52.4 -26.8
2562.7 -74.4 -72.5 23.2 -36.3 11.6
4.9 17.4 10.5
509.4 64.1 -8 16.5 7.5 2.8
1093.8 -0.7 72.9 -38.4 50 -26
2567.3 -70.9 -65 24.5 -33.8 13
4.2 18 10.2
506.6 66.4 -12.5 18.4 4.6 3.6
1094.8 -0.2 71.8 -37.4 49.1 -26
2574.2 -65.8 -60.5 26.2 -30.9 14.9
4.9 19.6 9.4
498.3 71.9 -17.4 19.7 5.4 0.2
1093.8 0.7 71.9 -38.9 51.3 -29.1
2581.5 -61.2 -58 28.6 -29.3 17.9
5 23.4 8.8
480.9 80.6 -17.1 13.6 10.3 -4.2
1080.2 14.7 66.9 -42 57.3 -34.4
2591.3 -59.7 -55.5 31.8 -29.6 22.5
4.2 21.8 8.9
466.3 79.8 -10.2 8.8 10.3 -4.3
1066.4 19.3 69.9 -47.6 59.5 -33.3
2596.6 -54.6 -56.5 34.1 -28 24
3.6 21 10.4
454.2 75.4 -6.3 5.8 9.9 -2.4
1047.8 21.9 69.8 -50.3 57.7 -26.6
2593.5 -53.9 -61.6 35.2 -28.2 24.8
3.4 20.7 14.5
445.7 68.5 -6.4 3.5 8.3 -3
1036.5 9.6 72.9 -55.5 56.8 -25.5
2543.4 -118 -103.1 13.6 -48.4 9.2
3.5 19.8 16.3
444.6 68.8 -5.1 3.2 8.1 -2.8
1034.9 10.4 75.1 -55.9 55.9 -24.8
2531.3 -114.6 -88.9 18.6 -51.8 7.9
3.4 19.6 13.3
445.8 69.7 -3.1 4.1 8.8 -2.3
1035.5 13.5 75.6 -53.7 55.4 -23.9
2546.2 -95.7 -58.8 27.1 -42.4 14.5
4.2 18.4 20.4
450.7 69.6 1.4 6.4 9 0.1
1043.2 10.3 83.4 -53.4 57.4 -22.7
2595 -67.8 -4.5 57 -15.1 40.3
4.9 18 33.8
459.6 72.6 3.6 10.3 10.2 0.2
1054.4 8.1 90.8 -56 64.2 -25.8
2674.4 -1.5 24.5 94.1 29.9 59.3
5.4 20 38.6
469.8 80.8 4.3 8.9 10.1 -1.8
1057.4 16.4 90.8 -56.2 68.6 -25.9
2748.9 76 34.9 76.3 41.7 74.2
5.8 22.4 42.8
475.2 90.9 3.9 2.3 5 -7.5
1056.6 15.9 91.8 -56.4 69.9 -24
2776.8 122.9 32.4 45.4 26.2 66.5
8.3 23.5 43.4
479.7 96.2 4.4 -0.7 -1 -12.5
1053 11.7 90.2 -54.7 73.1 -20.5
2786 131.4 27 31.7 10.5 58
8.6 23.2 40.8
480.6 93.9 2.4 0.1 -2.1 -11.9
1051.4 9.5 93.1 -60.2 78.6 -22.3
2782.1 115.7 13.9 32.1 7.8 56.9
7.7 22.6 38.2
483.3 87.6 -0.9 4.9 -1.3 -8.7
1040.9 27.3 97.1 -76.7 91.8 -32.4
2787.1 107.1 7.3 37.4 14.4 61.7
28.8 182.1 134.1
503.2 69.9 -9.2 27.6 -20.7 -3.1
1093.8 -46 78.9 38.8 -42 20.8
2867.9 33 -8.5 140.8 -93.4 118.5
38.2 267.5 186
552.1 31.2 -24 72.2 -66.8 18.9
1314.3 -388.2 102 343.5 -434.6 253.6
3086.8 -228.5 -2 379.3 -394.4 314.9
winner is: 4
