Regression analysis information for: S03_selected_tokens_0006
number of formants: 3
number of coefficients: 5
2.1 20.3 6.1
422.6 -10.1 -37.2 -2.6 2.8 4.8
1202.9 82.6 58.6 -7 -25.9 -21.7
2040.3 183.4 -33.3 18.3 -8.2 16
3.3 116.9 52.5
437.6 -13 -44.2 -5.5 2.2 2.7
1436 493.8 370.2 91.8 -109.4 -151.8
2212.4 474.8 127.2 36.8 -82.2 -57.2
20.5 202.4 130.1
469.4 -27.1 -74.8 9.9 4.1 -14.2
1726.4 648.4 -270.5 -26.5 238.5 -297.1
2531.5 325.4 -197.2 6.2 151.3 -184.3
5.9 5.3 10.9
517.5 -82.1 -73.7 24.2 -12.5 9.1
2004.9 189.8 -30 19.1 -2.4 14.9
2691.7 51.9 -28.5 21.6 -6 25.1
6.3 5.1 9.7
530.5 -99.5 -74.2 29.7 -13.8 12.1
2007.4 192.8 -29.6 17.9 -2.6 14.6
2697.2 60.9 -30 18.3 -6.1 24.5
7.2 5 9.4
531.2 -106.8 -71.3 34.9 -15.6 12.9
2012.4 193.5 -30.1 17.5 -2.9 15
2713 57.2 -32 17.8 -7.2 24.9
7.6 5 9
525.2 -107.4 -66.9 39.2 -18.8 13.7
2016.9 192.9 -31.4 17 -3.4 15.2
2729.3 49.7 -34.8 17.5 -8.3 25
6.1 5.2 9.1
510.5 -95.8 -63.5 40.7 -22.2 13.7
2020.3 191 -33.7 16.5 -4.2 15.6
2743.9 38.3 -38.9 16.7 -10.1 25
4.4 5.2 9.4
485.7 -73 -52.7 29.2 -22.8 18.2
2021.4 188.8 -36.6 16.5 -5 16.8
2753.8 25.6 -45.2 17.8 -12.2 26.9
4.1 5.3 9.8
465.7 -52 -47.3 16.5 -14.1 13.8
2019.7 187 -39.5 16.2 -5.9 18.2
2755.8 16 -51.6 19.3 -16.2 31.7
3.2 6.2 9.3
452.5 -38.8 -45.5 10.2 -7.2 9.8
2014.2 194 -40.5 18.6 -4.9 20.1
2746.5 22.6 -54.3 28.4 -18.4 40.7
2.7 7.5 8.3
447 -33 -43.6 6.7 -4.3 7.5
2008.6 201.1 -38 18.8 -3.8 20.6
2728.5 45.3 -49.9 29.4 -19.8 46.9
2.5 8.3 8.3
444.8 -30.9 -42.6 5.7 -3.4 6.6
2004 208.2 -33.6 20.2 -1.6 20.3
2710.3 68.9 -40.5 29.3 -15.1 47
2.2 7.3 10.4
442.7 -29.3 -41 5 -2.3 5.2
1991.1 216.4 -19.7 25.5 4 12.2
2673.5 100.6 -12.7 26.4 5.8 27.1
2.2 7 8.9
442.3 -28.2 -40.7 4.2 -2.1 5
1983.9 230.6 -12.3 19.9 5 9.4
2663.3 128 -5.1 14.8 10 24.4
2.3 5.3 11.6
444.1 -28.9 -41.1 4.2 -2.2 5.2
2006.1 235.5 -14.1 15.2 0.7 12.6
2703.5 122.8 -2 10.9 7.6 28
2.4 6.4 26.2
445.9 -29.5 -41.3 4.7 -2.2 5.2
2048.3 243.6 -20.9 5 -8.7 21.3
2784.1 121.5 2.2 -9.3 -8.4 41.1
2.8 10.6 106.8
445.1 -30.1 -39.8 7.5 -1.3 3.6
2101.5 246.7 -31.4 -0.4 -15.5 32.3
3040 92.5 -11.7 -111.1 -145.2 169
4.7 16.5 65.6
437.9 -32.4 -32.2 16.1 0.2 -0.6
2142.1 245.3 -38.7 1.6 -15.5 35.9
3350.5 77.2 -121.2 -92.8 -104.7 164.6
52.1 17.9 40.8
461.3 -59.4 -17.4 12.3 -48.8 55
2167.3 242.6 -43.7 7.2 -14.7 33.4
3500.1 53.7 -133.2 4.1 -88.4 34
winner is: 15
