Regression analysis information for: S03_selected_tokens_0090
number of formants: 3
number of coefficients: 5
52.4 95.8 66.6
492.5 -254 93.4 51.4 -108.1 78.4
1234.9 -430 96.3 38.6 -147.9 91
2483.2 264.1 111.2 -97.7 -4.8 -26.3
61.8 102.9 87.1
486.4 -250.1 111.9 27.9 -109.5 111.2
1220.5 -428.3 121.1 -4.7 -154.5 128.1
2527 188.7 172.4 -129 -19.4 25.7
53.5 76.9 102.4
378.8 -90.8 88.9 -74.7 35.9 -12.1
1079.4 -213 107.8 -138.1 59.2 -60.1
2462 294.4 141.9 -184.6 88.7 -109.1
90.5 246 194.2
464.9 -155 6.7 4.2 72.3 -80.5
1239.4 -292.5 -12.4 74.6 189.5 -210.8
2609.2 192.8 28.3 -62 181.4 -231.8
26.5 192.7 105.1
608.2 -309.6 -39 155.4 -64 -7.2
1542.1 -518.2 -172.6 431.7 150.3 -54.1
2903.3 -101 -87 253.1 -54.9 -37.9
34.8 438 140.1
614.5 -292 -49.6 135.4 -41.8 -2.4
1665.9 -342.7 -163.1 356 76.7 -162.5
2932 5.2 -96.1 165.8 -27.4 -70.7
26.2 228.3 82.6
644.4 -257.3 -72.3 102.8 -58 6.2
2169.5 264.7 -346.5 -200.2 -184.2 -23
3027 163.6 -115.3 1.5 -22 -39.3
22.2 15.5 37.5
667.5 -234.4 -71.7 94.8 -62.2 15.1
2331.9 571.6 -69.4 3.8 -72.3 -11.9
3044.6 177.5 -53.6 52.3 24.5 -16.1
24.6 13.6 32.6
673.1 -218.9 -81.2 101 -71.4 22.5
2323.5 561.4 -71.9 7.6 -67.9 -13.1
3045 124.7 -52.4 53 33.1 -7
28.3 14 33.5
676.5 -215.6 -83.4 103.8 -76.9 29.8
2323.6 549.3 -71.3 11.4 -66.5 -9.2
3067.5 102.6 -44.3 55.4 20.8 -8.7
33.5 15.8 45.5
657.6 -216.2 -96.7 122.1 -87.8 37.9
2332 561.7 -74.1 6.2 -69.9 -5
3106.9 105.3 -28.6 50.2 -2 -27.6
28.7 17 52.9
620.9 -236.1 -71.1 131.6 -110.5 48.1
2348.7 574.9 -66.5 8.2 -75.3 -3.6
3158.2 124.3 -11 55.2 -31.8 -52.2
24.2 24.1 61.4
567.1 -226.3 -30 146.3 -150 46.3
2357.7 592.6 -73.1 3.7 -77.8 6.4
3181 134.8 -21.9 77.8 -49.2 -49.2
26.6 31.7 62.1
540.4 -204 -18.9 137.9 -147.5 46.6
2364 597.2 -75.7 1.2 -83.6 14.1
3184.7 139.9 -43.3 114.6 -70.6 -32.9
34.3 42.4 72.7
509 -167.2 -22.1 120.1 -133 41.7
2362.9 614.7 -86.2 -1.2 -87.5 19.2
3146 225.2 -116.2 178.5 -104.7 -47.6
9.7 51.6 132.7
455.5 -101.1 -12.1 49.3 -56.6 8.9
2352.1 635.5 -86.9 -4.3 -79.1 5.6
2977.3 456.4 -57.2 -52.1 95.7 -93.4
7.8 44.6 107.1
453.2 -101 -10.6 46.8 -50.4 7.4
2336.1 654.6 -80 -4.4 -67 -9.6
2978.8 472.4 -48.4 -32.5 74 -94.8
7 43 103.8
451.5 -103.8 -13.7 48.4 -50.4 8.4
2336.3 660.8 -70.8 -4.6 -61.4 -13.7
2998.6 452.7 -27.3 -39.7 56.9 -108.7
6.3 46.2 122.7
451.9 -108.5 -12.1 48.1 -47.7 10.4
2346.5 667 -58.2 -5.9 -57 -15.7
2983.7 370.3 -82.9 -66.9 7.4 -136.4
7.2 51.4 135.9
453.1 -111.6 -12.9 50.8 -50.1 13.3
2356.3 638.6 -65.1 -19 -71.2 -17.1
2951.1 335 -159.8 -47 -0.1 -101.4
winner is: 9
