Regression analysis information for: S03_selected_tokens_0062
number of formants: 3
number of coefficients: 5
8.1 92.8 47.9
384.2 -40.2 -33 -20.5 -11 -7.9
2296.6 33.2 -59.7 -72.1 -83.3 -24.2
2552.3 237.8 50.1 67.4 -33.5 -22
8.1 26.5 40.4
393.2 -28.5 -26.3 -18.4 -14.2 -13.5
2330.1 121.9 38.4 -7.2 -43.4 -4.7
2546.1 240.7 59.7 86.7 9 -17.4
9.4 22 29.9
395.3 -23.6 -23.2 -17 -15.2 -15.1
2333.1 112.7 28.2 -13.7 -31.7 -1.2
2559.3 206.6 65.5 83.5 23.1 5.5
10.5 22 34
390.8 -20.9 -20.2 -18.4 -14.7 -17.2
2354.3 110 -2.5 -14.1 -28.3 8.9
2593 174.3 91 73.6 15.1 10.2
10.6 16.8 32.9
380.9 -24.5 -18.1 -19.6 -13.6 -15.7
2373.3 110.4 -19.2 -6.6 -22.5 1.2
2644.4 165.8 114.1 49.9 6.5 17.2
7.8 12 35.2
366.8 -32.1 -14.3 -20.3 -14.3 -13.8
2393.1 117.6 -28.3 -0.5 -11 -0.5
2728.7 170.6 125.9 23.5 16.9 43.2
4.9 11 52.3
358.1 -37.8 -14.3 -20.6 -12.6 -9.5
2403.4 121.2 -29 0.4 -10.4 -5.6
2813.1 156.1 137.1 -22.3 34.8 46.9
3 27.2 86.2
353.9 -40 -14.1 -20.4 -10.9 -7
2402 140.4 -46.1 17.9 -28.6 7.4
2856.1 187.9 128.4 -25.9 -7.8 78
2.3 65.3 139.1
351.3 -42.5 -15.3 -20.9 -10.5 -5.7
2370.6 186.4 -69.5 72.2 -91.6 31.7
2859.2 240.7 142.6 -3.3 -90.3 109.5
2 64.8 152.4
350.5 -43.1 -15.8 -21 -10 -5
2372.9 189.6 -70.8 73 -91.3 32.1
2896.1 259.3 162.2 -34.7 -103.2 144.4
1.7 50.3 153.8
350.8 -42.2 -15.6 -20.7 -9.5 -4.9
2387.4 182.7 -75.9 57.4 -68.5 34.4
2949.8 257.1 132.7 -36.3 -99.5 173.2
1.5 69.5 148.3
348.8 -43.1 -15.2 -20.1 -8.4 -4.7
2325.6 166.7 17.8 49.3 -83.7 48.6
2633.1 81.3 207.2 128.1 -35.2 183.9
1.4 46.8 161
348.6 -43.9 -15.9 -20.7 -8.4 -4.9
2381.3 178.9 -26.7 17 -68 34.1
2660.7 121.3 248.5 71.8 4 141.6
1.3 34 154.6
349.5 -42.6 -15.8 -20.6 -8.2 -5.2
2407 158.2 -52 28 -43.7 10
2833.6 269.9 184.5 -93.1 -16.8 85.5
1.3 11.6 149.1
350.3 -42.4 -16.3 -20.8 -8.2 -5.5
2418 132.8 -25.4 4.2 -18.6 -11.6
3114.6 304.9 -21.3 -187.1 129.3 59.9
1.4 10.3 127.5
350.5 -42.2 -16.6 -20.9 -8.3 -5.7
2418.8 131.1 -23.2 2.1 -16.6 -12.8
3181.1 282.6 -91.1 -170.1 164.8 0.3
1.6 10.7 100.7
350.7 -43.6 -17.6 -20.8 -8.5 -6
2419.7 134.3 -21.4 3.2 -14.4 -11.3
3345.6 146.8 -158.1 -57.6 144.2 -73
1.7 10.9 84.6
351.4 -44 -18.1 -20.5 -8.8 -6.2
2422.3 137.3 -18.9 6.1 -12.5 -9.6
3452.5 43.9 -134 37.7 17.7 -1.2
1.7 10.4 61.7
352.4 -43.3 -17.7 -19.8 -8.8 -6.2
2424.9 138.3 -17.2 8.7 -12 -8.5
3510.8 8.8 -121.2 78.1 -25.2 37.1
2.2 12.3 56.7
351.9 -45 -19 -20.4 -9.8 -6.4
2427.8 143.5 -13.8 12.7 -8.7 -4.8
3538.5 14.8 -119.9 92.8 -23.5 43.2
winner is: 6
