Regression analysis information for: S03_selected_tokens_0012
number of formants: 3
number of coefficients: 5
54.7 151.8 32.1
480.3 30.7 -13.8 42.3 -1.5 -26.2
974 28.8 49.9 129.1 48.1 -105.7
2312.6 71.5 30.7 28 14.7 16.7
14.5 29.4 6
380.9 -46.6 -40.4 10 -14.2 -11.2
900.3 41.1 18.6 -69.2 -5.4 25.8
2285.4 32.1 3.3 1.1 -10.3 -1.2
6.2 13 6.2
378.7 -33.5 -38.4 -2.4 -10.2 -3
924.4 15.8 15.2 -33.4 -10.9 6.8
2287.7 34.3 0.7 -1.2 -9.3 0.3
32.8 253.4 105.5
409 -25.5 -77.1 -39.7 -8.1 15.2
963 42 -81.5 -152.7 -55.3 3.9
2359.3 93.2 -70.8 -94.5 -26.7 19
27.6 148.6 72.4
567.8 131.4 -9.7 -12.5 -2.5 14.1
1670 960.8 -287.8 -180.3 255.6 -52.1
2706.4 434 -146 -50.4 118.4 -22.3
11.7 9.4 25.1
621.7 71.2 -15.7 10.6 -16.7 7.2
2266.3 21.5 23.3 13.7 -16.3 -11.8
2967.7 -16.6 5.3 54.4 -14.2 17
9.4 8.5 30.3
638.5 57.9 -12.1 10.7 -16.7 5.3
2257.8 24.2 23.3 10.8 -17 -9.2
2934 16 -21.9 63.9 -28.4 36.9
8.8 7.8 26.5
646.7 53.3 -10.9 11 -17.1 4.1
2255.7 28 20 7.8 -16.2 -6.5
2923.9 31.5 -31.5 53.4 -24.2 36.6
9.7 7 23
649.6 52.3 -11.9 11.9 -19.2 3.5
2258.9 29.9 17.5 5.4 -14.3 -5
2933.4 30.2 -28 43.1 -18 32
12.6 6.4 20.7
641.6 46.7 -4.7 18.3 -21.2 -1.6
2266.8 33.1 11 1.4 -12.5 -2.3
2951.9 30.5 -29.9 36 -17.2 29.3
27.4 6.5 18.6
612.9 33.8 -12.1 21.6 -42.8 -17.7
2274.4 34.9 5.8 -1.7 -11.3 -1.3
2972.2 23.6 -23.2 28.5 -13.8 20.1
36.3 5.8 18.5
564 21.3 1.4 46.4 -49.7 -30
2283.6 35 3.5 -5.6 -8.8 -1.2
2993.2 10.3 -9.5 22.4 -12.5 10.8
35.5 5.7 23.4
510.4 11.8 2.9 40.3 -49.9 -28
2290.2 33.8 3.9 -6.3 -7.9 -4.4
3001.2 -2 5 32.9 -21.6 -2.6
17.2 18.8 91.7
456.9 -10.1 -16.8 21.4 -24 -8
2276.8 32.4 23.1 18.9 -30.4 -24.2
2936.6 23.6 -13.1 161.4 -80.4 38
7.8 19.6 94.1
438.8 -13.3 -22.2 6.7 -16.4 -2.2
2260.5 15.6 54.9 37.1 -37.3 -46.9
2898.2 7.5 -15.3 202.7 -75.5 63.2
6 36.7 65.3
431.6 -10 -23.7 2.7 -14.4 -1.6
2219.2 37.8 54.1 71.4 -80.1 -30.8
2797 103.3 -77.6 196.8 -73.2 58.7
5 26 50.7
430.7 -10.6 -24.1 0.8 -13.9 -0.6
2217 23.6 66.4 36.6 -66.4 -32.4
2754.8 103.8 -91.3 139.2 -52.6 79.6
5.1 17.9 52
431.9 -10.6 -24.6 0.3 -13.9 -0.3
2236 22.2 57.3 11.5 -51.4 -27.9
2782.5 91.3 -88.4 135.5 -64.3 88
5.2 12.5 58
433.6 -11.2 -25.5 -0.4 -13.9 -0.2
2270.7 28.1 32.2 -14.9 -30.8 -13.6
2831.9 73 -70.7 138.1 -86.2 85
5.6 23.6 68.6
435.1 -12.5 -26.6 -1.5 -13.8 -0.3
2319.8 48.9 -28.5 -48.2 7.5 33.9
2893.6 40.4 -11.1 123.1 -118.5 52.1
winner is: 3
