Regression analysis information for: S03_selected_tokens_0068
number of formants: 3
number of coefficients: 5
1.2 107.1 50.1
390.5 -19.6 -9.3 -3.6 -0.4 -1.4
1295.2 -24.9 427.1 -58.1 157.6 -103.3
1968 -84.2 201.7 -47.9 70.8 -40.1
7.8 143.6 64.6
388.3 -19.6 -4.4 0.4 -4.3 -7.2
1463.8 108.9 333.5 -270.4 -45.9 -96.3
2060.4 14.6 143.3 -203.3 -27.2 -25.4
1 107.8 64.1
391.7 -17.9 -11.1 -4.2 -2.3 -1
1742.6 -34.9 16.3 -169 128.3 -69.7
2238.9 -79.3 -70.3 -105.2 75 -38.7
1 5.5 8.2
391.4 -18.5 -13.4 -3.8 -3 -0.4
1818.2 -139.8 6.8 -59.6 -3.5 -14.5
2282.7 -142.8 -74.6 -40.8 -7.2 -2.2
1.3 6.2 8.5
390.9 -18.9 -14.7 -3 -3.4 0.2
1822.6 -147.3 10.4 -67.6 0.3 -19.1
2283.9 -146.7 -76.6 -45.4 -8.4 -3.6
1.5 8.7 9.2
390.2 -19.1 -15.1 -2.4 -3.6 0.5
1828.4 -159.7 13.9 -75.5 4.7 -23
2283.4 -151.4 -83.6 -46.5 -11.5 -1.4
1.5 10.1 11.1
389.6 -19.2 -15 -2 -3.6 0.6
1832.7 -171.2 15.7 -80 7.6 -23.7
2280.6 -152.8 -93.8 -42.2 -16.4 5.9
1.5 11.1 20.7
389.2 -19.1 -14.7 -1.8 -3.7 0.7
1834.4 -174.3 13.9 -76.5 5 -18.4
2275.7 -143.2 -107.2 -28.5 -26.9 19.5
1.3 11.2 18.3
389 -18.9 -13.8 -1.9 -3.6 0.5
1836.2 -178.2 19.5 -76.3 8.7 -20.1
2276.1 -142.1 -105.5 -25.5 -24 19.4
1.2 12.8 16.7
388.6 -18.6 -13.3 -1.8 -3.6 0.4
1835.4 -181.9 31.4 -76.6 12.8 -25.5
2270.9 -135.3 -104.1 -17.9 -24.6 19.2
1.2 17.8 9.8
387.9 -18.5 -13.4 -1.7 -3.7 0.4
1821.4 -178.8 40 -73.6 14.5 -30.3
2259.8 -133.2 -98.6 -15 -22 14.8
1.1 18.5 10.4
387.8 -18.3 -13.1 -1.8 -3.6 0.4
1814.1 -167.6 47.6 -71.1 13.6 -32.9
2262.9 -138.2 -79.8 -24.5 -11.6 3.6
1 17.9 14.5
388.1 -17.9 -12.4 -2 -3.3 0.3
1807.6 -150.4 54.1 -72.9 18.4 -34.9
2269.3 -140.7 -60.4 -37.2 1.1 -5.7
1 16.2 22.2
388.3 -17.7 -12.1 -2 -3.2 0.3
1811.6 -136.1 60.7 -77.1 21.3 -35.6
2280 -145.1 -43.1 -50.6 14.7 -15.8
1 14.6 26
388.7 -17.3 -11.8 -1.9 -3.1 0.3
1826.1 -124.5 67.1 -76.6 17.4 -34.9
2292.6 -143.1 -30.9 -54.8 22.1 -20
1 12.6 30.6
389.2 -16.8 -11.3 -1.8 -2.9 0.3
1847.6 -116.5 75.4 -79.6 11.3 -32.9
2311 -136.6 -11.9 -56.8 33.5 -24.4
1.1 14.4 37.1
390.2 -15.9 -10.8 -1.6 -2.8 0.3
1883.9 -116.2 74.3 -86.8 0.2 -24.8
2346.5 -106.2 24.2 -50 48.3 -31.3
1.3 27.6 45.5
391.4 -14.9 -10.7 -1.3 -2.8 0.2
1934.4 -132.5 46.6 -91.2 -4.9 -7
2424.3 -23.7 109 -34.2 58 -52.1
1.6 31.8 88.5
393.2 -13.7 -10.7 -0.9 -2.5 0
1991 -145.6 -15.6 -74.1 9.9 -7.5
2613.9 218.1 295.7 32.2 60.7 -90.4
1.8 23.9 99.5
395.2 -12.6 -11.1 -0.2 -2.2 -0.3
2023.2 -158.2 -44.3 -56.3 1.4 -6.2
2763.4 267.4 203.2 53.4 125.7 -114.1
winner is: 4
