Regression analysis information for: S03_selected_tokens_0083
number of formants: 3
number of coefficients: 5
78 124.5 322.5
777.6 24.4 -71.4 38.3 -13.6 -7.3
1836.4 307.9 -109.2 46.7 -2.1 -30.5
2467.4 178.8 -17.5 -72.2 55.7 -12.8
41.1 64.6 228.3
809.9 -32.6 -35.2 29.1 -27.8 18.6
1903.7 183.2 -34.7 30.1 -31.8 19.4
2546.3 141.9 -0.8 -122.7 16.9 12.9
6.3 19.5 153.7
826.8 -65.4 -3.1 2.6 -5.7 2.4
1930.7 130.6 6.3 5 -11.7 8.9
2735.7 10.8 -21.9 -39.1 127.4 -92.4
5.8 17.2 118.2
827.2 -63.8 -5.2 3.6 -6.4 2.7
1930.3 133.8 5.9 10.3 -10.4 7.1
2847.8 -47.8 16.4 28.9 33.8 -92
5.8 16 76.4
827.2 -63.6 -7 3.9 -7.4 3.8
1930.4 139.4 3.5 14.4 -12.1 7.9
2881.4 -69.7 49.7 24.3 12.8 -68.9
5.7 15.4 57.1
827.3 -64.4 -7.9 3.8 -7.7 4.3
1931.4 143.8 2 15.6 -13.6 9.1
2901.9 -67 68.9 9 0 -54.2
6 15.7 64.2
827.4 -65.2 -8.2 4.9 -7.6 4.9
1932.5 148.5 1.5 15.7 -15 11.7
2914.7 -61.9 81.2 -3.3 -10 -35.6
6.6 15.7 64.8
828.4 -66.5 -6.9 5 -6.6 3.8
1934.3 146.9 2.1 13.2 -15.3 12
2916 -50.1 78.4 -10 -14.5 -30.4
7.6 15.8 60.6
829 -68.2 -6.1 6.3 -5.8 3
1937.5 146.6 2.4 12.4 -15.4 12.4
2924.3 -39.8 74.2 -10.8 -14.2 -28.2
10.6 19.6 62
825.7 -70.2 -7.2 8.2 -5.9 0.1
1950 136.4 8.2 13.7 -19.9 21
2980.9 -92.2 107.1 -13.5 -27.1 9.1
19.9 19.5 64.1
809.7 -75.1 -12.9 11.8 -7.2 -2.7
1961.2 129.2 6.7 16.3 -23.3 19.8
3034.8 -114.3 110.2 -16.5 -33.2 -1.4
42.5 90.4 144
766 -57.2 -13.8 18.8 5.4 -31.7
1927.6 196 -17.4 -17.4 46.6 -47.4
3046 -50.8 71.5 -71.5 56.1 -64.6
31.7 71.2 184.1
744.3 -89.2 -12.3 36 -29.1 -9.2
1940.9 143.3 -18.1 85.5 -25.1 43.1
3035.8 -47.8 12 156.8 -97 76.8
22.6 81.6 188
727.1 -123.9 -15.9 15.6 -33.1 7.8
1927.6 110.7 1.9 37.8 26.3 86.2
2969.7 -200 47.4 126.6 99.7 150
23 30.5 107.2
724.9 -135.2 -17.1 4.1 -39 9.6
1958.3 124.2 -12.7 24.8 -24.5 23.7
3023.3 -239.6 -7.1 -33.5 -37.1 -26.4
22.2 28.5 88
728.1 -131.4 -17.7 -2.3 -42.5 11.2
1961.9 123.5 -14.1 16.2 -30.5 21.9
3075.1 -180.9 6.3 -61.8 -47.3 -12.1
20.1 28.2 90.6
722 -113.5 -26.8 -1.1 -47.2 10.2
1960.9 133.7 -23.1 16.5 -36.4 24
3103.2 -152.1 18.4 -64.3 -47.2 4.7
14.9 28.8 88.9
707 -87.1 -30.4 0.8 -44.4 5.8
1951.6 162.5 -26.2 20.3 -35.9 26
3103.1 -91.9 59.3 -62.9 -63.9 8.5
10.6 28.2 102
689.7 -66.5 -35.3 6.8 -39.9 3.2
1930.5 206.5 -27.9 25.5 -25.7 21.8
3061.9 19.4 121.2 -31.4 -61.4 -2.5
9.2 26.2 93.1
680.2 -55.1 -31 8.3 -32.2 1.6
1908.9 233.1 -19.5 21.2 -11.7 15.4
3006.5 105.7 156.9 -9.2 -33.8 -19.1
winner is: 6
