Regression analysis information for: S03_selected_tokens_0075
number of formants: 3
number of coefficients: 5
13.2 194 162.6
384.8 -25.3 -7.8 -20.7 -18.9 -1.4
1410.3 -25.7 117.1 -104.2 127.8 163.2
2332.3 -31.1 -61.4 -75.9 61.1 121.4
8.5 24.2 20.7
391.6 -23.7 -14.5 -15.3 -13.4 -7.9
1509.2 112.5 166.3 -83.3 63.6 -7.2
2416.7 78 -3.2 -36.4 24.8 -12.6
8.8 24.8 18.5
391.4 -22.7 -15.5 -15.3 -13.1 -8.9
1512 111.8 167.9 -84.3 64.7 -7.2
2427.7 75 3.7 -33.3 24.5 -2.7
8.9 25.3 18.6
389 -22.3 -16.6 -16.1 -12.9 -10
1515.5 111.9 170 -85.2 66.4 -7.7
2445.2 73.3 6 -28.8 24.5 2.7
11.1 26.6 19.3
383.8 -25.3 -21 -20.5 -16.1 -13.7
1521.3 110.3 177 -87.7 70.6 -8.4
2463.1 72.2 7.5 -23.8 25.6 7.5
8.3 26.7 20.5
382.1 -21.2 -17.9 -18.4 -13 -11.6
1516.9 113.6 172.7 -87 70.6 -9
2474.5 71.1 2.4 -22.1 25.7 7.4
8 25.2 29.3
379.5 -20.6 -17.6 -19.3 -13 -11.9
1508 119 167.4 -84.8 69 -5.8
2467.9 84.3 -11.5 -23.7 29 10.3
10.4 27.3 42.9
375.5 -23.8 -20.6 -23.6 -16.6 -14.7
1494.4 121.4 165.4 -86.6 69 -1.4
2427.5 120.2 -28.7 -42.2 50.4 10.3
37.1 42.5 67.9
392.2 11.1 15 10.9 18 19.7
1486.8 135.2 179.7 -72.1 81.4 13.4
2402.6 169.6 15.5 -27.8 100.6 35.4
37.2 48 64.5
391.6 10.7 15.1 10.3 17.5 19.2
1480.1 129.9 190 -75.9 83.5 9
2375.1 170.8 60.9 -33.8 96.2 36.5
38.2 51.5 70.2
392.8 12.7 17.5 12.2 19.4 20.4
1479.5 127 195.9 -75.8 86.6 4
2379.5 165.1 82.3 -22.1 97.2 33
38.3 55.7 78.9
392.8 12.2 17.4 11.9 19.1 20
1487.4 121.4 209.2 -76.9 93 -0.9
2401 156.2 106 -6.7 103.5 34.4
38.1 57.9 89.3
393 10.9 16.7 11.4 18.3 19.3
1502.2 112.8 217.7 -77.8 99.4 -2.7
2445.8 135.9 113.7 9.1 116.6 38.2
73.1 74.4 125.9
410.4 42.4 48.8 43.9 49.9 50.9
1539 123.7 244.1 -60.3 119.4 13.2
2535.7 135.4 139.1 60.9 150.4 69.7
73 72 151.8
412.1 41.4 47.9 44.4 49.3 51
1575.3 131.5 245 -54.8 120.8 17.1
2661.8 74.1 89.1 120.6 125.5 80.1
74.3 73.7 299.1
416 43.7 49.9 47.6 51.5 53.3
1620 163.7 244.8 -46.4 126.4 27.1
3013.1 -149.9 -110.8 364.8 -7 145.1
72.4 64 220.4
416.9 40.6 45.6 44.9 48 51.1
1661.1 181.5 236.4 -64 116.2 23
3391.3 -173.4 -304.6 360.3 -58 189.1
72 64.4 154.4
418.7 40.7 44.5 43.9 47.1 50.7
1687.8 200.2 233 -74.3 111.5 23.3
3651 97.2 -202.5 326.6 -109.7 172.1
71.5 67.9 105
419.2 40.5 43.2 41.6 45.6 49.3
1702.2 214 235.4 -81.7 110.9 24.7
3718.4 162.2 -194.6 298.4 -135.3 140.5
100.9 92.5 105.5
437.4 77.6 79.7 75.7 80 81.8
1720.6 252.3 270.3 -60.7 140 50
3747.8 163.9 -193.3 312 -130.8 150.9
winner is: 3
