Regression analysis information for: S03_selected_tokens_0101
number of formants: 3
number of coefficients: 5
62.5 240.1 132.1
892.2 -67.3 -7 -4.7 -140.4 -31.8
1393.1 -14.2 -12.9 100.2 -266.3 86.1
1938.3 82.1 93.2 58.1 -100.9 41.6
63.4 193 10157
879.5 -67.9 -0.5 14.1 -150.8 -34.1
1249.5 -2.1 97.7 149.7 -184.5 94.5
1892.1 171.7 131.9 74 6.8 13.8
63.3 142.4 10156.7
870.5 -95.7 -6.9 -30.4 -162.9 -58.3
1126.1 84.9 120.6 39.4 -39.6 -63.6
1874.3 161.9 143.5 40 85.7 -68.8
103.7 163.5 10195.8
881.2 -89.3 17.2 36.6 -80.9 -1.6
1208.3 168.8 158.8 125.9 105 44.3
1968.9 250.3 159.8 112.7 238.1 19.4
70.1 169.2 10197
916.7 -7.5 12.7 55 -77.9 26.6
1370.3 377 88.1 38.7 14.6 73
2146.1 541.3 52.2 -8.8 128 52.3
69.5 149 238.4
931.4 21.7 -42 16.1 -10.1 34.4
1562.6 251.2 26.9 -117.7 188.1 17.6
2482.1 238 41.6 -225.1 362.7 -18.4
17.3 23.6 39.4
970.2 -19.3 -40.7 16.2 -3.9 0.9
1739.2 69.4 -11.5 -6.6 42.2 14.2
2800.7 -139.7 3.3 33.8 65.9 9.3
4.9 15 20.2
977.9 -28.4 -43.1 26 -16.9 7.7
1746.1 61.7 -10.7 3.3 29 21.6
2802.6 -143.8 8.7 44 43.2 21
4.7 15.1 18.4
980.4 -30.3 -42.5 26 -17.2 8.3
1749.2 59.2 -10.6 3.5 28.3 21.6
2805.6 -138.5 5.6 39.5 44.7 21.9
4.7 15.3 17.3
981.4 -31.4 -42.9 26.7 -17.4 8.6
1753.1 57.8 -10 5 28.4 21.8
2815.2 -136.1 0.4 37.8 47.2 22
4.8 15.5 17
980.9 -31.7 -44.2 28.1 -17.6 8.7
1757.1 57.8 -9 7.4 29.2 22.3
2827.4 -134.5 -4.7 37.9 50.7 22.1
4.8 15.9 17.4
980.3 -32.4 -44.3 29.1 -17.4 8.7
1760.3 57.3 -8.6 9.1 30 22.6
2839.7 -133.9 -11 37.7 54.5 23
4.6 16.4 18.7
979.5 -33.3 -43 29.9 -17.1 9
1762.2 56.4 -9.3 9.9 30.6 22.9
2851 -134.6 -18.7 36.7 58.6 24.6
5 16.9 19.7
975.5 -32.6 -43.4 31.6 -17.8 8
1762.1 59.5 -9.2 12.5 31.7 24.1
2861.8 -134.5 -24 38.5 64.4 26.5
6.2 18 21.3
969.9 -31.7 -42 33.8 -19 6.6
1757.4 64 -11.4 14.9 31.1 25.4
2867.9 -136.6 -29.6 40.9 70.4 29.1
6.9 19.5 23.5
961.5 -31 -38.6 34.5 -21.6 5.3
1744.7 67.7 -15.5 13.8 27.7 27.1
2860.9 -144.4 -28.9 47 72.4 31.8
6.9 21.3 27.7
954.3 -30.2 -34.7 33.4 -22.3 5.6
1724.9 67.6 -24.5 6.5 20 27.6
2835.6 -158.4 -21.7 52.5 63 32.8
7 20.6 33.6
944.9 -26.3 -33.2 32.6 -24.1 5.7
1696.2 74.1 -38.6 -0.9 5.1 28
2779.1 -160.3 0.4 66.4 21.3 23.6
8 18.9 41.7
932.2 -20.9 -27.3 24.5 -23.6 4.6
1665.2 76.3 -30.4 -26 0.3 22.8
2704.8 -153.7 62.1 42.6 -5.7 4.1
7.7 19.4 37.8
933.4 -20.7 -26.6 23.2 -23.7 4.8
1671 78.5 -26 -26.7 1.5 21.6
2721.1 -147.1 61 35.6 -1.4 4.4
winner is: 10
