Regression analysis information for: S03_selected_tokens_0036
number of formants: 3
number of coefficients: 5
2.8 11 10008.9
475.4 -70.5 -20.3 10.4 -0.1 1.8
830.2 -129.9 17.3 6.3 -19 0.2
1844 239.9 -26.3 9.7 0.9 8.2
12.5 24.8 10009.8
486.4 -87.7 -23.7 -10.2 -7 -10.4
778 -201.3 -38.1 -10.8 -46.6 -12.9
1841.8 243.9 -30.8 10.5 -0.7 9.9
34.8 304.1 10230.7
484.6 -56.3 -40.6 37.5 -7.2 20.3
1072.3 504.6 331.5 155.8 93.3 185.9
2116.2 607.2 182.6 -22.4 90.2 65.8
10.9 94.7 108.9
529.6 -92.9 -2 -26.1 17.6 -10.8
1764.2 311.9 -44.7 -36.7 68.4 -62.1
2830 133.2 -3.1 -120.3 53.4 -91.4
2.5 10.9 16.5
542.4 -104.2 -0.7 -23.2 9 -2.2
1797 250.4 -26.1 11.4 -11.8 12.1
2841 72.7 14.6 -58.2 -27.4 -12
2.1 10.6 13.2
546.4 -106.5 -1.4 -23.6 8.1 -1.9
1796.8 250.4 -23.1 12.4 -10.6 12.2
2828.9 77.2 22.9 -56.3 -16.4 -13.8
1.7 10.1 13.2
547.8 -106.1 -2.4 -24.1 7.8 -2.5
1800.7 247.2 -20.7 12.1 -8.8 11
2834.8 78.9 27.3 -56.8 -14 -14.1
1.8 10 15.1
545.5 -111.3 -3.8 -24.1 7.9 -1.7
1805.1 255.2 -21.7 13.4 -8.5 12.6
2851.4 78.3 29.5 -61.9 -15.8 -9.4
2.5 10.5 20.4
537.5 -116.9 -6.5 -23 9.3 -1.8
1812 261.4 -20.5 14.1 -7.2 14
2875.3 85.4 33.1 -67.7 -20.1 -4.8
3 10.9 23.9
527 -113.4 -6 -17.9 12.2 -2.9
1817 259.6 -22.1 11 -6.8 13
2896.2 85.4 27.4 -79.6 -32.5 -5.5
4 12.2 28.6
514 -109 -8.3 -11.8 11.5 -1.6
1814.9 266.1 -28.4 9.3 -9.1 13.7
2914.7 76.6 23.3 -94.2 -40.3 -3.6
2.6 14.2 31.9
502.3 -99.8 -9.7 -7.7 8.2 -0.5
1803.9 257 -35.1 1.3 -12.9 11.7
2915.6 67.6 9 -114.1 -57.8 -17.5
1.6 21 49.2
493.1 -94.7 -9 -4 4 0.9
1766.8 249.3 -31 -6.4 -29.3 18
2870.4 61.3 12.4 -136.2 -67.4 -28.3
1 24.2 40
487.6 -88.8 -11.5 -1 2.5 1.2
1724.7 252.8 -13 -4.8 -47.1 18.3
2717.5 146.8 17.6 -66.7 -38.9 -56.9
1.3 24.3 21.3
487.5 -88.1 -11.3 -1 2.3 0.9
1718.7 241.3 -6.6 3 -46.6 12.7
2710.6 124.1 27.8 -37.2 -20.5 -50.8
1.4 23.5 30.9
489.4 -90 -10.6 -1.6 3.2 0.6
1740.5 245.5 -10.5 9.4 -32.2 17
2777.6 93.7 34.6 -55.3 -19.3 -44.7
1.5 21.1 57.7
492.9 -94.6 -8.8 -2.7 5 0.3
1776.6 260.9 -15.2 17.9 -11.9 24.1
2898.1 22.1 73.3 -103.2 -8.2 -35
1.5 19.6 72.7
497.3 -97.6 -7 -4.9 6.5 -0.3
1819.4 271.5 -17.8 22.2 8.6 28
3031.4 -28.3 92.3 -142.9 -25 1.9
1.4 19.6 76.2
501.4 -103 -4.4 -6.4 8.3 -0.6
1854.2 291.4 -19.5 28.8 22 28.5
3147.6 -58.4 112.4 -150.5 -22.6 48.4
1.4 18.4 81.8
504.4 -104.1 -3.1 -8.1 9 -0.9
1882.2 301.7 -16.7 30 30.7 29.4
3231.2 -40.1 111.2 -165.3 -38.5 85.1
winner is: 7
