Regression analysis information for: S03_selected_tokens_0086
number of formants: 3
number of coefficients: 5
48.1 105.8 20.8
488.2 -211.9 136.5 -62.5 2.6 37.4
1165.4 -464.3 89.9 -164.4 -48 56.6
2541.7 277.9 32.3 -145 71.6 -38.6
47.9 106.4 31.9
487.3 -206.6 136 -63.4 10.3 32.5
1175.2 -427.8 116.2 -156.8 -6.3 69.1
2569.2 227.2 65 -162.5 67.7 -22.1
50.2 171.5 133.5
477.1 -179.3 104.8 -49.8 28.1 -10.9
1126.8 -311.6 -5.8 -97 31.2 -68.4
2579.4 239.3 4.4 -96.3 51.6 -83.7
67.7 274.3 212.7
507.4 -200.9 60.8 23.4 -13.9 -36.8
1184.2 -408.9 -191 83.7 -81.9 -229.5
2628.5 219.3 -93.9 41.3 4.7 -183.5
45.7 373 185.5
542.2 -243.3 59.1 53.1 -48.1 -11.4
1597 -203 6.5 592.1 376.5 -65.2
2830.3 136.5 -48.6 166.1 119 -118.3
23.3 303.6 110.5
563.6 -283.4 68.4 71.2 -68.3 16.1
1984.1 24.8 39.9 617.4 437.1 37.4
2999.3 119.2 -11.3 153 62.9 30.3
13.2 218.5 68.1
577.5 -278.9 62.4 69.3 -68.1 16.9
2308.1 438.9 -51 184.5 37.8 -122
3071.1 223.5 -45.6 20.1 -38.4 -5.7
8.2 14.7 26.9
584.1 -273.1 55 65.6 -75.2 23.6
2400.8 519.2 -162.6 -8.3 -31.7 2.3
3085.8 222.9 -68.3 -15.4 -45.2 17.1
8.4 14 26.3
583.8 -267.7 50.7 66.8 -81.7 31.2
2398.6 512.5 -161.2 0.7 -27.6 1.5
3091.4 208.6 -64.4 -5.2 -38.3 15.8
10.6 15 25.9
575 -264.4 51 69 -87.8 40.8
2411.4 524.8 -160.2 1.7 -27.5 5.3
3114.4 215.5 -61.7 -4.3 -40.6 17.1
14.5 17.4 35.7
553.7 -256.6 70.1 58.4 -101.9 62.1
2435.2 544.9 -169.7 2.2 -16.1 10
3149.8 231.3 -74.5 -1.9 -30.4 19.3
24.9 22.3 51.7
536.1 -241.4 83.3 36.2 -95.7 78.3
2447.7 554 -167.2 5.2 -12 16.2
3158.9 239.6 -61.8 -8.3 -34.3 40.4
27.6 30.2 65.8
524.2 -226.1 79.1 31.1 -87.7 76.4
2443.5 568.5 -156 -6.8 -17.2 27.1
3142.8 252.7 -32.4 -30.3 -62.7 73
26.1 31.1 67.6
510.8 -207.8 75.4 20.6 -70.4 65.6
2444.7 577.6 -150.5 -12.2 -21.4 30.9
3145.6 259.7 -31.5 -35.8 -66 77.4
13.6 29.2 69.1
490.5 -177.6 67.3 4.5 -39.5 37.1
2450.1 585 -152.9 -12.3 -19.3 26.3
3152.7 273.4 -41.2 -39.3 -44 62.3
7.7 27.2 60.1
478.8 -159.9 58.5 2.2 -27 22.4
2448.6 606.4 -167.3 -16.8 -8.7 8.1
3115.2 332.9 -78.9 -38.6 6.2 5.6
4.3 24.6 65.7
473.8 -153.8 56.4 0 -20.4 16
2436.9 628.4 -167.4 -16.9 16.7 -30.7
3045.2 296.8 -107.7 -8.8 72.6 -20.2
4.6 26.9 62.7
474.4 -155.1 56.6 0.9 -21.5 16.9
2436.6 615.5 -169.3 2.4 17.1 -40.7
3042.7 260.6 -122.2 16.7 76.2 -23.4
5.7 23.2 62.5
476.7 -158.7 58.7 0.9 -23.2 19.2
2445.7 597.2 -175 17.9 12 -35
3078.2 242.9 -129.9 36.8 75 -49.7
9 30.2 81.6
480.4 -165 63 0.1 -26.4 24.5
2470.8 579.8 -179.6 25.5 -15.5 -18.5
3127.7 223.7 -134.6 62.6 72.1 -82.6
winner is: 9
