Regression analysis information for: S03_selected_tokens_0017
number of formants: 3
number of coefficients: 5
65.1 89.7 138.5
676.3 208.5 -215 6.4 28.6 -97.7
1609.4 440.8 -299.3 117.7 64.3 -140.4
2447.5 301.9 -305.9 -5.4 -86.7 -174.9
65.3 96.4 130.1
708.3 180.2 -213.5 53.8 -16.1 -67
1652.7 380.6 -308.9 183.1 -21.9 -91.2
2560.9 316.1 -311.7 82 -67.1 -34.3
50.5 69 72.3
749.6 112.9 -190.4 87.9 -87.2 20.1
1724 269.9 -270.3 238.7 -141 56.7
2667.6 218.9 -229.2 168 -154.4 156.1
63.8 122 107.1
792.2 30.8 -126.1 53.6 -86.1 57.5
1809.9 107.7 -142.8 171.4 -135.6 122.5
2754.1 18.6 -59.3 65.5 -115.2 232.2
15.7 6.5 66.9
817.9 -25.1 -72 -3.8 -32.5 1.9
1882.1 -46.6 8.8 22.1 5.9 -15
2755.9 -58.1 63.2 -79.5 57.8 81.3
14.1 6.8 52.3
818 -22.1 -72.4 -2.3 -32 1.8
1877.9 -42.5 5.9 23.2 4.2 -16
2719.6 -14.3 28.1 -68.5 63.1 41.3
13.4 6.8 39.7
819.8 -21.7 -71.4 -1.7 -31.3 2
1878.5 -39.9 2.9 24.1 3.1 -17
2735.8 -11 11.2 -55.6 41.1 38.4
13.4 6.9 36
820.9 -24 -71.9 -1.4 -31.5 2.8
1883.6 -39.6 1.5 24.8 2.1 -17.5
2795.2 -43.8 28.4 -60.4 25.4 36.8
15.1 8.3 44.5
817.4 -31.6 -76.7 -3.1 -33.6 3.5
1894.4 -42 -4.5 27.7 5.2 -21.6
2889.7 -98.9 34.8 -54.6 21 25.3
14.8 8.8 49.9
805.4 -47.7 -80.9 0 -26.4 11.2
1904.3 -42.1 -11 28.2 4.3 -23.6
2988.3 -123.7 7.5 -46.4 -39.5 35.8
25.2 10.5 66.2
780.6 -71.2 -103.3 -5.4 -36.3 10.3
1911.4 -42.7 -13.4 29.7 7.7 -23.5
3072.2 -176.7 -2.8 -28.2 -62.5 40.5
30.4 11.2 66.9
757.9 -97.7 -119.8 -19.7 -44.7 1.8
1916.3 -45.7 -16.5 31 8.4 -23.1
3170.9 -266.3 -16 24.5 -133.1 98.4
25.9 10.4 79.2
737.7 -123.6 -133.6 -34.5 -52.1 -3.4
1917.7 -48.1 -21.1 31.1 8.1 -24.4
3218.9 -315.3 -77.8 68.8 -179.3 96.2
23.5 10.8 193.5
714.4 -124.3 -129 -32.1 -59.5 0.4
1920.3 -55.3 -27.1 30.8 10 -28.5
3408.9 -591.8 -274.6 288.4 -286.4 6.7
21.9 105.4 309.5
684 -94.4 -134.4 -29.3 -56.6 -1.1
1815.7 31.2 100.2 -146.3 54 86.2
2879.6 -592 551.2 -115.3 -182.8 410.4
28.8 151.9 284.8
676.9 -86.9 -136.4 -29.6 -65.4 10.5
1791.7 36.9 155.4 -187.1 16.1 167.4
2988 -690.8 455.4 -82.2 -289.9 433.6
20.7 15.7 154.1
687.2 -92.6 -153.9 -12.5 -68.8 0
1918.5 -64.4 -26.3 31.2 9.3 -30.4
3402.3 -901.3 -142.2 394.8 -295.4 -45.3
20.6 14.9 211.3
694.6 -96.7 -161.1 -8.3 -75.2 1.4
1923.4 -59.9 -27.7 29.9 11.9 -26.9
3550.4 -743.9 -307 135 -284.7 122.3
20.5 14.3 199.2
699.9 -98.8 -167 -7.7 -79.5 1.1
1929.4 -55.2 -28.5 29.7 14.7 -24.1
3639.1 -669.1 -367.8 30.6 -251.1 153.5
22.6 13.5 201.8
697.5 -98.1 -174.2 -6.4 -82.4 1.3
1933.4 -52.4 -27.8 32.9 19.9 -20.6
3692.4 -688.6 -399.8 38.7 -149.7 192.3
winner is: 8
