Regression analysis information for: S03_selected_tokens_0016
number of formants: 3
number of coefficients: 5
2.1 112.8 40
427 -32 -8 -5 1.9 0.3
1137.5 380.5 406.1 366 256.9 117.1
2310 242.2 131.4 119.7 51.8 30
11.9 288.1 148.7
469.7 -67.3 -26.2 13.2 -0.2 -8.5
2011.8 404.3 -246.4 66.2 94.5 -232.4
2783.8 83 -144.5 2.9 34.5 -128.3
2.3 6.1 7.1
509.1 -107.3 -30.8 23.3 -8.4 4.3
2196.6 75.4 -15 12.3 -6.3 11.9
2861.3 -88.1 1.4 -29.7 -17.2 5.5
3.4 5.6 5.1
523.2 -120.8 -30.9 20.2 -5.9 5
2194.1 77.7 -13.5 10.7 -5.2 9.9
2851.6 -67.7 8.4 -29.5 -14.7 4.6
4 5.8 4.1
525.9 -127.8 -29.4 20.3 -4.9 5.1
2197 80.3 -13.3 11.7 -5.2 10.1
2858.8 -57.4 4.3 -24.9 -14 4.4
5.1 6.2 3.6
521 -130.8 -26.5 23.9 -6.6 5.5
2201.7 85.4 -13.5 14.5 -5 12.1
2871.3 -54.3 -1.5 -20.8 -13.1 5.2
4.7 6.2 3.9
512 -130.5 -14.1 20.7 -9 4.8
2207.9 80.9 -13.1 12.7 -5.8 11.1
2886.7 -49.6 -6.5 -19.7 -12.8 2.6
5.5 6.6 4.3
494.6 -122.1 -1 15.1 -10.7 5.9
2213.2 79.8 -13.6 13 -6.3 11.7
2900.4 -51.3 -14.8 -20 -14.3 0.2
7.7 6.9 5.4
464.8 -90.6 -0.6 10.6 -12.8 12.3
2216 80.9 -14.9 16 -5.6 13.8
2909 -65.8 -24.9 -22.3 -13.9 -2.3
5 6.9 7.4
446.5 -68.2 -3.7 6.1 -7.7 7.3
2215.1 76.5 -16.8 15.7 -5.7 14
2907.6 -83.9 -34 -27 -16.4 -4.2
2.5 6.6 9.1
437.8 -56.6 -4.2 2.8 -4.3 3.4
2211.3 71.5 -15.8 13.1 -5.6 11.7
2900.9 -87.3 -23 -27.2 -18.2 -1.5
1.6 6.4 9.9
433.2 -50 -6.4 3.1 -3.9 2.3
2203.4 79 -15.9 14 -4.5 10.1
2886.1 -81.4 -2.3 -31.8 -19.8 3.2
1.9 8.1 7.3
430.8 -47.6 -7.1 3.5 -3.7 1.8
2192.2 95.9 -9.9 13.4 0.9 4.4
2861.5 -63.7 31 -39.1 -18.5 -4.6
1.4 8.7 7.7
429.1 -44.6 -8.2 3.8 -3.9 1.8
2172.5 126 -10.7 12.7 2.5 4.4
2832.4 -15.7 41.8 -43.7 -18.6 5.1
1.1 8.8 6.6
431.2 -45.3 -7 2.6 -3 0.9
2189.5 118.2 -8.4 11.1 6.6 -1.5
2869.5 -7.9 42.7 -38.2 -4.4 -5.9
1.3 11.4 13.3
433 -47.1 -7.2 3.2 -3.1 0.9
2225.7 111.4 -7.9 13 10.1 -1.2
2955 -2.4 21.1 -20.1 20 -17.4
1.3 12.6 44.4
435 -48.5 -6.3 3.6 -3.5 0.9
2266.2 96.1 -11.8 17.8 2.2 6.7
3103.3 3.5 -76.5 52.5 76.6 -48.9
1.5 12.1 25.5
435.4 -49.1 -3.3 3.7 -4.3 0.5
2301.6 74.6 -12.4 19.9 -11.5 16.5
3212.5 2.7 -114.3 84.9 66.3 -15.5
2.6 13.2 18.2
432.3 -49.3 1.2 4.9 -6.4 0.2
2327 63.1 -11.4 23.7 -22.7 27.6
3276 3.7 -118.2 100.2 47.4 12.7
5 14 14.9
424.9 -48.6 8.7 6.7 -10.9 -0.2
2342.9 63.7 -14.2 32.5 -31.6 38.4
3314.5 18.6 -116.7 115.3 42.2 28.1
winner is: 5
