Regression analysis information for: S03_selected_tokens_0115
number of formants: 3
number of coefficients: 5
120.1 140.6 207.2
740.5 213.3 -49.7 -37.6 18.6 -32.8
1514.5 562.1 -3.3 40.4 19 7.2
2197.7 453.8 -153.7 -38.6 -38 -49.2
85.4 121.2 10141.8
676.2 233.4 52.5 -52.6 -88.8 27.8
1366 568.3 280 67.1 -192.7 25.7
2105.5 552.2 257.6 57.6 -201 54.9
47 68.2 78.8
918.1 -7.1 -43.6 47.3 -60.6 0.5
1757.7 254.2 95.9 74.3 -19.9 -13.1
2659.5 6.4 132.5 104.5 -18.6 -28.4
16.6 19.1 22.9
938.2 -20.5 -43.7 21 -32.2 9.9
1777.2 260.4 75.7 38.6 19 6.5
2674.4 18.4 124.3 46.5 34.3 -18.1
16.9 17.7 22.6
936.5 -19.5 -47.7 21.9 -33.6 10.4
1776.8 267.9 74.7 37.5 16.4 3.6
2667.4 40.4 119.1 46.9 26.5 -21.7
16.6 16.6 21.4
937.3 -19.6 -46.8 22.4 -32.8 10.9
1778.4 263.8 70.7 35 12.5 2.8
2672.6 34.3 112 48.2 17.7 -20.4
16.4 16.1 20.2
937.8 -19.6 -45.5 23.2 -32.7 11.4
1782.4 260.4 69.3 34.4 9.9 3.7
2685.3 21.2 109.1 49.2 11.3 -18.2
15.9 16 19.1
939.4 -20.4 -40.9 22.9 -31.1 11.7
1785.8 255.2 68.5 34.4 7.2 4.7
2699.1 7 108.6 50.9 7.1 -15.8
17.1 16.4 18.9
936.4 -18.7 -42.8 24.5 -34.7 12.9
1791.4 258.6 72.1 36.1 5.8 6.4
2716.2 -2.7 112.5 52.7 1.3 -14.9
18.1 17 19.3
934.4 -17.3 -42.3 25.2 -36.9 14.2
1794.4 260.1 74.8 37.1 3.7 7.4
2730.2 -12.2 116.6 53.9 -3.7 -14.4
18.8 17.6 20.8
933.5 -16.3 -39.7 25 -37.1 15.5
1794.5 259.6 75.9 37.5 1.2 7.7
2740.6 -21.1 120.1 54.3 -7.9 -14.1
21.8 18.6 23.1
928.2 -12 -45.9 27.5 -43.2 18.2
1796.1 268.7 78.4 39.3 -0.1 8.7
2752.3 -24.5 125.2 55 -13.3 -14.4
23.9 19.8 26.4
924.6 -8.8 -50 29 -47.2 20.2
1795.1 276.3 77.3 41.4 -2.3 9.6
2760.3 -25.6 126.1 57.2 -19.6 -12.8
25.7 21 31.8
920.7 -6.1 -55.1 30.2 -51.4 21.9
1793 285.2 74.1 44.7 -5.7 11.9
2764.8 -21 121.1 64.6 -30.9 -5.9
26.5 24.4 44
912.8 -3.1 -63.6 32.4 -56 21.4
1776.1 303.1 66.6 56.3 -1.8 0.8
2735.8 12.6 104.5 89.3 -26.9 -16.2
28 23.9 32.9
902.2 -10.6 -76.8 24.7 -64.2 15.8
1746.1 294.1 40.2 40 -7.1 -18.3
2684.3 41.7 70.1 72.4 -12 -45.8
25 27.5 33
888.9 -1.8 -78.8 20.1 -61.2 14.7
1688.3 303.7 34.3 15 26.7 -24.7
2589.4 89.1 81.1 30.8 47 -31.1
25.1 25.6 30.8
886.9 0.6 -81 20 -61.7 15.5
1685.3 301.9 28.9 10.6 24.2 -20.2
2595.4 84.8 74.8 32.8 37.4 -21.5
24.6 27.8 28.8
892 -3 -79.2 19.2 -61.2 16.3
1705.4 304.5 30.7 8.2 18.9 -15
2621.5 79.8 75.3 26.3 33.6 -26.8
21.1 35.3 36.3
910 -19.4 -63.3 10.6 -51.9 14.1
1756.7 286.6 43.9 -0.5 5.4 -0.7
2643 109.1 53.5 16.2 33.3 -48.1
winner is: 8
