Regression analysis information for: S03_selected_tokens_0098
number of formants: 3
number of coefficients: 5
46 178.5 41.9
507.8 -216.2 111.7 -59.9 56.8 -34.9
1059.5 -174.7 255.2 -54.5 179.7 83.4
2433 399 -115.2 -12.4 20.5 -21.1
76.5 143.5 94.1
484.4 -166.3 50.2 -25.7 46.6 -58.2
945.8 -218 -2.6 -94.8 11.9 -108.8
2453.2 322.5 -121.6 -45.7 2.3 -63.4
18 164.4 30.3
456.4 -86.8 -24.8 42.1 -13.5 -2.1
928.9 62.1 169.8 96.8 135.7 171.8
2435.2 428.4 -96 -12.3 18.9 11.7
62.6 329.8 179.6
484.4 -109.1 -15.3 51.4 -35.7 15.8
1427.2 637.8 640.2 403.9 -258.5 -121.3
2633.5 487.1 -15 140.8 -210.7 -17.5
53.3 376.6 175.3
543 -176.7 -17.5 115 -111.5 33.5
1995.1 647.7 129.3 103.2 -466.1 124.8
2916.4 313.9 -169 114.7 -336.5 122.7
6.5 18.1 22.8
639 -297.4 45.7 23.7 -18.9 -11.4
2400 390.1 -144.8 -62.6 -11.1 -28.7
3174.4 -43.4 -49.6 -96.2 -38.3 -9.9
5.5 17.2 23.2
645.9 -293.3 33.3 24 -16.9 -10.5
2388.9 391.6 -142.4 -56.3 -13.5 -25.1
3159.6 -40.5 -35.3 -93.8 -37.2 -4.3
4.9 15.5 21.3
649.6 -291.7 28.4 23.6 -14.7 -9.6
2388.8 396 -136 -47.1 -15.6 -20.2
3153 -22.9 -26.2 -84.1 -45.9 2.4
5.1 16.9 22.5
650.1 -295.8 25 23.2 -14.3 -10.7
2389.6 397.3 -137.2 -48.3 -18.2 -21.6
3154.6 -15 -31.5 -77.2 -56.5 3.9
5.2 17.4 22.9
648.1 -298.8 24.7 23.1 -12.2 -11.5
2395.9 400.5 -136.2 -46.7 -19 -21.4
3165.1 -9.9 -33 -73.6 -60.3 1
5.4 16.9 22.6
643.5 -299.9 26.9 23.1 -8.1 -12.6
2406 406.1 -132 -41.4 -18.1 -18.7
3180.2 -3.5 -30 -70 -59.6 -2.6
11.3 18.3 26.6
620 -312.6 48.8 37.2 -9.2 -20.9
2426.3 424.8 -135.4 -52.6 -25 -22
3211.6 18.4 -37.7 -88.9 -77.5 -20.8
13.4 38.2 50.5
601.4 -312.7 65.4 31.1 -15.1 -20.4
2427.6 413.7 -159.4 -70.6 -19.6 -6.3
3190.2 -58.4 -109.1 -127.8 -73.4 11.3
10 42.5 47.7
585.3 -298.7 79.7 15.6 -12.7 -13.8
2434.1 413.1 -167.6 -73.6 -17.7 -2.3
3166.4 -120.9 -134.6 -111.1 -39.6 29.1
7.4 31.9 51.9
572.3 -284.1 84.3 5.4 -9.6 -10.5
2444.6 435.6 -153.8 -69.1 -22.7 -22.1
3170.5 -127 -121.9 -111 -57.3 -1.7
7.3 32.8 59.9
553.6 -254.2 70.9 9.4 -13.9 -3.9
2448.4 477.9 -131 -53.1 -25.7 -48.4
3205.4 -84 -67.9 -154.9 -112 -58
3.8 32.5 85.3
543.7 -237.5 59.4 16 -20.7 2.5
2426.4 491.1 -142.5 -60.3 -27.3 -47.5
3252.6 41.8 34 -162.5 -145.3 -101.3
4.6 32.1 90.2
539.9 -229.4 54.5 18.5 -22.6 4.5
2415.7 510.1 -153.2 -60.5 -26.8 -34.9
3245.7 110.5 26.5 -132.4 -144 -59.7
4.8 30.4 97
538.6 -224.9 53.5 18.6 -21.7 5.4
2417.3 526.2 -155.6 -56.8 -20.2 -22.2
3245.5 189.8 8.9 -92.8 -145.3 -26.6
5.5 30.4 92.9
538.9 -225.5 53 18.3 -22.1 5
2417.3 530.4 -158.5 -67.8 -14.7 -20.7
3260.2 200.2 18.7 -108.6 -128.2 -34.1
winner is: 8
