Regression analysis information for: S03_selected_tokens_0067
number of formants: 3
number of coefficients: 5
7.7 8 16.4
383.3 23.8 -29.8 26.3 -19.8 15.8
1607.1 -41.8 -0.3 6.7 -17.1 16.2
2195.1 -16.4 -66.4 -17.9 -4.4 -24.7
8.8 7.9 17
382.4 28.6 -34 29.3 -22.2 17.9
1610 -47.3 5.4 4.5 -15.7 15.6
2196.4 -25.4 -56.7 -18.5 -0.8 -25.5
9.5 9 17.1
381.4 31.6 -36.2 30.1 -23.1 18.6
1615.8 -55.2 13 0 -12.7 14.7
2202.6 -26.9 -49 -15.9 0.7 -22.7
7.4 16 17.5
376.5 39.7 -41.4 31.9 -22.5 15.7
1625 -68.6 22.3 -3 -13.4 19.9
2204.9 -28 -52.1 -14.3 -3.8 -18.1
7.7 27.9 25.7
374.3 41.4 -41.1 30.5 -21.4 15.1
1632 -78 29 -5.5 -14.9 26.5
2195.5 6.6 -80.2 16 -27.2 4.6
7.9 35.7 34.6
371.8 42 -40.4 29.7 -20.4 15.6
1612.3 -39.6 -5.3 21.2 -32.8 38.1
2170.8 60.4 -124 41.3 -35.3 -4.8
8 37.5 25.3
368.9 41 -38.9 30.1 -20.3 15.2
1595.2 -23.9 -21.6 25.9 -28.4 34.1
2169.9 45.6 -124.8 31.8 -26.8 -0.6
7.7 32.4 33.3
366.9 42.4 -38.8 29.9 -20.9 14.5
1599.3 -47.8 2.1 -0.2 -11.1 20
2159.3 33 -127.2 21.2 -20.7 -9.8
7.6 21.8 35.7
367.5 40.4 -36.6 28.8 -21.6 15.3
1599.6 -64.1 27.6 -22.8 -5.9 11.5
2163.5 9.7 -95.2 1.8 -13.8 -24.3
7.4 21.9 87.8
366.9 41.6 -37.4 29.2 -21.7 14.6
1619.2 -97.9 53.1 -34.1 -8 18.2
2225 -110.8 12.8 -88.9 45.1 -73.2
7.6 19.9 82.4
368.4 39.6 -36 28.8 -22.1 15.5
1631.2 -109.2 59.3 -33.3 -10.6 19
2262.7 -154 56.4 -115.8 62.1 -84.3
7.4 18.8 89.5
367.9 41.3 -37.3 29.6 -22.1 14.8
1641.3 -113.6 57 -23.9 -16.2 22.9
2285.8 -177.4 70.2 -127 64.2 -83.2
7.6 15.5 93.4
369.2 39.9 -36.3 29.5 -22.4 15.7
1648 -110.7 55.5 -18.9 -12.9 19.5
2299.5 -169.8 73.3 -124.3 72.6 -89.8
7.3 14.9 86.3
368.5 42 -37.7 30.4 -22.1 14.9
1652.2 -103.6 50.9 -8.6 -14.1 22.9
2298.9 -149.2 52.3 -103.4 53.5 -64.9
7.2 13.3 73.5
368.7 42.4 -37.4 30.6 -21.8 14.9
1654.7 -96.8 54.5 -3.2 -9.4 24.4
2296.7 -128 47.7 -89.2 55.8 -61.2
7 11.6 67.2
369.1 43.1 -36.9 31.1 -21.5 15.3
1661 -90.3 63.3 0.5 -2.7 26.2
2305.8 -105.8 59 -81.8 73.3 -65.3
7.1 9.6 82.5
370.6 42.1 -35.2 30.9 -21.4 16.6
1667.9 -85.2 70.6 -1.4 5.8 23.8
2339 -102.5 105.3 -91.4 113.9 -71.9
6.8 10.8 114.5
370.3 45 -36 32.3 -21.1 16.3
1681.1 -86.9 79.6 -0.9 8.7 24.7
2411.4 -154.5 217.6 -143.8 200.2 -99.8
7.2 12.5 172.9
371.9 43.7 -34.7 31.9 -21.5 17.6
1691.3 -90.3 83.5 -4.6 10.5 25
2478.7 -241 323.1 -238.2 294.5 -178.1
7 14.8 163.6
371.5 46.3 -36.2 33 -21.9 17.3
1705.3 -94.7 85.6 -2.3 5.1 27.9
2524.7 -266.2 376.1 -258.5 315 -164.8
winner is: 1
