Regression analysis information for: S03_selected_tokens_0087
number of formants: 3
number of coefficients: 5
63.8 223.2 186.8
744 -132.1 94.3 109.9 -36 -38.9
1670.6 -83.6 346.9 404.1 -69.4 -266.7
2444.1 177.7 139.9 -90.4 35 -239.5
137.9 306.5 188.6
638.4 -204.4 125.8 54.1 -19.1 46.6
1427.4 -431.8 254.7 395.1 91.1 38.4
2506.8 -55 111.2 135.6 146.3 -99.4
95.4 228.8 129.2
633.1 -141.1 156.6 -59.2 9.9 105.9
1323.3 -209.1 549.8 116.7 50.2 191.2
2479.7 -4.8 326.4 -8.7 58 61.2
162.5 417.1 224.4
690.6 -73.5 104.1 27.4 65.2 -89.3
1718 129.6 298 171.3 76.7 -341.4
2707.6 164.7 152.1 32.8 102.3 -231
9.9 11.7 50.7
847.4 -95 -11.9 28.2 -28.5 7
2162 203.2 -103.3 26.5 -35.4 8.7
2968.5 165.6 -91.4 26.1 -14.4 -26.6
8.8 10.8 52.1
853.2 -88.6 -11.5 24.5 -23.4 6.3
2153.5 202.8 -100.2 26.5 -34.1 5.8
2936.3 175.7 -85.4 12.2 -4.6 -31.8
10.5 10.2 41.7
858.3 -87.4 -14.9 23.2 -24.3 5.3
2147.4 205 -99.4 24.5 -32.2 3.3
2914.7 178.3 -69.6 -11 13.6 -39.5
8.6 10 37.9
865.3 -86.7 -12.4 24 -21.1 7.5
2150.2 202.3 -95 22.6 -29.9 2.6
2920.5 171.1 -59.6 -14.9 17.7 -39.5
10.8 10.7 36
866.7 -88.3 -17.6 25 -24.8 7.7
2151.8 203.8 -96.5 21.7 -30 3.1
2935.9 160.4 -54 -17 18.3 -40.3
9.7 11.2 36.2
868.3 -89.1 -17.7 27.5 -23.9 11.4
2158.3 200.7 -93.6 21 -29.3 3.9
2955.9 150.5 -49.9 -12.6 16.1 -39
15.7 12.2 36.2
854.7 -100.7 -31 31.9 -28 15.8
2161.9 203.4 -96.5 21.1 -31.1 5.3
2978.3 144 -48 -11.1 12.6 -40.7
19.1 12.9 38.7
829.2 -118 -35.6 46.6 -22.3 26.4
2169.5 201 -95.4 21 -31.9 7.2
3000.5 139.9 -50.2 -5.3 7.6 -40.4
27.5 14 44.3
776.9 -136 -39.7 57.2 -42.8 28.3
2171.2 202.7 -100.4 23.3 -33.9 9.9
3016.2 137.6 -57.6 2 6.8 -43.6
23.4 14.6 59.7
729 -134.4 -33.6 63.8 -59.8 24.3
2173.2 198.9 -99.9 26.8 -34.8 13.2
3015.8 144.2 -70.8 19.1 6 -44.4
20.6 16.4 79.7
688.3 -117.3 -31.1 56.6 -64.4 17.8
2166.2 199.4 -104.3 33.7 -38.7 16.7
2990.7 160.1 -89.3 37.8 7.8 -48.9
14.4 16.8 81.7
645.6 -81.8 -21.9 26.9 -40.1 4.2
2144.8 205.5 -103 44 -40.8 7
2849.6 287.5 -79.1 -35.5 109.9 -122.3
11.7 18.1 32.7
629.2 -67.6 -22 19.9 -34.2 1.7
2091.4 232.5 -107.4 31.3 -28.8 -17.1
2744.2 283.5 -51.2 -88 64.1 -44.8
12.1 13.9 29.8
629.1 -67.9 -24.8 20.8 -37 2.5
2090.8 232.6 -107 31.9 -31.8 -13.9
2760.8 276 -52.1 -82.2 63.5 -55.3
12.7 15.1 39.9
637.6 -74.3 -21 22.2 -38.1 5.8
2116 214.5 -105.3 36.8 -42.8 -2
2788.1 289.3 -72.8 -74 71.9 -81.4
19.3 25.7 71
651.7 -91 -16.1 25.9 -47.1 16.4
2144.6 200.7 -109.1 41.4 -49.8 4.8
2815.2 327.4 -122.9 -52.1 90.3 -135.3
winner is: 18
