Regression analysis information for: S03_selected_tokens_0002
number of formants: 3
number of coefficients: 5
2.7 11.9 5.8
393.3 16.9 -20.2 -8.1 -7.4 -3.2
903.9 -70.3 -2.9 16.6 36.3 22.7
2112.2 86.3 -16.4 -8.6 -2.5 6.3
2 12 6.1
391 18.9 -16.3 -6.2 -11.4 -3.5
914.6 -78 -23.3 8.1 43.8 34.4
2112.8 87.6 -16.3 -8.3 -3.6 6.9
18.3 265.5 119.6
384.4 -0.1 -29.3 -19.9 -21 -6.1
1037.8 125.6 93.5 38.8 -43.3 -162.7
2193.5 228.6 74 16.9 -47.5 -87
8.8 150.8 62
416.5 11.1 -15.4 -1.6 -15.9 -3.5
1230 620.4 421.8 137.5 -48.9 -199.5
2314.1 436.6 195.9 49.9 -55.9 -77
7.5 5 11.8
479.8 -30 -39.9 9.5 -29.3 7.1
2096.1 84.8 -21.6 -8 -3.8 7.2
2893.6 -30.6 -16.9 16.8 -5 16.6
9.4 4.8 13
513.3 -55 -52.3 8.5 -21.1 8.6
2085.2 95.7 -21 -3.7 -7.5 7.6
2854.5 11.5 -20.7 29.8 -20.8 25.6
8.7 5.1 12.1
524.8 -66.8 -57.2 5.8 -16.8 9.7
2083.1 101.5 -20.5 -1.5 -9.1 7.8
2843.8 28.7 -18.9 30 -23.1 22.6
8.2 5 10
529.7 -75.6 -57.3 3 -13.6 9.6
2086.8 101.1 -17.9 -2.1 -8.3 6.4
2853.3 23.2 -12.7 22.5 -18.9 15
8.5 5 9
526.3 -82.4 -58.6 4.7 -11.5 10.9
2090.8 101.7 -17.3 -3 -8.2 5.9
2865.9 19.1 -11.6 19.5 -18 11.5
9.7 5 8.5
517.5 -85.6 -57.3 10.1 -9.8 12.2
2095 100.7 -17.2 -4.7 -8.2 5
2879.7 12.4 -11.1 15.9 -17.3 8.5
11.7 5.5 9.9
498.7 -80.1 -54.7 19.5 -13.6 14.9
2096.9 99.2 -20.2 -7.1 -9.2 5.1
2890.6 6.5 -16.2 16.2 -18.4 9.6
12.7 5.6 11.4
472.6 -62.4 -44.5 17.9 -14.2 13.1
2098.4 92.7 -23 -10.8 -9.7 4.1
2900.6 -7.4 -20 14.6 -17.9 10.7
10.2 5.7 18.4
439.3 -33.2 -33.4 8.9 -13.8 11.7
2095.8 81.7 -27.9 -15.6 -9.6 3.1
2898.8 -19.4 -34.2 22.2 -21.6 22.1
2.7 9.8 43.1
409.3 -8.8 -21.1 -1.2 -10 4.6
2061.9 65.8 -26.8 -5.5 -1.6 5.7
2783.4 45.2 -71.1 114.1 -64.4 95.5
1.7 6.1 24
406.1 -5.6 -20.3 -1.7 -9.8 2.9
2027.3 99.9 -29.6 10.2 -15.6 6.6
2705.2 119.9 -42.9 87.2 -53.2 51.8
1.7 4.7 21.3
405.9 -4.9 -19.8 -2.2 -9.6 2.7
2019.6 117.3 -17.6 5.9 -15.4 3.1
2699.3 136.4 -20.9 60.3 -40.2 41.9
1.9 4.5 21
406.8 -4.9 -19.7 -2.4 -9.5 2.7
2035.4 124.6 -9.2 2.2 -11.7 2
2725.5 133.8 -18.7 55.6 -41.8 41
2 8 23.9
408.6 -5.3 -19.5 -2.6 -9.5 2.7
2071 125 5.7 -3.6 -4.9 -0.5
2770.6 122.7 -20.4 57.9 -54.6 43.3
2.2 10.7 28.2
411.6 -6 -18.1 -3.3 -9.4 2.1
2117.9 128.2 18.6 -3.7 3.3 -0.2
2851.9 79.5 -6.5 47.8 -65 35.5
2.3 14.6 47.1
413.5 -6.8 -17.7 -3.8 -9.5 2
2164.1 141.8 28.9 3 15.6 5
2978.1 14 12.2 36.1 -71.1 13.2
winner is: 2
