S01_selected_tokens_0025 analysis information:
Number of steps:
20
Cutoff frequencies were: 
5000 5158 5316 5474 5632 5789 5947 6105 6263 6421 6579 6737 6895 7053 7211 7368 7526 7684 7842 8000
Number of coefficients for prediction: 
5
Number of formants: 
3
Winner is:
7526 7526 7526
Errors (total,f1,f2,f3): 
127.7 192.2 286.4 333.7 287.3 333.2 230.7 182.3 218.4 219.3 249.5 269.6 247.4 232.8 220.3 193.2 176.9 235.1 198.9 218.6
9 10.8 10.2 7.6 6.5 7 7.2 7.1 6.5 5.6 5.9 6.1 6.7 7.3 7.7 8.1 8.4 8.3 8.8 9.2
80.9 144 228.6 274.7 238.2 244.5 107.6 51.8 57.3 69.8 106.8 131.9 127.4 114.5 88.7 52.3 42.9 76.6 45.7 51.8
37.8 37.4 47.6 51.4 42.6 81.7 115.9 123.4 154.6 143.9 136.8 131.6 113.3 111 123.9 132.8 125.6 150.2 144.4 157.6
Coefficients are (row-wise by formant):
544 -108.8 -59.9 -6.4 5.1 -0.5
2161.5 635.8 -11.2 0.6 -58.4 -34
3094.6 98 354.9 234.6 59.3 8.8
