S01_selected_tokens_0083 analysis information:
Number of steps:
20
Cutoff frequencies were: 
5000 5158 5316 5474 5632 5789 5947 6105 6263 6421 6579 6737 6895 7053 7211 7368 7526 7684 7842 8000
Number of coefficients for prediction: 
5
Number of formants: 
3
Winner is:
8000 8000 8000
Errors (total,f1,f2,f3): 
102.7 84.4 92.5 97.9 112.3 107.5 95.9 124.6 138.1 216.8 255.6 279.6 82.7 69 68.2 68.6 69.2 78.9 86.1 65
18.8 17.2 17.4 18.9 19.3 11.8 12.3 18.2 17.3 21.7 22.8 23.4 23.7 24.2 24.6 24.2 23.2 16.6 13.9 14
49 33.3 32.6 30.7 43.7 62.6 63.3 74.2 55 38.2 31.9 47.5 21.1 21.4 21.9 22.6 22.9 25.9 22.2 18.6
34.9 33.9 42.5 48.3 49.3 33.1 20.3 32.2 65.8 156.9 200.9 208.7 37.9 23.4 21.7 21.8 23.1 36.4 50 32.4
Coefficients are (row-wise by formant):
779.2 22.6 -12.3 15.2 -7 10.4
1848.8 53.8 37.8 3 5.6 27
3096.8 -110.7 24.1 4.1 6 27.4
