S01_selected_tokens_0048 analysis information:
Number of steps:
20
Cutoff frequencies were: 
5000 5158 5316 5474 5632 5789 5947 6105 6263 6421 6579 6737 6895 7053 7211 7368 7526 7684 7842 8000
Number of coefficients for prediction: 
5
Number of formants: 
3
Winner is:
6579 6579 6579
Errors (total,f1,f2,f3): 
10185.5 10399.7 10234.1 10149.2 534.8 219.5 156 154.2 181.9 149 120.3 158.2 123.3 134.9 143.2 138.3 132.4 129.3 129 131.7
14.3 16.7 15.5 15.5 16.7 13.3 13.1 13.1 13.5 9.9 10.1 11.6 12.1 13.7 14.3 15.1 15.9 18.7 18.4 18.5
42.2 52.6 47.4 41.1 75.4 69.3 71 69.5 51.8 46.1 46.6 45.6 39.6 53.4 61 54.9 47.9 42.7 43 44.9
10129 10330.4 10171.2 10092.6 442.7 136.9 71.9 71.6 116.6 93 63.6 101 71.6 67.8 67.9 68.3 68.6 67.9 67.6 68.3
Coefficients are (row-wise by formant):
548 49.5 4.2 -17.8 -24.5 14.6
937.6 85.8 217.6 -76.8 66.8 -83.6
3154.6 269.1 -163.6 -67 73 -24.8
