S01_selected_tokens_0070 analysis information:
Number of steps:
20
Cutoff frequencies were: 
5000 5158 5316 5474 5632 5789 5947 6105 6263 6421 6579 6737 6895 7053 7211 7368 7526 7684 7842 8000
Number of coefficients for prediction: 
5
Number of formants: 
3
Winner is:
5474 5474 5474
Errors (total,f1,f2,f3): 
245.4 55.3 47.4 41.1 43.9 47.5 59 96.5 53.3 70.7 64.3 69.2 68.3 66.5 68.8 87.4 67.6 69.4 70.7 76.2
11.3 7.2 8.4 9.3 9.3 8.7 8 7.8 8 8.6 9.2 10.2 10.6 11 11 11.6 11.5 11.5 11.6 11.9
170.5 18.2 19.1 20.5 22 24.1 28.8 60 28 33.9 33.3 34.3 34.7 33.3 33.5 42.8 32.8 35.1 35.5 31.8
63.6 29.9 19.9 11.3 12.6 14.7 22.2 28.7 17.3 28.2 21.8 24.7 23 22.2 24.3 33 23.3 22.8 23.6 32.5
Coefficients are (row-wise by formant):
397.3 1.6 2.6 2.7 -19.9 12.7
1828 59.9 -23.8 -105.8 23.1 -10.7
2375.7 -235 -70.6 -14 -13.8 43.6
