S01_selected_tokens_0046 analysis information:
Number of steps:
20
Cutoff frequencies were: 
5000 5158 5316 5474 5632 5789 5947 6105 6263 6421 6579 6737 6895 7053 7211 7368 7526 7684 7842 8000
Number of coefficients for prediction: 
5
Number of formants: 
3
Winner is:
7842 7842 7842
Errors (total,f1,f2,f3): 
10359.7 10308.2 10374.9 309.1 278.6 162.3 215.7 172.8 169.8 136.2 92.7 75.5 78 83 85.8 86.2 88.5 78.2 67.3 76.4
11.6 11.3 10.3 10 9.2 8.1 7.5 6.1 5.3 6.3 7.5 9.4 9.2 8.5 8.8 8.7 9.4 9.1 6 6.3
54.4 65.3 62.5 45.4 43.2 42.8 36.3 31.6 30 28.3 28.5 30 30.4 32.6 32.5 32.5 28.8 26.2 26.5 31.5
10293.7 10231.6 10302.1 253.7 226.2 111.4 171.9 135.1 134.5 101.6 56.7 36.1 38.4 41.9 44.5 45 50.3 42.9 34.8 38.6
Coefficients are (row-wise by formant):
479 23 -37.9 28.1 -4.7 3.2
915.7 -223.4 222.5 -67.7 49.4 7.5
3167.2 96.2 -58.7 -36.8 39.2 -43.8
