S01_selected_tokens_0035 analysis information:
Number of steps:
20
Cutoff frequencies were: 
5000 5158 5316 5474 5632 5789 5947 6105 6263 6421 6579 6737 6895 7053 7211 7368 7526 7684 7842 8000
Number of coefficients for prediction: 
5
Number of formants: 
3
Winner is:
7842 7842 7842
Errors (total,f1,f2,f3): 
90.1 97.2 175.5 105 112.2 150.7 181.7 247.2 103.9 102.2 102.4 106.9 112.7 117.5 110.9 99.5 88.5 85.1 75.5 75.8
6.1 4.6 2.7 2 2.4 3.8 4.8 5.6 5.2 3.8 3.9 3.3 3.2 3.2 3.4 3.5 3.7 3.8 3.5 3.3
44.1 47.1 118.7 57.4 56 75.5 98.2 152.7 48.1 46.6 45.2 49.2 53.7 62.2 63 58.3 50.8 42.9 36.8 28.2
39.9 45.5 54.1 45.6 53.8 71.4 78.7 88.9 50.6 51.8 53.3 54.4 55.8 52.1 44.5 37.7 34 38.4 35.2 44.3
Coefficients are (row-wise by formant):
509.9 -118.7 4.6 32.5 2.8 -5.5
2200.9 479.5 -190.5 -61.7 -2 67.6
3053.6 -309.2 126.7 94.2 37.8 -44.2
