S01_selected_tokens_0033 analysis information:
Number of steps:
20
Cutoff frequencies were: 
5000 5158 5316 5474 5632 5789 5947 6105 6263 6421 6579 6737 6895 7053 7211 7368 7526 7684 7842 8000
Number of coefficients for prediction: 
5
Number of formants: 
3
Winner is:
6579 6579 6579
Errors (total,f1,f2,f3): 
138.8 209.1 193.4 308.1 288.3 292.7 274.2 145.8 134.9 91.3 89.6 96.2 99.1 98 103.8 111.1 115 115.2 115.4 121.1
2.3 4.1 2.4 5.3 9 3.5 3.9 3.3 3 2.6 2.8 2.9 2.9 2.8 2.9 3 3 3.5 3.6 3.7
38.9 119.9 127.3 162.3 152.9 158.1 98.6 59.8 74.7 59 56.3 59.5 62.1 62.2 61.8 60.9 59.3 54.4 52.7 57.9
97.6 85.1 63.7 140.5 126.4 131.1 171.7 82.7 57.2 29.7 30.5 33.8 34.1 33 39.1 47.2 52.7 57.3 59.1 59.5
Coefficients are (row-wise by formant):
498.4 -59.7 11.3 9.8 -0.5 3.9
2069 158.9 -370.3 -137.8 -40.7 -16.5
2775.1 -188.8 -21 -10.8 -47.3 27
