S01_selected_tokens_0072 analysis information:
Number of steps:
20
Cutoff frequencies were: 
5000 5158 5316 5474 5632 5789 5947 6105 6263 6421 6579 6737 6895 7053 7211 7368 7526 7684 7842 8000
Number of coefficients for prediction: 
5
Number of formants: 
3
Winner is:
6579 6579 6579
Errors (total,f1,f2,f3): 
79.8 69.2 45.4 42.9 42.3 44.1 46.1 53.7 45.4 41.9 38.8 38.9 41.3 41.6 44.1 46.8 48 45.5 51.9 61.4
2.2 2.1 2.1 2.4 2.7 2.3 1.7 1.5 1.3 1.3 1.3 1.3 1.5 1.5 1.5 1.5 1.5 1.3 1.3 1.3
42.6 34.6 21.3 21 21.3 22.3 24.7 26.7 26.1 23.2 21.4 21 21.3 20.4 20.1 20.4 20.7 20.6 21.4 22.9
35 32.5 22 19.5 18.3 19.5 19.7 25.5 18 17.4 16.1 16.6 18.5 19.7 22.5 24.9 25.8 23.6 29.2 37.2
Coefficients are (row-wise by formant):
426.2 -2.9 -7.4 -4.3 1.7 -0.3
1794 140.1 51.7 -79.3 -2.5 -31.9
2486.6 -317.5 -89.7 -1.6 -0.6 9.1
