S01_selected_tokens_0091 analysis information:
Number of steps:
20
Cutoff frequencies were: 
5000 5158 5316 5474 5632 5789 5947 6105 6263 6421 6579 6737 6895 7053 7211 7368 7526 7684 7842 8000
Number of coefficients for prediction: 
5
Number of formants: 
3
Winner is:
8000 8000 8000
Errors (total,f1,f2,f3): 
81.3 75.9 79.2 98.2 116.9 107 104.3 136.7 141.7 230.9 225.1 191.3 159.5 109.2 101 84.6 89.4 91.8 81 72.7
10.1 8.5 8.8 8.3 10.2 10.6 11.8 11.3 14 19.4 26.7 28.1 27.4 25.8 25.3 28.1 27.5 22.5 15.1 14.5
45.6 33.8 25.1 27.7 35.2 35.6 31.1 39.3 45.1 51.3 51.1 31.7 27.9 25.5 23.3 23.6 25.4 29.4 28.6 25.1
25.6 33.6 45.3 62.2 71.5 60.8 61.4 86.1 82.6 160.2 147.3 131.5 104.2 57.9 52.4 32.9 36.5 39.9 37.3 33.1
Coefficients are (row-wise by formant):
718.6 10.2 -48.8 0.2 -24.4 -7.1
2018.4 45.9 8.2 37.9 7.6 -34
2959.3 -52 -59.2 3.2 32.7 -3.4
