S01_selected_tokens_0038 analysis information:
Number of steps:
20
Cutoff frequencies were: 
5000 5158 5316 5474 5632 5789 5947 6105 6263 6421 6579 6737 6895 7053 7211 7368 7526 7684 7842 8000
Number of coefficients for prediction: 
5
Number of formants: 
3
Winner is:
7368 7368 7368
Errors (total,f1,f2,f3): 
98.2 101.8 105.1 103.8 103.7 120.6 140.3 213.8 136.1 94 78.8 78 62.4 55.2 53.1 52.8 54 53.5 56.3 54.8
3.1 3 3.7 3.6 3.7 4 4.6 5.2 5.5 6.8 6.5 7.1 6.6 5.3 5.4 5.2 5.2 4.6 5.2 4.7
50.2 52 54.8 57.8 56.4 52.6 44.6 46 38.5 37 33.2 32 30.4 28.6 28.8 28.4 28 27.8 28.2 27.4
44.9 46.8 46.6 42.4 43.6 64 91.1 162.6 92.1 50.2 39.1 38.9 25.4 21.3 18.9 19.2 20.8 21.1 22.9 22.7
Coefficients are (row-wise by formant):
568.5 -42.6 -15.7 -5.9 -8.3 -2.3
1830 245.5 -18.8 -2.6 -29.6 17.4
2885.8 -174.9 85.5 -27.8 -41.5 36.5
