S01_selected_tokens_0081 analysis information:
Number of steps:
20
Cutoff frequencies were: 
5000 5158 5316 5474 5632 5789 5947 6105 6263 6421 6579 6737 6895 7053 7211 7368 7526 7684 7842 8000
Number of coefficients for prediction: 
5
Number of formants: 
3
Winner is:
5000 5000 5000
Errors (total,f1,f2,f3): 
43.3 44.3 55.4 114.2 216.5 182.1 93.4 133.1 338.3 354.6 328.4 154.3 85.3 84.5 115.7 146.7 177.1 184.9 164.1 149.1
6.4 6.5 8 17.7 20.4 20.4 12.2 18.1 17 16.8 18.5 20.4 17.9 17.9 16.8 15.7 14.4 12.5 12.5 12.4
21.8 24 32.6 77.1 151.2 101.3 63 78.4 196.4 170 157.2 65.9 23.6 22.7 24.1 26.8 30.8 48.9 51.2 41.9
15.1 13.8 14.8 19.4 44.9 60.4 18.2 36.6 124.9 167.8 152.7 68 43.8 43.9 74.8 104.2 131.9 123.5 100.4 94.8
Coefficients are (row-wise by formant):
682.5 26.3 -17.8 5 -2.5 4.6
1731.5 -74.1 23.7 3.2 25 20.5
2319.2 42.1 -1.9 20.6 3.1 14.3
