S01_selected_tokens_0043 analysis information:
Number of steps:
20
Cutoff frequencies were: 
5000 5158 5316 5474 5632 5789 5947 6105 6263 6421 6579 6737 6895 7053 7211 7368 7526 7684 7842 8000
Number of coefficients for prediction: 
5
Number of formants: 
3
Winner is:
6895 6895 6895
Errors (total,f1,f2,f3): 
374.7 349.5 371.9 551.4 360.8 343.4 228.1 226.6 117.5 111.3 90 53.8 47.8 49.3 51.9 54.3 56.7 59 57.3 60.2
7.1 13.6 21.1 23.9 3.8 7.2 4.3 4.5 4.5 4.8 5.3 5.7 5.4 5.2 5.1 5.1 5.1 5.4 5.3 5.4
175.4 155.1 143.1 181.4 94 52.5 29.1 25.3 24.7 25 25.1 25.1 25.8 27.3 29 30.4 31.2 31 31 30.9
192.2 180.8 207.7 346.1 263 283.7 194.7 196.8 88.3 81.5 59.6 23 16.6 16.8 17.8 18.8 20.4 22.6 21 23.9
Coefficients are (row-wise by formant):
486.2 29.7 -12.5 -10.4 -15.4 -6.5
1505.1 88.4 110 -52.2 35.3 -29
2955.4 -120.9 -82.7 3.9 -60.1 32
