S01_selected_tokens_0118 analysis information:
Number of steps:
20
Cutoff frequencies were: 
5000 5158 5316 5474 5632 5789 5947 6105 6263 6421 6579 6737 6895 7053 7211 7368 7526 7684 7842 8000
Number of coefficients for prediction: 
5
Number of formants: 
3
Winner is:
7368 7368 7368
Errors (total,f1,f2,f3): 
105.7 114.1 127.3 158.3 165.9 163.5 59.7 53.7 129.7 351.3 237.5 141.4 104.5 96.2 45.3 41.6 43.1 46.6 45.1 43.3
3.9 4 4.3 4.3 5.2 13.8 4.7 5.4 7.3 36.7 9.8 10.7 10.7 10.6 9.9 8.8 7.7 7.8 7.7 7.7
55.6 41.6 35.1 44.3 45.3 47.6 44 37.1 30.5 107.6 21.9 3.4 3.4 3.9 3.6 3.9 3.9 3.9 3.9 3.7
46.2 68.5 87.9 109.7 115.4 102.1 11 11.2 91.9 207 205.8 127.3 90.4 81.7 31.8 28.9 31.5 34.9 33.5 31.9
Coefficients are (row-wise by formant):
814 25.9 -46.4 -17.8 -27.4 -7
1655.4 -49.7 29.4 -6 -12.5 -3.5
3034.4 -103.1 -52.2 66.3 -41.1 25.3
