S01_selected_tokens_0054 analysis information:
Number of steps:
20
Cutoff frequencies were: 
5000 5158 5316 5474 5632 5789 5947 6105 6263 6421 6579 6737 6895 7053 7211 7368 7526 7684 7842 8000
Number of coefficients for prediction: 
5
Number of formants: 
3
Winner is:
8000 8000 8000
Errors (total,f1,f2,f3): 
10233 10188.2 200.9 373.1 327.8 165.3 171 174.7 182.1 196.8 233.9 198 177.7 161.5 159.3 149.3 143.6 130.5 129.5 126.4
14.2 13.1 17 20.2 19.1 18.2 17.3 15.2 12.1 10.1 10.8 11.3 12.2 13.1 13.5 15.2 16.8 16 16 17.7
53.5 44.4 46.7 59.7 73 38.7 34 34.8 40.2 44.5 47.3 47.8 46.3 43.8 40.3 37.5 35.3 35.2 34.8 35.5
10165.3 10130.7 137.2 293.2 235.7 108.4 119.7 124.7 129.8 142.2 175.8 138.9 119.2 104.6 105.5 96.6 91.5 79.3 78.7 73.2
Coefficients are (row-wise by formant):
527.6 86.6 17.7 38.2 -11.4 4.6
1168 -59.9 232.3 -76.1 121.8 -51.7
3234 67.9 -51.7 108.8 -40.5 -64.7
