S01_selected_tokens_0097 analysis information:
Number of steps:
20
Cutoff frequencies were: 
5000 5158 5316 5474 5632 5789 5947 6105 6263 6421 6579 6737 6895 7053 7211 7368 7526 7684 7842 8000
Number of coefficients for prediction: 
5
Number of formants: 
3
Winner is:
6579 6579 6579
Errors (total,f1,f2,f3): 
105.3 108.6 114.8 147.8 168.1 163.4 126.9 164.7 260.8 210.7 41.3 43.4 46.4 48.8 50.3 48.1 46.6 47.2 42.3 43.5
14.5 13.6 13.9 17.3 16.9 17.1 13.6 16.1 23.3 24.7 19.9 21.1 22.3 22.5 20.5 17.3 14.8 12.5 12.9 13.5
29.3 27.4 19.2 30.8 67.8 84.1 52.7 61.6 115.2 78.3 5.4 5.5 6 7.1 8.9 9.9 10.6 11.1 10.7 11.4
61.5 67.6 81.7 99.7 83.4 62.2 60.6 87 122.3 107.7 16 16.8 18.1 19.2 20.9 20.9 21.2 23.6 18.7 18.6
Coefficients are (row-wise by formant):
808.5 51.5 -160.4 -15.4 34.2 -3
1987.6 2 -9.3 -33.3 34.1 3.9
2797.8 -142.9 6.7 -45.7 29.6 -14.4
