S01_selected_tokens_0001 analysis information:
Number of steps:
20
Cutoff frequencies were: 
5000 5158 5316 5474 5632 5789 5947 6105 6263 6421 6579 6737 6895 7053 7211 7368 7526 7684 7842 8000
Number of coefficients for prediction: 
5
Number of formants: 
3
Winner is:
7684 7684 7684
Errors (total,f1,f2,f3): 
138.2 137 144.1 168.1 211.2 75.7 83.6 114.5 189 137.2 68 62.8 64.8 65.6 64.3 64.8 64.4 59.3 65.7 69.1
5.4 4.6 4.5 3.6 21.6 4.4 3.2 3.6 12.5 3.7 3.3 2.2 2 2.9 3.5 4.1 5.3 4.5 5.5 5.3
70.1 79.5 83.9 93.3 89.9 45.5 45.4 69.3 87.8 51.7 15.5 16.2 18.6 19.1 18.5 18.3 19.5 16.6 16.2 13.7
62.7 52.9 55.7 71.2 99.7 25.8 35 41.6 88.7 81.8 49.2 44.4 44.2 43.6 42.3 42.4 39.6 38.2 44 50.1
Coefficients are (row-wise by formant):
645.2 -24 -25.6 11.6 -3 5.9
1872.4 -38.6 0.2 51 9.4 13.7
2345.6 -165.7 40.6 -61.6 91.4 -27.9
