S01_selected_tokens_0041 analysis information:
Number of steps:
20
Cutoff frequencies were: 
5000 5158 5316 5474 5632 5789 5947 6105 6263 6421 6579 6737 6895 7053 7211 7368 7526 7684 7842 8000
Number of coefficients for prediction: 
5
Number of formants: 
3
Winner is:
6421 6421 6421
Errors (total,f1,f2,f3): 
333.2 341.7 345.4 325.5 385.3 203.1 69.1 72.8 63 46.1 52.6 62.5 58.3 61.8 65.7 80.4 88 89 90.4 100.5
15.1 15.2 10.6 14.5 18.7 7.1 4.9 4.7 4.2 3.7 5.8 6.5 6.9 6.9 6.3 7.3 7.5 7.9 7.9 7.7
129.7 80.1 74.7 87.3 91.4 30.5 14.8 15.9 16 17.2 19.7 19.8 20 19.6 17.5 17.7 16.9 15.7 16.1 17.5
188.4 246.4 260.1 223.7 275.2 165.5 49.4 52.2 42.8 25.2 27.1 36.2 31.4 35.3 41.9 55.4 63.6 65.4 66.4 75.3
Coefficients are (row-wise by formant):
536.8 70.8 3.2 6.1 2.3 2
1378.3 56.8 118.4 -46.5 26.4 -25.7
2995.3 7 -48.2 44.7 -23.1 21.1
