S01_selected_tokens_0004 analysis information:
Number of steps:
20
Cutoff frequencies were: 
5000 5158 5316 5474 5632 5789 5947 6105 6263 6421 6579 6737 6895 7053 7211 7368 7526 7684 7842 8000
Number of coefficients for prediction: 
5
Number of formants: 
3
Winner is:
7684 7684 7684
Errors (total,f1,f2,f3): 
205.1 93.6 38.3 36.2 43.2 114.4 136.2 121.2 75.6 76.4 353.2 110.1 93.8 94.1 102 104.5 158.7 177.4 122.5 104.4
6.8 3.7 3 2.5 2.6 3.2 4.3 2.7 2.1 2.4 3.1 5.1 7.3 8.4 8.6 7.7 7.3 4.7 3.4 3.3
146.6 62.1 23.7 20.1 20.4 63.4 96.4 89.1 58.3 56.4 144.8 22.7 22.1 21 19.7 18.1 20.9 19 17.7 22
51.7 27.8 11.6 13.6 20.2 47.8 35.5 29.4 15.2 17.6 205.3 82.3 64.4 64.7 73.7 78.7 130.5 153.7 101.4 79.1
Coefficients are (row-wise by formant):
543.8 -29.7 -37.2 12.8 -7.5 6.7
2173.7 -114.7 -145.9 -49 -58.2 -4.5
3007.4 -730.9 -190.3 232.6 174.5 -40.6
