S01_selected_tokens_0114 analysis information:
Number of steps:
20
Cutoff frequencies were: 
5000 5158 5316 5474 5632 5789 5947 6105 6263 6421 6579 6737 6895 7053 7211 7368 7526 7684 7842 8000
Number of coefficients for prediction: 
5
Number of formants: 
3
Winner is:
5474 5474 5474
Errors (total,f1,f2,f3): 
95.7 74.9 71 69.7 75.2 86.2 155.2 477.9 439.3 220.8 241.3 281.1 420.8 287.2 203.4 218 199.7 165.7 168.8 153.2
25.9 17.6 16.3 16 16.2 16.6 27.6 38.1 23.8 22.1 35.1 29.4 29.8 27.7 27.5 27.5 28.9 26.8 24.8 22.8
55.6 44.1 40.7 39.9 46.5 56.1 76.9 150 101.1 32.1 34.3 27.5 35.1 13.5 14.5 12.5 12.1 12.4 12.5 12.6
14.2 13.2 14 13.8 12.5 13.5 50.7 289.8 314.4 166.6 171.9 224.2 355.9 246 161.4 178 158.7 126.5 131.5 117.8
Coefficients are (row-wise by formant):
690.9 21.5 33.9 15.1 10.4 -10.3
1326 -61.5 92 -67.1 103.2 -35.6
1661 -89.1 34 -33.2 35.7 -10.5
