S01_selected_tokens_0029 analysis information:
Number of steps:
20
Cutoff frequencies were: 
5000 5158 5316 5474 5632 5789 5947 6105 6263 6421 6579 6737 6895 7053 7211 7368 7526 7684 7842 8000
Number of coefficients for prediction: 
5
Number of formants: 
3
Winner is:
6421 6421 6421
Errors (total,f1,f2,f3): 
187.8 198.6 344.4 198 189.7 298.5 342.5 299.6 184.6 110 114.6 153.8 256.4 264.8 266.3 275.4 269.8 286.6 262.8 339.5
6.9 6.1 7.4 2.8 2.8 5.4 7.7 16 9.9 9.8 7 5.2 49.9 50.5 51 51.2 50.6 54.5 54.7 102.2
112.4 109.4 256.5 97.6 114.4 210.3 220.4 102.9 48.4 36.9 39.8 46.4 84.2 85.3 72.5 61.5 57.5 56 48.8 60.2
68.5 83.1 80.5 97.6 72.5 82.8 114.4 180.7 126.3 63.3 67.8 102.2 122.3 129 142.8 162.7 161.7 176.1 159.3 177.1
Coefficients are (row-wise by formant):
490.4 -95 -21.6 5.3 -14.8 -15.5
2305.1 521.5 -240.4 -1.8 92.6 21.6
3097.9 37.7 93.9 10.6 -7.7 46.5
