S01_selected_tokens_0119 analysis information:
Number of steps:
20
Cutoff frequencies were: 
5000 5158 5316 5474 5632 5789 5947 6105 6263 6421 6579 6737 6895 7053 7211 7368 7526 7684 7842 8000
Number of coefficients for prediction: 
5
Number of formants: 
3
Winner is:
7842 7842 7842
Errors (total,f1,f2,f3): 
118.5 115.9 132.6 92.1 114.5 143.4 155.7 201.3 196.9 176.7 163.4 245.5 240.6 195.2 208.3 32 31.2 31.2 31 32.9
19.2 15.6 14.9 22.9 22.3 14.4 11.4 12.8 14.4 16.8 14.6 16.2 10.3 11.7 12 12.1 11.5 11 10.1 10.6
83.5 82.7 92.6 57.3 80.4 81.3 63.2 62.7 64.4 63.6 83.1 71.6 64.2 45.5 36.8 4.9 4.9 4.9 4.6 4.5
15.8 17.6 25.1 11.9 11.8 47.7 81.1 125.8 118.1 96.3 65.7 157.7 166.1 138 159.5 15 14.8 15.3 16.3 17.8
Coefficients are (row-wise by formant):
883.4 72.4 -112.8 -63.3 -66.7 -17.5
1896.3 54.3 -16.9 -2.4 9.5 5.2
2888.9 -102.8 43 -73.3 -51.9 -21.1
