S01_selected_tokens_0017 analysis information:
Number of steps:
20
Cutoff frequencies were: 
5000 5158 5316 5474 5632 5789 5947 6105 6263 6421 6579 6737 6895 7053 7211 7368 7526 7684 7842 8000
Number of coefficients for prediction: 
5
Number of formants: 
3
Winner is:
7842 7842 7842
Errors (total,f1,f2,f3): 
61.7 51.6 70.7 74.3 38.2 38.4 65.5 121.6 405.8 133.2 31.9 31.8 29.3 29.5 35.1 34.9 26 24.8 21.3 24.3
7.5 8.6 13.7 13.6 9.2 8.1 7.8 11.6 23 15.1 13.4 13.4 12.4 11.5 12.2 10 7.1 7.2 6.7 7.5
36.1 32.1 38.8 46.9 18.2 16.7 24 68.6 141.2 23.4 6.1 5.7 5.1 4.6 5.9 6.5 7.1 7 5.9 6.9
18.1 10.9 18.2 13.8 10.8 13.6 33.7 41.4 241.6 94.7 12.4 12.7 11.8 13.4 17 18.4 11.8 10.6 8.7 9.9
Coefficients are (row-wise by formant):
669.7 13.6 -103.2 -41.6 -17.2 2.8
1958.3 10.9 -11.6 -43.6 -25.2 -1.8
2840.4 -144.3 -11.9 26 46.6 24.1
