S01_selected_tokens_0034 analysis information:
Number of steps:
20
Cutoff frequencies were: 
5000 5158 5316 5474 5632 5789 5947 6105 6263 6421 6579 6737 6895 7053 7211 7368 7526 7684 7842 8000
Number of coefficients for prediction: 
5
Number of formants: 
3
Winner is:
8000 8000 8000
Errors (total,f1,f2,f3): 
54.4 60.1 58.9 80.3 76.8 83.5 97.8 77.4 96.9 92.2 51.4 44.9 40.6 35.1 39.2 41.9 43 39.4 34.9 32
2.4 1.4 1.2 0.9 1 1 1 1.2 1.3 1.7 1.7 1.4 1.4 1.6 1.5 1.5 1.3 1.3 1.3 1.5
10.8 12.8 16 24.6 24.9 21.5 17.7 13 11.6 11.7 10.7 10.7 10.3 9.7 9.8 9.6 9.4 8.9 9.6 9.7
41.2 45.9 41.7 54.8 50.9 61 79.1 63.2 84 78.8 39 32.8 28.9 23.8 27.9 30.8 32.3 29.2 24 20.8
Coefficients are (row-wise by formant):
564.3 -21.7 -10 2.4 -5.5 0.7
1780.7 62.9 -152.6 -42.2 -38.4 -20.9
2849.6 -156.3 124.7 -45.9 42.8 -40.3
