S01_selected_tokens_0077 analysis information:
Number of steps:
20
Cutoff frequencies were: 
5000 5158 5316 5474 5632 5789 5947 6105 6263 6421 6579 6737 6895 7053 7211 7368 7526 7684 7842 8000
Number of coefficients for prediction: 
5
Number of formants: 
3
Winner is:
7053 7053 7053
Errors (total,f1,f2,f3): 
164.1 200.7 274.4 321.5 396.2 261.2 191.8 54.1 48.4 49.4 43.2 36.6 32.8 30.7 33.5 44.5 67.3 78.2 82.1 89
5.7 3.4 4.1 2.3 6.8 1.9 3.6 3.9 3.8 3.1 3.2 2.8 3 2.7 2.7 2.7 3.1 2.8 3.3 3.3
82 92.1 108.7 156.9 121.9 68.5 49.9 23.8 24.4 22.1 19 16.5 15.1 14.3 14.5 14.8 16.2 18.7 21.3 23.2
76.4 105.2 161.6 162.3 267.5 190.8 138.3 26.4 20.2 24.2 21 17.3 14.7 13.7 16.3 27 48 56.7 57.5 62.5
Coefficients are (row-wise by formant):
440 11.3 -10.1 12.1 -9.9 6.3
1653.2 73.8 30.8 -31.1 -10 12.5
2770.4 -36 -18.7 -7.9 14.8 -6.9
