S01_selected_tokens_0062 analysis information:
Number of steps:
20
Cutoff frequencies were: 
5000 5158 5316 5474 5632 5789 5947 6105 6263 6421 6579 6737 6895 7053 7211 7368 7526 7684 7842 8000
Number of coefficients for prediction: 
5
Number of formants: 
3
Winner is:
5632 5632 5632
Errors (total,f1,f2,f3): 
99.2 83.3 80.8 70 53.4 96.4 169.9 157.4 145.8 158.2 68.6 71.2 67.1 66 62.9 67.3 85.3 75.3 76.8 84.3
8.1 7 7.8 8.2 9.7 10.2 9 8.1 6.3 5.8 5.4 5.5 5.4 5.8 5.7 5.9 6.7 6 6.9 7.3
19.3 17.4 18 18 19.4 22.7 37.6 26 28.4 37.6 36.6 41.1 38.8 37.8 35.9 39.2 46.5 41.8 43.6 49.3
71.8 58.9 55 43.8 24.3 63.5 123.3 123.3 111.1 114.8 26.6 24.6 22.9 22.4 21.3 22.2 32.1 27.5 26.3 27.7
Coefficients are (row-wise by formant):
431.7 -17.4 -12.9 -7.4 -14.1 -9.3
1722.6 85.8 22.4 -12.6 15 -5.9
2822.9 -74.2 -48.3 12.4 -2 25.8
