S01_selected_tokens_0032 analysis information:
Number of steps:
20
Cutoff frequencies were: 
5000 5158 5316 5474 5632 5789 5947 6105 6263 6421 6579 6737 6895 7053 7211 7368 7526 7684 7842 8000
Number of coefficients for prediction: 
5
Number of formants: 
3
Winner is:
7842 7842 7842
Errors (total,f1,f2,f3): 
97.1 107.9 218.2 84.6 71.7 80.6 104.2 105.2 136.6 119.5 94.5 59.6 38.3 31.7 30.8 28.7 28.1 26.7 25.3 26.4
2.9 2.2 1.7 1.5 1.5 1.4 1.4 1.4 1.5 1.6 1.9 2 1.9 2.2 2.6 2.4 2.2 1.9 1.5 1.4
71.3 83.8 63.5 26.3 18.9 16.2 15.9 16.1 15.9 16.1 16.5 16.5 16 16 16.2 15.7 15.9 15.8 15.1 15.2
22.9 21.9 153 56.8 51.3 63 86.9 87.7 119.2 101.8 76.1 41.1 20.4 13.5 12 10.6 10 9 8.7 9.8
Coefficients are (row-wise by formant):
570.6 -36.8 -16.3 -4.5 -2.4 -2.7
1811.2 -16.7 -139.9 -25.6 -12.3 2.8
3152.7 -150.9 17.2 -18.1 43.8 -3.4
