S01_selected_tokens_0039 analysis information:
Number of steps:
20
Cutoff frequencies were: 
5000 5158 5316 5474 5632 5789 5947 6105 6263 6421 6579 6737 6895 7053 7211 7368 7526 7684 7842 8000
Number of coefficients for prediction: 
5
Number of formants: 
3
Winner is:
7211 7211 7211
Errors (total,f1,f2,f3): 
155.6 260.7 301.9 148.7 120.2 120.2 193.2 196 149.7 135.7 98.2 76 75.9 67.5 76.7 86.8 92 84.2 96.9 112.8
3.4 4 3.2 3.1 3.5 4.3 5.1 5.8 6.2 5.8 5.7 5.4 5.6 5.5 5.9 6.3 6.6 6.7 7 7.6
65.7 131.7 145.5 88 56.9 59.3 93.7 64.7 57.3 45.5 43.7 37.4 42.2 43.4 46.5 51.5 56.6 42.7 52 64.7
86.5 125 153.2 57.6 59.8 56.6 94.4 125.5 86.2 84.4 48.8 33.2 28.1 18.6 24.3 29 28.8 34.8 37.9 40.5
Coefficients are (row-wise by formant):
500.5 -101.5 14.2 6.6 2.1 0.4
2013 174.8 -357.9 -20 -45 -113
2918.1 -263.9 13.1 -12.7 59.8 40
