S01_selected_tokens_0063 analysis information:
Number of steps:
20
Cutoff frequencies were: 
5000 5158 5316 5474 5632 5789 5947 6105 6263 6421 6579 6737 6895 7053 7211 7368 7526 7684 7842 8000
Number of coefficients for prediction: 
5
Number of formants: 
3
Winner is:
6105 6105 6105
Errors (total,f1,f2,f3): 
339.3 283.9 220.2 201.1 193.9 171.1 37.5 35.7 42 100.3 54 62.7 60.8 66.7 74.4 83.9 93.3 83.1 67.4 74.6
16.5 23.7 5.9 2 1.6 1.9 2.3 2.6 2.6 2.1 2.6 2.2 1.5 1.1 1 0.9 0.9 0.9 0.9 1.1
144.4 97.4 79.4 74.2 62.7 27.1 15.3 16 16.6 22.4 16.6 15.8 15.7 15.7 15.9 17.2 17.3 16.9 17.7 18.8
178.4 162.8 134.9 124.9 129.6 142.1 19.9 17.1 22.8 75.8 34.8 44.7 43.6 49.9 57.5 65.8 75.1 65.3 48.8 54.7
Coefficients are (row-wise by formant):
436.4 14 7.2 -5.5 -6.6 4.1
1476.1 -132.4 71.2 -49.7 11.5 -22.9
2922.2 6.9 -12.4 8.8 22.6 10.3
