S01_selected_tokens_0051 analysis information:
Number of steps:
20
Cutoff frequencies were: 
5000 5158 5316 5474 5632 5789 5947 6105 6263 6421 6579 6737 6895 7053 7211 7368 7526 7684 7842 8000
Number of coefficients for prediction: 
5
Number of formants: 
3
Winner is:
7211 7211 7211
Errors (total,f1,f2,f3): 
262.8 142.2 178.2 258.7 263.6 139.4 182.7 190.4 147.8 110 102 92.8 79.7 70 60.4 81.1 93 91.6 82.3 84.1
7.3 7.7 9.3 9.2 9.3 9.5 9.2 8.7 9 10.8 11.9 11.9 9.9 9 7.6 7.7 8.1 7.7 8.2 8.7
59.6 25.2 37.5 25.9 24.9 22.5 22.5 21.1 27.3 20.7 20.6 20.1 19.1 18.6 17.9 18.7 19.1 18.8 18.8 19.5
195.9 109.3 131.4 223.6 229.4 107.4 151 160.6 111.5 78.5 69.5 60.8 50.7 42.4 34.9 54.7 65.8 65.1 55.3 55.9
Coefficients are (row-wise by formant):
521.7 31 -16.2 3.3 -11.4 3.1
1231.7 302.1 57.9 16.9 16.3 4.3
2765.2 -337.1 -43.8 -58.4 -103 13.3
