S01_selected_tokens_0024 analysis information:
Number of steps:
20
Cutoff frequencies were: 
5000 5158 5316 5474 5632 5789 5947 6105 6263 6421 6579 6737 6895 7053 7211 7368 7526 7684 7842 8000
Number of coefficients for prediction: 
5
Number of formants: 
3
Winner is:
6579 6579 6579
Errors (total,f1,f2,f3): 
24.4 36.9 65.5 40.9 28.8 29.7 33.3 286.4 444.6 20.5 18.7 18.8 18.9 21.6 30.7 23.3 22.5 21 21.9 27
0.6 0.8 1.3 0.9 0.8 1.1 1.7 8 17.4 2 2.1 2.3 2.2 2.1 0.8 0.6 0.7 0.6 0.8 0.8
5.8 17 42.3 23.5 14.9 16.1 22.1 77.7 145.1 6.5 6.5 6.8 7.4 8.5 8.9 8.1 7.8 7.2 6.5 5.5
18 19.1 21.9 16.5 13.1 12.5 9.5 200.7 282.1 12 10.1 9.7 9.3 11 21 14.6 14 13.2 14.6 20.7
Coefficients are (row-wise by formant):
558.5 -46.2 -5.7 -1.2 3.9 -2.5
1720 138.7 -40 -4.5 21.1 -1.9
2940 -159 -4.3 -41.9 7.3 38.9
