S01_selected_tokens_0079 analysis information:
Number of steps:
20
Cutoff frequencies were: 
5000 5158 5316 5474 5632 5789 5947 6105 6263 6421 6579 6737 6895 7053 7211 7368 7526 7684 7842 8000
Number of coefficients for prediction: 
5
Number of formants: 
3
Winner is:
6105 6105 6105
Errors (total,f1,f2,f3): 
483.6 476.1 394.9 239 111.5 29.1 25.3 24.4 27.4 32.3 37.6 37.4 39.5 37 41.2 59.8 65.6 64.9 72.4 83.4
6.1 9 4.2 4.2 3.6 3.3 3.9 3.9 3.1 2.6 2.3 2.5 2.8 2.9 3.1 3.5 3.7 3.7 3.8 4.3
222.8 228.6 167.3 112.8 55.7 15.6 15.2 13.2 13.1 15.6 17.4 18 18.6 18.4 18.3 18.6 19 19.6 22.4 27.4
254.7 238.5 223.4 122 52.2 10.2 6.2 7.3 11.2 14.1 17.9 16.9 18.1 15.7 19.8 37.7 42.9 41.6 46.2 51.7
Coefficients are (row-wise by formant):
457.3 0.8 -2.2 0.8 -3.2 6.2
1752.7 105.1 149.5 -72.2 22.7 -47.8
2719.5 -23.6 11.2 18.6 -0.5 3
