S01_selected_tokens_0058 analysis information:
Number of steps:
20
Cutoff frequencies were: 
5000 5158 5316 5474 5632 5789 5947 6105 6263 6421 6579 6737 6895 7053 7211 7368 7526 7684 7842 8000
Number of coefficients for prediction: 
5
Number of formants: 
3
Winner is:
6737 6737 6737
Errors (total,f1,f2,f3): 
10322.2 10146.4 10149 487.2 222 81.8 73.1 84.2 80.1 77.6 78.8 72.7 74.3 79.1 80.5 83.8 89.6 88.4 96.3 113.2
12.1 9.1 12.2 25 16.8 15.5 12.9 7.9 5.1 5.7 6 7.3 10.5 12.8 12.7 14.4 18.4 17.6 22.8 32.7
36.1 25 24.7 33.1 34 34.6 34.8 34.6 26.9 25 25.8 27.5 31 34.3 36.2 37.4 38.7 36.5 40.6 45.2
10274 10112.3 10112.1 429.1 171.2 31.7 25.4 41.7 48.1 46.9 47 37.9 32.8 32 31.6 32 32.5 34.3 32.9 35.3
Coefficients are (row-wise by formant):
525.5 81.3 50.6 23.4 14.5 15
862.1 -139.2 128.9 -129.9 89.7 -57.6
3318.5 159.2 -23.5 84.5 -66.4 42.4
