S01_selected_tokens_0014 analysis information:
Number of steps:
20
Cutoff frequencies were: 
5000 5158 5316 5474 5632 5789 5947 6105 6263 6421 6579 6737 6895 7053 7211 7368 7526 7684 7842 8000
Number of coefficients for prediction: 
5
Number of formants: 
3
Winner is:
6737 6737 6737
Errors (total,f1,f2,f3): 
37.7 42.9 82.7 24.4 31.8 62.5 93.7 185.4 51.8 51.8 51.2 52.9 56.2 57.8 59 63.2 66.2 56.5 57 52.1
1.6 1.5 1.5 1.6 1.6 1.3 1.7 1.7 1.5 2.6 2.8 2.7 2.3 1.7 1.3 1.4 1.6 1.8 2 2.3
26.3 29.6 70.4 12.8 19.2 44.2 47 67.5 11.9 11.4 10.3 10.9 12.7 12.1 9.5 9.2 9.8 12.6 14.3 17.2
9.8 11.8 10.8 10 11 17 45 116.2 38.4 37.8 38.1 39.3 41.2 44 48.2 52.6 54.8 42.1 40.7 32.6
Coefficients are (row-wise by formant):
441.2 -40 12.9 5.5 1.6 -0.3
2110.2 -48.9 -14.5 -3.2 21.4 10.1
2937.1 -89.7 -59 0.8 42.2 7
