S01_selected_tokens_0012 analysis information:
Number of steps:
20
Cutoff frequencies were: 
5000 5158 5316 5474 5632 5789 5947 6105 6263 6421 6579 6737 6895 7053 7211 7368 7526 7684 7842 8000
Number of coefficients for prediction: 
5
Number of formants: 
3
Winner is:
7842 7842 7842
Errors (total,f1,f2,f3): 
255.1 291 313.5 245 260.7 219.1 191.7 332 160.4 126.7 78.5 67.2 82 92.7 97.9 104 91.3 79.2 61.5 130.9
5.1 8.1 8 4.1 4.4 3.3 2.4 3.5 2.6 2.6 2.6 2.1 1.9 2.1 2 2.1 1.9 2.1 1.6 1.7
189 200.4 221.6 136.9 158.6 125.9 113.3 166.9 53.6 54.3 32.1 27.2 27.9 32.4 35 44 37.3 30.3 17.1 48.4
61 82.5 83.9 104 97.7 89.9 76 161.6 104.2 69.8 43.8 37.9 52.2 58.2 60.9 57.9 52.1 46.8 42.8 80.8
Coefficients are (row-wise by formant):
483 -18.4 -50.2 -13.7 -12.8 -3.2
2155.1 39.3 -39.7 127.9 71.4 -7
2622.3 233.4 102.2 -91.1 -43.9 60
