S01_selected_tokens_0064 analysis information:
Number of steps:
20
Cutoff frequencies were: 
5000 5158 5316 5474 5632 5789 5947 6105 6263 6421 6579 6737 6895 7053 7211 7368 7526 7684 7842 8000
Number of coefficients for prediction: 
5
Number of formants: 
3
Winner is:
5632 5632 5632
Errors (total,f1,f2,f3): 
64.7 38.2 30.8 30.6 28.1 29.6 31.4 34 36.9 37.6 39 42.5 45.6 48.2 50.5 52.8 55.4 48.3 46 50.8
1.8 1.9 1.9 2.3 2.6 2.9 3.1 2.5 1.8 1.9 1.7 2 2.1 2 2.4 2.5 2.2 2.6 2.3 2.6
19 19.3 18.8 18.8 19 19.4 19.9 20.3 20.8 20.5 20.5 20.7 21.4 23.2 25.2 23 26.3 24.8 23.1 27.1
43.9 17 10.1 9.5 6.5 7.3 8.4 11.2 14.3 15.2 16.8 19.8 22.1 23 22.9 27.3 26.9 20.9 20.6 21.1
Coefficients are (row-wise by formant):
441.6 6.7 -3.4 3.7 -5.4 3.4
2020.6 -28.1 26.6 -97.6 15.8 -46.9
2810.2 -43.3 -39.4 7.7 1.8 -7.7
