S01_selected_tokens_0009 analysis information:
Number of steps:
20
Cutoff frequencies were: 
5000 5158 5316 5474 5632 5789 5947 6105 6263 6421 6579 6737 6895 7053 7211 7368 7526 7684 7842 8000
Number of coefficients for prediction: 
5
Number of formants: 
3
Winner is:
7526 7526 7526
Errors (total,f1,f2,f3): 
61.6 104.2 92.6 65.1 55.2 66.7 130 264.9 180.2 125.7 61.1 124.8 104.2 94.8 67.8 51.4 44.7 50.6 47.9 48.2
16.1 15 12.7 12.1 11.7 12.4 12.7 14.8 18.9 20.8 21.7 18.8 17 16.6 16.5 16.1 16.7 15 15.5 16.7
31.4 74.5 67.1 38.8 33.4 43.5 39.3 55.9 52.6 12.5 14.2 19.9 12.1 11.8 11.6 11.5 12.1 14.2 14.6 14.9
14.1 14.7 12.8 14.2 10.1 10.8 78 194.2 108.7 92.4 25.2 86.1 75.1 66.4 39.7 23.8 15.9 21.4 17.8 16.6
Coefficients are (row-wise by formant):
722.8 29.7 -82.7 21.1 -43.3 14.1
1949.5 -121.6 3.6 7.1 -8.4 -1.8
2891.5 -312.3 -60.6 6.8 -24.6 -3.9
