S01_selected_tokens_0102 analysis information:
Number of steps:
20
Cutoff frequencies were: 
5000 5158 5316 5474 5632 5789 5947 6105 6263 6421 6579 6737 6895 7053 7211 7368 7526 7684 7842 8000
Number of coefficients for prediction: 
5
Number of formants: 
3
Winner is:
7211 7211 7211
Errors (total,f1,f2,f3): 
146.3 135.8 133.6 158.8 113.1 91.6 87 146.8 10614.4 638.4 710.3 639.3 397.6 112.7 64.2 68.8 79.6 86.6 89 91.3
46.1 35.5 28.7 43.4 27.1 20.1 25.4 57.3 99.4 113.8 123.8 102.6 77.3 22.9 23.6 25.2 25.9 28.2 31.1 30.6
75.6 74.9 76.4 90.2 58.7 46.6 52.3 69 169.4 163.2 185.3 181 102.9 24.9 7.4 7.6 8 8.7 9.4 10.1
24.6 25.4 28.5 25.2 27.3 24.9 9.3 20.5 10345.6 361.4 401.2 355.7 217.4 64.9 33.2 36 45.7 49.7 48.5 50.6
Coefficients are (row-wise by formant):
1050.7 21.5 -132.3 4.7 -72.7 -18.3
1732.3 -22.7 -45.2 -17.5 -4.4 -3
2922.4 -33.1 -1.1 -24.2 -32.6 -16.5
