S01_selected_tokens_0042 analysis information:
Number of steps:
20
Cutoff frequencies were: 
5000 5158 5316 5474 5632 5789 5947 6105 6263 6421 6579 6737 6895 7053 7211 7368 7526 7684 7842 8000
Number of coefficients for prediction: 
5
Number of formants: 
3
Winner is:
7684 7684 7684
Errors (total,f1,f2,f3): 
98.5 304.2 10124.8 10288.6 10574.7 178.9 82.7 80.5 173.4 161.9 133.3 126.5 81.8 82.8 74.4 72.8 74.1 71.8 74.1 80.1
16.5 16.2 10.5 10.2 22.5 5.7 7.1 9.6 11 10.5 8.6 7.2 6.7 6.4 6.2 6.7 6.8 6.2 6.3 7.3
37.8 40.1 28.3 42.1 77.9 21.3 17.6 18 20.5 23 20.9 20.2 20.7 21.1 21.1 22.5 22.2 22.2 23.4 26.5
44.2 247.9 10086 10236.3 10474.3 151.9 58 52.9 141.9 128.4 103.8 99.1 54.4 55.3 47.1 43.6 45.1 43.4 44.4 46.3
Coefficients are (row-wise by formant):
512.8 39.4 14.9 13.2 11.4 -2.1
1027.4 -46.1 99.1 -40.7 33.6 -33.2
3335.1 121.1 -162.7 169.4 -119.8 113.6
