S01_selected_tokens_0010 analysis information:
Number of steps:
20
Cutoff frequencies were: 
5000 5158 5316 5474 5632 5789 5947 6105 6263 6421 6579 6737 6895 7053 7211 7368 7526 7684 7842 8000
Number of coefficients for prediction: 
5
Number of formants: 
3
Winner is:
6737 6737 6737
Errors (total,f1,f2,f3): 
43.3 42 38.8 39.6 36.1 22.8 32.2 60.1 87.7 71.2 13.9 13.3 14.2 14.9 15 15.1 22.8 19.4 20.8 22.9
1.3 1.3 1.3 1.3 1.4 1.6 1.7 1.9 2.1 1.9 1.6 1.4 1.4 1.5 1.5 1.5 1.9 1.8 1.8 1.8
27.4 26.8 22.4 24.2 26.4 14.3 22.8 36.7 7.7 5.2 4.7 4.4 4.6 4.9 5.1 5.2 7.1 6.3 6.2 6.1
14.6 13.9 15.1 14.1 8.3 6.9 7.7 21.5 77.9 64.1 7.6 7.5 8.2 8.5 8.4 8.4 13.8 11.3 12.8 15
Coefficients are (row-wise by formant):
514.5 -10.1 -5.9 0.4 -2.9 0.1
2081.3 -33.6 -33.6 4.4 6.4 14.3
2849.3 -33.8 -11.4 -31.1 8.1 -2.1
