S01_selected_tokens_0028 analysis information:
Number of steps:
20
Cutoff frequencies were: 
5000 5158 5316 5474 5632 5789 5947 6105 6263 6421 6579 6737 6895 7053 7211 7368 7526 7684 7842 8000
Number of coefficients for prediction: 
5
Number of formants: 
3
Winner is:
8000 8000 8000
Errors (total,f1,f2,f3): 
102.5 67.8 65.9 66.9 70.8 55.3 50.9 52.5 58.3 61.1 226.3 54.1 21.9 23.3 22.9 24.1 25 30.3 23.9 21.8
0.9 1.1 0.8 0.5 0.5 0.5 0.8 1.1 1.5 1.7 1.7 1.8 2.1 2.2 2 1.7 1.7 1.2 1.1 1.2
64.5 34.2 30.6 33.1 20.8 23 21.6 18.9 16.8 14.1 44.4 7.8 9.1 9.8 9.7 10.3 10.4 12.4 11.7 11.2
37.1 32.5 34.5 33.3 49.5 31.8 28.5 32.5 40 45.3 180.2 44.5 10.7 11.3 11.2 12.1 12.9 16.7 11.1 9.4
Coefficients are (row-wise by formant):
589.8 -33.8 10.1 -4.5 2.9 -1.8
1849.2 153.1 -25.9 -10.9 7.8 -16.4
2998.1 -89.7 6.6 -17.1 5.6 -10.4
