S01_selected_tokens_0105 analysis information:
Number of steps:
20
Cutoff frequencies were: 
5000 5158 5316 5474 5632 5789 5947 6105 6263 6421 6579 6737 6895 7053 7211 7368 7526 7684 7842 8000
Number of coefficients for prediction: 
5
Number of formants: 
3
Winner is:
6737 6737 6737
Errors (total,f1,f2,f3): 
65.3 74.2 78.6 114.4 118.9 139.6 168.4 105.6 309.8 377.9 330.2 47.2 48.3 53.6 59.6 63.3 62 61.4 59.7 61.9
4.9 5.2 6 8.9 13.8 21.6 18.6 11.4 28.3 15.2 8.6 5.6 6.8 10.3 12.4 12.7 9.9 8.4 8.1 8.4
40 48.2 49.8 68.4 57.7 60.9 84.2 58.3 160.2 187 159.9 16.7 16.1 17.3 19.4 21.6 21.9 20.6 20 19.4
20.4 20.8 22.8 37.1 47.4 57.1 65.6 35.9 121.3 175.7 161.7 24.9 25.4 26 27.8 29 30.2 32.4 31.6 34.1
Coefficients are (row-wise by formant):
814.2 113.6 -7.3 9.7 -16.4 2.5
1967.2 -32 25.5 -14.1 8.1 -1.2
2817.7 -107 95.3 -38.2 29.8 -39.3
