S01_selected_tokens_0068 analysis information:
Number of steps:
20
Cutoff frequencies were: 
5000 5158 5316 5474 5632 5789 5947 6105 6263 6421 6579 6737 6895 7053 7211 7368 7526 7684 7842 8000
Number of coefficients for prediction: 
5
Number of formants: 
3
Winner is:
7368 7368 7368
Errors (total,f1,f2,f3): 
51.2 51.3 39.4 84 93.1 87.3 71.3 66.1 72.4 69.9 57.9 46.5 37.1 33.2 30.8 27.8 30.1 31.4 38.4 37.8
3.2 3.2 3.9 4.3 4.9 4.4 4.3 4.6 4.6 4.7 4.5 4.7 4.9 5.4 5.5 5.1 5.5 5.4 5.1 5.2
15.6 14.9 15.4 21.5 23.6 26 30.7 41.3 40.8 37.9 29.1 19.9 13 11.2 11.4 11.2 12.6 12.1 14.5 17.6
32.4 33.2 20.1 58.2 64.6 56.9 36.3 20.2 27 27.3 24.3 21.9 19.2 16.6 13.9 11.5 12 13.9 18.8 15
Coefficients are (row-wise by formant):
418.5 3.5 -28.3 -5.3 -12.7 -0.7
2123.3 -46.2 104.4 -86.1 19 -46.8
2650.4 -167.1 -14.8 -87.9 -15.4 -35.2
