S01_selected_tokens_0020 analysis information:
Number of steps:
20
Cutoff frequencies were: 
5000 5158 5316 5474 5632 5789 5947 6105 6263 6421 6579 6737 6895 7053 7211 7368 7526 7684 7842 8000
Number of coefficients for prediction: 
5
Number of formants: 
3
Winner is:
7842 7842 7842
Errors (total,f1,f2,f3): 
32.3 56 112.7 65.1 31.6 32.2 57.6 88.1 276.5 24.6 21 23.1 24.5 31.7 37.1 33 26.7 24.4 20.5 22.6
3.2 3.8 3.3 2.8 2.1 1.9 1.9 1.9 2 2.2 2.2 2.8 2.8 3 2.7 2.5 2.3 2.4 2.3 2.5
20.1 32 95.8 53.7 22.1 21.8 36.4 53 133.4 9.7 8.8 9.8 9.8 11.2 11.7 11.4 9.2 10 7.9 7.4
9 20.2 13.6 8.6 7.4 8.5 19.3 33.2 141.1 12.7 10 10.5 11.9 17.5 22.7 19.1 15.2 12 10.3 12.7
Coefficients are (row-wise by formant):
509.1 -8.4 -12.8 -2.7 -7.1 -1.4
2209.2 -78.7 -129.7 26.3 -35.2 -3.8
2942.3 4.9 -114.3 -45.7 -15.6 -9.7
