S01_selected_tokens_0045 analysis information:
Number of steps:
20
Cutoff frequencies were: 
5000 5158 5316 5474 5632 5789 5947 6105 6263 6421 6579 6737 6895 7053 7211 7368 7526 7684 7842 8000
Number of coefficients for prediction: 
5
Number of formants: 
3
Winner is:
5947 5947 5947
Errors (total,f1,f2,f3): 
145.3 128 349.3 323.1 433.1 42.8 39.4 39.6 41.7 46.8 55.8 51.8 42.6 40.5 41.6 42.3 46.9 50.4 44.1 45.5
5 6.3 17.8 17.6 18 5 4.8 5.4 6.3 7 7.2 6.6 7.2 7.1 7.1 6.5 6.5 6.8 7.1 7.2
54.7 68.1 159.3 138.1 185.5 13.1 13 13.5 14.4 14.9 14.2 13.3 12.6 12.6 12.8 12.4 12.8 13.7 12.6 12.5
85.6 53.6 172.2 167.4 229.6 24.7 21.6 20.7 21 24.9 34.4 31.9 22.8 20.8 21.7 23.4 27.6 29.9 24.4 25.8
Coefficients are (row-wise by formant):
525.5 52.1 -4.6 9.3 -16.4 -0.2
1642.8 77.6 60.4 -48.2 -10.2 11.4
2824.8 -118.2 13.2 23.4 4.8 -35.2
