S01_selected_tokens_0037 analysis information:
Number of steps:
20
Cutoff frequencies were: 
5000 5158 5316 5474 5632 5789 5947 6105 6263 6421 6579 6737 6895 7053 7211 7368 7526 7684 7842 8000
Number of coefficients for prediction: 
5
Number of formants: 
3
Winner is:
6895 6895 6895
Errors (total,f1,f2,f3): 
134.2 153.1 145.9 132.6 118.5 119.5 232.1 290.3 97.2 78.4 74 72.5 72.4 74.3 75.8 75.6 85.4 101.1 114.5 121.8
4.4 3.1 2.7 2.9 3.2 3.6 10 6.9 7.3 6 3.9 3.8 3.9 4.3 4.4 4 4.3 4 4.6 7.7
37.4 61.6 52.3 36.2 35.2 55.6 84.6 98.1 51.4 51 48.4 47.5 47.4 47.7 47.5 47.4 52.7 64 75 77.3
92.4 88.4 90.9 93.5 80.1 60.3 137.5 185.3 38.5 21.4 21.7 21.2 21.1 22.3 23.9 24.2 28.4 33.1 34.9 36.8
Coefficients are (row-wise by formant):
446.1 -94.4 34.1 8.2 -26.6 10.8
2035.1 346.6 -202.5 114.2 112.4 29.6
2909.3 -33.4 62.9 -115.8 -19.2 37.4
