S01_selected_tokens_0100 analysis information:
Number of steps:
20
Cutoff frequencies were: 
5000 5158 5316 5474 5632 5789 5947 6105 6263 6421 6579 6737 6895 7053 7211 7368 7526 7684 7842 8000
Number of coefficients for prediction: 
5
Number of formants: 
3
Winner is:
8000 8000 8000
Errors (total,f1,f2,f3): 
89.1 96.2 90.8 92.6 89.7 114.4 116.9 114.9 88.4 183.1 99 92.3 89.4 82.6 77.3 79.8 81.4 70.9 61 57
8.9 8.6 8.2 8.5 7.8 7.9 6.8 6.8 9.2 18.1 17 16.4 13.7 11 9.4 8.8 8.5 8.3 8.5 8.7
41.9 49 49.4 54.4 44.1 69.5 44.2 49.6 42.3 92.8 26.2 27.8 39 38.8 35.2 33.5 34 35.4 31 25.9
38.3 38.6 33.2 29.7 37.8 37 65.9 58.5 36.9 72.2 55.8 48.1 36.7 32.8 32.7 37.5 38.9 27.2 21.5 22.4
Coefficients are (row-wise by formant):
636.7 -87.2 -101.3 -33 -25.5 7.4
2024.9 257.1 166.7 80.6 6.7 -24.9
2761.8 34.1 68.2 74.2 54.2 34.9
