S01_selected_tokens_0061 analysis information:
Number of steps:
20
Cutoff frequencies were: 
5000 5158 5316 5474 5632 5789 5947 6105 6263 6421 6579 6737 6895 7053 7211 7368 7526 7684 7842 8000
Number of coefficients for prediction: 
5
Number of formants: 
3
Winner is:
6105 6105 6105
Errors (total,f1,f2,f3): 
571.3 10508.7 10468.3 690.4 133.1 52.9 48.6 47.9 53.8 70.2 67.2 66.4 66 71.7 81.5 92.8 97.7 78.5 65.2 67.4
21.2 19.3 23.2 32.6 5.7 4.7 4.3 5 4.4 5.4 4.5 4.2 4 4.1 4.1 3.8 4.2 4.4 4.4 4.8
203.1 176.8 168.4 192.5 39.7 22.7 22.5 21.8 23.8 26.2 27.5 27 25.7 24.6 23.9 23.5 22.8 21.8 22.2 21.7
347 10312.6 10276.7 465.3 87.7 25.5 21.8 21.1 25.6 38.6 35.2 35.2 36.3 43 53.5 65.5 70.7 52.3 38.6 40.9
Coefficients are (row-wise by formant):
449.9 -7.9 -5.3 -1.2 -2.3 -2.8
1262.2 -82.6 65.4 -40.3 64.9 -40.2
2926.9 9.2 -97.1 -3.8 -11 -16.3
