S01_selected_tokens_0008 analysis information:
Number of steps:
20
Cutoff frequencies were: 
5000 5158 5316 5474 5632 5789 5947 6105 6263 6421 6579 6737 6895 7053 7211 7368 7526 7684 7842 8000
Number of coefficients for prediction: 
5
Number of formants: 
3
Winner is:
8000 8000 8000
Errors (total,f1,f2,f3): 
195.3 129.4 126.8 261.2 223.8 368.5 34.9 36.1 36.2 83.9 49.4 50.9 44.6 45 45.9 44.3 42 39.8 31.5 29.2
8.5 3 3.4 5.7 6.3 5.7 6.5 8.1 4.8 3.9 3.9 4.8 5.1 5.8 6.1 6.5 6.6 6.5 6.2 6.1
71.5 28.9 54.3 62 78.6 117.6 9.3 8.8 8.9 11.9 10.4 12 13.8 14.1 14.3 13.6 13.3 11.4 9.8 7.5
115.3 97.5 69.1 193.5 138.9 245.2 19.1 19.2 22.5 68.1 35.1 34.1 25.7 25.1 25.5 24.2 22.1 21.9 15.5 15.6
Coefficients are (row-wise by formant):
579.2 9.2 -42.8 2.5 -16.8 5
1625.8 2.8 -109.4 3.3 -31.9 16.2
2872.8 38.1 48.5 25.8 4.8 8.3
