S01_selected_tokens_0074 analysis information:
Number of steps:
20
Cutoff frequencies were: 
5000 5158 5316 5474 5632 5789 5947 6105 6263 6421 6579 6737 6895 7053 7211 7368 7526 7684 7842 8000
Number of coefficients for prediction: 
5
Number of formants: 
3
Winner is:
6895 6895 6895
Errors (total,f1,f2,f3): 
206.2 160.2 246.2 360.3 137.2 110.2 126.9 132.6 126.1 126.1 103.8 81.9 81.8 86.7 91.9 92.9 99.5 105.7 113.8 121.7
7.5 5.9 6 7.4 8.7 8.6 10.2 10.1 8.7 8.4 9.1 9 7.9 7.9 9 8 8.2 9.3 9.4 9.5
132.5 110.5 155.7 194.6 35.6 26.9 29.3 30 32.1 33.2 29 26.8 31.3 29.1 26.9 24.7 24.4 25.8 25.2 22
66.2 43.8 84.5 158.3 92.9 74.7 87.4 92.5 85.3 84.5 65.7 46.1 42.6 49.7 56 60.2 66.9 70.6 79.2 90.2
Coefficients are (row-wise by formant):
423.6 -24.5 -17.4 1.8 -9.3 4.9
2116 568.6 6.1 -113.7 -5.7 4.1
2797.4 34.3 21.4 62 -42.9 4.3
