S01_selected_tokens_0078 analysis information:
Number of steps:
20
Cutoff frequencies were: 
5000 5158 5316 5474 5632 5789 5947 6105 6263 6421 6579 6737 6895 7053 7211 7368 7526 7684 7842 8000
Number of coefficients for prediction: 
5
Number of formants: 
3
Winner is:
5632 5632 5632
Errors (total,f1,f2,f3): 
316.2 25.7 24.4 24.7 24.3 24.7 25.3 26.9 31.9 34 33 34.1 31.3 28.3 33.2 44.4 59.7 81.4 75.8 92.4
23.7 2.2 2.1 2 1.9 1.9 2.1 2.9 3 3.4 3.1 3.6 3.5 3.1 3.4 3.3 2.9 3.3 2.9 3.3
205.3 14 13.4 13.8 13.7 13.8 14.4 14.2 16.8 16 14.6 14.5 14 14.1 15.5 17.7 19.3 21 19.6 20.9
87.2 9.5 8.9 8.9 8.7 9 8.8 9.8 12.1 14.6 15.3 16 13.8 11.1 14.3 23.4 37.5 57.1 53.3 68.2
Coefficients are (row-wise by formant):
456.2 -2.4 -1.4 2.2 -3.9 0.8
1951.4 114.1 -8 16.7 -25.9 4
2765.7 -22.2 -9.6 7.2 9.6 -20.8
