S01_selected_tokens_0030 analysis information:
Number of steps:
20
Cutoff frequencies were: 
5000 5158 5316 5474 5632 5789 5947 6105 6263 6421 6579 6737 6895 7053 7211 7368 7526 7684 7842 8000
Number of coefficients for prediction: 
5
Number of formants: 
3
Winner is:
7053 7053 7053
Errors (total,f1,f2,f3): 
104.3 131.5 200.6 97.5 94.8 123.2 392.1 328.5 52.5 53.3 50.3 160.8 31.7 30.3 31 34.9 158.5 265.4 333.3 365.4
8.8 8.6 5.9 3.5 2.9 3.9 58.4 27.3 25.8 25.8 21.3 57.1 4.7 4 4.3 6.6 55.3 97 126.7 145
52.7 60.6 112.6 59 58.1 82 142.2 68.5 15.8 16.2 16.6 30.4 15 14.8 15 15.9 30.8 43.5 49.6 53.9
42.8 62.3 82.1 35 33.8 37.3 191.5 232.7 10.9 11.3 12.4 73.3 12 11.5 11.7 12.4 72.4 124.9 157 166.5
Coefficients are (row-wise by formant):
522.6 -82.1 -54.1 -29.7 -9.8 1
1767.4 131.7 48.2 10.1 5.1 3.1
2973.2 -137 -37.7 -37.3 -37.4 0.1
