S01_selected_tokens_0080 analysis information:
Number of steps:
20
Cutoff frequencies were: 
5000 5158 5316 5474 5632 5789 5947 6105 6263 6421 6579 6737 6895 7053 7211 7368 7526 7684 7842 8000
Number of coefficients for prediction: 
5
Number of formants: 
3
Winner is:
7211 7211 7211
Errors (total,f1,f2,f3): 
371.8 411.1 302.2 197.5 141 226.2 150.1 170.9 135.5 68.5 65.9 64.2 63.6 64.3 59.7 60.4 62.3 62.2 78.7 83.9
7.1 9.8 7.2 5.1 4.4 4.7 4.3 4.6 5.4 5.6 5.9 5.7 5.4 5.1 4.6 4.9 4.8 4.8 4.8 4.9
190.2 220.6 178.8 132.1 95.8 96.4 79.8 61.4 71 29.2 27.2 28.1 30.6 35 34.9 35.8 36.7 35.4 43.4 37.8
174.5 180.7 116.2 60.3 40.8 125.1 66 104.9 59.1 33.7 32.8 30.4 27.6 24.2 20.2 19.7 20.8 22 30.5 41.2
Coefficients are (row-wise by formant):
427.2 -27.5 -4.6 3.7 -12.9 -2.9
2030.2 389.8 -10.6 -118.1 1.1 -64.5
2781.5 146.8 152.8 96.7 34 -4.2
