S01_selected_tokens_0019 analysis information:
Number of steps:
20
Cutoff frequencies were: 
5000 5158 5316 5474 5632 5789 5947 6105 6263 6421 6579 6737 6895 7053 7211 7368 7526 7684 7842 8000
Number of coefficients for prediction: 
5
Number of formants: 
3
Winner is:
7684 7684 7684
Errors (total,f1,f2,f3): 
109.7 139.1 173.5 213.3 198.4 102.4 107 107.6 392.9 464.6 90 88.8 88.9 88.1 90.4 93.2 86.5 76.1 78.2 80.8
6.5 6.7 8.1 11.8 9 7.4 6.5 6.9 30.5 28 20.6 20.4 20 16.6 11.9 7.6 6.5 6.1 5.9 5.9
72.5 98 124.2 153.9 148.5 67 64.1 60.3 207.7 213.5 28.5 28.4 27.9 27.9 29.9 34.8 35.8 34 32.1 31.5
30.7 34.4 41.2 47.6 40.9 28 36.4 40.4 154.7 223.1 40.9 40 41 43.6 48.6 50.8 44.2 36 40.2 43.4
Coefficients are (row-wise by formant):
613.9 -29.6 -91.9 0.6 -26.4 1.8
1952.5 -64.3 -46.6 -57.6 -0.4 66.4
2774.6 -67.4 -133.9 22.5 -68.5 18.1
