S01_selected_tokens_0075 analysis information:
Number of steps:
20
Cutoff frequencies were: 
5000 5158 5316 5474 5632 5789 5947 6105 6263 6421 6579 6737 6895 7053 7211 7368 7526 7684 7842 8000
Number of coefficients for prediction: 
5
Number of formants: 
3
Winner is:
6737 6737 6737
Errors (total,f1,f2,f3): 
131 309.1 314.5 505.5 292.8 158.9 36.6 38.4 38.6 40.7 39.6 36.3 38.1 39.9 40.2 42 44.2 42 55.8 71.3
3.6 3.4 3.2 17.4 4.9 3 3.1 3.2 3.5 3.6 3.3 3.6 3.7 3.8 3.8 3.8 3.6 3.6 3.4 4
22.7 73.6 55.7 131.4 68.5 20.2 13.8 13.7 12.5 12.3 10.9 10.2 10.5 10.8 11.3 12 12.5 13.2 17.2 30.8
104.7 232.1 255.6 356.7 219.4 135.7 19.7 21.5 22.6 24.8 25.4 22.5 23.9 25.3 25.1 26.2 28.1 25.2 35.2 36.5
Coefficients are (row-wise by formant):
466.6 -24.1 5 1 -1.6 3
1321 -120.2 77.9 -52.1 29.6 -12.2
2844.7 -51 -73.1 23.1 1.7 35
