S01_selected_tokens_0057 analysis information:
Number of steps:
20
Cutoff frequencies were: 
5000 5158 5316 5474 5632 5789 5947 6105 6263 6421 6579 6737 6895 7053 7211 7368 7526 7684 7842 8000
Number of coefficients for prediction: 
5
Number of formants: 
3
Winner is:
6579 6579 6579
Errors (total,f1,f2,f3): 
128.9 155.3 179.4 239.1 353.3 346.3 266 245.4 142.8 42.5 39.8 40 41.2 40.8 41.3 43.4 46.1 49.8 48 53.4
17.7 17.2 17.9 19.4 22.8 21 20.7 20.9 21.4 21.1 19.4 19.1 18.4 18.1 18.1 19.2 19.5 19.7 19.5 19.8
44.2 42.7 48.9 65.4 78.7 63.1 41.1 26.3 33.7 10.8 10.2 9.3 9.4 8.9 9.2 9.8 10.3 11.3 11.6 13.1
67 95.4 112.6 154.3 251.8 262.2 204.2 198.2 87.7 10.6 10.2 11.6 13.4 13.8 14 14.4 16.3 18.8 16.9 20.5
Coefficients are (row-wise by formant):
507.5 71 6.7 -5.8 -18.6 -9.9
1671.2 2.9 143.6 -53 44 -28.6
2814.4 3 -25.8 33.7 13.1 14.2
