S01_selected_tokens_0092 analysis information:
Number of steps:
20
Cutoff frequencies were: 
5000 5158 5316 5474 5632 5789 5947 6105 6263 6421 6579 6737 6895 7053 7211 7368 7526 7684 7842 8000
Number of coefficients for prediction: 
5
Number of formants: 
3
Winner is:
7842 7842 7842
Errors (total,f1,f2,f3): 
236.1 249.2 241 184.3 152.4 168.5 143.7 114.8 97.9 135 134 116.5 113.1 91.9 90.6 88.7 87.8 81.2 68.5 81
13.3 14.5 12.2 12 10.9 11.1 10.4 10.5 10.8 12.1 13.2 15.2 17.2 17.5 16.3 14.8 12.6 10.8 10.9 12
161.2 173.5 155.4 99.5 71.2 74.1 63.3 49.6 22 58.9 49.1 33.1 26.2 26.5 29.8 29.6 30.2 21.6 23.1 31.9
61.6 61.2 73.4 72.8 70.3 83.3 70 54.7 65.1 64 71.7 68.2 69.7 47.9 44.5 44.3 45 48.8 34.5 37.1
Coefficients are (row-wise by formant):
639.8 -153.3 -117.1 6.1 -6.7 23.1
2137.7 366.7 134.1 -45.8 5.6 -28.4
3009.9 -117.6 7.9 -36.6 -2.7 -8
