S01_selected_tokens_0040 analysis information:
Number of steps:
20
Cutoff frequencies were: 
5000 5158 5316 5474 5632 5789 5947 6105 6263 6421 6579 6737 6895 7053 7211 7368 7526 7684 7842 8000
Number of coefficients for prediction: 
5
Number of formants: 
3
Winner is:
7368 7368 7368
Errors (total,f1,f2,f3): 
57.2 72.4 63.7 50.4 44.5 43.5 51 59.7 67.2 358.7 204.2 105 26 25.7 26.7 24.9 25.7 25.4 26.6 27.2
1.6 1.3 0.8 0.6 0.7 0.7 0.8 1.2 1.8 6.9 1.9 1.9 1.3 1.3 1.4 1.4 1.5 1.6 1.2 1.2
17.7 19.7 19.4 18.4 17.3 18.4 22.1 22.9 21.3 101.8 25 22.3 20.6 20.2 21 19.6 20.3 20.3 19.5 20.6
37.9 51.4 43.5 31.4 26.5 24.4 28.1 35.6 44.1 250 177.3 80.8 4.1 4.2 4.3 3.9 3.9 3.5 5.9 5.4
Coefficients are (row-wise by formant):
591 -40.1 -16.3 -2.8 -2.1 1
1683.9 9 -97.4 -21.9 -40.1 5.9
3087 -99.7 -16.1 -13.1 -2.9 -1.9
