S01_selected_tokens_0073 analysis information:
Number of steps:
20
Cutoff frequencies were: 
5000 5158 5316 5474 5632 5789 5947 6105 6263 6421 6579 6737 6895 7053 7211 7368 7526 7684 7842 8000
Number of coefficients for prediction: 
5
Number of formants: 
3
Winner is:
7368 7368 7368
Errors (total,f1,f2,f3): 
86.2 55 45.8 43.5 40.7 53.8 233.3 192.5 54.1 49.7 46 43.9 41.7 40.7 39.2 37.5 39.7 41.6 46.3 61.8
5.1 4.9 4.7 5 5.1 5.4 5.5 5.3 5.3 5.2 4.6 4.5 4.5 4.6 4.7 5 5.1 5.2 5.6 8.5
35.5 21.2 14.3 14.5 14.4 15.6 24.5 22.4 16.6 16.6 16.2 15 14 13.8 13.1 11.9 13 12.8 15.3 21.7
45.6 28.9 26.8 24 21.2 32.8 203.3 164.8 32.2 27.9 25.2 24.4 23.2 22.3 21.4 20.6 21.6 23.6 25.4 31.6
Coefficients are (row-wise by formant):
434.5 -13.5 -9.5 -5.4 -0.5 -2.7
1755.9 209.5 77.3 -38.5 49.3 -15.1
2800.9 12.7 19.1 32.6 48.3 38.3
