S01_selected_tokens_0027 analysis information:
Number of steps:
20
Cutoff frequencies were: 
5000 5158 5316 5474 5632 5789 5947 6105 6263 6421 6579 6737 6895 7053 7211 7368 7526 7684 7842 8000
Number of coefficients for prediction: 
5
Number of formants: 
3
Winner is:
7211 7211 7211
Errors (total,f1,f2,f3): 
338 266.3 312.8 359.6 267.7 228.8 223.9 293.9 299.3 312.9 305.6 427.3 316.9 148.9 131.2 133.8 137.9 139.8 233.5 253.7
23.8 4.9 28.2 11.1 9.3 10.2 9.3 16.3 7.4 6.5 6.2 9.5 23.4 11.9 12.7 13.2 13.1 11.8 9.5 7.8
237.4 180.6 191 227 162.7 148.9 143.3 207 207.1 196.3 156.2 190.5 130.2 51.8 42.5 43 43 41.1 51 44.9
76.8 80.8 93.6 121.5 95.7 69.7 71.3 70.6 84.8 110.1 143.2 227.3 163.3 85.2 76 77.6 81.8 86.9 173 201
Coefficients are (row-wise by formant):
600.1 -144.9 2.7 5.3 -0.4 7.9
2409.2 575.2 -282.8 -37.7 7.6 38.7
3281 325.9 140 -159.8 -75.4 -42.4
