S01_selected_tokens_0110 analysis information:
Number of steps:
20
Cutoff frequencies were: 
5000 5158 5316 5474 5632 5789 5947 6105 6263 6421 6579 6737 6895 7053 7211 7368 7526 7684 7842 8000
Number of coefficients for prediction: 
5
Number of formants: 
3
Winner is:
7526 7526 7526
Errors (total,f1,f2,f3): 
137.6 153 177.6 173.7 191.9 177.2 178.7 158.2 156.4 189.1 185.9 188.1 280.2 248.6 123.1 66.1 55.3 60.2 65.7 72.6
15 14 16.5 6.4 12.2 6.5 7.7 9.6 11 11.3 10.8 12.1 11.4 10.9 13.1 10.5 10.6 12.6 13.8 15
64.5 74.4 83.7 72.3 52.4 37.2 31.1 23.6 23 40.7 51.8 58.1 66.8 33.3 18.1 9.5 9.9 10 9.4 9.1
58.1 64.6 77.4 95 127.3 133.5 139.9 125 122.4 137.1 123.3 117.9 202 204.4 91.9 46.1 34.8 37.6 42.5 48.5
Coefficients are (row-wise by formant):
797.9 12.7 -40.3 8.4 -37.8 -10.9
1605.5 -71 158.6 -9.8 40.4 -1.8
2975.1 -84 -7.3 -82.8 -106.5 -14.1
