S01_selected_tokens_0005 analysis information:
Number of steps:
20
Cutoff frequencies were: 
5000 5158 5316 5474 5632 5789 5947 6105 6263 6421 6579 6737 6895 7053 7211 7368 7526 7684 7842 8000
Number of coefficients for prediction: 
5
Number of formants: 
3
Winner is:
6579 6579 6579
Errors (total,f1,f2,f3): 
96.7 102.8 109.3 133.1 64.1 58 82.5 120.8 37.6 28.1 28 38.7 71.1 49.7 42.3 44.9 56.9 45.2 56.6 64.3
6.9 7.6 8.5 8.2 8.8 7.3 6.8 5.7 5.7 5.7 5.5 6.6 6.8 6.7 7.3 6.1 5.8 6.5 6.1 7.1
36.7 38.9 35 32.5 25.1 26 27.7 20.3 16.9 10.2 9 7.6 18 16.1 14.5 14.7 14.9 15.4 16.8 15.9
53.1 56.3 65.8 92.4 30.2 24.7 48 94.8 15 12.2 13.5 24.5 46.3 26.9 20.5 24.1 36.2 23.3 33.7 41.3
Coefficients are (row-wise by formant):
672.4 -34.9 -27.5 4.3 -18.1 -1.9
1756.7 93.7 -59.5 51.1 -37.8 11.4
2639.1 -238.1 -112.5 -35.3 -14.9 -26.6
