Regression analysis information for: S16_selected_tokens_0120
number of formants: 3
number of coefficients: 5
50.7 85.6 75.5
908.5 -2.5 -99.8 -14.2 -59 -19.3
1718.5 -108.3 -44.6 -48.9 -99.4 -97.7
2101.6 -272.2 292.6 -6.6 -25.4 -68.3
48.1 69.1 86.9
914.2 1.3 -91 -9.9 -51.8 -15.5
1749.2 -66 -36.5 -47.2 -67.3 -56.3
2370.4 -214.5 208.8 -48.1 -149.3 -99.5
43.3 126.8 175.8
906.3 1.3 -49.3 63.2 25.5 41
1695.6 -98.4 89.9 183.1 139.5 35.7
2506 -199.1 207.3 152.7 -17.7 20.1
78.7 105.4 10110.4
827.1 -57.5 -107.4 -68.4 9.1 62.8
1241.1 -377.4 296.6 -6 -15.1 170.4
2134.7 -396.2 386 21.5 -28.9 189.6
78.3 166.5 10167.4
830.7 -54.4 -115.7 -17 -11.3 -9.6
1141.2 -32.3 251.1 -126.3 110.1 -167.3
2010.4 -34.7 334.8 -109.4 120.6 -166.2
74.1 165.4 160.5
890.5 36.3 -122.5 -20.5 -22.6 -55.5
1699.1 44.2 -80.2 -36.9 3.9 -144.3
2663.3 17.7 -139.4 -39.3 24.3 -121.9
11.1 6.7 14.1
939.8 45 -64.9 27.9 -17 19.7
1796.4 17.9 55.1 39.1 7.7 18.1
2750.3 -29.8 -7.5 28.1 21 34.7
12.5 5.8 13
941.8 45.9 -66.3 29.4 -19.4 22.4
1797.4 16 50.3 36.1 4.7 15.6
2748.9 -34 -12.9 21.8 18.6 28.4
13.3 6.7 11.3
941.4 45.8 -63.7 28.9 -18.9 24.7
1800.1 17.3 49.5 35.7 3.3 15.7
2755.8 -33.7 -15.2 16.5 15 23.4
13.9 8.4 11.5
929.7 46.4 -58.1 32.1 -18.1 24.8
1798.9 22.7 54.9 40.1 2.6 16.8
2767.3 -26 -13.6 15.2 14.2 24
14.8 11.4 12
909.3 45 -52.3 36.9 -16.5 25.6
1785.1 24.5 65.8 48.8 4.8 20.3
2773 -17.7 -8.8 20.8 16.1 26.6
13 14.1 16.3
890.2 39.4 -45.5 37 -12.8 23.1
1754.8 12.7 80.1 55.6 20.9 29.5
2758.4 -27.7 -3.1 33 29.5 37.8
11.4 13.8 21.1
878.6 31.7 -43.7 32 -14.4 15.9
1729.7 4.3 85 53.8 27.8 27.7
2727.2 -47.8 4.8 40.4 36.7 38.2
13.3 8 19.9
875.7 28 -49.3 24.5 -18.9 10.8
1723.2 -4.1 71.6 35.7 17.5 15.8
2718.1 -58.7 -11.5 15.7 21.1 22.4
14.4 11.5 19.5
878.2 30.7 -54.1 19.3 -21.9 7.1
1729.7 3.9 62.7 23.5 7 1.3
2726.7 -47.6 -26.3 -5.3 6 4.8
15.3 15.8 16.3
888.2 37.7 -58.3 15.3 -24.9 4.4
1755.9 29.1 64.1 20 -3.1 -10.5
2760.3 -16.4 -30.4 -14.7 -7 -6.2
15.6 17.9 14.1
901.7 43.5 -64.1 12.1 -25.1 2.6
1787.4 50 64 18.9 -6.7 -18
2798.2 8.1 -32.9 -19.7 -10.5 -10.7
16.3 19.5 13.9
913.8 46.9 -74.6 10.5 -25.2 1.9
1818.6 63 60 19.2 -8 -23
2833 25.9 -33.1 -19.4 -8.6 -9.8
16.3 20.3 16.3
928 47.3 -81.4 11.8 -23 4.3
1848.3 70.3 55.7 26 -6.2 -19.8
2864.4 38.9 -29.7 -12.8 -6.8 -2.6
15.7 19.5 20.2
940.1 43.6 -86.9 16.2 -20.2 10.2
1872.5 67.9 52.3 38.5 -1.3 -7.7
2888.3 42.9 -23.3 0.4 1.3 14.4
winner is: 8
