Regression analysis information for: S16_selected_tokens_0092
number of formants: 3
number of coefficients: 5
12.2 54.4 65.9
606.8 -152.3 -58.5 40.1 8.6 14.9
2200.4 242.7 28.6 45.9 -36.3 -87.6
2575.2 145.6 -53.3 116.7 -64 -13.7
12 28.9 41.4
608.1 -153.6 -58.4 39.9 8 15.1
2257.6 289.1 -12.2 -4.9 -25 -45.1
2674.5 50.2 -38 213.2 -127.2 -7.4
14.7 15.5 31.5
605.7 -157 -59.9 39.4 11.4 14.3
2327.8 354.1 -33.2 -50.1 -10.7 -2.9
2970 247.3 -107.7 34 -78.4 40.8
16.6 16.6 43.7
599.7 -152.1 -64.6 42.4 11.3 12.7
2333.5 352.5 -29.3 -53.2 -11.2 -2.7
3014.8 177.7 -39.5 -20.9 -49.2 22.8
17.5 17.1 33.8
591.6 -137.8 -74.4 46.9 9.6 13.2
2336.3 348.4 -26.7 -54.2 -11.3 -2.9
3035.5 141.2 -5 -54.4 -20.4 -0.7
27.4 136.1 105.5
575.3 -105.5 -100.2 63.8 -1.6 20.5
2260.8 494.7 -169 84.1 -138.3 112.5
2986.2 228.9 -92.8 32 -96.8 70.2
20.5 111.8 94.4
581.3 -119.3 -87.1 47.1 10.8 15
2288.4 446.6 -119.4 49.8 -108.1 90.2
3003.8 204.2 -56.7 15 -81.3 57.7
25.2 122.2 104.4
572.6 -114.1 -91.8 47.5 11.9 18.3
2282.5 471.7 -139.1 67.3 -127.1 103.4
3004.3 229.2 -70.1 25.6 -102.5 63.5
20.3 15.8 19
567.3 -126.8 -73 24.2 43.1 -6
2350.1 360.6 -23.1 -50 -17.4 -6.5
3068.6 149.1 24.4 -75.2 -22.5 -30.1
20.8 15.3 18.5
556.3 -126.6 -62.7 11.7 59.4 -18.4
2359.4 369.6 -22.2 -49.8 -16.3 -6.7
3085.6 169.2 24.7 -77.9 -30.3 -31.8
23.3 80.6 70.5
531.5 -114.9 -34.1 -10.5 60.4 -8.6
2334.5 402.4 11.6 -114.9 -2.6 47.7
3076.4 193.1 41.2 -130.3 -26.6 5.4
21.4 19.7 61.7
521.6 -106.1 -35.7 -3.7 55.9 -11.6
2368.7 379.8 -30 -58.2 -7.4 -6.8
3085.4 195.6 39.4 -129.4 -29.8 1.3
19.3 18.9 26.8
507.8 -84.5 -53.7 17.5 38.7 -1.9
2370.1 382.1 -33.8 -58.1 -6.4 -9.2
3111.4 177.6 5.4 -91.7 -31.1 -41.3
20.1 19.8 27.3
500.4 -73.6 -63.3 30.3 29.1 1.2
2368.6 387.8 -39.7 -57.3 -9.5 -6.9
3112.6 178.4 2.3 -97.5 -33.2 -39.8
19.5 19.2 24.8
499.1 -73 -63.6 34.2 26 1
2370 391.2 -43.2 -52.1 -11.2 -3.2
3113.4 183.1 -2.2 -94.2 -32.4 -32.4
18.9 18.4 19.1
498.2 -73.8 -62.2 36.5 23.5 0.6
2368.7 387.3 -50.2 -50.8 -13.4 0.8
3104.6 168.3 -17.9 -93.3 -28.6 -16.8
18.7 19.1 28.2
497.3 -74.5 -60 37.8 21.8 0.3
2369 386.6 -45.7 -41.5 -9.9 2.2
3103.5 169.1 -6.2 -73 -19.3 -19
18.4 21.7 33.4
495.1 -74 -57.5 39 19.4 -0.9
2367.6 391.1 -35.3 -32.8 -10.7 -2.3
3104.3 178.7 17.1 -55.5 -24.5 -36
17.6 17.3 29.7
494.3 -73.5 -54.6 37 19.3 -0.3
2366 402 -19 -33 -11.6 -2
3110.7 205.6 42.4 -51.7 -24.9 -40.6
17.5 18 32.3
494.2 -72.8 -54.4 37.1 18.1 0.2
2374.2 415 -11.9 -40.4 -19.2 1.3
3137.4 242.3 59.9 -64.8 -38.6 -44.2
winner is: 10
