Regression analysis information for: S16_selected_tokens_0098
number of formants: 3
number of coefficients: 5
8.8 51.6 55.9
574.6 -124.8 -55 3.1 27.7 7.1
2259.8 219.6 -68.9 5.4 41.2 44.9
2575.5 77.5 -39.2 92.7 -93.5 58.7
21.1 193.6 193.1
558.9 -106.4 -48.9 -24.6 52.8 1.2
2224.6 494.4 17.6 -262.3 194.5 -28.5
2756.1 226.8 -51.8 93.1 79.1 12.5
34.7 225.5 160.6
536.4 -85.5 -62.2 -11.8 48.3 11.7
2219.8 519.7 -57.6 -154.7 79.1 64.8
2958.2 263.1 4.7 -130.3 6.3 1.2
25.2 139.1 112.1
539.4 -80.6 -70.7 0.3 35.9 9
2280.7 454.8 -115.4 -10.9 -51.5 96.8
2997.3 224.4 -43.2 -42.1 -88.3 23.8
16.5 64.3 68.1
554.2 -94.5 -66.6 -1 33.2 2.7
2326.9 372.6 -88.3 -1.8 -60.2 63.3
3017.8 153.1 -15.9 -51 -71.5 -7
10.3 15.3 22.6
563.7 -105.8 -63.1 -3.7 35.8 -4.9
2349.7 322 -38.4 -50.4 -11.5 14.6
3029.6 113.7 29 -83.4 -27.5 -41.5
10.2 15.2 21.2
559.6 -102.4 -62.6 -11.7 45.3 -12.5
2351.9 324.1 -37.6 -48.1 -11.9 16.2
3037.8 125.5 33 -76.9 -30.7 -37.9
9.8 14.4 24
544.9 -97.1 -61.6 -21.4 56.7 -18.2
2358.1 330.9 -34.7 -45.3 -10.7 16.9
3059.8 151.3 41.7 -71.5 -34.5 -38.1
14.2 15.1 15.6
508.9 -105 -47.3 -13.4 68.4 -23
2371.3 347.2 -30.3 -44.1 -7.1 18.7
3122.3 232.1 74 -65.8 -33.1 -31.2
17.9 19.7 53.1
484 -95.5 -38.8 -6.4 62.1 -23.2
2375 349.8 -39 -56.4 -13.5 9.4
3165.2 271 60.5 -116.3 -83.6 -69.7
17.7 26 87.6
470.3 -84.6 -37.3 -1 51.4 -18
2367.8 338.8 -57.4 -79 -27.5 -6
3124.1 177.9 -27.8 -193.8 -124.8 -102.7
16.2 14.3 75.8
463.9 -75.7 -42.8 6.3 43.3 -11.8
2378.4 368.2 -29.3 -56.7 -2.5 19.4
3153 236.6 15.1 -199.6 -133 -98.1
15.4 14.6 41.6
460.1 -68.2 -49 12.8 36.8 -6.3
2375.3 372.3 -26.6 -54.4 -4 21.3
3188.6 326.1 117.6 -120.6 -71.7 -47.6
15.8 14.8 33.2
459.7 -66.2 -51.1 14.7 35 -4.5
2374.4 374.1 -28.1 -53.5 -6.4 20.7
3205.4 364.8 145.9 -88.8 -42.1 -21.4
16 14.6 29.6
460.4 -65.8 -51.9 15.7 34.3 -3.8
2377.7 374.1 -30.8 -50.8 -8.9 21
3214.8 365.1 131.4 -91 -49 -23.1
16.2 14 30
461.2 -66.3 -52.7 16 34.6 -3.8
2384.1 371.6 -35.4 -47.1 -10.1 22
3235.5 368.1 116.6 -85.8 -50.2 -21.1
15.8 12.9 34
462.2 -66.9 -53 15.3 36.8 -4.6
2391.1 363.2 -38.7 -42.6 -9.6 21.1
3253.1 358.8 109.4 -70 -40.9 -25.4
16.4 12.6 37.1
461 -66.1 -54.1 14.6 37.5 -5.2
2394.3 357.9 -44.2 -39 -8.2 25.1
3263 342 94.1 -64 -32.4 -18.2
16.6 12.3 37.6
460.1 -64.5 -54.6 12.9 39.6 -6.1
2398.4 352.7 -48.3 -36.7 -8 25.4
3273.5 328.3 76.8 -64.9 -30.5 -20.1
18.5 12.6 39.2
456.2 -58.6 -54 6.2 46.6 -8
2407.2 348.1 -55 -32.1 -9.2 23.3
3299.3 320.1 49.3 -64.5 -31.5 -31.5
winner is: 9
