Regression analysis information for: S16_selected_tokens_0044
number of formants: 3
number of coefficients: 5
5.3 27.5 136.6
520.7 -8.5 -4.3 -4.1 3.5 1.6
1001.5 0.1 146.1 -135.3 86.7 -26.8
2778.1 -223.6 -314.8 -92 -215.7 -94.9
4.8 25.8 98.7
521.1 -8.4 -3.5 -4.4 3.4 1.3
1004.9 2 142.3 -129.6 85.8 -25.7
2818.4 -145 -232.8 -25.2 -151 -44.3
5.2 24.6 51.5
521.3 -7.8 -3.6 -3.1 2.7 2.4
1013.7 -1.7 145.3 -127.9 88.7 -22.5
2843.1 -84 -179.3 27.7 -99.1 2.8
5 24.3 27.1
521.5 -8.7 -3.6 -2.9 3.2 2.6
1015.5 -0.4 140 -125.4 89.6 -19.8
2860.3 -59.8 -149.8 44.4 -75.9 14
6.2 24.6 26.4
520.5 -8.3 -5.7 -0.6 2.1 5
1020.3 -8.2 141.9 -126.8 92.1 -15.5
2861.4 -57.6 -150.8 42.9 -74.8 11.3
7.2 31.1 23.7
517.7 -9.1 -7.2 2.6 3.7 7.3
996 -15.4 161.5 -119.5 99.3 -15.3
2871 -60.9 -148.6 38.2 -76.2 8.4
11 56.5 22.3
508.5 -2.6 -1.5 -6.9 9.7 8.8
899.7 -3.7 279.4 -121.7 40.8 -27.6
2877.5 -73.3 -150.7 40.2 -73.7 12.3
12 72.4 80.4
494.5 11.6 4.4 -16.4 11 12.4
859.1 37.8 267.8 -103.6 38.6 -70.2
2843.7 -31.9 -203.9 100.9 -129.5 70.1
6.5 63.1 63.9
487.3 21.5 1.8 -18 13.6 5.8
854.5 44.2 259.3 -102.8 40.2 -81.6
2857.8 -56.8 -176.3 73.5 -119.5 48.6
7.5 65.2 28
488.5 23.1 -0.9 -17.5 15.3 5.3
861 41.2 268.8 -111.6 42.3 -86.1
2879.5 -74 -145.8 36.3 -95.2 7.6
6.6 66.7 26.1
489.6 26.1 -4 -17.4 19.1 1.2
860.2 50.9 270.9 -107.9 37.7 -82
2896.2 -57.1 -133.4 33.9 -88.3 0.2
10.8 68.3 30
492 24.9 -0.4 -18.8 16.9 6.4
865 54.4 280 -111 41 -83.3
2906.1 -42 -132.4 36.8 -87.8 3.7
12.4 71.2 34.2
492.6 24.7 4.8 -20.6 13.5 10.1
863.2 61.2 281.8 -106.3 44.4 -88.3
2920.8 -37.1 -118.7 36.2 -87.4 12.6
13.4 74.9 34.5
491.4 25.6 10.8 -19.7 6.7 12.4
866.1 62.9 290.5 -105 48.7 -90.5
2924.4 -24.5 -120.9 40.8 -84.7 10.4
20.8 287.1 117.3
490.1 27.7 10.9 -17.5 6.3 10.5
1006.1 51.4 -9.9 -25.4 326.1 -179
2978.4 -23.5 -223.7 63.8 15.2 -27
19.1 223.9 53.8
487.7 30.7 16.2 -18.2 2.8 16
989.4 83.3 71.1 -120.3 218.6 -60.8
2943.5 -1.4 -163.2 41.2 -59.4 12.9
29.7 402 117
489.3 33.9 20.1 -25.4 3.6 26.2
1132.4 64.5 -236.7 -39.4 553.8 -154.4
3001.3 -10.3 -241.8 67.2 25.9 -10.3
41.9 487.6 173.2
498.8 17.2 16.7 18.4 9.7 -16.8
1458.7 -69.7 -599.8 -1.4 698.4 -44.2
3151.3 -47.7 -412.1 59.5 130.3 39.6
9.5 257.9 118.6
546.2 -2.8 -4.6 33.8 -17.5 8.5
2089.3 -621.5 -970.5 477.1 67.7 333.3
3295.4 -155.6 -517.8 96.4 -10.2 125
20.3 354 168.2
554.1 -11.7 3.1 21.9 -16.9 5.5
2239.3 -405.2 -770.4 435.7 234.4 428.7
3397.3 15.2 -348.1 115 70.5 197.4
winner is: 4
