Regression analysis information for: S16_selected_tokens_0093
number of formants: 3
number of coefficients: 5
4.1 10.2 25.7
712.7 -1.4 -3.1 2.8 0.7 1.7
2161.4 14.8 -8.6 9.4 -16 15
2381.2 142 30.4 20 12.5 -39
4.5 11.6 32.6
698.5 -6.3 -4.5 3 -0.9 2.7
2173.3 29.2 -18.4 -2.1 -18.1 17.9
2503.8 232.5 124.4 93.6 37.4 -38.8
21 145.1 108.9
666.7 -22.1 -5.7 -8.2 -11.7 -8.8
2037.5 -198.3 -133.8 -62 -100.9 -103.2
2368.1 6.4 42.8 30.2 18 5
3.4 53.4 8.1
648.6 4.5 4.1 5.7 -2.3 -1.5
1795.1 -108.8 -143.9 -30.8 -83.2 -113.5
2210.4 38.2 -39 -25.1 -10.4 15.4
7.1 82.5 27.1
645.2 8.9 2.7 -3 -4.4 -5.1
1848.1 -12 -102.4 -76.7 -86.6 -125.3
2223.1 48.2 -24.4 -6.4 11.5 33.3
3.2 27.9 65.9
659.8 20.4 6.2 0.2 1.2 -2.3
2050.9 153.4 -16.1 4.6 22.4 -46.4
2378.7 347.3 200.4 103.1 2.7 -40.6
4.1 21.5 48.2
678.4 20 2.8 -3.1 1 -1.1
2148.2 93 -60.4 -12.6 19.3 -26.9
2471.1 396.5 102.9 -11.2 -3.9 -47
5.4 50.7 64.8
698.6 8.4 -2 -7.5 0.4 2.3
2155.9 83 -57 -5.7 12.8 -34.8
2695.9 366.3 -133.3 -112.1 138.3 -59.3
7.1 7.3 19.2
717.3 -7.4 -7.8 -9.8 0.1 6.5
2188.3 32 -25.6 -9.3 -12.5 13
2969.7 -43.7 -2.4 -8 -13.6 21.2
8 6.5 10.3
724.5 -25.3 -9 -11.8 -0.6 5.7
2191.7 30.7 -25.2 -11.6 -11 11.5
2979.5 -40.6 -10.4 0.1 -10.2 9.8
7.3 6.9 10.1
718.3 -40.8 -6.3 -8.4 -3.7 4.4
2189.9 27.5 -27.7 -10.2 -10.7 13.9
2982.5 -43.3 -13.4 -1.1 -7.3 12.3
6.3 6 10.3
707.3 -31.9 -10.5 -7.2 -1.9 -1.7
2188.7 23.2 -27.3 -11.3 -9.3 12.6
2982.9 -54.3 -15.9 -3.4 -7.1 13.6
4.5 6.2 9.8
693.2 -19.7 -9 -10.1 0.2 -5.4
2181.9 22.9 -25.2 -10 -10.5 13.1
2974.6 -64.5 -14 -4.3 -9.9 13.2
4.2 5.6 10.1
689 -13.6 -10.6 -7 -1.4 -6.2
2178.9 23 -21.5 -8.7 -10.7 10
2966.4 -63.1 -6.7 -2 -11 8.4
3.9 7 10.4
688.3 -8.2 -15 -4.8 -3.1 -5.1
2178.9 30.5 -25.4 -6.4 -13.3 10.9
2966.1 -45.2 -12.3 2.1 -12.3 5.7
4 7.9 12.2
690.7 -6.6 -16.5 -4.5 -3.4 -4.9
2182.5 34.8 -27.3 -7 -13.8 10.6
2973.7 -32.9 -15.9 3.9 -12 5.3
4.3 8.2 14.5
693.9 -6 -16.1 -4 -4 -4.9
2187.4 36.6 -25.5 -8.1 -14.4 8.5
2984.7 -27.2 -12 7.5 -14.7 6
4.7 10.3 17
698.2 -4.2 -17 -5.1 -4.3 -4.7
2195.9 45 -28.6 -10.5 -16.8 8.4
3007.5 -12.2 -11.4 5.5 -15.5 5.9
5.3 11.9 21.3
703.6 -1.5 -16.2 -6.3 -4.6 -4.7
2208.7 53.7 -27.8 -16.7 -18.2 5.6
3037.5 7.7 -4.8 0.3 -17.2 6.4
5.5 14.2 25.9
708.4 1.5 -14.6 -7.5 -4.8 -5
2223.4 65.2 -28.7 -22.7 -20.8 3.1
3075.7 32.4 2.5 -5 -19.7 3.7
winner is: 14
