Regression analysis information for: S16_selected_tokens_0010
number of formants: 3
number of coefficients: 5
17.6 127.7 101.1
503.3 36.5 -44.4 24.5 -24.9 14.6
1999.8 426.9 -355.7 261.8 -176.9 128.8
2556.6 298.5 52.4 -73.6 -26.6 -11.3
13.6 173.7 144.9
508.9 24.4 -34.8 15.7 -20.2 12.3
2095.7 263.9 -248.9 235 -213.3 206.3
2783.1 158.2 -96.4 -19.1 -2.3 53.3
21.5 133.7 63
493.7 49 -53.3 27.2 -24.7 8.6
2013.3 430.7 -392.1 331.5 -263.2 199.1
2832.5 129.7 -191.5 143.7 -138.5 100.8
8.5 113.2 52.7
511.8 16.9 -24.5 7.8 -12.4 7.2
2178.8 104.8 -102.5 86.9 -85.1 88
2911 -22.1 -60 31.3 -56 48.8
4.8 3 8.6
516.6 11.2 -19.9 5.1 -8.7 4.2
2217 18 -18.8 0 -2.9 1.1
2923.2 -61 -22.5 -6.7 -21.7 12.3
3.3 2.4 10.6
520.4 7.6 -16.5 4.2 -6.6 3.3
2216.2 20.8 -17.6 1 -3.1 2.1
2915.3 -47 -24.5 -3.1 -25.5 16.8
3.1 2.4 11.7
520.8 6.2 -16.2 4.1 -6.5 3.4
2217.4 23 -18.3 1.2 -3.4 2.4
2915.6 -39.8 -28.6 -0.7 -27.6 17.6
3 2.3 11.2
519.1 5.2 -16.2 3.9 -6.6 3.8
2220.6 24.6 -18.9 0.5 -3.1 2.3
2924.1 -40.7 -28.3 -3.2 -26.1 14.9
3.5 2 9.8
512.9 3.2 -16.5 1.3 -8.8 4.5
2225.3 26.4 -19.4 0 -1.7 2
2936.8 -44 -27.3 -5.5 -22.2 10.3
3 1.7 8.6
484.6 6.9 -19.9 -3.5 -9 3.5
2236.2 28.7 -20.9 -3.2 -0.5 1.2
2969.3 -58.5 -22.9 -14.6 -17.8 2.5
4.2 3.3 8.8
465.5 8 -26.6 -3.3 -9.7 1.1
2239.2 27.3 -26.2 -11.5 -3.5 0.1
2980.1 -73.9 -29.1 -28.8 -22.6 0.8
4.6 4.8 10.2
458.6 13.2 -28.4 -1.4 -9.9 1.1
2227.9 11.1 -29.6 -19.6 -5.7 -0.7
2953.4 -115.1 -19.2 -40 -14.3 14.5
5 5.5 15.8
456.3 16.3 -30.2 -0.3 -10.6 1.1
2217.6 3.2 -23.3 -21.2 -7 -5.9
2932.3 -124.5 8.3 -44.7 -11 10.3
5.1 5.6 17.7
455.5 18.4 -31.2 0.4 -11 1.1
2218.1 9.4 -16.1 -21.8 -6.7 -10.5
2932.9 -105 17.1 -51.5 -11.8 -3.1
5.3 5.9 18.5
455.5 19.8 -31.8 1 -11.3 1.2
2226.5 21.7 -13.2 -22.1 -4.3 -12.6
2942.4 -69.8 3.2 -48.1 -16.3 -14.2
4.7 6.5 15.4
457.8 20.2 -29.4 1.3 -9.9 1.2
2239.1 38.4 -13.5 -19.2 -0.6 -11
2959.6 -26.6 -17.2 -35.8 -23.6 -14.4
4.9 8 41.7
457.9 21.4 -29.8 1.9 -10.2 1.5
2245.8 53.4 -12.4 -16.3 1.1 -10.3
2937.4 69 -82.9 30.1 -81.1 33.1
4.9 8.1 40.7
458.5 21.7 -30 2.2 -10.2 1.5
2255.3 61.8 -16.8 -12.4 2.4 -7.2
2961.4 72.1 -88.6 34.4 -78.3 27.7
4.8 8.2 37.1
458.9 21.6 -29.8 2.5 -10 1.6
2260.7 62.4 -15.5 -6 5.2 -4.3
2979.7 51.4 -77.6 39.7 -66.3 22.6
4.8 8.2 37.8
459.8 20.9 -29.8 2.8 -9.7 1.6
2275 55.8 -16.3 -1.2 11.7 -2.7
3023.5 10.5 -68 42.4 -50.3 11.8
winner is: 10
