Regression analysis information for: S16_selected_tokens_0002
number of formants: 3
number of coefficients: 5
4.3 4.5 16
518.8 -1 -21 11.7 -9.3 6
2094.1 114.5 -35.9 -21.6 6.9 1.8
2744.9 -26 -7.6 -1.7 -67.5 -19.8
4.8 4.5 3.9
512.2 -5.7 -20.4 12.6 -10.7 5.8
2101.3 113.7 -42.5 -20.2 9 1.1
2841.6 32.2 13.1 -5.6 -5.7 11.5
5.3 4.4 3.2
506.7 -8.7 -20.6 12.8 -12.4 6.4
2105.9 113 -45.9 -19.4 10.3 0.1
2843.4 33 11.8 -7.7 -6.1 10.6
5.8 4.3 2.7
503.5 -8.1 -21.5 13 -14.2 7.2
2108.2 111.8 -47.1 -18.9 11.2 -0.4
2846.7 32.7 13 -9.4 -4.1 9.6
11.6 108.7 43.8
497 -9.9 -13 16 -21.1 0.5
2062.5 93 35.5 26.8 -62.1 -74.2
2831.8 27.3 43.8 7.7 -31.7 -17.7
3.7 4.4 3.8
498 -6.3 -17.2 7 -11.2 5.8
2115.8 107.7 -52 -12.6 11.1 -2.2
2856.6 32 10.3 -6.1 -3.3 9.1
3.7 4.1 3.8
497.3 -3.4 -16.7 6.4 -10.2 6.1
2116.1 106.6 -52.2 -11.8 10.6 -2.8
2855.9 28.2 8.9 -5.8 -4.1 8.1
4.6 3.8 3
495.3 0.5 -19 8 -9.6 7
2116.4 105.8 -51.3 -12.1 9.9 -2.6
2856.9 25.7 11 -7.9 -5.3 6.7
6.2 3.8 2.1
492.5 5.4 -23.1 11.5 -11.7 8.6
2117.2 105.2 -51 -12.3 10.1 -2.4
2859.6 23.9 13.5 -10.4 -3.6 5.9
6.7 4 1.9
487.7 9.4 -27.8 13.5 -12.9 8.9
2118.1 104.4 -51.6 -11.4 10 -2.3
2863.4 23.3 15.4 -10.8 -2.5 5.7
5.5 5.1 6.4
479.3 17.1 -34.5 14.7 -14.1 7.5
2114.4 106.4 -53.3 -11.6 9.1 -1.2
2862.3 25.5 10.6 -5.2 -8.3 11.4
4.9 6 13.1
475.5 19.3 -35.2 14.1 -13.1 6.3
2107.8 109.6 -52.8 -10.2 8.5 -0.9
2850.3 27.1 3 7.4 -14.6 18.6
4.4 5.5 14.2
472.9 21.3 -35.5 12.8 -12.4 5.4
2093.9 121.8 -50.8 -16.5 11.5 -3
2828.4 34.7 -7.5 9.1 -20.3 18.6
4.2 4.3 10.4
472.4 21.9 -35.3 12.4 -12.2 5.3
2087.6 128.1 -48.3 -21.1 13.3 -3.8
2820.5 41.1 -6.9 5.1 -18 14.3
4.2 4.2 6.7
472.4 22.4 -35.1 12 -12 5.3
2085.3 132.4 -45.8 -27.2 16 -3.1
2822.1 47.4 -2.1 -3.4 -13.4 11.5
3.9 3.2 3.8
474.9 20.6 -32.6 10.8 -11.4 4.8
2092.5 129.8 -45.2 -26.5 15 -3.7
2838.4 47 9.8 -11.9 -9.4 6.6
3.8 4 9
476 20.7 -32.5 10.7 -11.4 4.9
2103.8 124.2 -46 -27.5 15.4 -4.4
2862.7 46.4 23.4 -22.9 -2.8 0.9
3.6 5.9 25.3
477.5 20.7 -32.4 10.6 -11.7 4.9
2120.3 115 -47.4 -26.6 13.8 -5.4
2897 40.1 47 -42.1 9.2 -12.6
3.6 7.7 63
479.6 20 -32.9 11.1 -12 4.8
2148.9 97.2 -55.6 -16.9 11.2 -8.3
2952.1 15.3 95.7 -80.8 44.5 -47.7
3.7 10 104.5
482 18.5 -34.5 11.8 -12.6 4.9
2194.5 68.3 -74.9 4 4.7 -10.6
3022.9 -9.6 162.2 -140.6 92.7 -93.7
winner is: 16
