Regression analysis information for: S16_selected_tokens_0109
number of formants: 3
number of coefficients: 5
30.3 139.6 78.1
658.7 11.3 32.6 -35.4 38.8 12.1
1279.3 287.8 250.4 239.4 179.4 91.4
2060.8 166.2 88.6 37.5 51.5 -31.6
49.8 155.1 90
671.5 21.3 40.8 -47.4 24.9 16.5
1335.2 317.2 332 193.9 189.6 -6.3
2081.2 119.8 118.7 -9.4 74.5 -67.9
55.4 122.5 83.4
699.4 49.1 75.6 -125.1 -3.7 -4.5
1464.5 347.7 430.5 17.3 127.4 -154.1
2142.1 132.4 208.3 -12.2 134.9 -63.4
121.3 253.6 221.1
802.5 -47.8 20.7 -18 -101.4 6.5
1668.1 161.8 358.6 133.9 -17.3 -89
2383 -34.4 238.5 215.9 30.3 0.2
119.2 211.7 185.7
777.3 -29.2 40.8 -65.3 -73 33.1
1658.5 181.7 431.3 45.8 -53 -5.9
2440.4 50.3 419.6 140.9 30.7 67.6
161.8 350.5 272
770.8 -95.9 -4 34.4 -86.2 17.2
1598.3 25.8 277.8 203.2 -0.5 -44.3
2514.8 11.7 328.3 192.1 -14.6 -59.1
94 238.4 211.2
877.7 -159.7 -136.2 113.8 -29.3 -18.2
1656.5 -1 -17 508.8 90.7 102.7
2594.2 34.5 -39.9 490.4 -3.5 99.3
47.5 206.6 200.8
931.9 -98.3 -189.3 47.1 -35.6 28.1
1842.3 144.4 -29.2 280 67.6 101.9
2735.7 129.5 -53.3 283 -14.9 150.2
18.1 77.3 89
957.8 -93.4 -185.1 13.2 -38.4 26.1
1962.6 149.7 2 91.1 22.9 57.6
2848.6 92.2 10.6 92.8 -27.4 101.2
10.3 22.6 42.6
963.8 -85.8 -187.1 5.6 -48.1 17.1
1998.6 152 9.8 48.9 0 14.8
2892.5 71.1 12.7 54.9 -13.6 37.2
9.8 14.7 26.6
964.5 -83 -184.2 4.9 -45.8 11.8
2018.3 133 3.8 48 12.5 4.1
2915.2 48.4 8.4 43.6 8.6 21
30.5 157.3 171
935.6 -61.7 -185.8 -10.7 -19.3 -5.3
1896.5 247.2 87.4 -91.9 132.6 -26.9
2670.5 339.5 82.7 -168.5 184.4 -89.4
25.5 154.3 146.6
921.1 -64.4 -178.4 -6.4 -30.2 6.4
1767.2 207 282.3 -29.7 79.1 9.1
2446.9 333.5 374.6 -56 71.6 -177.7
49.3 175.6 120.3
887.9 -59.7 -181.5 -0.5 -28.8 23
1723 186.4 233.4 19.4 159.7 90.4
2364.9 292.2 393.6 50.8 156.9 -140.1
25.8 196.8 224.3
911 -87.6 -192.8 15.1 -32.4 1.8
1807.1 174.4 191.5 24.5 92.1 9.7
2445.2 210.4 361.1 129.1 33.3 -148.3
29.6 127.2 239.9
926.1 -103.1 -189.8 17.1 -70.9 20
1916.4 116.5 148 95.8 -91.4 -28.7
2673.9 161.1 182.3 208.5 -115.8 -231.7
12.8 15.8 20.8
950.2 -111.7 -221.7 13.2 -56.4 29.8
2036.6 123.4 -23.7 51.5 1.8 13.4
2937.3 68.3 3.6 31.8 2.3 14.6
14 16.6 20.7
961.9 -114.9 -222.8 6.8 -55.8 35.9
2041.4 117.9 -25.5 49.5 1.2 15.8
2938.6 65.8 2.1 29.3 -1.2 11.5
14.9 17.8 21.3
959.1 -113.4 -226.9 4.5 -52.4 37.6
2041.9 119.4 -29.5 46.9 0.2 14.8
2940.7 67.2 -1.7 27.2 -4.5 9.7
15.3 19.2 21.4
951 -107 -223.5 2.1 -44.8 35
2040.2 127.7 -26 45.1 6.8 13.9
2944.3 74.2 1.3 27.6 -2.5 9
winner is: 17
