Regression analysis information for: S16_selected_tokens_0003
number of formants: 3
number of coefficients: 5
3.1 61.7 46.5
555.1 93.3 -64.8 8.6 -5.1 -4.7
1475 41.7 251.4 12.4 6.7 11
1961.2 26.7 51.2 75 70.7 54.5
3.7 40.3 34.5
556.9 96.6 -69.4 6.5 -4.4 -8
1438.1 185.8 134.1 34.6 2.3 -12.1
1961.9 22.3 50.1 69.9 60.1 45.4
5 48.9 30.1
565.4 101.2 -72.1 4.9 -6 -9.5
1483.1 205.6 106.2 3.8 -27.9 -26.9
2005.6 113.1 124.7 112.7 64.1 17.7
19.2 132.5 150.7
575.2 104.9 -75.1 7.3 -19.3 -18
1652.8 230.5 -163.7 10.4 35 -136
2565.5 364.9 -480.7 -112.8 1.2 -163.4
7.1 81.4 165.4
595.5 109.5 -95.9 -0.7 -10.4 -9.6
1775.3 96.2 -166.4 49.7 -23.2 -6.5
2731.2 148.9 -413 -9.7 -109.2 40.6
6.6 99.3 115.4
605.8 107.4 -99.5 -0.9 -14.1 -9.1
1805.1 69.5 -188.7 134.4 -141.6 112.1
2863.8 -31.3 -301 35.4 -223.6 152.6
5.6 4.5 13.9
613.2 104 -94.4 -0.4 -18.6 -8.3
1887.4 -82.7 -39.5 -9.1 -11.5 -9.2
2975.8 -183.9 -107.1 -136.4 -61.7 -11.6
4.9 4.5 12.2
613.8 103.1 -88.1 -1.2 -20.9 -7.9
1891.1 -81 -39.4 -8.5 -12 -9.2
2992.9 -157.2 -103.8 -128.8 -64.5 -15.7
4.7 4.6 12.3
607.6 106.1 -85.1 -2.8 -21.4 -8.5
1892.9 -81.6 -39.8 -8.5 -12.4 -9
3007.7 -150.2 -104.5 -129.3 -67.8 -20.4
3.8 4.5 13.5
603.1 110.6 -79.5 -2.8 -21.6 -9.8
1895 -79.8 -37.5 -8 -13.3 -9.1
3028.5 -132.2 -93.9 -124.4 -68.1 -24.3
3.2 4 18.1
596.3 118.6 -75.1 -4.6 -18.7 -12.6
1893.9 -72.7 -35.3 -9.7 -13.5 -10.6
3049.1 -112.7 -78.9 -123.2 -69.7 -31.7
2.7 3.9 23
591.2 120.9 -71.5 -5.3 -19.5 -13.8
1889.7 -67.8 -31.9 -11.9 -16.4 -11.5
3056.1 -102.3 -74.3 -130.1 -79.5 -39.8
3.9 4.7 23.9
586.1 124.2 -71.5 -6.7 -16.8 -12.2
1883.4 -59.9 -31.1 -14.8 -14.2 -9.8
3056.6 -81.6 -65.7 -134.9 -76.2 -34.8
2.9 4.7 23.4
584.5 125.2 -68.7 -4.6 -15.7 -11.9
1879.5 -53.5 -27.6 -14.8 -15 -9.3
3057.7 -47.6 -50 -133.8 -79 -34.7
3.2 3.5 15
577.3 110.7 -70.7 1.5 -7.9 -7.1
1866.4 -66.2 -33.6 -9.6 -4.6 -5.8
2988.9 -134.6 -115.5 -144.7 -49.2 -0.9
2.8 3.5 11.3
577.2 109.3 -70 3.1 -8.3 -8.2
1866.5 -71.5 -31.5 -6.3 -6.1 -7.6
2990.7 -146 -106.5 -132.6 -49 -2.6
3 4 10.8
578.6 109.5 -70 4.7 -7.5 -8.6
1872.1 -75.9 -30.8 -2 -5 -7.7
3010 -150.8 -94.1 -116 -42.2 -3
3.1 4.5 12.2
578.5 112.6 -71.3 4.7 -6.8 -10
1879.3 -80.1 -29.3 1.9 -6.6 -7.8
3036.4 -154.3 -80 -106.8 -49.5 -9.3
3.6 5.1 17.4
580.7 116.7 -71.1 5.9 -5 -12.1
1890.6 -81.8 -27.7 7.9 -6.8 -8.9
3078.6 -137.4 -57.4 -88.4 -53.6 -19.7
4.2 6.1 33.2
584.1 124.8 -69.5 6.7 -2.4 -14.7
1904.2 -76.9 -24.8 13.6 -7.1 -9.9
3142.5 -74.2 -16.5 -67.9 -66.8 -41.7
winner is: 16
