Regression analysis information for: S16_selected_tokens_0075
number of formants: 3
number of coefficients: 5
18.8 73.6 96.1
406.1 -29.8 -34.2 1.9 -30.7 8.1
1605.8 -189.1 39.2 -58.8 -39.4 -64.3
2400.9 -173.6 133.9 -33.5 -69.9 -16.7
22.6 40.7 52.4
396.8 -37.2 -21.3 12.6 -31.4 0.4
1635 -122.6 117 16.5 7.2 -34.7
2537.3 -103.8 27 12.7 36.5 -25.1
40.7 325.4 283.7
372.8 -41.2 -1.4 13.4 -42.5 23.3
1252.8 -428.4 394 156.2 0.3 209
2220.8 -354.8 263.7 129.6 28.8 167.4
19.1 16.4 24.8
411.7 -14.8 -32.9 3.8 -30.9 10.6
1635.4 -136.5 93.4 -0.2 18.3 -6
2554.9 -110.9 -2.1 -12.8 49.2 -11.7
19.4 16.9 24.6
415 -12 -37 5 -31 8.1
1635.2 -134.5 98.7 -4.1 18.3 -3.5
2554.2 -110.7 2.7 -15.2 49.2 -9.4
18.4 17.8 23.7
410.2 -15.6 -40.6 6.9 -30.5 6.6
1639.6 -132 98.9 -5.4 17.1 -3.3
2559.6 -108.8 4.7 -18.6 49 -9.2
17.8 20.7 22.9
396.4 -25.4 -44.6 12.5 -30.1 7.4
1643.3 -137.2 97 -8.3 15.7 -7.4
2565.3 -109.5 4.1 -22.4 47.9 -10.2
14.1 21.2 24.5
378.6 -38.3 -30.7 16.2 -27.8 6.2
1616.9 -169.6 81.2 -2 11.5 -13
2560.6 -118.5 -7.9 -23.3 45.4 -10.7
14.4 26.4 27.2
364.3 -35.6 -19.1 7.3 -25.7 10.8
1549.3 -242.3 88.3 12.7 6.6 -20.3
2530.1 -158.5 -8.8 -5.2 50.4 -16
16.3 30.2 27
358.2 -31.1 -18.6 3.9 -25.2 12.8
1513.4 -238.7 132.3 -23.5 17.1 -7.1
2511.1 -166.4 12.6 -9.7 52.5 -13.1
15.1 27.7 26.7
358.9 -31.3 -15.5 1.4 -22.8 11.3
1500.7 -221.7 141.4 -43 22 -6.1
2505.1 -155.5 21.1 -23 53.7 -10.9
16.6 36.9 31.4
358.9 -28.5 -18.2 2.6 -25.1 12.6
1532.9 -202.6 158 -57 37.7 -19.8
2527.2 -144.4 23.8 -38.2 62.4 -16.8
16.9 43.9 42.5
361.8 -25.5 -18.7 2.1 -24.8 12.8
1592.8 -139.6 173.1 -56.1 52.1 -19.5
2547.6 -145.2 -0.8 -64.1 60.5 -20.2
15.8 72.6 162.8
366.4 -23.3 -16.3 0.7 -21.6 12.1
1699.8 17.5 243.7 7.8 108.9 31.2
2664.2 54.6 166.4 95.3 210.2 102.9
17.5 92.4 173.4
367.2 -20.4 -19.6 2.9 -23.1 14.3
1753.5 39.3 227.3 -21.1 109.8 16.3
2733.9 162 281.9 195.6 310.3 174.4
17.6 92.5 183.2
368.2 -20.8 -21.5 3.3 -22.6 14.9
1781 21.4 190.3 -21.3 155.4 50.2
2764.2 203.8 347.3 242.4 350 200.4
18.1 86.7 240.5
367.9 -22.6 -23.2 4.3 -23.9 14.2
1787.8 -14.1 198.6 9.7 152.2 25.4
2771.1 196.8 366.8 248.3 375.8 230.7
17.6 96.2 176.2
371.1 -23.5 -22.7 3.7 -23.6 12.3
1854.2 -5.5 154.4 16 125.3 2.7
2646.3 -27.2 185.7 59.8 229.5 119.8
20.7 122.4 175.9
372.3 -20 -28.9 7.1 -29.5 14.2
1965.7 -23.4 92.9 7.5 115.6 -16.7
2617.4 -31.7 293.7 86.2 309.4 154
21.8 164.1 386.3
377.6 -17.6 -29.8 7.1 -32.9 13.3
2026.4 -15.8 82 -50.5 75.7 16.6
3162.6 958.1 809.9 -41.4 -187.3 -520.8
winner is: 8
