Regression analysis information for: S16_selected_tokens_0089
number of formants: 3
number of coefficients: 5
35.7 135.2 56.1
626.7 -20 -117.7 -0.8 -58.1 14.9
2044.8 256.6 -76.5 69.6 -163.8 -6.7
2354.8 210.5 44.2 36.2 -54.7 -0.5
36.4 108 84
627.8 -17.6 -118.3 1.3 -59.1 16.6
2134 407.1 -96.7 75.2 -127.1 79.4
2458.8 109.4 25 68.4 -85.4 38.9
42.6 112.4 126.9
604.1 29.3 -152.9 25.3 -68.8 13.8
2117.2 583.2 -183.8 163.9 -149.7 88.7
2813.3 155.3 -226.4 203.3 -87.8 132.8
72.3 224.4 145.6
597.8 -32.3 -60.3 13.7 -101 -10.4
2106.3 415.5 106.3 121.3 -253.9 -5.4
2918.7 146 1.5 126 -158.4 55.4
26.7 13.9 11.2
622.8 -48.8 -118.3 -10.8 -48 14.2
2228 371.7 11.6 -8.1 -24.3 8.5
3001.5 75.9 5.3 16.2 -3.9 10.2
22.3 13.3 10.3
627.4 -58.1 -115.6 -15.8 -42.5 11.5
2224.4 376.6 13.4 -6.8 -27.3 7.9
2995.9 88.9 4.4 19.5 -8.4 12.4
22 12.5 9.7
630.6 -58.4 -114.7 -16.5 -40.5 11.9
2223.6 374.4 16.1 -5.9 -29.5 6
2993.4 87.6 8.9 19.3 -11.7 10.3
19.7 12.5 8.9
632.3 -58.9 -110.4 -18.9 -35.7 11.5
2226.5 368.6 17.2 -5.1 -28.9 4.8
2997.1 80.7 10.3 18.2 -12.5 8.2
24.7 13.8 9.4
622.4 -48.7 -117.1 -15.8 -41.3 14.4
2230.3 368.4 14 -4.2 -28.9 7.3
3005.4 73.4 10.6 18 -7.6 8.9
25.6 15.9 10
607 -33 -117.7 -17.4 -41.6 15.5
2234.5 367.8 9.8 -2.5 -28.7 9.7
3015 67.2 7.8 19.3 -4.8 9.6
21.3 17 11.9
581.7 -17.7 -117.2 -19 -38.3 18
2238.8 368.2 7.7 -2.7 -27.3 9.8
3027.1 65.4 4.8 21.1 -1.8 8.3
17.2 18.7 15.6
546.8 -3.5 -125.6 -9.4 -33.7 13.4
2235.6 386 -0.7 -1.6 -28.6 13.4
3036.6 74.3 -2 27.2 -2.8 14.2
17.3 18.6 15.8
524.1 -9.5 -127.2 -2 -24.7 12.1
2221.4 419.9 -8.7 -4.8 -25.2 10.5
3031.3 100.6 -15.5 37.5 -4.9 17.2
16.6 18.8 17.8
519.2 -14.7 -123.6 -0.2 -20.9 10.2
2209.1 434.1 -8.9 -2.7 -23.7 8.6
3008.6 115.8 -31.1 48.6 -6.8 24
16.9 17.4 16.8
516.9 -16.5 -123.5 1.1 -20.3 9
2200.6 433.9 -6.6 4 -17.8 6.3
2984.3 95.5 -45.6 45.7 -6.4 16.7
17.4 18.1 23.1
517.2 -18 -123.8 1.8 -20.1 8.4
2200.7 422.1 -6 7.6 -14.2 4.2
2973.8 57.7 -63.6 27.2 -17.9 0
18.7 19.8 30.6
515.9 -18.5 -127.5 3.3 -21.7 9
2205.7 408 -8.3 4 -13.6 -0.8
2981.8 36.5 -62.4 18.4 -15.2 -7.5
19.1 20.6 32.8
517.3 -19.3 -127.3 3.6 -22.5 9.2
2216.7 400.5 -0.8 3.4 -18.4 -1
3001.9 35.3 -42.6 20.7 -15.5 -6.1
18.6 21.1 30.6
520.6 -19.9 -123.2 2.1 -21.8 9.2
2228.5 400.9 13.9 -0.7 -19.8 1.8
3024.2 50.6 -12.4 22.2 -12 -0.7
19.7 21.3 32
520.2 -19.5 -127.1 3.3 -24.7 11
2254.5 404.2 24.3 -9.1 -21.5 3.2
3076.9 89.1 41.4 37.7 10.1 12.8
winner is: 8
