Regression analysis information for: S16_selected_tokens_0007
number of formants: 3
number of coefficients: 5
13.9 105.6 153.2
540.3 44 -91.9 -0.8 10.8 2.7
1572.5 -376.7 -184.3 7.6 57.4 169.5
2213.6 -190.5 -183.8 76.3 66.3 199.9
13.9 157.4 259.7
531.5 51.5 -85.3 -1.2 15.4 -5.4
1602.7 -387.7 -141.6 18.2 84.8 124.8
2465.3 -40.5 -121.9 129.2 29.6 213.6
35.8 352.2 320.9
498.2 61.8 -39.6 9.2 -0.5 -8.9
1510.9 -186.5 90.7 178.9 -129.4 196.2
2648.9 112.2 122.3 299 -88.5 222.6
11.7 288.7 266.7
497.2 83.3 -41.6 -10.6 -10.9 -11.6
1179.5 186.7 93.7 263 -148.1 -64.8
2334.1 267.3 427.3 332.7 -238.8 -65.9
22.3 134.1 102.7
486.3 81.8 -41.6 -3.1 1.7 -9.5
1180.1 236.5 118.9 140.5 -147.2 -120.4
2230.6 530.1 422.3 70.7 -117.9 -185
13.4 159.7 233.9
507.8 74 -63.7 -23.9 2.9 -2.9
1623.2 -109.9 114.8 -232.3 24.7 -20.5
2836.9 180.4 214.8 -262.4 87.4 29.4
16.2 10.3 13.2
528 49.3 -75.6 -25.2 12.4 1.4
1751.7 -215.4 -61.2 -49.5 -26.7 -24.3
3031.8 42.1 5.5 7.4 -13.8 -12.3
16.2 10.5 16.2
538.7 36.7 -85.2 -17.4 16 5.1
1747.8 -226.6 -67.2 -50.3 -23.7 -19.6
3025.4 45.7 5.1 5.1 -15.1 -7.9
15.9 12.6 16.9
538.6 34.5 -85.1 -14 17.5 5.5
1751.6 -229.5 -66 -49.4 -22.3 -20.7
3030 42 4 1.4 -16.5 -8.9
15.1 16.4 15.3
531.1 36.1 -73 -16.7 14.2 9.4
1757.4 -224.4 -59.3 -46.2 -21.1 -21.4
3040.1 41.6 6.3 0 -16.1 -14.5
13.2 19.6 16
511.7 48.1 -58.1 -18.3 13.8 10.4
1757.6 -228.6 -51.6 -47.4 -18.4 -22.3
3051.4 46 9.6 1.7 -16.4 -14.3
8.5 24.6 17.1
496.2 53.7 -42.9 -12 10.6 2.7
1755 -218.9 -33.6 -43.5 -16.1 -22.9
3060.9 50.3 18.3 2.9 -13.3 -16.4
5.1 28.6 20.7
483.1 66.4 -42.6 -3 5.9 1.9
1741.5 -213.2 -24.5 -41.8 -14.9 -28.2
3061.1 57.9 26.4 7.8 -12.1 -15.8
4.2 28.3 25.9
479.3 69.8 -39 -1.6 4.5 -0.4
1729.9 -197.6 -16.4 -39.9 -17.6 -31.7
3054.7 69.5 37.7 11.6 -14.2 -18.1
3.6 28.3 27.6
478.5 72.2 -36.7 -0.4 3.3 -1.7
1718.4 -164.9 -16.9 -27.7 -23.5 -29.4
3044.2 91.7 49.8 18.7 -15.9 -21
3.6 27.3 31.8
478.2 74.3 -37.2 0.3 2.1 -2.3
1703.6 -131 -41 -6.5 -45 -18.2
3031.4 121.5 34.6 32.2 -33.2 -18.7
3.8 28.1 32.4
478.4 77 -37.7 0.2 1.5 -3.2
1701.5 -120.5 -51.5 -3.2 -54.4 -21.9
3034 140.3 28.1 33.4 -42.5 -25.7
4 29.5 31.8
481.4 78.6 -36.6 0.7 0.9 -4.5
1713.1 -109.8 -44.7 -1.5 -51.6 -27.2
3049.3 147.7 32.4 31.5 -36.8 -36.1
4.6 31 32.1
483.3 82.2 -36.6 0.1 -0.3 -6.4
1723.8 -111.7 -46.2 -5.8 -57.9 -38.9
3066.3 154.6 27.1 29.8 -45.7 -42.9
5.3 33.6 32.9
487.6 84 -34.2 0.4 -0.9 -8.5
1752.2 -124.6 -22.5 -11.6 -49 -50.7
3091.1 139.8 31.2 32.7 -40.6 -43.5
winner is: 7
