Regression analysis information for: S16_selected_tokens_0099
number of formants: 3
number of coefficients: 5
3.6 95.7 80.2
683.8 -116.3 -40 -19.9 -19.1 4.4
2191.9 55.4 43 -34.1 -75 57.5
2510.6 94.7 -137.4 13.7 -27.4 47.2
3.6 63.3 33.8
683.9 -118.8 -39.5 -20.2 -19.2 4.5
2268.2 57.7 43.2 -28.6 -41.1 33.9
2491.9 100.3 -104.3 3.8 -43 25.3
66.9 273.5 177.6
642.9 -66 -53.4 -36.3 -16.7 5.5
2271.7 354.8 -147.6 -73.8 3.2 -18.5
2814.6 6 -186.6 24.2 -52.7 -61.7
44 251.5 97.7
652.5 -91.3 -88.5 -8.1 -27.3 -5.1
2281.5 83.7 -359.1 -95.8 -92.9 -112.8
2969.1 56.6 -160.9 -38 -42.3 -40.5
27.2 266.4 115.5
658 -122.4 -86.8 -17.4 -52.8 16
2116.7 -116 -683.6 -152.9 -389.5 27.3
2916.9 -6.7 -279.3 -46.9 -162.7 26.4
20.9 247.4 112.3
668.8 -131.1 -69.5 -20.4 -37 16.7
2282.4 64.4 -406.7 -59 -243.6 6.9
2976 38.4 -186.8 -28.4 -102.3 11.9
25.1 90.6 47.1
671.6 -121.9 -69.8 -10.1 -38.4 23.5
2403 197.9 -179.3 37.4 -73.1 42.8
3023 67.4 -90 -12.2 -25.7 11.4
13.2 15.9 11.9
678.6 -130.7 -55 -27.3 -20.5 6.3
2438.2 127.5 -109.5 -25.7 -10.4 -21.8
3038.1 28.2 -50.3 -42.5 -0.2 -20
15 15.8 9.7
665.9 -129.6 -49.1 -35.6 -4.4 4.9
2442.8 126.9 -117.3 -26.1 -14.3 -21.3
3050.4 26.9 -60.9 -42.3 -6.1 -19.4
16 15.7 9.1
643.8 -111.8 -50.3 -45.1 8.6 -1.6
2451.3 125.9 -117.6 -23.2 -14.8 -20.9
3064.7 25 -63.1 -37.8 -8.7 -18.2
16.2 16.4 8.8
622.1 -100 -52 -43.4 15.4 -2.2
2454.5 126.6 -122.4 -25.6 -15.8 -19.7
3075.2 23.6 -66.9 -40.9 -9.7 -15.5
15.1 16.7 7.9
605 -91.2 -53.1 -35.5 12.7 -3.1
2460.8 129.1 -122.9 -27 -15.1 -18.3
3085.2 27.4 -69 -44 -8.6 -12.7
12 17.6 7.4
589.1 -84.5 -54.6 -23.9 11.1 1
2461.5 130.5 -128.7 -31 -16.4 -18
3091 25.6 -73.4 -50.2 -9.4 -12
7.2 18.1 7.4
577.3 -81.1 -54.6 -12.2 8.8 2.4
2465.9 133.7 -131.5 -34.5 -18.6 -17.4
3097.1 28.8 -78.9 -57.2 -12 -11.5
5.5 19.5 9
568.8 -79.5 -51.4 -7.6 6.1 6.7
2462.9 132.4 -141 -39.5 -21.8 -18.2
3095.1 21.9 -91.7 -65.3 -14.7 -14.8
4.6 21 10.7
564.4 -78.8 -49.1 -4.6 4 8
2461.4 132 -146.7 -41.3 -23.8 -16.6
3091.9 18.6 -100.6 -66.9 -15.4 -12.7
4.7 21.2 11.3
563.4 -79.3 -46.9 -4.4 1.7 8.5
2463.2 131.8 -144.1 -37.5 -22.1 -13.3
3091.1 18.3 -99.8 -59.9 -11.6 -7
5 22.3 12.2
561.4 -78.3 -44.8 -4.4 0.7 11.2
2459.5 134.9 -145.3 -34 -21.2 -8.6
3086.7 22.4 -99.4 -51.9 -10.6 1.9
4.6 21.1 11.4
560.6 -77 -42.1 -6.9 -0.4 11.6
2462.1 142 -135.6 -30.6 -18 -5.5
3088.1 36.7 -85.1 -46.9 -8.7 6.2
4.6 20.2 10.9
561.7 -77.3 -41.1 -7.6 -0.3 12
2468.1 146.4 -127.4 -30 -14.8 -3.5
3100.1 45.9 -69.6 -46.9 -3.1 8.5
winner is: 14
