Regression analysis information for: S16_selected_tokens_0102
number of formants: 3
number of coefficients: 5
19 55.5 83.4
913.7 -18.5 -80.1 -1.9 -29.7 -7
1606 122.3 148.7 79.1 -96.8 -18.9
2011.6 232.5 124 96 60.5 33.4
16 48.3 95
920 -19.8 -82.9 0.2 -24.9 -8.3
1645.7 100.9 125.1 34.4 -71.7 -13.5
2107.7 265.1 210.7 120.2 43.6 -6
51.6 72.4 120
850.3 -21.3 43.6 3.4 -112.2 -22.1
1527.5 67.6 333.5 47.2 -141.2 -28.7
2148.7 198.5 334.5 64.3 17.6 -58.9
38.4 101.8 10095.5
771.9 10.8 118.7 -44.4 -56.4 -2.5
1399.8 160.1 342.1 -4.5 93.2 -129.6
2175.4 174.8 440.7 -113.1 142.1 -190.3
42.4 127 10134.3
753.4 49.8 71 -35.6 -38.6 -18
1341.5 210.3 289.6 66.3 124.1 -136.3
2145 193 417 -94.6 192.1 -218.5
104 233.3 10285.8
816.6 -7.9 3.1 16.4 -58.5 -3.6
1312.1 121.7 109 244.4 236.7 -48.6
2186.2 111.4 140.5 164.1 233.8 -165.9
104.1 204.1 238.4
847.2 -38.2 -164.9 133.5 42 53.1
1553.2 43 -108.4 257.4 203.4 175.4
2508.6 -61.3 -116.8 243 148.5 156.3
17.4 16.6 29.9
945 -33.4 -113.3 4.4 -33.4 -5.2
1769.4 110.3 8.3 -4.1 -7.1 -1.7
2736.9 -88.2 53.3 -40.6 -4.3 4.4
19.3 14.7 31.1
947.6 -33.5 -113.5 4.1 -34.1 -6.1
1771.3 104.2 -3.4 -5.1 -4.2 3.7
2742.8 -93.8 36.6 -36.2 -0.7 7.3
25.7 51.8 81.6
938.1 -25.3 -104.8 -7.6 -26.3 -6.1
1757.5 124.3 16.3 -46 5.2 33.7
2729.9 -73.4 59.1 -87.7 8.4 58.1
35.8 69.3 202.6
913.4 -14.7 -76.2 -13.4 -33.5 -15.6
1727.8 128 52.1 -22.5 7.1 -23.2
2622.8 -3.7 174.7 -187.4 82.1 51.4
40.7 75.4 212.1
886.1 -16.2 -64.5 7.6 -29.8 -43.3
1694.5 127.6 97.7 -8 -29.3 -37.7
2569.4 -33.4 270.9 -106.3 -1.4 -58.7
27 60.9 132.7
882.9 -9 -100.8 8.1 -15 -22.3
1692.2 115.7 45.6 3.5 -7.5 10.3
2670.2 -88.7 140.1 -43.7 -14.3 -16.8
26.4 39.4 73.1
877.5 -13.7 -120 17.3 -19.2 -13.5
1684.3 80.2 -28.6 15.6 18.2 44.5
2715 -133.6 53.6 4.2 -18.5 -5.8
22.7 31.5 39.1
882.9 -17.9 -138.1 26.2 -18.8 -8.4
1683 64.8 -65.6 21.6 23.4 61.4
2740.4 -132.6 -9.7 -15.5 5 31.9
19.4 23.3 30.1
889.9 -16.6 -144.4 22.1 -18.4 -2.6
1693.3 66.1 -84.3 7.7 16.8 66.1
2749.8 -128.8 -23.6 -25.1 -4.1 37.4
21 19.7 19.3
894 -14.4 -146.5 14.8 -24 -1.6
1713.4 81.8 -88.6 -5.4 2.1 55.4
2766.6 -127.4 -23.2 -36.6 -13.7 33
24.8 31.6 14.6
896.7 -9.7 -136.8 4.8 -30.8 -2.9
1736.4 109.9 -75.6 -25.6 -26.6 31.2
2782 -121 -14.3 -51.3 -25.7 26.6
28.6 50.4 19.8
896.8 -3.8 -122.5 -3.8 -37 -7.3
1762.5 155.9 -43.8 -42.3 -64.2 -8.8
2793.1 -109.9 2.7 -65 -36.6 17
31.7 63.5 26.5
899.4 0 -108 -7.3 -40.6 -12.1
1792.4 208.3 -0.3 -41.4 -89.2 -44.2
2804.8 -97.2 24.2 -73.2 -46.4 5.9
winner is: 17
