Regression analysis information for: S16_selected_tokens_0017
number of formants: 3
number of coefficients: 5
3.1 9.4 17.3
557.8 31.1 -14 14.8 -2 5.2
1953.6 6.3 -11.6 9.1 -15.8 7.3
2210.3 111.3 -79.2 112.8 34.2 -17.8
11.6 138.1 61.3
542.2 18 -14.8 11.5 -4.7 3.9
1793.3 -286.6 -139.1 28 150.7 195.3
2318.2 44 -155.2 251.9 221.2 135
27.8 174.1 120.6
523.5 16 -7.7 2.3 -25.7 -14.9
1541.6 -525.4 10.9 156.1 -82.9 -154.3
2283.9 -199.9 -183.8 340 78.4 -79.1
7.8 37.9 10001.5
514.9 55.6 -12.3 9.8 -5.8 -3
978.7 163.7 -153.4 -173.9 -171.7 -28.3
1970 -1.3 0.8 6 -3.3 2
11.7 111.4 10062.7
511.2 56.7 -16.8 13 2.3 10.9
1174.6 403 188.9 108.4 26.4 114.3
2110.9 266.9 243.2 201.2 138.5 84.4
23.8 276.7 201.8
511 75.9 2 -11.1 5.1 20.7
1402.2 619.8 -120.7 -10.7 349.9 -28.1
2470.3 462.8 -163.2 60.7 259.3 -50.9
28.3 96.2 69.6
518 86.3 -37.2 28.1 -14.4 9
1741.9 428 -378 307.4 -209.6 112.8
2789.4 224.2 -275.3 215.4 -176.1 96
2.7 1.4 7.4
543.3 47.7 -10.6 7.3 -4.4 6.6
1965.6 -2.6 -0.2 5.7 -3.3 1
2954.1 -103.9 18.7 -14.1 -16.3 9.8
2.8 1.4 7
541.1 44.6 -2.7 1.8 -3.3 6.8
1966.1 -1.6 -0.6 6.5 -3.4 1.4
2961 -98.8 12.1 -11.2 -16.1 9
2.7 1.5 6.6
539.3 41.6 0.9 0.1 -3.5 5.8
1966.5 -1.1 -0.4 6.8 -3.4 1.7
2965.9 -93 10.1 -11.1 -15.7 10.2
3.8 1.8 7
532.9 41.5 2.5 0.7 -3.4 4.3
1965.9 -1 -1 7.3 -3.8 2.3
2972.3 -89.9 7 -10.3 -16.5 13.1
4.4 1.9 8.2
526.6 45.2 1.4 1.9 -3.2 2.5
1964.8 -3.1 -1.4 6.5 -4.1 2.1
2975.5 -92.4 6.1 -11.1 -15.9 15
4.6 1.8 10.3
519.5 50.9 -0.8 4.5 -3.6 1.4
1962.1 -6.1 -1.9 5.6 -4.7 1.4
2971 -103.5 7.6 -8.3 -14.2 16.9
5 2.2 9.2
513.3 58.6 -5.8 8.3 -5.8 1.6
1958.1 -9.5 -4.2 3.5 -7.2 -1
2956.7 -123.2 14.5 -2.5 -17.7 7.3
4.4 2.4 8.4
510.7 62.5 -8 8.7 -5.7 1.2
1955.6 -9.3 -6.1 2 -7.9 -1.9
2949.4 -130.2 14.5 -6.2 -18.5 7.5
3.7 2.5 8.1
509.8 64.5 -8 9.4 -4.8 1.8
1953.3 -4.1 -6.8 2.3 -7.8 -1.8
2941.1 -116.7 19.3 -16.3 -19.2 4.1
3.7 3.2 7.5
509.8 66.3 -9.2 9.5 -5.2 2.1
1952.8 2.9 -9.3 5 -9.2 0
2946.1 -87.8 9.3 -20.1 -24.1 6.1
3.7 3.4 6.5
510.4 67.3 -9.7 9.1 -5.4 2.2
1954.3 8.2 -9.1 6.5 -8.9 1.3
2957.2 -61.2 3.2 -26.3 -27.3 9.6
3.6 3.2 5.5
511.6 68.1 -10.1 8.8 -5.6 2.2
1958.4 12.8 -7.3 8.6 -7.5 2.4
2982.1 -39.1 -2 -29.4 -28.8 10.8
3.7 3.1 5.1
512.9 68.7 -10.5 8.8 -5.6 2.2
1963.2 16.9 -5.3 11.1 -5.7 3.3
3009.5 -21.1 -7.4 -29.4 -27.7 10.7
winner is: 10
