Regression analysis information for: S16_selected_tokens_0035
number of formants: 3
number of coefficients: 5
3.2 116.2 59.7
477.8 -136.5 -20.9 10.6 -3.6 -4.9
1993.9 196.2 -224.6 64.3 -68.5 -97.2
2695.1 -119.8 36.8 -19 -3.7 -97.8
2.7 73.5 77.5
477.2 -137.9 -22.4 9 -4.6 -5.1
2155.6 323.3 -349.9 -138 -126 -45.1
2870.8 -211.8 36 -118.2 -100.7 -30.3
2.7 179.6 51.2
476.1 -139.3 -23.1 9.2 -4.5 -3.8
2090.3 154.3 -509.5 -246 -161 -18
2954.3 -134.3 -22.9 -179.5 -91.5 -51.9
2.2 176.4 55.6
475.7 -139.4 -23.6 7.2 -5.9 -4.3
2102.7 163.5 -493.6 -223.3 -151.1 -4.4
2974.6 -138.2 -62.4 -175.9 -51 -38.9
3.3 170.2 69.1
474.8 -140.5 -24.1 5.4 -7.8 -5.9
2135.3 229 -447 -184.7 -139.4 -14
2996.8 -96.1 -28.2 -137.8 -27 -19.1
7.5 172.8 56.7
475.3 -137.2 -17.4 10.9 -2.1 1.8
2177.5 308.6 -374.4 -115.4 -79.2 30.1
3036.7 -18.9 36.2 -71 30.3 23.8
14 35.9 21.7
478.3 -129.5 -8 18.4 4.2 8
2277.3 499.4 -222.6 -9.2 -32.9 10.6
3067.9 29 73.5 -42.9 43.2 14.8
5.6 36.3 17.6
470.4 -140.4 -14.5 10.8 -5.2 -1.8
2287.7 494.5 -221.4 -15 -37.6 10.5
3075.8 29.9 66.1 -50.9 38.1 12
6.3 37.5 17.2
467.8 -139.9 -10.1 12.3 -4.2 0.8
2294.8 491.1 -221.6 -16.7 -42.5 8.7
3084.2 23.7 61.2 -51 33.6 8.1
6.5 38.7 18
465.5 -139.6 -9.1 9.7 -6.7 2
2294.4 486.9 -224.9 -14.5 -44.1 8.5
3090.7 13.1 61.2 -46.7 34.5 6.2
5.8 43.9 17.6
459.8 -139.9 -10.6 6.7 -8.4 2.1
2301.9 490 -226.1 -4.7 -54.3 14
3100.4 7 62.1 -45.5 30.1 4.5
69.9 50.6 47.5
483.2 -87.8 47.6 62.2 48.4 55.1
2316.4 508.4 -207.2 7 -39.6 28.3
3126.9 42 97.6 -9.9 59.1 40.3
126.4 61.9 78.9
507 -29.6 110.1 122.6 105.9 108.2
2327.3 541.7 -199.3 28.4 -34.1 46.7
3151.2 74.5 129.1 23.3 92 74.8
128.1 56.2 83.6
502 -26.1 117.6 127.4 107.9 109.7
2314.2 597.9 -234.4 46.8 -45.9 37
3147.4 80.8 120.2 32.1 103.8 77.5
167.7 85.6 108.6
523.6 29.5 177.2 182.5 156 154.1
2266.5 699.3 -285.2 63.4 -5 23.7
3106.1 119.5 141 107.4 190.3 105.6
168.4 63.4 109.3
520.8 30.1 179.9 182.7 155 154.2
2183.4 648.9 -254.1 149.2 103.5 35.5
3063.7 143 176.2 106.8 198.7 115.2
169.4 55.6 98.7
520.6 30.3 180.6 182.4 155 154.4
2179.8 651.9 -251 121.2 94.4 30.6
3056.8 153.5 210.9 97.5 194.7 116.9
173.7 83 111.2
524.6 36.8 187.7 187.5 160.9 159.9
2249.9 716 -217.2 103.3 70.5 48.4
3075.1 156.1 240 124.1 223.8 139.3
200.6 80.5 147
556.4 92 245.1 239.6 209.3 202.1
2351.1 760.2 -199.1 63.6 -0.7 41.2
3144.6 161.4 291.6 157.9 254.9 152.8
142.6 155.4 198.6
512 -1.2 157.5 153.3 130.5 131.2
2482.5 504.2 -71.3 -13.5 -66.3 119.8
3334.9 88.8 353.2 -39.7 91.4 149
winner is: 8
