Regression analysis information for: S16_selected_tokens_0024
number of formants: 3
number of coefficients: 5
0.9 18.1 55
558.6 -8.6 -5.7 -2.3 -3.1 -0.9
1803.9 242 -67.6 -8.1 -25.3 32.2
2373.5 -222.9 -198 131.3 10.7 -79.5
1 18.8 42.8
557.5 -9.8 -6.6 -2.6 -3.3 -0.8
1809.6 237.8 -65.2 -8.2 -22.9 32.6
2585.2 -194.2 -169.2 96.7 -68.5 -91
1.3 18.9 45.6
555 -12.3 -8.8 -3.5 -4.4 -1.1
1817.2 231.4 -61.4 -10.2 -19.1 33.1
2835.2 -226.2 -41.8 -66.6 -78.4 -59.3
30 191.7 158
535.4 -5.7 -35.4 -10.6 -11.3 -24.8
1602.9 366.2 -450 43.5 -275.5 -37.8
2621.7 246.3 -445.8 243 -294.6 57.9
32.2 220.3 215.8
531.9 -3.7 -46.4 2.8 -33.4 1.6
1679.6 147 -341.6 -86.9 -260.8 -48
2761.5 -65.3 -235.4 51.2 -221.7 25.1
8.5 73.4 37.6
549.6 -18.9 -14.4 -10.9 -11.1 -7.4
1801.1 175.1 -112.3 -55.1 -66.5 -14.3
2891.6 -160.2 8.3 -27.4 -17 -26.5
2.2 18.4 4.7
552.8 -13.1 -7.7 -5.3 -5.3 -2.3
1823.7 227.4 -66.5 -5.5 -18.9 33.5
2906 -131.1 34 2.8 10.7 1.9
1.8 18.9 5.9
553.2 -12.9 -6.9 -5.1 -4.5 -1.5
1824 226.4 -66.5 -5.6 -19 32.8
2905.7 -130 32 4.1 10.9 0.5
1.4 19.5 7.2
553.4 -11.5 -5.4 -3.6 -2.6 0.4
1824.8 224.6 -66.2 -6.2 -19.7 32.5
2908 -132.4 30.4 4 9.9 -2.1
1.5 18.9 8.4
552.9 -10.4 -4.6 -2.8 -2.1 1.3
1824.5 224.4 -64.9 -6.8 -21.1 34
2911 -135.1 29.4 3.8 10.4 -3
1.3 18.4 7.6
551.3 -10.8 -3.8 -3.5 -1.4 1.1
1824.3 223.3 -57.7 -11.2 -21.2 36.7
2913.9 -135.5 28.7 4.5 7.1 -0.6
1.3 15.8 7.2
548.2 -12.8 -5.5 -3.9 -1.9 0.3
1818.8 229.5 -54.6 -14.3 -23.2 38.3
2914.7 -135.4 36.2 0.5 0.8 4.7
1.2 15.6 7
543.9 -16 -8.5 -3.3 -2.6 -0.3
1804.4 251.3 -65.4 -7.8 -28.8 38.7
2913.9 -132.2 43.1 -4.8 -4 7.6
1.4 16.4 8.8
540.2 -19.9 -11.2 -3.8 -3.3 -1.5
1789.3 271 -77 -3.3 -29.2 33.4
2905.6 -120.4 40.8 -5 -3.7 5.2
1.8 17.2 11.1
537.4 -24.2 -13.7 -4.5 -3.7 -2.2
1779 268.1 -82.3 -3.5 -30.7 25.5
2890 -131.7 39.4 2.2 2.6 -0.9
1.5 17.3 11.5
537.5 -24.2 -13.2 -3.9 -3.2 -1.8
1781.9 259 -81.2 -0.4 -28 24.2
2884.2 -149.1 35.4 12.6 11.9 -5.2
1.6 20.2 16.6
537.6 -24.6 -13.4 -3.9 -3 -1.9
1787.7 251.4 -84.4 1.2 -22.8 21.9
2891 -163.9 26.2 18.7 22.6 -8.2
1.6 24.9 24.8
538 -24.6 -13.4 -3.8 -2.7 -1.9
1796.9 245.5 -88.3 3.4 -15.6 19.5
2906.8 -169 16.5 22.9 32.6 -13.6
1.7 30.1 33
538.6 -24.5 -13.3 -3.7 -2.4 -2
1808.2 240.1 -92.9 6.1 -7.6 16.9
2927.9 -169.7 5.3 26.5 42.1 -20.1
2.1 35.1 42.6
538.8 -25.1 -13.9 -3.9 -2.5 -2.4
1818.3 237.6 -100 9 -0.2 14
2950.8 -168.3 -5.9 30.7 51.3 -27.1
winner is: 13
