Regression analysis information for: S16_selected_tokens_0058
number of formants: 3
number of coefficients: 5
2.4 33.5 18.7
514.6 3.2 0.5 7.2 -4.2 0.8
929.6 -342.2 201.5 -98.6 1.7 1.2
2991.4 213.5 -129.9 3.4 -3.5 -1.3
8.3 46.3 14.2
512 4.4 6 2.5 -6.7 7
916.5 -328.8 217.4 -105.3 -15.9 27.8
2997 202.7 -128.2 11.7 -16.8 5.5
14 49.6 123.3
508.8 6 12.1 -1.9 -10.6 13.2
912.9 -328.1 228.1 -109.4 -23.9 38.7
2946 227.5 -43.1 -55 -69.8 96.3
16.6 52.9 122.1
506.6 7.4 15.1 -4.3 -13.9 16.3
918.1 -344.7 247.5 -118.5 -26.8 40.2
2944 225.4 -37.1 -58.8 -72.7 100.1
17.9 51.9 179.5
503.2 9.4 21.9 -8 -18.2 21.1
907.1 -343.6 262.7 -123.2 -37.7 47.6
2894.4 231.3 67.4 -78.3 -180.3 136.7
15.8 49.1 14.2
505.1 10.7 18.1 -5.1 -15.7 18.3
905.9 -365.7 267.9 -122.1 -32.5 51.2
3005.6 197.5 -128.5 11.3 -16.5 6.5
19.8 53.5 13.2
503.7 8 12.9 -7.9 -17.7 14
895.9 -380.7 258 -133 -36.7 45.8
3007.8 198.9 -124.9 12.7 -15.7 8.8
20.6 48 30.6
490.6 -13.4 -5 -28.8 -34 5.5
855.8 -427.9 239.8 -136 -9.6 76.6
3005.9 195.1 -135 1.5 -29.4 -9.2
18.9 44.5 16.2
486.6 -16.2 -1.8 -31.9 -34.3 10.6
836.5 -421.9 251.5 -135.3 -0.6 83.2
3016.6 210.4 -120.2 17.2 -14.8 4.3
12.4 41.5 13.7
473.4 -24.6 12.4 -24.6 -40.1 11
823.8 -421.7 271.5 -130.2 4.1 66.4
3018.2 212.3 -118.2 16.6 -14.3 9.5
10.2 39.5 13.1
464.8 -27.9 17.3 -16.1 -37.6 7
818.1 -414.9 281.5 -151.2 25.7 54.5
3015 211.3 -115 12.1 -18.4 13.1
8.4 24.7 14.6
458.4 -17.4 19.6 -16.5 -33.3 4.8
801 -391.4 272.7 -168.4 56.4 26.5
3013.3 213.2 -105.1 10 -18.6 12.2
11.6 27.2 17.8
454.7 -11.4 18.6 -9.2 -28.8 8.6
770.9 -342.9 245.3 -170 64.5 4.3
3020 216.6 -110.7 16.7 -7.7 6.8
30.4 167 37
446.2 -5.4 26.2 -17 -29.1 23.9
815.8 -353 119.8 -50.3 86.4 -134.7
3035.7 215.9 -150.8 49.3 13.2 -30.7
21.8 395.4 68.7
463.4 -14.9 -5.4 11.4 -20 -5.4
1034.1 -492.3 -254.1 362.9 115.7 -509.5
3083.7 189.8 -237.5 141.4 19.3 -105.7
20.6 371.4 54.9
471.2 -16.5 -18.2 17.3 -17.1 -12.1
1167.7 -541.8 -506.2 514.5 261.1 -640
3100.2 191 -268 154.8 27.9 -102.7
15.5 303.5 66
481.6 -13.5 -33.3 11.2 -15.5 -14.1
1304.5 -580.1 -749.2 581.3 438.6 -630
3123 191.6 -291 153.4 32 -78.3
14.6 288.1 93.3
479.9 -22.6 -42.1 10.7 -17.2 -17.8
1387.3 -575.3 -895.4 524.8 581.4 -503.3
3148.3 203.1 -313.3 121.8 36.2 -33.5
41.8 473.4 195.1
454.3 -78.1 -69.9 22.3 19 15.1
1763.5 -266.7 -1253.5 -67.5 352.6 -162.8
3272.3 273.4 -429.8 -33.9 0.9 104.3
25.8 357.9 139.8
512.1 12 -38.9 -7.2 -19.5 -13.3
2423.7 563.7 -472.2 205.9 -301.9 -579.6
3333.8 362.5 -39 282.4 -109.2 -30.3
winner is: 12
