Regression analysis information for: S16_selected_tokens_0079
number of formants: 3
number of coefficients: 5
7.1 8.9 10.5
355.5 -24 -23.3 -12.6 -18.9 -10.9
1904.1 61.5 53 -36 4.2 -19.6
2644.2 -7.7 39.7 -22.4 -6.1 0.8
7.6 9.5 12
353.3 -23.1 -22 -11.9 -23.6 -8.4
1905.5 60 53 -37.2 7.3 -21.2
2645.3 -6 37 -22.6 0.2 -1.8
12.8 10.2 13.1
348.5 -30 -30.5 -17.1 -31.6 -9.4
1908.1 57.1 56.4 -39.9 9.4 -22.7
2646.7 -4.5 40.4 -22.3 3.8 -5.3
11.2 9.7 12.4
341.3 -26.7 -27.2 -14.2 -26.2 -10.7
1910.3 58.9 54 -39.3 8.3 -20.8
2657.8 -3.2 39.2 -22.9 1.5 0.1
84.4 42.2 56.6
369.4 51.1 49.3 59.9 56.6 65.3
1931.2 87.1 87.4 -11 39.1 9.2
2697.4 44.4 90.8 31.1 45 49.6
136.9 66.2 92.2
403.6 130.3 127.1 136.4 133.1 132
1949.4 119.9 119.8 19 68.6 37.8
2731.5 93.9 142.2 78.4 86.2 93.9
138.6 69 108.3
401.5 135.5 132.7 141.1 138.2 133.6
1949.2 126.8 121.2 25.4 72.8 42.5
2727.2 116.8 130 93.2 94.7 94.3
159.4 77.2 103.5
434.5 204.5 199.9 202.8 191.1 178.1
1963.6 154 152.9 51.3 97.2 59.6
2763.3 138.5 196.2 134.2 138.8 140.8
159.9 74.3 97.7
432.5 202.4 199.3 201 189.1 177.5
1960.6 152.9 156.8 53.2 94.9 58.2
2763.2 143.3 210.7 148 144.4 143.3
162 74.8 94.6
436.5 210.2 208 207 194.8 181.5
1959.4 163.6 164.8 64 94.3 62.1
2764.6 153.5 228.5 159.9 143.5 146.4
162.2 77.4 84.5
471.7 280 271.7 261.7 236.8 209.5
1977.1 190.7 201.3 83.2 109.3 65.4
2789.8 198.1 282.2 194.3 159.5 151.9
163.6 85.8 78.5
477.5 290.6 281.8 269 243.4 212.9
1978.9 203.9 200.5 84 103.7 61.5
2800.5 221.7 290.4 191.8 153.8 147.1
144.1 93.2 72.6
501.5 338.7 320.8 298.2 258.5 213
1995 238.6 224.5 91.5 113.5 48.1
2824.9 296.9 325.9 205.4 164.5 114.7
151.2 98.7 67.8
508.8 352.7 334.2 310 269 221.2
2007.6 262.6 245.4 104.2 130.3 59
2843.7 336.3 351.4 210.2 171.1 107.6
153.7 127.1 91.2
521.1 374.7 354.5 325.3 280.1 225.9
2056.2 350.6 321.6 172.8 185.1 96.6
2879.4 384.5 384.5 239.3 186.8 115.5
156.2 133.8 82.2
521.8 374.6 354.6 326.4 281.8 228.3
2103.6 394.3 355.8 206.8 231.5 129.2
2931.5 406.8 378.1 239.8 173.8 95.6
140.1 133.1 114.1
558.1 444.1 409.1 363.7 293.8 218.3
2214.6 514.8 452.4 286.2 318.6 170.1
3052.5 483.4 376.7 262.3 185.9 74
162.5 151.7 146.1
519.4 371.5 352.6 325.6 282.8 233.4
2231 459.1 381 252.1 317.4 188.1
3304.3 604.2 231 305.6 343.2 152.6
143.4 145.6 114.3
553.5 445.5 411.1 364.2 293.7 224
2300.9 492.6 420.7 262.2 324.5 170.9
3535.7 656.1 101.5 294.4 269.8 132.2
141.9 145 115.2
554.8 457.4 424.5 364.2 291.4 216.3
2326.6 483.6 417.5 260.8 316.2 171.7
3648 591 77.5 272.1 125.2 195.1
winner is: 1
