Regression analysis information for: S16_selected_tokens_0106
number of formants: 3
number of coefficients: 5
144.2 111.5 10073.8
756.7 58.4 16.4 -79.9 -57 26.2
1286.6 -236.7 200.9 -203.7 119.6 -4.9
1978.4 -180.5 203.6 -83.8 123.7 -19
82 108.4 10050.9
851.5 116.7 -16 -126.8 -58.3 93.9
1413.9 -233.9 141.7 -327.3 -6.2 132.8
1999.5 -266.6 235.7 -150.2 136.9 -57.9
91.8 109.2 102
802.3 -72.5 -200.8 -123.2 14 109.9
1462.6 -304.4 76.8 -289.7 -3.3 190.7
2106.2 -328 254.5 -268.6 66.2 22.5
109.8 123.5 91.6
683.8 -117.3 -6.5 -41.1 -60.2 133.2
1414.4 -367 155.3 -178.3 -13.4 198.1
2117.6 -394.3 271.6 -238.2 95.6 102.9
54 80 75.9
613.5 -104.5 35.2 -16.7 8.8 -16.5
1265.8 -288.1 240.7 -196.6 111.3 -29.1
2073.6 -400 315.1 -187.8 106.4 14.9
99.1 152.3 161.1
796.1 120.5 109.4 -60.8 -158 -54.8
1477.8 101.7 342.1 -298.9 4.1 -120.1
2388.3 130.2 446.2 -340.8 -79.8 -107.4
26 24.8 31.1
970.1 118.7 -92.5 25.4 -36.4 -4
1818.7 -89.5 55.1 -10 11.4 7.9
2798.4 -60.9 33 -24.6 -2.2 -3.2
5.7 13.3 13.5
980.9 115.8 -106.4 27.7 -24 -1.7
1814.3 -82.1 51.1 -21.4 24 2.2
2795 -59 23.9 -36.7 14.4 -8.2
6.2 12.9 14.1
984.9 114.8 -104.7 26.9 -25 -0.4
1820.7 -74.9 51.1 -21.2 21.5 3.5
2804.2 -43.5 30 -35.1 11.8 -7.2
9.4 13.8 17
983.7 119.2 -108.5 28.6 -25.5 2.7
1830.4 -69.2 51.5 -18.7 22.2 5.8
2825.5 -26 36.7 -29.3 12.7 -9.2
14.3 19.1 24.3
969.3 124 -113.2 22.7 -19.7 1.7
1829.9 -64.8 55 -11.2 26.9 10.4
2849.6 -6.4 43.5 -15.4 22.9 -3.1
43.5 103 211.3
916.9 103.8 -105.7 32.8 19.5 -1.7
1729.3 -160.8 45.7 9.9 52.1 -39.6
2702.6 -217.1 12.3 80.3 82.3 -71.2
26 65 139
891.6 114 -103.6 -0.4 -4.8 -14.5
1700.7 -131.8 62.3 -39.9 29.6 -45.5
2650.8 -284.9 -34.4 37.8 88.6 -41.3
30.7 62.1 125.9
881.5 117.7 -92.9 4.7 0.1 -11.3
1685.9 -116.1 67.1 -47.5 37.3 -29.1
2717.3 -170.8 -35.1 -68.1 -0.1 -44.8
14.9 40.8 56.4
902.4 147.3 -92.8 -9.5 -19.4 -11.6
1718.8 -68.9 60.6 -76.7 -7.7 -45.9
2800.4 -55 -21.2 -98.6 -41 -69.6
16.1 43 56.7
914.5 153.2 -102.7 -4.6 -17.8 -8.9
1759.4 -28 78.2 -37.9 21.2 -9.8
2862.2 39.4 60.2 0.2 40.4 6.9
13.8 33 53.3
930.9 156.2 -102.5 12.7 -9.2 -1.5
1788.3 -12.2 86.9 3 44.1 12.6
2894.7 73.2 85.7 48.8 69.3 32.3
13.3 30.1 55.2
937.3 147.1 -107.9 23.5 -6 3.8
1799.1 -32.3 82.5 26 51 22.9
2906.7 68.6 85.4 64.8 75.6 39
13.7 29 59
939.1 136 -110.4 31 -3.3 8.2
1803.3 -55 84.6 40.8 57.4 30.7
2913.2 60.5 88.4 75.3 83.6 45.6
16 32.1 60.8
937.2 126.8 -112.9 32.8 -3.4 9.7
1806.7 -75.5 91.9 43.8 58 33
2917.8 53.9 95.8 79.3 90 49
winner is: 8
