Regression analysis information for: S16_selected_tokens_0009
number of formants: 3
number of coefficients: 5
38 488.9 131.3
488.2 66.1 -28.8 39.7 7.4 14.2
1594.3 322.8 -92.7 175.7 187.7 63.7
2301 142.8 -55.8 105.1 65.5 -6.6
25.8 564.5 248.2
488.2 69.1 -20.7 0.8 3.6 19.1
1373 49.7 -292 54.2 203.3 186.8
2397 178.7 -233.6 7.7 135.9 6.1
21.1 288.9 162.7
481.3 66.8 -16.2 19.8 16.8 7
1063.6 174.3 -419.3 102.4 500.6 126.4
2320 29.2 -311.7 57.4 281.1 101.1
49 333.7 179
451.2 48.5 20.4 37.9 -16 -4.8
824.6 112.9 -63.3 306.9 278.4 -3.4
2246.7 33.8 -109.2 168.8 174.5 15
16 254.5 144.6
497 76.9 -30.9 20.6 -4.8 5.6
1806 454.6 -362.9 -25.2 234.4 -354.8
2833.3 254.3 -147.1 -2.3 131.1 -217.9
10.6 21.2 17.7
517.3 54.3 -25.5 21.4 -6.3 2.8
2105.6 -57.3 -85.3 8.8 -28.6 13.2
2993.5 -38.1 14.1 14.5 -12.6 -7.4
9.1 20.9 17.8
527.4 44.8 -26.1 26.3 -10.1 6
2098.6 -47.7 -87.8 10.3 -30.1 15.1
2983 -24.3 14.3 8.7 -8.6 -9.2
7.3 20.3 14.5
531.5 36.3 -24 27.8 -12.2 8.5
2100.6 -42.8 -89.9 8.9 -29.7 13.6
2984.7 -12.4 11 7.2 -5.4 -10.3
6 19.4 11.8
530.4 29.7 -20.1 26.2 -13.3 9.8
2108.1 -43.5 -89.5 4.9 -28.1 10
2994.2 -8 9.3 8.4 -3.5 -8.6
6.4 19.2 10.4
523.1 31.9 -18.1 25.3 -14.3 11.4
2113.8 -45 -92 4 -27.2 9.6
3006.2 -9.6 8.2 9.4 -4.1 -6
7.9 19.9 9.5
510.3 43.4 -18.4 24.4 -14.8 13.1
2115.9 -46.4 -97.5 6.7 -26.8 12.5
3017.5 -14.5 7.5 11.1 -5.6 -3.8
8 19.1 9.6
495 56.7 -15.8 15.3 -9.4 12
2116.6 -54 -101.3 7 -25.6 14.8
3025.6 -23.1 6.3 13.8 -8 -0.9
4.3 18.8 12.6
481.2 68.7 -12.5 6.2 -4.4 10.6
2113.5 -64.3 -98.4 3.2 -24.6 17.3
3024.6 -34.8 9.5 13.4 -10.2 2.2
4.5 19.7 16.6
474.9 75.1 -12.7 4.7 -3.3 9.1
2103 -65.6 -97.7 2.4 -27.6 23.4
3013.9 -38.3 10.5 8.5 -12.3 1.5
4.9 22.5 22
471.2 80 -13 4.8 -3.6 9.7
2083.9 -53.7 -100.9 6 -36.4 32.9
2989.9 -25.3 8.2 -2.9 -13.2 -3.7
4.7 19.7 18.9
470.4 79.5 -12 3.5 -3.2 8.8
2074.8 -45.6 -93.3 -0.1 -36.6 32.7
2971.5 -2.9 13.4 -12.1 -0.7 -8.1
5.1 22.2 20.8
469.4 82 -12.8 4.4 -3.8 9.6
2062.4 -27.1 -102.3 6.6 -45.3 38.9
2957.2 17.5 5.4 -13.9 -3.8 -8.9
5.2 23.5 21.7
469.5 82.5 -12.8 4.5 -4.1 9.6
2062.5 -16.7 -104.8 8.8 -51.6 39.3
2959.1 28.8 4.3 -9.8 -8.2 -6.1
5.1 22.4 19
470.2 81 -11.9 3.4 -3.7 8.4
2070.3 -15.9 -91.3 -3.3 -47 27.8
2966.1 35.4 15.9 -13.3 0.3 -11
5.3 26.7 19.7
469.7 82.9 -12.3 4.8 -3.9 9.2
2062.1 -7.7 -93.1 9.7 -46.4 30.5
2965.3 39.3 17.7 -1.6 0.9 -10.7
winner is: 13
