Regression analysis information for: S16_selected_tokens_0070
number of formants: 3
number of coefficients: 5
47.9 228.1 150.4
365.3 -14.7 81.2 13.2 -29.8 21.3
1313.2 -219.7 630.1 -13.5 -178.1 135
2122 -197.7 357.2 -8.2 -113.4 67.3
32.4 144.5 87.4
408.4 6.7 32 -18.6 -20.6 37
1543.2 -190.3 276.3 -103.3 -76 145.4
2287.6 -160.6 106.9 -92.4 -32.5 102.9
6.4 15.6 12.3
423.9 2.4 2.5 7.2 -7.4 6.6
1612.7 -239.3 166.7 -1.1 -14.2 1
2329.8 -192.1 44.4 -34.6 6 22.4
6.6 15.5 11.9
420.6 5.4 -3.3 11.6 -10.7 9.4
1619.3 -241.3 175.8 -16 -4.4 -2.6
2334.9 -193.7 50.6 -46.4 11.2 20.5
7.8 17.1 11.2
409.2 -7.3 -14.5 14.4 -11.1 15.1
1634.1 -245.4 174.8 -26.4 6.4 -12.6
2344.6 -193.2 49.6 -54.7 13.8 13.1
8.7 28.9 17.1
390.1 -26.1 -19.4 21.2 -11.3 16.5
1632 -284.9 144 -26.2 18.7 -4.7
2346.6 -209.7 44.6 -53.9 14.8 10.7
11 112.8 26.4
371.5 -25.3 -0.9 19.3 -15.4 9
1510.5 -390.1 293.4 85.2 -117.2 -112.2
2304.8 -246.6 90.7 -19.8 -3.1 -5.4
13.8 128.9 59
361.8 -17.4 7.5 7.5 -12 13
1460.8 -387.3 380.4 35 -176.9 -29.1
2305.6 -258.9 88.3 -3.1 -5.4 -23.6
10.8 65.1 43.7
361.8 -14.5 4.3 7.6 -9.3 8.7
1388.9 -302.8 485 -129.1 -150.2 73.4
2274.9 -215.6 128.4 -83.6 16.6 18.2
11.1 95.6 40.1
362.5 -11.5 2.3 6 -8.2 8.8
1427.3 -272.5 431.4 -148.9 -92.7 46.3
2278.8 -197 121.8 -98.1 22.7 3.6
10.3 202.1 114
367.1 -11 -1.9 4.3 -3.1 6.3
1530.4 -250.5 273.5 -127.8 21.8 -9.9
2334.1 -202.7 24.6 -34.9 65.9 -79.5
10.5 204.7 200.2
371.4 -9 -7 4.1 -1 6.8
1697 -262.5 80.3 -46.8 27.6 -71.7
2450.2 -242.7 -123.1 74.3 23 -197.3
10.4 36.2 149.2
376 -7 -11.6 4.1 1 7.7
1881.6 -226.5 -153.8 -50.5 146.8 -21.9
2560.6 -193.8 -301.8 -30.2 99.4 -114.8
10.4 35.9 121.7
379.8 -5.6 -15.6 3.5 2.5 9.3
1895.2 -215.1 -113.7 -19.2 115.8 -9.8
2596.7 -185.2 -358.3 -63.5 99.1 -63.5
10 49.4 238.9
373.7 -6.9 -8.9 6.7 4.5 11.2
1858.8 -200.2 -139 40.7 222 34.9
2655.3 -224.1 -528.3 12 222.7 -113.6
9.6 188.7 256
367.2 -6.3 -1.8 9.1 -3.6 11.5
1606.6 -258.9 263.4 147.9 -33 -118.2
2471.1 -315.3 -239.2 217.7 120.7 -368.6
10 210 344.1
369.6 -6.4 -3.4 10.1 -2.9 11.1
1736.6 -264.7 162.8 129.5 -5.8 -42.8
2613.5 -265.6 -454.6 54.8 209.6 -189.7
11.8 172.1 303.5
372 -6.6 -3 11.2 -4.5 10.5
1879.9 -268.6 61.4 67.7 55.7 69.7
2783.9 -281.3 -646.7 -29.4 305.5 3.9
11 55.4 318
377.2 -6.2 -6.4 10.5 -1.8 12.1
2004.7 -279.9 -30.3 27.3 173.4 69.3
2971.6 -399.6 -801.2 61 498.8 125.6
11.4 59.6 293.2
381.4 -5.1 -5.9 9.5 -1.9 12.7
2044 -251.6 -5.4 -3.7 142.4 50.4
3140.8 -379.9 -635.5 165.7 605.6 324.8
winner is: 4
