Regression analysis information for: S16_selected_tokens_0088
number of formants: 3
number of coefficients: 5
10 44 44.2
606.2 -98.2 -93.2 31.2 16.3 24.3
2237.9 353.2 -102 -37 -11.9 -8.5
2549.2 131.4 -57 67.6 -66.9 -1.2
9.9 22.1 71.2
603.3 -91.5 -100.3 31.3 14.5 25.9
2288.4 408 -101.2 -65.6 -13.6 23
2735 96.3 -105.9 82.6 -52.5 -13
31.9 312.3 130.3
532.9 -25.6 -143.7 73.4 26.5 10.9
2059.1 545.8 -237.8 308.8 26.4 22.8
2820.7 299.1 -243.1 192.3 -136.1 68.2
31.5 224.9 98.6
496.1 7.7 -140.3 38.7 65.5 17.7
1973.3 798.2 -259.5 -13.5 162.6 -44.4
2681.4 558.7 -316.2 71.5 2.7 -62.1
12.9 109.3 76.8
517.9 10.2 -156.6 36.2 55.2 7
2068.8 793.6 -347.8 9.9 55.5 -114.9
2710.1 543.5 -360.6 96.3 -20.8 -110.7
26.7 106.3 112.6
558.6 -39.4 -129.6 24.6 38.2 33.3
2233.1 514 -210.8 55.9 -122.3 122.7
2902.5 196.1 -165.8 94.9 -159.6 101.5
28.2 18.4 13.8
592.5 -89 -105.5 20 25.6 48.7
2290.1 397.9 -95.8 -55.7 -14.2 19.1
2963.9 72.5 -38.3 -27.9 -39.4 -11.2
22.9 18.3 14.4
603.5 -116.2 -91.1 17.7 29.7 45.8
2291.6 400.2 -97.7 -57.5 -14.8 20.1
2966.5 81.4 -41.7 -28.5 -42.4 -8.6
25.2 18.3 15.8
589.5 -135.7 -73.6 29.4 37.8 40
2298.2 404.5 -99.7 -60.3 -14.7 21.5
2978.5 91.5 -42 -32.3 -44.1 -8.4
30.4 19.4 24.5
560.3 -138.7 -56 33.2 41.5 32.2
2307.3 414.3 -98.1 -62.3 -14.8 22.4
2988.3 94.1 -46 -41 -51.9 -17
31 24.2 28.1
519.2 -97.6 -60.6 44.7 37.5 13.8
2313.3 418.4 -103 -70.2 -16.1 25.6
2969.3 50.8 -64.7 -47.2 -51.2 -24.8
16.1 24.9 29.7
483.9 -43.3 -86.6 50.8 42.6 0
2307 418.3 -100.1 -71.4 -18.6 25.2
2950.1 22.5 -64.8 -41.9 -51.5 -28.1
10.6 21.4 21.5
470.9 -22.5 -95.6 51.6 44.8 -3.3
2295.7 431.8 -96.5 -69.7 -19.4 26.8
2948.1 48.6 -55 -38.6 -55.9 -23.4
10.8 18.8 19.4
470 -20.8 -94.7 51 44.8 -2.8
2290.3 447.3 -96.4 -68.8 -19.4 29.3
2952 102 -53.8 -31.4 -61 -14.9
10.9 16.3 23.9
471 -21.1 -94.3 50.9 44.8 -2.3
2293.7 456.9 -95.6 -68 -17.5 32.6
2973.1 152.5 -39.9 -24.1 -58.2 -5.8
10.7 14.8 27.9
473 -22.6 -94.9 51.1 45.3 -2.1
2302.9 459.9 -97.6 -66.5 -12.9 34.6
3006.1 189.6 -19.5 -14.5 -44.1 7.3
11.4 14.1 27.9
473 -21.3 -96.2 52.2 46.4 -3.1
2309.2 459.7 -104.8 -65.4 -8.5 33.6
3024.6 197 -16.5 -9.1 -36.7 12.2
11.8 14.2 29.5
472.6 -19.1 -98.4 52.9 48.3 -4.9
2318.3 459 -109.2 -63.5 -5.9 30
3053.9 215.1 -1.8 -3.7 -34.9 7.6
11.8 14.4 26.3
468.8 -11.5 -103.2 53.1 52.5 -8.6
2329.9 459.1 -114.1 -65.5 -3.7 29.1
3092.9 239.4 14.6 -6.9 -36.6 4.2
17 17.1 28.9
445.1 29.4 -127.5 55.9 69.1 -31.1
2344.9 457.3 -119.8 -68.1 0 27.1
3150 269.6 40.5 -15.7 -42.4 -4.8
winner is: 14
