Regression analysis information for: S16_selected_tokens_0055
number of formants: 3
number of coefficients: 5
32.2 81.2 149.2
496.3 36.8 -7.7 -5.4 21 -27.6
1237 106 211.2 -33.9 101.5 -67.8
2705.1 42.1 -85.4 -21.2 72.5 -93.2
2 24 12.1
510.2 11.2 3.8 -2.1 2.3 -0.1
1268.3 49.8 242 -23.4 59.6 -4.8
2781.7 -74.6 -18.5 -7.1 -7.7 31
2.1 23.3 11.9
510.2 11.5 3.2 -2.6 2.2 -0.1
1269.6 48.1 249.5 -25.8 64.1 -8.1
2780.2 -75.8 -13.5 -0.6 -5.4 32
1.9 22 10.6
510.3 11.7 2.7 -3 2.5 -0.5
1263.7 55.5 241.9 -26.5 65.1 -10.3
2777.2 -75.6 -12.2 -0.5 -8.7 32.6
2.1 21.9 10.9
510.1 11.8 2.5 -2.6 2.6 0.2
1268.2 56.6 246 -32.4 69.9 -14.6
2779.7 -74.3 -12.1 -3.6 -6.2 28.7
2.3 23.1 11.7
509.4 11.1 2.3 -2.1 3 1.1
1269.3 56.4 245.8 -34.9 72.4 -15.2
2783.8 -70.6 -13.1 -7.1 -5 25.4
2.4 23.7 10.9
508.7 9.3 2.4 -1.9 3.2 1.1
1263.4 55.7 238.2 -33.1 72.4 -12.7
2784.9 -61.9 -17 -11.1 -3.9 25.7
2.9 26.3 12.4
506.1 8.2 3.1 -0.1 2.8 2.6
1258.2 36.2 243.5 -29.1 81.1 -11.3
2792.4 -66.3 -20.3 -13.2 -0.8 25.2
3.6 36 14.4
499.5 8.1 9.1 3 -1.9 3.1
1217.6 -3.6 277.4 21.8 94.7 -39.6
2798.9 -83.5 -27.9 -11.1 11.2 21.9
3 32.1 15.7
491.6 11.7 16.6 -0.4 -3.4 6.1
1194.1 -20.4 305.2 32.4 88.2 -48.1
2789.6 -120.1 -31.9 22.7 21.7 12
3.1 29.5 22.4
484.9 19.1 18.1 -4.8 -0.6 5.4
1176.6 -5.3 309.3 24.2 94.2 -49.7
2786.7 -135 -11.5 34.6 7.5 7.2
3.1 34.9 30
479.1 27.9 17.7 -8.9 3.8 2.2
1157.5 34.7 311.6 3.3 119 -73.7
2785.6 -130.9 10.4 37.7 -13.2 2.6
3.5 38 25.5
476.8 33.2 16.1 -11.6 7 -1.1
1144.9 68.9 301.6 -3.4 136.5 -93.3
2796.2 -103.9 7.4 19 -8.9 0.4
3.8 36.9 23.3
478.6 35.5 14.7 -13 6.8 -0.3
1156.8 85.2 307 -4.3 135.5 -96.5
2827.6 -74.9 -16.6 2.5 -0.4 2.2
4.1 40.3 24.9
480.4 38.7 12.3 -15 6.7 0.4
1158.7 109.8 302.6 5.2 134.3 -100.2
2862.2 -42.3 -41.4 -18.2 2.9 1.7
4.6 59.7 28.7
481.5 41.2 11.2 -15.2 7.4 1.2
1151 127.8 313.6 41.6 142.5 -109.9
2889.1 -3.5 -57.9 -42.1 -1.8 4.8
9.2 147.2 57.5
479 40.4 15.1 -9.9 9.4 -1.3
1230 228.9 258.4 -96.5 41.3 -66.2
2915.2 47 -76.4 -109 -27.7 41.2
11.2 129.7 94.2
476.9 40 15.3 -6 12.7 -0.9
1197.2 215.3 252.2 -29.9 100.1 -29.6
2921.3 79.4 -97 -134.3 -29.4 73
8.9 240.2 138.1
479.5 45.3 15.4 -10.3 7.4 -3.8
1311.8 346.2 193.1 -219.1 -40.7 4.1
2967.9 145.3 -124 -203.2 -95.1 55
6.6 266.2 187.1
483.7 47.4 13.4 -12.3 8 -2
1358.9 399.3 195.4 -256 -59.3 17.4
3046.5 192.2 -178.2 -284.4 -132.3 78.6
winner is: 4
