Regression analysis information for: S16_selected_tokens_0037
number of formants: 3
number of coefficients: 5
6.8 60.7 39.6
507.1 -104.6 -24.3 -16 -14.9 -7.7
1946.9 355.8 -113.3 73.3 -36.4 -96.3
2459.5 54.4 122.5 -81.3 15.1 67.1
7.2 52.5 87.7
506.5 -107 -26.4 -16.7 -15.9 -8.4
2074.8 438.9 -181.5 41.5 -37.1 -109.9
2544.7 4.9 116 -19.5 31.6 -9.2
12.2 188.6 82
502.8 -115.3 -32.8 -22.6 -21.9 -13.5
2091.2 207.9 -409.8 -154.6 -250.6 -147.6
2888.8 -68.1 32 -45.9 -13.1 -148.9
7 41.2 36.6
503.1 -113.2 -27 -15.3 -15.1 -7.1
2217.6 399.4 -186.7 50.8 -72.4 41
2970.9 -47.4 90 -35.6 7.3 -47.3
6.4 33.2 19
501.6 -114.7 -25.8 -12.5 -11.4 -5.4
2243.2 385.7 -153.4 55.4 -64.8 64.3
2982.8 -34.3 104.6 -21 12.4 -27.9
6.6 36.8 18.8
503.1 -112.6 -25.4 -12 -10.9 -5.9
2248.1 373.1 -140.3 46.9 -68 71.5
2984.4 -37.2 107.2 -25 11.5 -26.6
7.3 36.3 20
506.1 -109.9 -27.2 -14.5 -13.5 -7.3
2233.5 380 -141 43.6 -62.6 67.9
2979.7 -46.1 110.2 -24.8 15.6 -24.3
7.2 29.6 18.7
508.6 -107.3 -27.1 -15.5 -14 -7
2225.2 389.2 -140.2 42.6 -53.3 60.8
2973.6 -41.8 108.9 -19.6 17.2 -25.7
6.6 27.4 17.8
506.4 -111.9 -30.1 -16.6 -14.8 -6.3
2224.2 399.7 -144.7 41.5 -49.4 51.6
2978.2 -37.9 111.3 -21.7 16.9 -29.5
4.9 29.7 17.6
501.3 -117.8 -29.7 -14.9 -12.1 -2.4
2238.9 396.2 -142 41.6 -49.1 52
2984 -31.3 110.6 -23 14 -32.9
4.3 40.5 17.3
487.2 -130.2 -25.7 -11.1 -9.6 3.6
2258.5 398.6 -145.4 41.8 -56.1 47.3
2997.5 -30.5 114.8 -31.1 9.8 -39.3
5.2 57.1 23.1
472.4 -133.6 -11.8 -6.4 -11.7 4.5
2291.2 393.3 -142.4 43.2 -66.1 58.5
3003.4 -32.4 118.1 -35.9 8.2 -40.7
6 83 39.8
461.5 -132.2 -3 -7 -13.5 5.4
2296 419.1 -145.8 35.6 -88.2 93.9
2984.3 -62.7 126.4 -37.6 19.7 -20.3
6.3 110.9 57.8
456.5 -128 0.2 -8.3 -12.2 5.3
2260.7 461.4 -155.7 47.7 -116 159.8
2940 -109.5 121.4 -28.6 38.2 -2.2
6.4 118.4 51.9
453.6 -126.6 0.6 -9 -11.7 5
2214.1 504.7 -137.7 60.5 -121.8 163.6
2926.4 -113.8 137.5 -12.4 50.1 -7.8
6.9 124.3 48.5
452.2 -124.6 0.5 -9.3 -11.3 5
2188.7 564.9 -124.6 58.3 -117.9 153.2
2923.4 -97.1 150.1 5.7 58.7 -11.3
7 134.1 42
452.2 -122.6 1 -9.7 -10.5 4.6
2196.3 573.8 -115.5 54.9 -107.7 161.1
2942.5 -55.6 171.1 13.7 52.6 -26.2
6.3 85.1 49.5
451 -121.6 -0.8 -9.6 -10.4 3.4
2088.8 786.1 -227.3 41.9 10.8 -7.1
2963.5 -3.9 198.2 28.6 55.2 -33.7
5.9 68.2 47.9
450.9 -119.7 0.2 -10.6 -8.8 2.3
2080.9 782.4 -209.8 27.9 25.2 -23.3
2975.8 16 207 21.3 49.7 -49.8
5.9 80.9 51.9
452.2 -121 0.8 -11.3 -8.3 1.7
2101.9 788.6 -233.2 39.5 40.7 -44.4
3019 64.2 242 12.8 42.1 -63.3
winner is: 9
