Regression analysis information for: S16_selected_tokens_0097
number of formants: 3
number of coefficients: 5
5.5 25.6 71.6
722 -56.1 -32.6 22.3 -23.4 28.9
2143.4 160.8 -90.2 -14.1 -9 20.7
2452.2 176.4 -92.7 54 -57.4 45.3
47.2 216.7 162
686.3 -33.6 20.1 -40.5 -23.2 88.2
1997.4 297.9 128.7 -292.3 13.9 251
2687.5 358.3 -101.2 -39.3 -50.2 107.8
55.9 215.8 134.9
664.4 3.6 -33.1 15.5 -33.1 54
2031.6 344.8 -90.3 -59.6 -30 68.3
2761.1 301.2 -175.8 72.6 -93.4 62.6
24.3 58.5 67.8
667.2 20.2 -90.9 76.1 -53.9 34.9
2030.8 426.6 -290.1 125.3 -75.4 23
2762.5 348.9 -280.7 170.7 -121.4 39.1
20.9 61.1 69.5
678.6 12.7 -96.4 76.6 -53.9 35.9
2040.6 403.1 -272 120 -76.4 29.4
2764.1 333.5 -265.6 172.2 -126.4 51.3
22.3 81.7 94.2
690.4 -3.2 -85.9 65.9 -49.6 39.5
2055.1 375.7 -253.3 112.1 -75 30.9
2794.7 266.6 -210.8 138.4 -106.5 42.2
22.4 79.2 86
706.2 -40.8 -41.6 27.5 -29.7 41.7
2129.5 241.7 -145.6 40.7 -44.9 39.6
2892.4 90.9 -65.5 32.5 -47.8 29
27.3 22.1 15.5
695.9 -54.7 7.3 -13.6 -9.5 48.2
2171.5 169.1 -79.4 -19 0.3 10.2
2943.4 13.8 1.6 -31.2 -0.6 -3.7
30.4 21.5 22.3
671.6 -62.3 51.8 -33.1 -0.6 48.2
2176.9 171.3 -79 -21.9 0.9 8.6
2949.3 29.9 1 -41.6 2.2 2.4
32.1 21.9 27.2
647.3 -70.9 83 -30.7 -0.6 39.1
2180.6 175.2 -78.2 -24.5 1.1 9.5
2960.3 43.8 2 -47.9 3.3 7
31.9 23.2 25.4
627.2 -65.3 92.2 -22.8 -6.6 32.2
2179 176.8 -78.1 -25.4 0.1 12.6
2972.6 47.7 -0.7 -47 5.6 7.6
37.3 24.3 22
604 -29.8 62.2 6.3 -26.8 43.8
2173 172 -78.5 -23.7 -2.5 13.2
2974.8 30.6 -6.4 -40 4.1 -4.1
12.5 24.1 25.3
575.3 18.3 28.7 20.3 -19.1 19.6
2164.7 167.7 -78.5 -20.5 -3.6 12.8
2958.3 10.2 1 -31 5.6 -5.5
9.4 23.2 24.8
570 30.2 19.5 24.4 -18.6 15.8
2160.8 175.8 -84.6 -14.7 -4 14.7
2956.7 13.2 1.7 -26.6 4.6 -2.5
9.5 22.7 25.2
571.6 30.9 17.4 25 -18.8 16.4
2166.1 183.8 -88.1 -12.7 -2.6 16.1
2966.9 32.4 -3.5 -25.7 6.3 3.3
9.7 22.8 24.6
574.1 30.6 16.8 24.4 -19.1 17.3
2175.4 190.9 -89.3 -13.6 -1.8 15.6
2984.2 50.4 -6.1 -30.2 7.3 4.4
9.2 22.6 25.1
576.6 29 18.1 21.9 -18.3 17.7
2185.9 194.7 -88.4 -17.6 -0.4 14
3002.3 64.8 -7.4 -38.5 8.5 6.8
9.4 23.1 25.1
577.7 29.8 18.4 20.4 -19.1 18.5
2194.1 200.9 -88.3 -21.6 -0.3 13.2
3018.6 77.3 -7.8 -47.8 8.8 6.9
10.8 24.5 26.1
577.5 32.7 18 20.1 -22 20
2200.2 208 -90.8 -23.1 -2.3 14.2
3032.8 87.7 -10.3 -55.1 6.6 8.6
12.3 26.2 25.1
576.2 34.7 19.8 17.1 -22.7 21
2205.9 209.4 -93.6 -26.3 -4.8 11.6
3042.9 89.6 -16.7 -64.7 1.7 5.7
winner is: 17
