Regression analysis information for: S16_selected_tokens_0026
number of formants: 3
number of coefficients: 5
13.2 107.4 106.2
570.6 -65.9 -50.5 -29.1 -16.3 -7.7
1771.7 102.2 -93.8 80.5 74.2 122.6
2360.1 -13 -124.6 249.2 -46.7 10.1
10.8 36.1 109
574.5 -59.8 -49.4 -34 -26.1 -19.1
1867 232.2 -65.8 13.6 -28 27.7
2483.6 -140 -137.1 368.7 -32.9 69.6
11.2 36.8 200.9
574.4 -59.1 -48.4 -34.9 -28 -20.4
1903 271.4 -75.1 -8.2 -82.6 -16.3
2810.2 -1.6 -95.7 195.6 -207.9 -22.4
10.3 46.4 109.1
571.7 -63.1 -50.5 -36.8 -29.7 -21
1907.7 243.2 -78.8 -40.9 -75.6 -39
2944.9 -173.5 14.2 -74.6 -85.5 -112.2
31.3 123.4 84.7
560.4 -69 -30.9 -12.5 -28.7 -42.1
1877.2 220.6 25.5 81.3 -53.1 -113.2
2984.8 -157.8 126.9 -22.1 -3.1 -108.8
30.2 164.8 96.9
559.6 -67.6 -27.1 -11 -31.9 -44.9
1850.7 201.3 67.2 124.8 -71.7 -165
2984.7 -142.6 180.7 30.5 11.4 -116.1
11.1 22.1 32.6
573.8 -56.4 -44.2 -33 -27.7 -20.3
1927.8 256.8 -52.7 -11.1 -56.4 -9.8
3032.7 -117 102.5 -59.6 22.3 -16
11.2 20.4 34.2
573.1 -59.1 -47.3 -36 -28.6 -20.1
1920.8 260.8 -57.8 -3.9 -56.2 -8
3027.7 -121.4 104.8 -54 23.2 -17.3
11.4 19.7 32.4
574.7 -56.2 -45.2 -35.4 -27.7 -19.3
1923.6 259.3 -55.3 0.3 -59.1 -7
3026.6 -114.7 103.7 -47.3 20.4 -21.7
10.4 21.2 27.2
571.5 -60.8 -48.8 -38.6 -29.3 -19.7
1926.1 261.9 -57.3 -3 -60.7 -9.3
3037.3 -116.8 107.3 -48.1 17.4 -22.1
9.9 23.2 23.6
570.4 -59.7 -47.2 -38.4 -28.6 -19.1
1932 263 -52.9 -5.6 -65.7 -11.3
3046.7 -110.3 107.9 -46.9 13.5 -25.1
6.7 26.8 18.2
563.6 -67.5 -51.7 -40.5 -27.9 -17.4
1931.6 273.3 -53.4 -17.2 -68.1 -18
3061.9 -108 114 -51.4 6.6 -28.1
5.5 31.8 19.8
559.2 -69.9 -50.1 -36.1 -24.4 -15.7
1929.3 290.2 -49 -29.7 -74.6 -27.6
3069.1 -93.8 119.8 -57.7 2.8 -31.7
3.7 51 43.1
549.5 -80.6 -52.5 -30.5 -17.3 -10.9
1921.4 347.8 -44.5 -73.4 -97.2 -67.2
3066.6 -71.7 146.6 -72.4 -0.9 -44.8
3.6 39.9 124.2
546.4 -82.9 -53.2 -28.2 -16.2 -10.3
1861.9 312.3 -48.8 -9.9 -25.7 -19.4
2953.8 -216.3 95.3 -50 83.8 61.8
4.2 41.3 116.8
545.1 -83.3 -54.4 -27.2 -16.4 -9.9
1829 318.7 -70.6 38.3 -13.1 11.7
2946.7 -210.1 94.5 -44.6 89.5 49.4
4.5 38.5 99.7
546.8 -79.6 -52.7 -25.4 -16.2 -9.4
1834.7 340.8 -83.3 47.9 -35.6 9.7
2957.6 -181 85.8 -37.4 80.3 32.5
9.2 45.6 62.5
543.5 -85.4 -59.5 -30.4 -21.4 -13.7
1859.2 392.8 -98.9 27 -85 -21
2994.2 -123.2 94.2 -25.1 67.9 8.9
7.1 71.2 71
547.1 -79.9 -55.4 -27.5 -19.3 -12.2
1896.4 416.3 -97.8 1.2 -122.1 -51.4
3100.7 36.2 148.2 -46.8 -37.8 -130.6
77.7 89.2 116.8
582.1 -11.7 13.7 41.2 50.4 55.8
1926.5 453.8 -77.5 35.8 -89.6 -9.1
3181.7 125.4 219 7.2 23.5 -65.4
winner is: 12
