Regression analysis information for: S16_selected_tokens_0030
number of formants: 3
number of coefficients: 5
19 31.9 50.4
552.9 -59.3 -37.9 -19.3 1 15.7
1899.2 306.3 -64.3 38.8 -44.3 28.8
2297.7 51 215.4 28.7 69.7 -19.7
18.1 25.1 112.3
550.8 -65.4 -43.6 -23.9 -2.6 13
1975.2 280 -112 26.3 -8.1 8.7
2693.5 -255.3 161.7 -9.9 -8.1 17.1
19.3 27.2 77.2
549.9 -67.3 -45.4 -24.8 -2.7 13.6
1984.4 269 -110.2 27.8 -8.9 2.7
2868.1 -186.5 -45.9 -80.8 -12.3 -70.1
20.4 28.4 68.2
549.6 -67.6 -45.5 -24.6 -2 14.7
1983 269.6 -118.6 30.5 -10 4.1
2892.2 -164.6 -59.2 -119.4 -47.5 -87.4
22.1 50.6 67.4
549.2 -68 -45.1 -23.5 -0.1 17.1
1966.8 254 -143.1 21.2 -11.1 13.2
2891 -160.3 -56.1 -105.8 -27.4 -63.2
19.7 27.9 58.8
547.5 -71.6 -48.5 -26.9 -3.2 14.3
1983.9 281.7 -115.3 34.7 -9.7 10.5
2916.2 -99.4 -13.8 -62.6 -3.4 -41.9
23.8 21.4 38.3
549 -68.7 -44.8 -22 2.3 19.5
1985.7 295.2 -99.7 39.5 -7.5 13.5
2945.5 -47.8 42.9 -23 29.2 -20.5
22.6 19.8 23.4
548.5 -69.6 -46.7 -23.9 -0.2 16.7
1989.4 288.5 -91.4 37.1 -4 15.6
2958.7 -38.6 67.6 -14.7 38.6 -17.6
21.5 20.1 21.2
546.5 -72.3 -50.7 -27.4 -3.9 13.2
1996.8 280.6 -87.5 37.2 -2.1 16.5
2965 -49.1 73.3 -17 40.1 -15.7
21.2 22.5 18.4
543.2 -74.6 -54.6 -30.2 -6.7 11.2
2006.6 272.6 -87.8 39.4 -3.1 18.1
2976.9 -62.6 80.9 -22.3 40.7 -15.5
15.2 30.7 18.1
538.6 -77 -58.3 -35.2 -11.6 6.9
2012 275.6 -104.2 54.6 -15.7 31.2
2985.8 -66.2 79.7 -22.7 38.5 -13.5
15.5 44.3 17.1
532.1 -77 -55.7 -35.2 -7.7 10.2
2005.6 301 -137.5 77.8 -35.6 47.8
2994 -66.2 77.2 -26.6 33.6 -14
16 56.1 18.9
525.1 -77.9 -48.7 -31.6 -3.1 14.2
1982 342.9 -154.4 61.2 -19.4 39.3
2989.7 -50 74.5 -41.7 35.6 -17.2
14.7 58.5 19.3
519.4 -81 -45.2 -28.5 0.3 15.6
1920.7 414.5 -136.2 2.8 15.1 13.5
2975.3 -30 84 -65.5 39.6 -21
19.5 60.9 22.5
517.4 -79.9 -38.5 -21.2 7.3 21.6
1842.4 467.7 -66.1 -30.2 -42.1 43.4
2958.4 -25.8 105.8 -81.5 35 -18
12.4 55.2 26.6
511.2 -90.2 -48.5 -30.4 -2.4 11.7
1831.3 473.5 -63.2 -22.3 -46.4 36.9
2943.8 -30.2 107.9 -59.9 47.5 -17.7
12.6 49.8 29.6
506.2 -100.2 -57.9 -38.9 -11 3.6
1830.5 472.1 -72.6 -2.2 -48 41.8
2933.7 -47.6 112.6 -34 66.2 -12.6
131.3 83.6 111
571.8 27.4 68.4 82.4 104.9 110.2
1872.1 512.3 -43.4 67.5 -0.6 86.4
2993 54.8 220.7 80.9 170.2 80.8
169.9 87.9 143.7
603.1 87.1 128.5 143.2 165.7 170.4
1916.5 523.1 -47.4 116 27.2 111.8
3037.3 125.8 279.8 139.6 222.7 143.1
184.1 89 160.9
633.3 144.5 183.1 195.8 211.2 207.8
1969.2 533.3 -77.2 169.1 53.2 115.6
3078 194.3 336.7 179.7 256.1 180.8
winner is: 10
