Regression analysis information for: S16_selected_tokens_0004
number of formants: 3
number of coefficients: 5
17.6 171.3 142
519.4 78 -68.3 6 -6.4 -26.6
1299.3 -29.5 -194.1 -15.2 -210.6 -205.8
2046.4 -177.1 -186.8 164.5 -93.9 -98.6
13.7 215.3 214.7
522.6 88 -51.2 23.6 1.4 -20.9
1513.2 336.6 -30.2 84.6 -169.3 -187.8
2296.2 146.5 -115.6 123.7 -187.9 -145.7
8.2 95.4 85.5
526.1 91.2 -57.2 18.1 3.3 -12.7
1651.7 399.9 -318.4 -18.6 119 -119.1
2429.8 188.6 -396.1 72.9 102 -128.3
7.4 112.4 100.6
529.4 86.1 -55.6 18.7 1.2 -10.4
1690.8 358.7 -351.4 61.7 58.2 -148.5
2482.4 129.6 -409.2 157.4 -0.5 -111.7
6.9 72.6 78.8
534.1 78 -52 19 -1.3 -7.5
1820.1 164.1 -285.5 156 -143 75
2623.6 -74.9 -324 223.3 -196.9 130.4
6.8 104.8 121
539.8 67.9 -46.3 17.6 -2.9 -5
1876.6 63.7 -205.7 107.4 -137 113.6
2701.7 -205.9 -209.7 121 -147.5 140.1
7.3 6.9 11.4
544.5 59 -39.9 14.3 -2.1 -4.4
1940.8 -63.7 -84.8 -16.1 -24.1 3.3
2778.8 -344 -80.5 -30.8 -7.3 5
8.6 6.7 8.4
543.9 59.5 -39.1 12.5 0 -6.2
1942.9 -63 -85.6 -16.9 -25.2 3.2
2789.9 -342.6 -91.1 -32.2 -11.1 10.2
7.9 7 8.4
540.3 64.6 -40.3 10.8 3.3 -9.9
1944.8 -62.3 -84.7 -16.2 -25.9 3.3
2802.4 -347.9 -96.7 -25.5 -15 16.3
8.6 6.7 8.8
533 75.7 -43.6 7.7 8.3 -13.4
1945.5 -61.6 -82.4 -16.9 -25.5 2.8
2821.5 -371.5 -89.6 -19.6 -20.6 17.9
8.4 7.8 13.1
528.2 83 -46.5 7.7 8.7 -13
1940.9 -57.2 -81 -16.5 -28.5 3.8
2818.8 -386.1 -57.8 -22.1 -34 12.4
7.9 7.8 13.8
526.6 85.6 -47.4 7.5 9.5 -13.5
1939 -52.8 -78.3 -17.8 -26.3 3.5
2807.4 -375.5 -41.3 -35.9 -25.6 17
7.7 8 13.1
526.4 86.7 -48.1 8 9.1 -13.5
1943.3 -44 -76.9 -19 -28.4 0.5
2817.8 -351.5 -43.9 -51.6 -23.4 7.3
7.5 8.4 12
526.3 87.9 -49.1 9 8.7 -13.4
1946.6 -36.9 -77.2 -17.1 -28.2 -1
2828.7 -335.9 -55.1 -51.2 -14.6 -0.9
7.3 8.7 10.1
526.8 88.1 -49.6 9.6 8.3 -13.3
1953.4 -31.4 -78.9 -15.4 -29.5 -2.6
2860.4 -332 -78.1 -42.5 -18.6 -4.1
7.4 7.8 12.5
527.1 87.8 -50.4 10.7 8.3 -13.2
1952.1 -36.4 -83.4 -6.8 -23.7 1.2
2866.5 -347.2 -108 -3.1 -8.1 2.8
7.4 8.3 13.6
527.9 87.8 -51.1 11.3 7.9 -13.2
1961.3 -30.7 -89.2 -9.1 -27.8 1.1
2908 -338.5 -148.7 -1.6 -20.4 15.2
7.4 8.4 9.7
528.9 88.4 -51.7 11.4 7.8 -13.2
1975 -16.5 -91.6 -12.8 -32.1 1.6
2963.3 -303.1 -192.4 -27.2 -35.8 34.6
7.5 9.2 10
530.6 89.7 -51.7 11.4 7.6 -13.2
1994.5 4.6 -87.2 -15.8 -36.8 1.4
3060.1 -231.8 -225.3 -91.7 -81.9 48.3
7.6 9 29.5
532.4 91.9 -50.9 11.4 7.5 -13.2
2012.3 26.4 -77.2 -15.5 -38.1 2.6
3165 -109.2 -176.5 -112.6 -124.9 15.1
winner is: 9
