Regression analysis information for: S16_selected_tokens_0048
number of formants: 3
number of coefficients: 5
23.1 58.8 10173.4
351.9 2.2 89.5 -34 7.2 -31.5
645.4 -198.8 181.8 -133.5 107.4 -75.8
1768.6 45.5 121.3 -172.7 162.3 -203.1
20.7 56.1 10154.9
347.3 -5.9 82.8 -31.9 11.9 -27
654.3 -209.5 194.5 -142.5 113.9 -83.9
1811.9 -172 99.1 -200.3 326.7 -185.7
21.4 57 10238.6
349.6 -7.3 78.5 -26.6 10 -24
652 -202.6 188.2 -137.2 111.2 -87.3
2048.3 -320.8 -140.2 93.7 274.1 -227.2
22.5 57.6 233.4
356.7 -9.4 78.9 -21.4 7.6 -19.6
654.5 -208 186.8 -131.5 103.1 -83.1
2226.5 -387.2 -247.9 201.9 222.6 -146
24.7 63 251.8
363.2 -4.2 81.3 -16.9 4.9 -14
660.8 -227.3 197.2 -140 104.9 -85.6
2337.4 -310.9 -259.8 207.3 248.5 -18.3
24.7 47.5 316.2
377 -1 95.3 -14.6 -1.5 -8.3
655.9 -233 189.1 -133.3 93.9 -74.7
2454 -224.6 -165.2 244.2 299.6 53.9
25.6 34.6 46.5
398.4 12.7 112 -22.7 -24.8 -11
655.5 -247.5 189.9 -133.4 88.2 -61
2879.6 126.7 -31 18.6 -154.8 56.2
23.5 27.4 46.6
410.3 26.5 114 -34.5 -36 -7.2
673 -249.6 198.7 -149.8 63.4 -62.8
2886.7 139.8 -30.7 28.1 -158.1 64.3
33 44 47.9
399.5 28 123 -26.4 -28.9 -23.5
657.4 -215 181.6 -147 70.5 -84
2910.7 148.7 -5 28 -167.1 70.8
27.8 81.2 65.6
384 40.2 107.6 -19.8 -21.2 -29.9
616.7 -151.7 129.9 -117.5 79.2 -105.6
2891.8 204.1 14.4 -10.4 -147.5 56.1
11.9 65.1 72
365.8 43 86.5 -9.1 0.8 -14.9
605.8 -149.4 112.1 -93.7 73.8 -71.8
2851 210.6 50.4 29 -152.9 33.3
12.1 58.9 81.4
362.8 42.1 80.1 -8.2 -1.6 -12
607.8 -147 113.2 -91.7 68.8 -67.6
2858.2 172.2 -3.8 87.3 -166 53.1
13.3 56.2 83.1
361.7 37.1 81 -9 -0.9 -11.2
601.3 -131.1 106.1 -82.2 59 -61.4
2882.6 112.6 -76.8 127.2 -168.5 60.3
18.6 67 100.3
359.7 24.2 91.8 -13.3 -7.4 -7
592.8 -108.7 103.2 -74.9 55.1 -66.4
2909.9 28.9 -186.8 156 -162.5 60.9
36.2 250.9 108.8
347.2 26.9 105.4 -11.4 -16.1 -9.2
736.3 -273 122.3 -146.8 198.2 -57.2
2991.5 -8 -232.1 158.2 -74.5 30.3
59.6 552.5 129.6
401.1 16 21.2 -0.9 63.1 -32.2
1171.3 -383.3 -553.2 -98.1 765.8 -163.5
3138.4 4 -338.9 186.6 -5.1 -52
65.9 616.6 139.2
399.4 -23.7 11.1 1.4 84.5 33.2
1292.8 -291.9 -79 -199.8 620.3 629
3236.7 149.9 -225 178 -93.5 31.1
72 772.7 238.4
446.8 -4.5 11 -4.6 56.1 17
1631.4 -195.9 -177.3 -143.6 438.6 220.5
3410.7 108.8 -318.7 336 -57.6 -79.2
48 644 163.1
475.5 23 17.4 -14.8 35.9 9.8
1673.1 -73.8 -189.2 -462.5 167.5 224.6
3414.6 73.7 -205.3 214.4 -52.4 -64.8
46.3 668 217.6
479.7 25.4 17.9 -22.2 31 10.6
1771.1 -67 -181.2 -441.5 29 221.5
3468.6 37.6 -236.1 262.3 -109.6 -66
winner is: 8
