Regression analysis information for: S16_selected_tokens_0032
number of formants: 3
number of coefficients: 5
0.9 17.8 103.4
552.4 -14.6 -4.1 -3.4 -2.2 -1.6
1663.1 -53.8 -74.6 -22.2 -50.4 -6.4
2536.7 266.5 -71.2 -1.4 93.1 -155.3
0.9 18.5 15.1
553 -13.9 -3.7 -3.2 -2.1 -1.5
1676.8 -50.3 -68.2 -26.5 -49 -4.1
2803.9 -77.1 22.4 -9.5 3.1 -14.9
0.8 14 14.4
552.7 -14.4 -4 -3.4 -2.1 -1.4
1677.7 -67.4 -77.3 -34.3 -45.6 -4.2
2804.6 -77.3 20.6 -9.8 2.2 -14.6
0.7 10.4 15.1
552.7 -14.2 -3.8 -3.2 -1.9 -1.3
1664.1 -77.1 -81.6 -30.7 -42.4 2.9
2802.1 -84.9 18.3 -11.3 2.2 -13.5
0.7 10.7 15.2
552.8 -13.9 -3.8 -3.2 -1.9 -1.3
1656.4 -68 -81.7 -26.1 -43.7 1.7
2798.9 -83.7 21.2 -10 1.1 -12.1
0.7 11.7 14.2
552.9 -13.9 -3.8 -3.3 -1.9 -1.3
1655.2 -59.8 -82.3 -27.3 -42.1 -2.6
2797.6 -78.9 21.9 -10.2 1.6 -13.2
0.7 11.5 14.4
552.8 -14.1 -3.8 -3.2 -1.9 -1.2
1658.8 -53 -84.2 -29.1 -41 -6.9
2799.3 -74 19.6 -10.5 3.4 -15.9
0.7 12.4 14.8
552.2 -15 -4.1 -3.2 -1.9 -1
1668.1 -52 -83.9 -30.6 -41.9 -9.5
2805.8 -74.1 18.3 -9.5 4.1 -18.3
0.8 13.1 15.5
549.9 -17.4 -4.3 -3.2 -1.9 -0.6
1680.2 -55.4 -85.9 -31.8 -42.5 -10.8
2816 -77 14.7 -7.3 5.3 -21.1
1.4 12.5 17.4
544.4 -23.3 -6.4 -4.3 -3.7 -1.4
1686.2 -72.7 -89.2 -34.9 -41.5 -8.3
2826.9 -83.4 14 -6.4 8.6 -22.4
2.4 29.1 23.4
533.1 -31 -10 -7.4 -4.2 -2.5
1599.4 -196.3 -110.8 -2.6 -2.2 56.9
2825.7 -106 19.7 0.8 13.8 -13.6
1.7 69.7 26.8
527.2 -32.4 -11.9 -8.7 -4.2 -2.8
1408.4 -132 -82.9 -47.9 39.2 46.5
2757.2 -103.7 46.6 -45.7 14 9.8
1.6 36 23.9
525.7 -30.8 -12.7 -8.5 -4 -2.8
1316.3 16 -160.1 -11.3 27.5 35.5
2726.2 -64.3 40 -56.5 20.8 10.2
1.9 30.9 21.1
526.6 -29.3 -12.4 -7.8 -4.4 -3
1336.5 25.5 -174 2.2 17 36
2741.9 -54.1 33.4 -38.8 16.9 10.3
2.8 30 19.1
528.8 -26.9 -11 -6.8 -4.9 -3.7
1377.3 26.6 -184.8 22.7 2.6 29.8
2768.6 -47.7 33.6 -16.9 14.6 7.3
3.6 31.2 22.6
531.5 -24.1 -9.1 -5.9 -5.6 -4.7
1437.2 32 -186.7 54.3 -23.9 17.1
2795.2 -46 35.4 3.7 13.1 2.4
3.9 151.7 33.2
533.7 -22.4 -7.8 -5.6 -6.1 -5.5
1595.1 195.6 -92.5 122.1 -107.5 -111.4
2816.8 -52.7 26.4 25.3 15.9 -10.4
3.9 163.7 45
534.7 -22.4 -7.5 -6 -6.5 -6.1
1655.9 221.7 -89.8 123.7 -174.3 -163.6
2831.9 -41.8 32.4 33.3 11 -35.4
3.3 113.1 51.5
534.8 -23.7 -8 -6.8 -6.3 -6.1
1609.7 111.8 -186.3 109.2 -138.2 -111.6
2825.6 -69.7 4.7 42.7 25.8 -34.7
2.9 83.4 62.2
535.2 -23.5 -8.5 -7.3 -6.1 -6.1
1562.4 16.7 -300.3 91.2 -79.8 -27
2831.9 -73 -5 60.2 29.4 -44
winner is: 4
