Regression analysis information for: S16_selected_tokens_0086
number of formants: 3
number of coefficients: 5
9.6 26.1 42.3
595 -144.4 -59.5 32.2 7.7 21.9
2162.5 343.8 -97.7 -36.8 35.6 28.1
2473.7 256.7 -82.7 67.6 -62.1 14.5
9.2 21.8 57.7
594.2 -143.5 -59.8 29.6 9.7 20.3
2201.5 380 -80.1 -47.2 15.2 29.7
2569.2 166.3 -100.3 117.9 -97 47.5
42.9 178.6 114
511.4 -33.5 -90.8 5.1 20.5 40.9
1896.3 990.5 -298.9 -69.2 40.8 24.9
2612.5 613.1 -208.6 118.3 61.4 -94.8
32.9 175.6 113.4
500.9 -38.6 -86.9 12.8 13.2 34.6
1850 989.8 -105.2 -285.9 102.6 134.3
2621 721.5 -75.5 -176.9 125.5 17.8
43 291.5 233.1
529.3 -105.5 -36.8 -5.8 21.2 16.7
2014.9 615.8 55.2 -286 -101.7 92.5
2814 368.4 118.7 -183 -24 45.1
24.9 162.7 60.8
561 -159.6 -21 11.5 -0.7 34.1
2154.3 230.4 -285.9 -254.3 -194.9 -169.4
2970.2 117.8 -39.4 -97.6 -64.3 -76.1
21.1 11.8 16.6
574.2 -177.7 -27.3 31.5 -2.8 26.2
2263.5 446.5 -72.9 -54.8 -4.2 9.1
3006.5 202.1 38 -32.6 3.1 -10.7
18.5 11.1 15.9
581 -179.3 -33.3 38.9 -3.6 21.9
2262.6 441.5 -74.2 -55.7 -5.1 8.7
3003.6 189.3 37 -35.9 1.7 -10.2
16.8 10.7 15.3
578.2 -172.1 -39.1 39.4 -4 19.9
2264.4 440.6 -73.2 -54.2 -4.4 7.7
3009.3 184.6 42.3 -33.1 2.2 -11.9
20.9 10.5 15.5
544.6 -139.5 -33.7 24.4 3.1 19.6
2268.1 444.9 -72.6 -54.7 -4.1 6.1
3023.2 187.8 46.3 -33.2 -0.6 -15.3
23.2 10.9 16.5
501.8 -94.9 -39 21.8 13 11.3
2269.7 454.5 -72.9 -57.6 -4.7 4.5
3035.9 196.4 48.8 -38.4 -4.1 -19
21.9 10.6 18.8
479.2 -73 -43.2 27.4 12.2 10
2266.1 466.5 -76.8 -62 -7.2 4.6
3034.8 202.9 41.5 -49.3 -6.6 -19.1
21.8 8.8 29.5
470.5 -64.9 -44 28.9 12.5 9.1
2255.1 478.2 -85 -67.6 -9.6 5.7
3005.2 208.3 17.6 -64.6 -0.4 -17
22.1 10.5 31.5
468.4 -63.6 -44.1 30.7 11.7 8.8
2246.6 483.3 -92 -65 -13.6 9.2
2978.4 217.3 4.4 -49 4.5 -11.4
22.1 12.8 29.6
468.4 -64.1 -43.8 31.7 11.2 8.5
2243 480.8 -91.2 -58.3 -12.2 10
2966.7 208.8 10.7 -23 16.7 -7.6
22.1 12 25.8
469.2 -65 -43.7 32.3 10.9 8.5
2244.4 477.2 -90 -54.3 -11.2 9.4
2974.2 203.5 18.1 -14 18.1 -8.6
22.3 11.6 30.8
470.9 -66.2 -43.1 32.1 11.4 8.9
2258.4 484.6 -79.6 -47.6 -10.9 5.4
3014.9 235.6 46.3 -7.5 3.5 -28.3
22.4 12.5 40.5
471.4 -65.4 -43.1 32.5 10.8 8.5
2276 502.5 -70.5 -47.1 -14.8 3.5
3088.4 315.4 90.3 -18.2 -37.5 -62.7
22.9 12.1 37.8
471.5 -63.6 -42.5 31.3 11.6 8.5
2293.9 510.6 -62.6 -48.7 -16.8 7.5
3151.6 356.3 116.4 -36.8 -63.7 -57.7
24.9 12.8 35.9
466 -54.4 -43.7 26.6 17.5 5.9
2315.2 503.2 -56 -51.5 -15.9 11.6
3218 337.2 143.6 -50.1 -79.8 -37.5
winner is: 9
