Regression analysis information for: S16_selected_tokens_0105
number of formants: 3
number of coefficients: 5
93.2 81.4 16.3
658.2 -3.2 -145.7 16.6 136.4 -87.4
1193.4 -48 -53.1 -14.9 52.1 -58
2065 82.6 -35.4 24.4 -17.4 -2.1
126.9 121.8 18.4
778.5 39.2 -260.7 48.5 203.8 -99.1
1301.4 -41.5 -265.5 -59.6 214.4 -13.3
2076.9 76.3 -31.8 23.4 -16.4 -6.2
213.1 215.9 118.7
911.8 11 -170.6 83.1 88.3 -51.1
1496.4 11.6 -307.1 -98.2 133.9 -24
2146 73.7 -47.3 -23.7 -80.4 8.3
94.2 209 82.5
1030.1 -40.1 -120.5 26.9 -49.3 -1.8
1666.3 -30.1 -228.7 -78.9 83.2 -21.4
2139.9 47 -59.4 -21.9 36.5 -3.7
139.4 202.8 172.6
894.2 -211.4 -191.4 -42.5 1.1 102.8
1672.5 -251.4 -256.8 -192.6 15 101.2
2238.2 90.4 -156.7 -69.7 21.1 -33.3
198.6 275.1 320
709.6 -163.2 8.7 7.7 9 140.9
1415.9 -287.3 -79.3 32 -2.6 173.7
2386.5 -255.1 -68.3 53.2 -30.9 200.3
81.8 63.2 40.9
569.1 70.2 -44.6 -46 92.4 -55.8
1147.5 55.5 -60.9 30.4 -64.7 -10.1
2097.5 105.7 -28 14.6 -44.5 -29.9
140.2 178.8 162.3
662 171.6 42.7 -105.9 -53.8 -187.1
1381.7 326 95.6 -100.1 -253.3 -183.2
2316.5 346.4 115.2 -91.3 -218.5 -165.4
165.9 187.4 211.2
965.8 167.3 -65.2 -34.4 -90 130.2
1839.4 353.7 -130.2 61.8 -179.3 217.1
2800.5 284.3 -129.5 58.1 -183.7 239
24.9 14.3 16
1089.2 21.2 -92.8 24.4 -45.4 20.1
2028.5 69 -48.5 14.7 -20.4 -2.6
3015.7 -49.8 -27.9 0.3 -16.8 13.5
24.7 12.5 15.6
1087.4 24.3 -94.1 23.6 -45.5 20.8
2021.2 81.5 -44 12.4 -21.4 0.5
3007.2 -39.3 -21.8 -1.7 -19.9 15
23.9 11.4 15
1089 22.5 -93.6 22.7 -44.4 20.7
2027.6 87.9 -40.8 13.9 -22.2 1.3
3013.9 -27 -16.7 -0.2 -20.9 15.6
22.4 11.7 15.9
1088.3 13.5 -92.9 20.3 -43.1 20.5
2040.4 92.5 -38.4 17.2 -23.7 2.2
3033.3 -13.8 -12.6 2.9 -19.6 15.3
26.1 18.2 19.2
1071.4 0.9 -103.9 22.4 -50.9 23.4
2050 97.1 -37.3 23.1 -24.2 5.4
3057 0.9 -12.6 8 -19.5 17.1
28.1 47.4 66
1043.5 -5.2 -113.6 27.1 -58.2 24.7
2026.4 65.6 -60.8 21.7 -29.7 15.2
3041.6 -58.3 -55.9 3.1 -5.7 52.1
24.8 73.2 93.5
1012.3 14 -122.3 34.2 -67.8 22.8
1958.7 12.6 -122.1 -26 -92.1 -33
2984.8 -180.6 -168.2 -87.9 -97.6 -27.8
24.7 61.5 99.3
997.5 38 -118.8 34 -64.7 21.6
1964.6 152.7 -35.1 32.3 -19.6 -9.2
3024.4 17.7 -60.3 -21.1 4 -59.1
25.7 45.9 38
996.7 52.2 -116.8 35.5 -62.7 22.7
1971.1 168.2 -25.6 39.6 -29.2 7.5
3067.6 15.2 -15 30.4 -27.3 11.1
26.3 40.4 34.1
1002 59.4 -120.1 40.4 -65 24.7
1988.8 180 -28.4 45.7 -31.7 9.8
3079.3 24.6 -13.2 34.3 -30.8 16.8
27.6 37.2 34.8
1011.9 59.6 -120.8 42.3 -64.7 26.3
2011.5 181.9 -35.4 48.2 -32.9 10.8
3093.5 31.1 -15.5 32.8 -29 15.6
winner is: 13
