Regression analysis information for: S16_selected_tokens_0011
number of formants: 3
number of coefficients: 5
4.8 187 88.5
416.2 -84.5 -29.4 5.4 9.2 5.8
1839.1 -183.9 15.4 202.6 256.7 140.8
2213 -92.5 122 -76.8 100.8 -88.3
19.5 139.5 69.3
392.8 -75 -2.6 -16.2 12.3 15.3
1310 -373.2 790.3 27.5 -169.5 219.1
2387 -411 229.8 -30.2 -71.4 82.7
40 253.2 124.8
383.8 -59.3 -24 30.2 -36.9 20.3
1541.7 -367.2 235.2 640.4 -169.4 -63.9
2492.6 -425.7 -67.9 247.1 -74.7 -53.1
15.4 150.2 75.8
410.4 -91.4 -27.7 17.4 20.2 3.2
1970.5 -283.3 -62.2 152.3 257.1 222.3
2707 -402.4 -269.4 -70.6 72.9 82.2
3 104.9 105.7
425 -82.1 -35.4 2 5.5 -0.1
2078.6 -121.3 -50.7 20.2 68.3 100.6
2784.8 -258.6 -218 -105.3 3 30.4
3.1 22.7 83
428.4 -80.8 -35.9 0 3.4 -0.5
2125.9 -37.6 -14.9 4.3 -0.4 8.4
2853.9 -107.6 -127.9 -56.4 -6.4 -14.8
2.6 15.4 22.7
427.1 -79.5 -32.3 -1.4 2.2 0.4
2132 -28.6 -10.5 6.3 -3.3 2
2932.4 34.1 -15.3 23 21.8 -25.9
2.9 15.5 13.9
420.9 -77.9 -24 -2.3 0.5 2.2
2135 -28.1 -11.3 5.4 -3.6 2.1
2946.1 33.1 -8.2 21.6 16 -28.7
3.6 15.5 12.4
411 -73.8 -13.8 -5 0.1 4
2138.6 -27.4 -11.3 4.5 -4.1 2.1
2958.4 23.4 -5.2 16.7 8.9 -28.2
3.4 15.7 12.1
399.7 -66 -7.9 -7.1 1.5 3.7
2142.2 -27.2 -9.8 3.4 -4.2 2.5
2974.2 10.3 3.8 10.3 4.1 -27.4
2.7 17.4 13.5
387 -55.6 -7.5 -6.2 3.3 1.2
2145.6 -25.8 -3.6 5.9 -1.2 5.9
2993.1 -7.1 18.5 5.5 1.2 -22.5
2.3 17.4 17.4
379.3 -46.8 -10.4 -3.2 3.1 0.7
2145.4 -27.8 2.8 6.5 -1 6.1
3005.5 -26.4 35.8 4.1 3 -17.6
1.9 17.7 22
374.9 -41.9 -12.5 -1.2 2.2 1.1
2141.7 -30.6 11.5 8.1 -0.4 5.8
3007.2 -38.8 52.5 2.5 13.3 -17
1.9 18.2 30.7
372.6 -40.3 -13.8 0.1 1.8 1.7
2132.6 -38.9 17.3 11.7 3.9 7.3
2981.5 -41.2 56.1 4.1 49.6 -25.2
1.9 19.2 45
371.5 -39 -14.5 0.8 1.4 1.8
2124.2 -43.8 21.9 13 4.1 4
2931.4 13.8 25.8 -3.6 86.5 -76
2 19.1 36.5
371.3 -38.4 -15 1.4 1 2.1
2123.1 -42.8 21 15 4.6 3.4
2914.4 48.4 -5.4 23.6 65 -63.9
2 19.7 33.6
371.6 -38.3 -15.2 1.4 0.8 2.1
2127.5 -39.2 17.4 13.5 3.2 3.9
2928.8 46.9 -7 24.6 50 -57.2
2.2 20.7 20
371.7 -38.1 -16 1.6 0.4 2.2
2132.9 -29.8 9.5 15.7 -1 6.9
2929.2 85.4 -43 60 7.5 -29.4
2.2 21.7 16.1
372.1 -39 -16.8 1.1 -0.1 2.1
2147.1 -21.4 3.1 9.8 -5.1 8
2978.5 58 -22 48.3 -21.6 -12.6
2.4 22.6 45.7
371.9 -40.9 -18.2 0 -0.9 1.9
2165.5 -11 -3.3 -0.6 -8.9 8.6
3047.5 19.8 12.2 20.7 -64.5 9.1
winner is: 10
