Regression analysis information for: S16_selected_tokens_0016
number of formants: 3
number of coefficients: 5
4.1 3.7 1.7
530.6 13.9 -15.1 5.7 -8.4 3.2
2091.8 48.6 1.1 10.5 2.4 4.7
2877.1 -13.5 -2.3 4 -1.6 0.4
3.9 3.6 1.5
528.4 13 -14.6 4.8 -9.8 2.3
2096.3 50.4 -0.8 10.3 3.1 6.2
2877.9 -12.7 -1.8 4.1 -1 0.2
3.1 3.4 1.7
528.1 10.8 -10.3 4.9 -7.8 2.2
2099.5 50.3 -3.3 6.3 0.4 3.7
2880.2 -11.5 -1.8 3.4 -1.6 0
3.4 3.6 2.1
526.5 11.5 -11.5 6.7 -8.6 3.3
2099.9 54.5 -4.2 5.9 -0.4 3.7
2879.2 -11.4 -3.9 2 -3.2 -1.4
3.2 3.1 1.8
526.8 9.3 -9.2 6.9 -7.3 3.5
2101.6 53.3 -4.1 3.7 -1.1 1.9
2880 -9.9 -2.7 1.6 -2.5 -1.8
4.6 3.4 1.6
521.9 9.4 -12.8 8.8 -9.8 5.4
2105.4 58 -3.5 3.7 -1.5 2.2
2882.5 -9.2 -1.5 0.9 -2.3 -3
5 2.7 1.5
514.5 6.2 -10.4 7.2 -11.3 6.3
2111.1 57.6 -3.7 2 -2.1 0.7
2888.2 -7.7 0.7 2 -0.7 -2.5
7.1 3.2 1.3
491.8 4.1 -11.4 8.3 -13.8 8.5
2119 63.4 -5 0.7 -4.3 1.5
2898.8 -4.6 1.8 1.5 -0.7 -2.4
6.7 3.7 1.5
480.5 8.4 -15.3 5.9 -12.9 7.1
2117.3 57.5 -5 1.9 -4.3 2.7
2903.8 -5.1 5.6 3.6 1.1 -0.7
4.6 5 1.3
474.8 13.8 -15.2 3.2 -8.6 4.3
2109.5 41.9 -8.9 -0.5 -3.3 5.3
2903.1 -13.6 3.1 1.9 -0.3 0.1
4.2 8.1 1.4
468.9 21.1 -20.1 4.5 -9 4.1
2102.9 41.9 -10.7 2.4 -0.1 12.7
2902.7 -20.3 2.4 0.6 -0.3 2.1
3 8 1.9
468.8 22.5 -18.5 3.7 -7.1 2.7
2100.3 46.1 -10.8 -0.6 0.6 10.5
2903.4 -18.6 3.2 0.5 0 3.4
2.9 7.8 2.4
468.5 23.8 -18.4 3.7 -7 2.6
2102.6 58.2 -8.8 -0.3 0.5 9.8
2905.6 -11.3 5.2 2.9 1.1 4.7
3.2 6.5 2.5
467 26.6 -20.6 4.6 -7.8 3
2106.1 78.1 -8.1 2.9 -0.1 8.9
2908.1 0.9 6.4 8.1 1.4 6
2.8 4.9 2.2
469 25.6 -18.1 4 -6.8 2.4
2114.1 84.2 -4.5 0.5 -2.8 4.3
2912.3 5.2 9.3 8.3 2.4 5
3.1 2.3 1.8
468 27.4 -20.2 4.8 -7.7 2.7
2120.3 95.2 -4 3.2 -3.9 1.4
2916.4 11.8 11.2 12.1 3.4 3.2
2.7 1 1.7
469.7 26.1 -17.7 4.4 -6.8 2.2
2125.1 94.4 1.4 4.3 -3.4 -0.4
2918.8 10.3 14.4 12.3 4.8 3.4
3.2 2.8 4.6
468.8 27.5 -19.9 4.6 -7.9 2.4
2132.8 99.4 0.2 -1.5 -7.9 -5
2923.8 9.6 16.4 8.9 4 -1.3
2.7 4.1 3.9
470.1 26.6 -16.9 4 -6.7 1.8
2130.2 104.2 13.7 -1.1 -5.4 -9.8
2921.3 13.8 22.9 7.5 7.4 -2.1
3.3 6.4 6.8
469.3 27.9 -19 4.3 -7.9 1.9
2141.4 105.8 13.8 -9.3 -9.5 -16.4
2929.7 9.5 28.2 2.3 8.8 -8
winner is: 17
