Regression analysis information for: S16_selected_tokens_0076
number of formants: 3
number of coefficients: 5
15.5 224.2 55
324.2 -36.8 0.6 11.2 -16.8 15.3
1793.2 -267.9 -165.7 -54.4 75.3 182.1
2433.2 -155 -0.7 -25.2 34.5 55.3
16.6 413.5 135.9
316.5 -31 5.2 7.3 -13.6 14.6
1388.1 -205.1 427.1 -19.2 65.2 131.4
2269.7 -170 192.9 -6.9 59.7 69.6
16.3 4.3 6.7
319.2 -29.4 3.3 11.6 -16.6 15.7
2002.9 96.9 75.1 21.4 -4 -5.3
2488.9 -72.3 53.8 -9.7 6.8 1.7
15.2 71.4 40.9
320.1 -25.1 1.9 11.5 -15.5 13.3
1973.1 148.5 20.4 76.7 -56.6 49.7
2473 -44.6 26 19.8 -22.9 32.6
14.6 4.4 7.3
319.4 -24.2 -0.4 11.5 -15.9 11.4
2002.9 93.7 78 21.3 -1.1 -3.9
2490 -76 58.7 -11.3 7.1 4.1
14 4.5 7
317.1 -25.2 -1.9 11.8 -16.7 11.1
2004.8 96.8 79.1 22.5 -0.3 -3
2491.6 -75.9 58.6 -11.6 7.5 3.8
13.9 5.4 7.1
312.8 -25 -3.5 13.4 -19 12.3
2004.7 100.9 79.7 27.4 0.9 -0.5
2492.4 -81.2 57.1 -12.5 6.5 2
13.2 8 9.5
310.1 -25.9 0.1 10.6 -17.6 11.6
1986.3 83.6 70.3 25.6 -6.2 -6.7
2480.3 -87.1 53.4 -14.5 2.4 -0.5
13.2 8.7 9.2
309.7 -26.1 0.5 10 -17.2 11.6
1977.4 67.2 65.9 17.5 -7.3 -8.8
2475.3 -90.1 57.5 -18.9 3.9 2.3
14 7 9.1
309.2 -25 -0.8 11 -18.7 12.5
1984.4 73.8 75 16.5 -5.2 -8.6
2478.1 -89.8 63 -22.1 4.7 2.7
13.5 5.9 9.1
310.3 -25.9 0.9 9.7 -17 11.5
1996.5 89 86.2 21.3 0.9 -4.8
2482.6 -88 61.5 -23.2 5.1 0.8
14.1 13.3 11.8
310 -24.9 -0.8 11.1 -18.5 12.7
2019.6 120.3 108.6 34.2 12.7 4.8
2490.1 -90.7 58.8 -23.7 3.2 -0.6
14 11.8 17
310 -25.4 -1 11.2 -18.2 13.1
2037.6 140.5 116.3 32.4 8.3 -1.3
2508.5 -71.7 76.1 -1.6 22.7 18.3
13 14.2 27.1
309.9 -27.9 -0.1 10 -16.2 12.8
2053.3 158.9 117 24.3 -5.4 -15.1
2526.4 -48.6 94.9 25.8 45.9 39.5
13.4 15.3 36.6
307.9 -28.7 -2.3 11.7 -17.1 15.1
2066.2 174.3 111.4 17.8 -15 -17.4
2549.6 -17.7 120.6 58.2 70.2 60
13.4 14.2 31.5
306.3 -31.4 -3 11.9 -16.2 16.3
2075.8 182.7 105.7 9.4 -22 -19.7
2561.8 -5.7 127.7 69.6 72.9 58.9
13.8 14.3 17.5
301.7 -36.9 -3.2 13.3 -13.7 18.8
2097.7 193.1 93.4 -13.5 -35.6 -20.4
2582.2 0.6 136.7 85.1 69.7 48.5
18 17 16.9
285 -57.1 -4.3 15.5 -2.1 28.1
2121.9 190.4 77.9 -29.1 -35.1 -13.9
2643.6 53.8 174 110.7 51.2 38.3
387.6 147.8 205
566.6 461.4 264 -39.1 -319.8 -407.3
2285.4 401.8 178.3 -46.9 -143.4 -177
2980.9 492.5 360.1 36 -249.7 -232.9
363 223 418.7
814.3 561.9 -374.5 -527.6 144.8 405.2
2399.9 397.9 -10.7 -180.5 21.7 137
3701.7 919.7 -274.5 -503.1 -20.4 494.7
winner is: 6
