Regression analysis information for: S16_selected_tokens_0090
number of formants: 3
number of coefficients: 5
31 249.7 47
547 -188.6 -31.7 87.9 40.4 -18
1387.2 -363.2 163 412.7 -73.8 -65.7
2378.6 467.7 45.5 -77.4 34.7 -0.3
41.9 325 85.1
535.2 -181 15.1 77.1 0.9 -8.6
1528 -255 349.2 494.4 21.1 -98.3
2419.8 469.1 -53.5 28.1 7.3 -25.9
60.4 423.1 193.9
454.8 -75.5 -59.8 86.3 7.2 -38.8
1174.2 223.1 76.6 586 23.5 -121.4
2517.7 438.7 -91.6 240.3 -56.3 -108.8
55 334.8 150.8
461.1 -62.4 -24.2 69 23.8 -26.5
1191.7 472 289.1 642.5 293.3 1.8
2492.5 539.3 -28.3 180.6 56.8 -97.8
78.8 347.5 183.3
524 -112.2 6.8 101.2 -18.2 -68.1
1759.2 369.3 458.6 618.8 -24.6 -387.5
2815.6 185.3 104.4 193.3 -44 -75.1
4.8 14.2 18.3
658.1 -99.1 -94.3 -38.4 -8 16.5
2326.8 521.4 -28.8 -83.1 -4.7 0.9
3016.3 81.8 43.3 4.7 23.5 25.2
3.8 13.8 21.5
662.2 -101.8 -91.4 -34.2 -9.6 13.6
2313.1 519.8 -29.8 -82.2 -9.2 6.2
2995.7 81.8 38.7 3.7 27.8 27
4.5 12.8 18.6
664.9 -105.2 -91.7 -34.7 -10.3 13.5
2312.6 521 -23.2 -76.2 -13.6 2.2
2993.4 92.6 44.5 10.8 22.8 20.9
6.4 11.3 12.1
661.4 -108.2 -93.9 -39.3 -8 14.2
2320.2 522.9 -19.4 -69.1 -10.6 -1.8
3004.1 94.8 50.4 24.9 20.5 20.3
10.5 13.9 9.8
645.5 -105.7 -93.5 -57.1 -0.6 17.7
2333.1 526.3 -17.8 -63 -3.6 -4.6
3024.7 96.2 55.9 38.9 19.7 20.2
17.4 15.5 9.4
614.4 -103.5 -99 -77.9 18.8 25.5
2349.8 540.6 -10.8 -67.4 -0.6 -6.4
3053.4 111.6 74.7 47.9 15.6 17
16.7 16 10.1
582.3 -91.4 -103.2 -83.4 39.2 27
2362.2 553.9 -10 -78.3 2.7 -6.6
3078.1 120.6 87.2 49.4 8.5 16.8
12.7 14.8 15
550.2 -80.9 -104.5 -63.5 41.6 29.3
2372.8 572.6 -15.1 -97.5 11.2 -0.7
3101.7 134.4 100.5 42.7 7.4 14.1
7 38.8 84.7
522.6 -82.6 -92.7 -34.2 43.5 19.1
2366.8 619.4 -46.6 -102.7 17.5 -5.4
3084.2 221.5 71 30.8 27.4 -44.1
6.7 17.3 78.5
509.7 -87.7 -81.8 -19.2 41.4 10.7
2386.7 612.9 -38.9 -121 19 19.3
3104.1 235.3 77.6 18.4 0.8 -31.3
8 40.3 76.9
504.9 -91.5 -76.6 -13.7 38.7 8.6
2379.5 606.6 -29.4 -97.5 36.6 24.1
3098.9 156 135.3 66.9 14.7 -1.1
7.8 72.6 45
505.7 -95 -73.5 -13 37.9 7.4
2363 576.4 -8 -49.7 65.7 17.3
3001.5 -14.3 62.6 51.7 -1.6 -17.3
7.6 58.2 34.2
505 -95.1 -73.2 -11.1 36.1 6.8
2356.5 571.4 7.3 -34.4 53.7 4.5
2978.2 -46.2 75.5 78.3 -0.3 -14.1
5.9 45.3 31.7
502 -90.3 -74 -10.5 33.9 8
2345.9 592.9 20.1 -57.6 14.9 3.5
3005.8 31.1 134.6 96.7 9.2 -16.9
5.9 30.6 49.2
500.5 -85.9 -79.3 -6.6 30.6 10.9
2370.1 638.9 -41.2 -91.4 -9 46.7
3097.6 210.5 229.4 152.1 -18.7 -52.4
winner is: 9
