Regression analysis information for: S16_selected_tokens_0056
number of formants: 3
number of coefficients: 5
44 75.9 327.1
477.1 65.7 4.7 -52.1 54.2 -9.9
945.5 25.7 265.2 -120.2 131.2 -37.9
2637.2 376.5 17.3 -365.9 360.2 -46.5
1.9 26.8 13.4
516.9 13.5 -2.5 -0.8 4.7 1
1012.4 -63.4 254.7 -37.5 43.3 -10.4
2925.8 6.3 -79.7 64.5 -37.2 11.7
1.6 24.9 15.3
516.3 14.5 -2.4 -2.1 5.6 1.1
1012.4 -55.1 262.5 -47.9 54.8 -13.3
2925 8.1 -79.9 64.9 -40.9 13.8
1.3 26.1 15.7
516.2 14.9 -2.7 -2.8 6.3 1.2
1007.6 -48.6 261.1 -45.3 58 -17.9
2928.6 12.3 -73.5 63.1 -38.9 16.4
2 39.1 15.4
516 13.7 -4.3 -2.9 6.8 1.7
950.7 -112.2 306.4 48.4 114.1 -37.3
2935.7 28.2 -73.3 62.8 -36.6 12
7.3 36.8 12.1
509.9 9.2 3.6 4.9 2.1 -7.8
892 -147.7 361.6 55.6 77.1 -12.1
2945.7 31.7 -81.3 72.6 -29 11.5
7.8 47.3 10.3
502.8 6.7 14.1 7.3 -5.6 -8.5
868.3 -160.5 357.3 28.5 73.3 21.5
2949.7 28.4 -80.8 81.4 -24.9 6.7
9.3 46.3 12
501.8 8.3 14.7 2.2 -9.4 -2.6
867.3 -174.3 352.3 26.7 74.5 18.2
2951.3 28.5 -79.1 83.5 -26.1 8.2
7.6 43.7 12.3
504.7 9.1 7.1 -1.1 -5.5 0.6
847.1 -198.3 336.1 17.2 67.1 17.7
2959 22.9 -76.5 80 -28.6 13.9
7.3 38.2 14.4
505.7 8.8 -0.1 0.1 -2.6 -1.2
836.2 -211.6 337.3 3.8 57.3 13.3
2966.8 20 -78 79.3 -28.4 16.5
9 31.7 16.5
501.8 7.1 1.3 7.2 -1.9 -7.6
814 -213.2 330.5 -19.2 53.8 13.1
2976.5 9.8 -79.5 78 -32.5 19
16.6 31.8 18.2
490 1.6 12.1 23 -0.7 -19.5
795.3 -196.9 341.6 -47.9 69.2 22.8
2984.4 4.6 -82.7 79.9 -37.1 21
35.4 155.4 50.4
469.6 1.9 34.3 31.6 5 -30.1
842.3 -117.4 275.2 -191.1 21.8 72.5
3009 12.8 -97.2 45.8 -61.7 41
26.9 403.2 111.2
480 20.7 17.9 -5 -0.3 -3.8
1074.5 76 -29.1 -611.5 -18.6 412.3
3072 62 -173.2 -62.2 -76.4 127.3
29.5 417 112
473.9 26.9 23.9 -10.3 0.6 -1
1130.9 142.6 -115.6 -718.5 -37.6 450.4
3094.1 81.4 -185.3 -99.4 -83.5 145.9
24.2 399.9 121.5
472 39.6 20.6 -23.3 3.8 1.8
1163.6 190 -194.1 -754.6 -4.9 448.4
3048.5 160.1 -202.7 -128.7 6.5 81.4
23.9 427 131.3
471.7 41 18.1 -23.7 9.2 3.3
1196.6 251.5 -190.1 -836.5 -154 394.8
3036.8 232.3 -219.1 -147.3 -44.2 72.1
29.3 439.2 128.3
473 35.7 16.8 -14.4 14.5 5.8
1164.8 218.7 -178.2 -826.3 -156 387.6
3077 189.1 -205.5 -126.1 -89.7 104.1
43.1 377.7 129
464.9 15.7 10.3 -30.3 3.2 47.4
1397.2 374 -416 -966.6 94.9 542.8
3221.8 147.3 -237 -59.6 -105.5 167.5
15.7 353.9 74.6
510.6 39.2 -16.8 -10.4 19.2 -6.6
2337.7 727.4 -777.1 -116 89.9 -575.5
3400.4 164.6 -189.2 112.2 -127.5 -4.3
winner is: 3
