Regression analysis information for: S16_selected_tokens_0022
number of formants: 3
number of coefficients: 5
1.9 13.1 74.2
563.5 -7.4 -7.9 -0.7 -1.9 -1.7
1765.1 173.5 7.9 45.6 -30.7 15.3
2609.1 -143.3 -194.4 237.4 18.7 166.4
19.4 95.2 142.6
552.1 -25.1 -25.5 -18.5 -18.9 -18.3
1545.8 -124.8 -321.3 -163.7 -121.3 -117.7
2291.1 -185.2 -448.4 371.8 18.7 -4.1
2.6 35.5 136.3
559.2 -9.2 -8.9 -3.7 -3.9 -3.6
1626.2 -80.6 -223.3 -114.3 -123 -51.4
2196 -220.9 -261 436.6 -131.8 -99
2.5 49 35.3
559.2 -8.2 -8.1 -4.1 -3.7 -3.7
1657.9 -58.1 -194.4 -117.2 -160.4 -67.9
1938.2 69.4 -41.9 -40 80.5 -29.9
2 25.8 102.1
560.8 -6.3 -6.3 -3.4 -2.8 -3.1
1768.5 151.4 5.3 48 -17.8 33.9
2265.9 232 123.3 115.7 167.6 19
1.5 11.7 48.3
562.7 -4.7 -4.8 -2.9 -1.9 -2.5
1781.6 161.7 12.3 39.5 -26.9 18.4
2831.5 -93.8 111.2 12.8 -68.3 -30
1.2 11.3 4.3
564.1 -4 -4.2 -3 -1.5 -2.1
1788.4 159.9 12.6 35.1 -26.4 18.2
2882.9 -91 33.5 -17.3 8.9 -5
1.2 11.2 4.4
564.7 -4.2 -4.4 -3.4 -1.4 -2.1
1794.4 158.7 13 32.6 -25.9 18.5
2884.7 -89.2 35.1 -16.6 8.7 -4.5
1.3 11 4.5
564.6 -5 -5.1 -4.1 -1.6 -2.3
1798.9 157.9 13 31.1 -25.3 19.2
2888.5 -89.3 37.3 -16.1 9.1 -3.9
1.6 10.9 4.6
563.3 -5.9 -6.2 -4.8 -2 -2.5
1795.3 160.8 13 31.1 -23.4 21.2
2892.1 -90.6 40 -15.9 10.2 -2.7
3.4 8.8 6
559.4 -10.2 -10.7 -8 -5.2 -5.5
1773.7 169.7 0.6 34.1 -23.3 17.4
2885.6 -92.1 37.8 -18.8 13.3 -4.5
3.6 9.2 5.2
558.6 -11 -11.4 -8.3 -5.7 -5.7
1762.4 161.9 -5.8 34.3 -27 17.1
2872.3 -96.7 26 -21.8 6.8 -5.7
3.7 9.3 4.6
558.5 -11.3 -11.6 -8.3 -5.8 -5.9
1761 156.8 -8.8 35.2 -26.6 15.4
2869 -101.7 20.6 -22.8 5.3 -9.2
3.7 10 4.3
558.9 -11.5 -11.5 -8.3 -5.7 -6
1768 153.7 -7.7 35.4 -28.5 14.5
2877.5 -107.9 24.2 -21.8 3.8 -9.9
3.7 10.9 4.5
559.6 -11.6 -11.4 -8.3 -5.7 -6
1779.2 151.6 -4.7 35.3 -30.3 14.8
2890.7 -113.8 31.6 -20.5 3.8 -9
3.7 11.9 4.6
560.6 -11.6 -11 -8.5 -5.6 -6.1
1794.7 151.1 0.6 33.8 -32.5 15.1
2907 -118.3 41.7 -19.2 4.6 -7.4
3.7 13 4.9
561.8 -11.3 -10.5 -8.7 -5.5 -6.2
1811.9 155.3 7.8 31.7 -34.9 14.9
2923.1 -117.7 53 -17.4 6.7 -5.7
3.7 14.9 5.4
563.4 -10.8 -9.9 -9.2 -5.6 -6.4
1833.8 162.7 16.2 27.2 -40.3 13.2
2941.3 -116.2 65.3 -15.9 8 -4.1
3.7 17.2 5.9
565.1 -9.8 -9.2 -9.7 -5.8 -6.6
1855.5 176.8 24.7 20.6 -47.3 9.1
2956 -109.8 76.1 -14 10 -2.6
3.9 21.1 8.1
567.5 -8.5 -8.7 -10.4 -6 -6.8
1886.6 196.3 33.5 14 -56.3 3.1
2975.6 -102.5 88.9 -7.3 15 0.1
winner is: 7
