Regression analysis information for: S16_selected_tokens_0083
number of formants: 3
number of coefficients: 5
9.2 23.3 29.7
731.9 6.3 -36.7 9.2 -6.4 7.1
2171.6 172.4 -51.5 24.2 46.7 31.7
2523.2 -87.8 99.2 126.9 9 15.6
11.9 9.7 41.2
730.9 11.5 -40.5 11.4 -8.3 9.7
2197.4 199.3 -51.5 -7.8 4.7 3.7
2757.4 -69.9 149 124 85.9 47.7
16.8 98.1 90.9
715.7 32.9 -52.3 21.1 -15.1 13.8
2159.1 279.5 -134.9 79.5 -75.5 83.9
2910.5 101.3 -67.1 83.7 -66.6 84.5
71.1 270.9 112.8
628.8 76.6 -31.5 49.2 30.7 -25.7
1733.6 728.3 -237.5 91.5 255.6 -185.8
2613.1 502.4 -216.6 82.3 124.2 -105.3
15.3 160.9 119.3
661.2 94.1 -46.1 -17.4 22.3 -1.2
1853.9 691.4 -109.3 -253.5 249.2 -69.6
2664.4 452.8 -62.5 -186.2 203.9 -64.2
18.9 159.7 92.6
688.4 58.2 -28.2 -29.4 25.4 0.4
2128.6 260.6 41.8 -143.7 31.7 126
2913.5 62.6 67.2 -85.7 21.8 69.1
15.7 8.6 8.6
715.7 28.1 -25.3 -23 16.2 3.5
2202.5 190.3 -55 5.5 2.4 4.5
2948.5 23 13 0.6 6.2 0.6
12.6 8.6 8
725.7 18.5 -30.2 -15 10.1 3.6
2203.3 190 -53.3 6.1 2.8 5.1
2948 23 17.8 0.5 7.7 2.1
10.2 8.5 7.8
719.7 25.5 -39.4 -6.4 5 2.8
2206.2 191.3 -53.2 6.5 2.6 5.3
2953.8 24.7 20.2 -0.2 8.7 2.6
8 8.4 7.7
690.6 49.7 -52.2 -6 4 1.7
2210.3 195.7 -52.4 7.1 2.6 5
2964.3 31.1 23.7 1.4 10.1 1.7
5.6 7.3 8
660.6 70.7 -60.2 -4.7 1.4 -1.8
2213.9 197.6 -51.3 6.3 3.1 3.9
2972.1 36.4 24.4 2.2 11.4 2.4
6.9 7.9 9.1
633.2 75.7 -52.7 -1.9 2 -5.3
2214.1 203.3 -51.1 4.5 2.4 4.3
2978.5 42.5 24 0.7 11.6 2.9
7.6 9.2 14.5
614.6 79.8 -48.5 -5.6 2.5 -4.9
2203.7 215.2 -48.1 0.5 3.1 4.6
2968.2 60 22.3 2.4 10.9 1.9
8.2 11 16.5
609.9 76.2 -46.8 -4.3 2.9 -4.9
2195.6 216 -43.7 1.7 3.1 3
2952.5 65.2 26.7 5.7 10 -1.1
8.5 11.7 15.8
609.3 73.6 -46.7 -3.2 3.4 -4.6
2192 211.2 -41.9 6 4.2 3.2
2945 56.8 30 12.9 11.1 0.4
9 12.3 13.3
608.9 71.8 -49.5 -3.6 2.8 -5.1
2192.8 209.5 -45.2 9.7 5.2 5.8
2949.7 46.2 28.5 14.8 14.8 2.5
8.8 11.9 10.3
610 72.3 -51.9 -3.2 3.7 -5.8
2198.6 206.3 -49.2 11 6 7.2
2962 37.7 24.5 15.1 16.9 6.2
7.9 11.3 9.4
609 75.2 -56.2 -2.6 5.2 -7.6
2203.2 199 -55.5 11 6 7.8
2971.4 19.2 16.7 10.9 17.3 7.8
7.8 10.4 9.6
603.1 87.6 -65.4 -1.8 8.8 -13.7
2209.5 193.7 -60.9 8.2 2.3 9.5
2985.1 3.2 13.5 3.3 12.6 13
29.4 10.1 12.3
576.3 138.8 -97.8 4.4 23.3 -41.2
2222.3 196.9 -61.8 8.2 -1 8.6
3012.9 -1 22.9 0 10.6 14.9
winner is: 11
