Regression analysis information for: S16_selected_tokens_0019
number of formants: 3
number of coefficients: 5
3.5 2.4 12.4
539 -5.8 -4.4 4.9 -5.1 2
1952.9 -64.9 -7.6 -2.3 -1.5 -4.2
2757.6 4.8 -47.4 53.3 -57.9 45.9
3.8 55.2 75.5
534.8 -6.4 -3.5 3.2 -6.5 1.8
1903.3 -172.3 -117.3 -96.8 -85.7 -75.5
2722.5 -230 -139.7 -155.4 -131.7 -95.2
3.8 42.7 65.9
530.8 -4.1 -3.7 3.8 -6.6 1.6
1868.7 -176.9 -37.8 -75.1 -131.4 -65
2367.3 -585.1 69.1 134.5 -93.1 -96.7
3.7 120.3 62.2
529.8 -2.5 -3 2.6 -5.8 2.6
1835.4 -78.1 70.1 -199.9 -95.1 111.3
2316.2 -499 190.8 -55.3 -178.3 69.3
3.4 71.4 148.3
531 -1.5 -2.6 2.3 -4.7 2.6
1926 -85.3 10.2 -39 -45 31.3
2604.6 -244.5 142.6 33.8 -93.2 67.4
2.6 1.9 4.5
533.2 -1.5 -1.2 1.3 -2.5 1.9
1966.4 -61 -12.8 0.2 -0.2 -4.4
2803.9 -76.1 7.7 -7.3 -9.2 6.6
2.5 1.8 4.3
534.3 -0.9 -1.7 0.9 -2 1.4
1968.4 -59.4 -13.5 -0.7 -0.7 -4.2
2804.3 -74.9 8.4 -7 -9.4 8.8
2 1.8 3.9
532.7 2.6 -4 1 -1.3 0.1
1970.7 -58.8 -14 -1.3 -0.8 -4.3
2812 -77.3 9.9 -7.8 -9.9 10.6
2.9 1.7 3.5
529.3 8.1 -8.6 3.6 -3.8 1.4
1972.1 -58.7 -14.1 -2.3 -0.4 -5
2820.8 -81.6 13.1 -11.5 -6.9 8.6
3.3 2.3 3.1
525.8 11.5 -10.7 5 -4.8 1.7
1969.5 -59.5 -12.5 -2.1 0.8 -6.5
2823.3 -86 17.1 -10.6 -4.9 6.2
4.3 2.7 4.3
522 13.7 -14.3 6.1 -7.6 2.8
1962.1 -66.9 -14.6 -5.8 -1 -7.3
2811.4 -103.8 15.2 -15.2 -6.3 5.2
4.5 2.4 5.4
520.7 15.2 -15.1 6.9 -8.5 3.2
1957.3 -66.9 -12.5 -7.4 -2.7 -7.9
2798.7 -108.7 22.2 -20.4 -10.8 1.8
4.7 1.9 6.7
520.4 16.4 -15.9 7.4 -9.1 3.8
1957 -63.7 -12.3 -8.1 -3.1 -6.3
2798.2 -100.2 24.1 -23.2 -10.7 5.3
4.7 1.5 7.6
520.6 17.3 -16.3 7.7 -9.4 4.1
1960 -58.6 -13.2 -7.5 -3.4 -5.2
2806.5 -84.5 21.3 -21.1 -11.1 7.6
4.8 1.5 6.7
521.1 18.3 -16.8 7.9 -9.5 4.4
1965 -50.9 -15.3 -6.2 -3.4 -3.3
2819 -60.4 13.9 -15.3 -12.3 13.3
4.1 1.3 6.1
523.5 17.8 -15 7.2 -8.2 4.2
1973.8 -42.6 -17.3 -4.7 -3 -2.5
2839.7 -38.8 6.2 -10.4 -12.8 16.3
4.1 1.7 5.6
525 18.7 -15.4 7.2 -8.1 4.4
1984.9 -35.8 -20.3 -3.3 -1.7 -1.6
2869.2 -22.2 1.3 -5.8 -8.4 20.2
4.1 2.2 5.2
526.8 19.5 -16 7.2 -8 4.5
1997.3 -30.4 -24.5 -1.7 0 -0.7
2902.6 -10.6 -5.3 -1.6 -2.1 24
4.1 3 6.2
528.6 19.9 -16.7 7.2 -7.9 4.4
2010.2 -27.8 -30.1 -0.7 0.9 -1.9
2937 -7.4 -14.8 -0.2 3.8 22.7
4.3 3.3 8.5
530.7 20.1 -17.7 7.2 -7.7 4.5
2024 -27 -36.8 0.5 2.4 -2
2975 -9.1 -28.2 0.6 12.7 24.6
winner is: 8
