Regression analysis information for: S16_selected_tokens_0043
number of formants: 3
number of coefficients: 5
43.1 97.4 219.6
467.2 48.8 42.5 -88 47.6 31.2
1220.9 83 302.1 -310.1 222.7 50.7
2407.1 252.7 191.7 -497.8 234.7 128.4
38.1 113.2 197
498 20.9 3.4 -36.9 45.6 -8.2
1309.1 -20.3 198.4 -157.1 173.2 -24.8
2589.7 60 -16.6 -197.8 158.2 -47.9
3 33.6 10.8
519.7 -6.3 -3.9 -0.3 7.3 3.7
1364.4 -79.3 202 -66.4 62.5 15.3
2702.4 -51.6 -38.2 -15.9 -25 -4.5
2.6 29.2 10.7
519.3 -5.4 -3.7 -0.5 7.7 3.9
1360.4 -72 212 -79.5 73.2 14.6
2700.1 -53 -36.2 -17.6 -24 -3.5
2.4 27.8 10.7
519.2 -5.4 -3.8 -0.4 7.7 4
1359.8 -66.3 211.2 -83.6 79.9 12.5
2700.6 -49.4 -34.9 -19.5 -21.9 -3.7
2.5 27.5 11
518.8 -5.7 -4.3 0 7.6 4.5
1361.9 -64.3 208.2 -85 84.8 11.4
2703.1 -45 -34.5 -21.6 -19.7 -4.5
2.7 28 10.9
518.3 -6.4 -5 0.2 7.5 4.8
1361.9 -64.7 200 -85.5 86.7 11.1
2707.4 -41.1 -34.6 -22.9 -19.4 -4.9
2.9 27.9 12
517.1 -6.8 -6.2 1.6 7.4 5.7
1366.1 -73.8 197.5 -87.4 89.3 11.6
2711.9 -40.5 -35.5 -24.8 -18.2 -4.4
3.2 28.8 14
514.8 -6.6 -8 3.4 7.3 7
1359.2 -91.3 188 -92.4 86 12.5
2714.9 -46.8 -41 -27.5 -18.6 -3.4
3.6 46.8 15
509.5 -3.4 -9.5 6.5 7 5.6
1295.9 -116.8 256.9 -68.3 32.2 -24.4
2708.1 -65.4 -48.3 -26.8 -19.8 -4.1
5.5 62.3 15
501.6 4 -7.9 5.3 6.8 4.3
1193.3 -94.7 403 -109.4 -59.9 16.8
2682.3 -91.5 -30.2 -3.4 -26.7 -14.4
5.7 53.7 15.5
493 14 -5.5 -2.2 12 1.3
1132.1 -16.1 409 -167.7 -14.1 13.9
2672.2 -81.1 -20 1 -38.5 -22.4
4.3 54.4 15.6
492.8 18.7 -9 -4.1 17.4 -2.4
1117.5 32.1 401.4 -174.1 5.8 -6.5
2686.9 -40.1 -32.4 -11.3 -38 -32.9
3.7 63 13.7
495.9 20.2 -11.6 -3.8 19.4 -3.8
1123.4 49.2 432.2 -171.5 -2.3 -7.8
2714.6 -9.6 -40.8 -26 -38 -35.1
10.9 152.8 65.8
492.3 23.6 -1.4 -7.8 10.9 0.8
1192.3 115.5 359 -266 36.1 123
2768.4 35 -84.7 -83.5 -23.5 24.2
19.3 263 179
489.5 25.1 8.4 -7.6 2.6 -0.2
1315.1 146.8 202.6 -229.4 223 97.6
2864.6 51.9 -225.4 -81.8 102.2 7.8
19.1 320.5 284.7
491.5 27.2 7.3 -10 5.5 0.5
1413.1 177.1 89.4 -212.1 375.4 102.5
2974.4 107.8 -352.1 -121.9 232.5 71.3
13.8 197.5 154.1
492.9 27.5 7 -12.1 7 3.5
1268.9 187.7 424.5 -242 73.4 142.9
2851.6 106.6 -104.8 -151.4 -8.3 103.4
16.5 179.9 131.9
490.6 27.4 11.5 -10.9 2.7 -0.2
1248.8 176.3 446.1 -228.1 56.6 111.7
2843.9 105.2 -89 -140.2 -22.3 75.1
20.9 288.5 241
491.7 26.6 12.7 -9.2 0.1 -2.9
1395.9 181.5 196.3 -245.1 300.3 127.4
2952.1 97.3 -311.4 -167.6 146 81
winner is: 5
