Regression analysis information for: S16_selected_tokens_0047
number of formants: 3
number of coefficients: 5
34.9 106.6 195.5
419.4 50.6 64.8 -90 13.1 -4.2
933.7 22 336.3 -309 90.9 -67.1
2174.8 396.5 515.1 -512.6 27.4 -62.1
41.7 100.4 209.5
419 48 72.1 -88.8 4.9 -3
938.6 11.5 343.3 -308.7 82.1 -52.9
2194.1 369.6 516.3 -514.1 11.4 -46.6
35.6 82 204
439.5 34.5 44 -89.8 24.7 7.6
975.4 -22.9 326.3 -309.7 90.4 -11
2315.7 342.5 390.2 -505 150.9 39.4
31.8 62.9 230.7
466.4 13.6 20.7 -73.7 19.2 30
1030 -84.6 312.3 -271.8 35.8 64.3
2482.9 211.8 262.8 -380.4 99.9 144.3
25.6 45 138.2
478 -5.8 19.9 -53.8 -5.8 40.7
1040.9 -98.1 305.7 -261.3 16.3 85.8
2611.9 69.4 205.8 -177.9 -102.7 162.4
27.2 44.4 164.9
482.2 -13.8 7.8 -45.1 -6.3 32
1039.5 -105.6 295.4 -272.4 22.2 75.9
2612.1 -48.3 41.1 -229.6 -168.2 38.1
28.9 47 115.6
476.6 -15.6 15.9 -46.9 -11.5 38.5
1017.6 -104.8 332 -263.7 -5.9 68.5
2668.5 83.1 150.6 -171.3 -106.8 140.8
25.3 57.6 128.9
451.4 -17.8 42.3 -43.5 -28.1 28
993.9 -133.8 368.7 -267.8 -26.8 50.7
2676.5 25.3 107.9 -166.5 -161.5 56.1
22.9 61.8 83.4
448.2 -18.3 37.8 -43.3 -19.1 29.3
975.1 -145.1 379.2 -249.9 -8.4 27.6
2744.3 69.5 80.1 -154.8 -135.7 46.6
14.3 51.5 106.7
446.3 -19.5 43.7 -48.6 -18.7 33.5
953.9 -148.4 400.8 -230.7 -14.9 15.6
2706.2 58 145.1 -107.4 -187.5 21.6
15.3 69.2 106.3
440.4 -7 40.7 -44.1 -20.6 36
940.4 -131.4 409.7 -220.6 -13.4 1.1
2723.5 122.5 65.4 -66.8 -215.6 75.8
23.4 75.9 78.7
439.4 -5.4 41.9 -44.5 -26.5 39.8
944.4 -98.4 359 -219.7 -12.4 39.3
2776.4 167 -67.1 -43.1 -151.2 85
23.2 139.2 96
456.2 -2.9 6.9 -52 5.8 49.9
984.4 -64.4 239.3 -249.5 89.2 87.3
2844.7 164.3 -144.1 -95.7 -61.7 100.5
25.3 93.2 71.8
451.4 -2.5 10.4 -51 2.4 46.6
945.7 -76.1 301.8 -235.9 54 23.1
2849.5 116.7 -101.9 -136.2 -75.3 65.6
27.4 207.5 120.9
446 -0.3 14.3 -54.7 1.1 46.4
1012.7 -48.8 168.9 -321.5 195.7 105.8
2896.1 112.1 -187.8 -212.7 -6 121.5
23.4 163.4 128.2
436.7 6 21.4 -57.6 0 36.8
975 -59.4 220.8 -276.4 183.5 -11.2
2873.5 104.6 -144.1 -204.3 -28.8 72.5
20.3 207 157.3
431.9 8.6 24.6 -56.5 0.6 26.6
992.4 -53.3 175.5 -278.8 255.5 -35.5
2855.3 100.9 -118 -191.5 8.4 70.7
24.1 50.7 42
418.8 14.1 39.8 -52.1 -8.1 9.7
885.7 -57.6 364.7 -227.5 52.4 -95.7
2752.1 84.7 57.4 -106.9 -68.1 -15.1
19.3 59.1 42.9
425.4 11.5 36.2 -49.9 -7 17.3
884.6 -54.2 366.8 -236.7 59.2 -100.8
2777 98 43.6 -105.5 -69 -9.3
39.4 114.7 91.4
412 20.3 59.7 -53.1 -15.6 8.2
911.9 -93.4 373.2 -203 -0.8 -51.3
2841.7 79.1 41.5 -72.7 -136.1 35.5
winner is: 18
