Regression analysis information for: S16_selected_tokens_0104
number of formants: 3
number of coefficients: 5
22 91.4 120.1
908.2 -17.9 -37.7 16.4 -35.3 25.9
1799.3 45.2 41.6 65.3 86 -63
2122.7 48.6 258.7 22.8 202.4 0.6
64.8 126.6 110.7
888.6 -45.4 -26 62.3 12.5 34.9
1786.3 -24.3 57.3 125.3 117.3 -10.7
2256 119 365.6 43.3 295.7 -79.7
86.6 146.2 136.2
868.5 -81 -39.6 74.6 32.1 44.3
1771.5 -94.9 45.4 134.1 123.1 35.7
2328.6 95 333.6 -3.6 297.6 -159.2
60.7 95.3 154.4
896.7 -47.6 -43.8 53 17.5 54.4
1823.5 -64.9 65.4 103.2 96.3 62.8
2478.8 103.1 296.8 -62.2 233 -106.5
122.4 217.2 230.7
803.4 -32.3 81.6 24.1 -16.6 63.9
1564.3 54.8 406.3 -102.4 30.4 128.3
2421.8 90.5 478.7 -156.5 98.5 13.6
78.7 139.3 10128.1
729 -34.5 115.6 87.6 49.4 -32.4
1432.8 79.3 454.9 -35.4 170.1 -15.8
2283.8 36.4 603.2 -38.3 184.8 -79.2
106.4 192.4 10226.2
770.2 -19.5 84.5 69.9 22.3 -45
1470.8 136.1 383.7 -99.1 216 -63.6
2367.1 83.6 476.7 -75.4 219.9 -156.6
62 116.9 148.4
912.3 -26.3 -10.7 47.7 -80.2 -27.9
1828.9 -20.2 160.5 85.8 -88.2 -104.3
2818.4 -54.8 159 58.6 -98.5 -139.4
20.4 12.7 17.4
946.8 -6.2 -83.5 6.9 -50.8 30.7
1892.7 13.3 50.6 1.3 -12.3 0
2897.3 -14 30 -43.1 6.2 -3.3
22.7 12.5 17
945 -8.8 -95.9 0.6 -60.1 30.4
1893.3 14.8 49.8 2.3 -10.8 -1
2897.7 -11 35.4 -34.4 14.8 -6.8
27.2 13 16.9
934.2 -19.1 -107.7 -12.5 -72.5 34.5
1894.4 16.2 47.3 3.7 -12.5 0.8
2906 -6.8 30.8 -27.6 19.8 -8
31.5 14.2 17.8
913.4 -36.6 -104.9 -29.6 -81.4 43.9
1893.5 14.2 47.3 2.9 -14.3 2.1
2916.3 -3.6 22.5 -24.1 22.6 -9.4
37.2 17.5 20.5
867.3 -68.7 -90.1 -31.3 -76.9 58
1886.1 6.6 49.5 0.9 -16.2 4.9
2925.9 -5.5 13.8 -22.7 23 -13.3
40.7 21.4 38.7
801 -93.1 -56.2 7.3 -40.8 45.7
1870.3 -0.5 57.3 1.4 -14.4 2
2913 -14.6 18.4 -37.5 27.3 -8.5
27.7 22.5 39
757.1 -93.1 -38.1 36.7 -25.6 24.4
1852.4 -2.2 64 5.6 -8.1 -6.5
2896.9 -36.5 26.2 -17.4 25.3 -24.8
19.8 19 31.1
738.5 -78.1 -47.9 53.6 -27.8 11.5
1840.3 4.5 58.7 14.5 -8.2 -14.8
2874.3 -56.1 37.7 7.5 15.5 -41.3
16.6 16.4 30.7
735.6 -69.7 -56.1 61.2 -29.2 7.9
1835.7 15.7 49.5 23.2 -10 -16.8
2868.8 -42.1 37.1 18.9 11.1 -43.4
16.6 16.7 34.1
739.2 -67.9 -61.8 65.3 -29.5 8.4
1838.5 21.3 43.2 28.7 -11.4 -14.1
2879.7 -24.5 25.2 25.6 12.8 -37.8
17.5 18.1 40.4
747.5 -68.3 -69.3 69.2 -27.4 9.4
1847.2 23.7 38.8 31.8 -10.3 -11.1
2906.9 -5.5 12.9 26.2 20.2 -28
21.1 19.1 45
756.8 -69.9 -76.7 73.4 -23.1 11.2
1857.6 25.3 36.2 33.5 -8.6 -6.7
2940.9 14.8 -1.4 17 28.7 -10.8
winner is: 9
