Regression analysis information for: S16_selected_tokens_0065
number of formants: 3
number of coefficients: 5
37.2 221.4 10280.4
344.9 -52.2 19 -3.5 -3.1 -2.4
785.8 -355.6 267.3 -35.1 -144.2 -13.4
1835 -301.3 452.8 -23.1 -108.9 -39.1
14.1 176.6 175
375.8 -55.9 0.5 -5.6 4.7 0.9
1130.5 -238.4 -25.6 -73.5 67.6 18.7
2352.6 -276.1 -35.4 -70.4 111.4 56.2
8.5 129.1 66.6
384.5 -43.5 1 -11.6 -3.7 -9
1185.3 -151.7 -12.6 -168.5 -114.8 -167.5
2457.1 -227.5 12 -87.9 -102.8 -40.3
13 73.1 44.4
385.5 -41.1 0.4 -13.8 -3.5 -11.3
1260.1 4.7 144.4 -5.8 41.4 -21.8
2485.1 -162 85.7 -25 -49.2 12
4.3 30.1 21.4
391.1 -29.7 9.9 -3.9 4.7 -2.4
1290.5 59.2 197 39 82.6 8.2
2498.8 -134.4 106.4 2 -28.9 26
4.6 23.6 20.3
391.7 -29.8 10.3 -2.4 4.7 -1.3
1282.9 44 179.2 22.2 70.3 -2.9
2499.2 -132.3 100 -1.5 -27 20.9
5.6 22.1 20.3
387.4 -33.2 13.7 4.2 5.7 -1.4
1285.5 48.7 178 21.8 70 -5.3
2513.1 -126.7 93.3 -16.4 -20.6 16.5
8.1 32.2 23.3
374.1 -35.1 25.7 9.9 -4.3 -3.1
1289.9 56.5 200.4 39.9 79.1 5
2534 -139.7 77.7 -18.4 -14.7 14.3
7 56.9 36.2
361.1 -34.1 35.6 6.9 -7.4 4
1257 34.2 220.3 58.5 83.5 36.3
2550.3 -164.4 77.1 -12.5 -11.1 3.7
9.2 122.4 48.1
357.2 -40.2 29 3.2 -15.2 2.9
1202.9 -62.4 134.4 -16.4 8.7 -17.7
2549 -160.4 84.9 -9.4 -8.7 11.4
8.9 101.3 42
346.8 -39 24.8 -4.9 -13.8 -4.7
1156.5 -128.8 64.8 -97.7 -86.3 -92.7
2542.3 -195.9 80.9 -26.6 -37.2 -2.1
5.9 71.1 54.5
335.2 -29.4 23.4 -9.3 -5.7 -9.1
1073.3 -175.5 24.1 -119.6 -61.9 -70.5
2499.5 -194.1 125.6 -56.5 -54.4 10.5
4.2 72.2 60.9
330.4 -27 23.9 -8.6 0.7 -9.6
1007 -195.8 8.9 -88 7.8 -39.1
2422 -126.3 153.3 -100.4 1.7 -7.7
3.9 59.2 46.7
328.3 -28.6 22.6 -7.5 2.7 -7.6
972.9 -240.7 -14.8 -81.8 50.6 5.3
2390.9 -96.7 139.6 -97.9 34 -20
3.8 97.9 55.9
328.5 -28.8 23.8 -5.7 6.4 -6.3
999.1 -195 24.1 -44.1 86.8 35.7
2406.9 -84.4 154.6 -69.5 66.4 -2.9
3.7 176.6 90.2
331.1 -25.5 29 0.2 12.9 -0.5
1113.2 4.4 225.5 133.3 251.6 173.9
2469.1 -24.2 240.1 8.7 138.3 58.3
5.2 175.9 91
335.5 -22.3 31.1 2.8 14 0.7
1148.1 20.4 261.6 160.1 286.9 185.8
2508.1 -28.8 256.2 21.7 135.6 69.4
6 150.1 131.9
343.8 -19.1 32 3.4 13.6 -0.4
1237.7 86.9 340.1 244 341.2 184.3
2574.5 32.2 410 40 121.3 91.5
10.6 231 815.1
355 -18.3 25.3 1.5 7.7 -2.2
1492.1 255.1 317.2 106.2 147.7 -11.1
3551.4 -256 -262.7 486.1 -102.8 -452.9
11.9 100.5 326.1
368.7 -14.7 16.7 -3.5 1.2 -4.2
1708 405.4 276.2 -21.1 -11.1 -103.2
4183.2 -164.8 -647.7 234.7 -530.7 -126.7
winner is: 7
