Regression analysis information for: S16_selected_tokens_0061
number of formants: 3
number of coefficients: 5
14.6 94.4 10163.3
371.6 -63.9 54.8 -9 -36.5 6.6
889.5 -338.9 368.2 50.5 13.9 146.1
1850.3 -443.5 615.1 213.4 21.7 256.8
12.7 93.4 10185.9
370 -71.4 54.7 3.4 -33.2 1.9
906.8 -341.7 349.7 60.7 -6.5 121.4
1893.4 -516.7 569.8 275.3 -44.9 257.3
14.5 97.1 10204.3
368 -74.6 50.5 3.9 -31.3 2.2
908 -367.2 328.6 45.9 -34.6 102.2
1868.7 -632.8 467.2 232.5 -125.8 222.7
20 70.9 154.5
392.6 -80.9 -1.9 6.6 4.7 7.8
1033.5 -418.5 41.8 98.5 202.6 115.7
2217 -700.6 -247.7 241.3 330.6 209.6
7.8 22.8 26.4
417.3 -48.2 -2.9 -15.9 -23.6 -11.2
1211.1 -144.1 107.2 -54.3 -19.4 -18.4
2642 -44.8 -55.1 9.1 -18.5 13
8.8 22.5 24
420.4 -42.9 -2.5 -16.1 -24.7 -12.4
1215.4 -139.2 113.9 -49.8 -14.8 -15.8
2636.5 -49.4 -45.5 16.4 -15.5 13.8
9.9 25.7 20.9
416.5 -36.2 -9.3 -10.9 -27.9 -10.9
1220.9 -130.6 113.5 -41.2 -16.9 -5.4
2647 -50.4 -38 10.3 -10.1 13.6
9.9 23.9 20.5
416.2 -40.5 -5.9 -9.7 -23.9 -10.6
1222.3 -136.1 112.8 -48.5 -12.6 -14.3
2652.6 -40.5 -46.1 7.9 -14.3 16.1
8.2 25.4 22.3
403.3 -44.7 -8.5 -0.9 -20.3 -9.2
1206.7 -139.2 96.1 -35.3 -19.7 -6.4
2665.9 -43.8 -55.1 -4.2 -13 16.7
6.6 39.4 53.9
382.1 -60.5 -1.2 9 -14.2 -2
1139.9 -187.4 89.2 26.6 8.4 37.7
2652.7 -64.6 -76.2 21.1 11.5 39.3
6.1 39.1 79
369.4 -58.3 14 1.9 -15.8 6.3
1091.8 -196.3 129.9 20.8 -14.6 54.5
2628.7 -58.9 -105.2 41.4 37.1 40
6.1 35.6 53.4
359.5 -51.7 24.2 -8.8 -15 9.9
1053.6 -163.4 187.2 -11.3 -23.5 89.6
2633.9 -67.8 -62.5 27.8 14.8 78.9
5.3 32.6 44.8
358.5 -50 26.7 -10.4 -14.9 9.3
1055.2 -163 204 -16 -19.4 87.6
2630.8 -43.7 -27.8 -2.5 4.2 94.1
4.2 34.7 28.6
358.7 -48.8 29.3 -10.7 -12.3 5.7
1063 -185.7 231.6 -28 -8.5 68.7
2652.5 -44.4 -20.9 -6 16.7 72.3
3.4 55.9 25.7
360.9 -47.3 26.3 -10.5 -8.8 -0.2
1079.7 -182.3 255.2 -33.6 31.4 39.3
2694.4 -28.3 -43.3 27 44.4 39.7
3.3 79.6 43
363.6 -44.8 24.3 -9.9 -7.9 -4.4
1088.6 -158.8 267.7 -23.4 51.5 32.1
2726.5 10.5 -55.4 28.8 46.9 10.9
4.1 96.2 73.5
366.1 -41.6 23.3 -8.9 -9.3 -7.3
1097.4 -126.7 280.9 -2.1 57.4 46.4
2761.2 59 -58.1 11.6 18.6 -18.1
4.6 89.4 79.4
367.6 -37 25.3 -7.4 -10.8 -8.3
1082.5 -114.2 262.4 9 38.3 63.1
2772.5 82.5 -50.4 9.5 -4.2 -31.3
4.7 80.4 77.1
366.4 -35.5 30 -9.8 -15.4 -7.6
1082.6 -128.9 256.2 2.6 36.8 63.2
2762.9 92.4 -18.7 -4.5 -27.2 -15.9
6.7 81.2 57.7
369.2 -32.2 35.9 -7 -15.6 -8.7
1071.7 -161.6 237.9 -7.6 37.6 69.1
2764.1 69.4 -7.3 25.3 -19.9 -6.7
winner is: 8
