Regression analysis information for: S16_selected_tokens_0013
number of formants: 3
number of coefficients: 5
2.2 2.4 25.5
556.6 -13.4 -6.8 6.9 -3.4 4.2
2005.2 -118.9 8.2 -1.5 0.8 -3.4
2622.1 101.8 -97.7 156.5 -61.6 -26.2
2.6 95.1 159.2
553 -15.6 -3.7 8.1 -4.4 3.1
1806.8 -287.5 111.6 -33 -261.4 -176.5
2452.6 -344.1 79.9 266.8 -252.7 -133.8
18.1 122.2 81.3
543.2 -11.2 9.9 -3.4 -10 19.8
1724 -333.4 151 -95.8 -221.2 34
2367.2 -645.9 171.1 100.1 -128.3 -9
5.2 108.8 97.8
548.6 -17.6 -8.3 1.6 -5.3 0.4
1857 -303.3 -23 -80.8 -191.9 -128
2457.6 -635.2 63.3 212.3 15.8 -79.8
2.5 2.9 69.7
552.4 -10.6 -6.2 5.7 -1 4.4
2011 -118.6 7.6 -2.5 -2.2 -2.6
2809.5 -214 26.7 76.8 69 8.5
2.6 2.8 6.7
554.2 -9.7 -7.3 4.9 -1 4.2
2011.2 -117.7 7.6 -2.7 -2.3 -2.5
2844.4 -168.9 8.9 3 -1.1 -6
2.5 2.5 6.1
555.2 -9.9 -6.9 3.6 -1.3 4
2012.4 -114.4 7.6 -2.8 -1.9 -2.2
2845.9 -164.7 7.1 2 1.1 -7.7
2.7 2.8 7.2
554.1 -9 -6.5 3.3 -1.4 4.3
2013.6 -115.4 7 -2.9 -2.6 -2.3
2850.6 -162.4 2.5 5.2 -0.5 -5.5
2.6 2.9 7.5
551.9 -9 -5.7 2.1 -1.5 3.8
2013.7 -116.6 6.2 -3.4 -3.6 -3.1
2856.3 -162 -0.3 6.6 -0.8 -6
2 3.7 7.5
547.5 -7 -5 1.4 -1.1 4.1
2010.8 -120.6 6.5 -3.7 -3.7 -2.8
2859.4 -173.9 0.7 5 1.1 -9.8
2.5 3.1 7.4
542.2 -1.1 -8 3.4 -1.5 4.4
2005.4 -131.5 6.3 -4.2 -5.8 -5.7
2849.1 -203.2 5.7 8 -3.4 -17
2 3.2 7.1
537.9 6 -11.8 4.6 -1.3 3.8
2005 -129.8 10 -3.7 -4.3 -4.3
2849.6 -211.6 21 7.8 -2.8 -13.6
2.3 3.1 7.1
535 11.9 -15.4 6 -1.8 4.3
2007 -127.6 11.2 -5.7 -3.6 -4.5
2859.5 -206.7 27.8 1.7 -2.5 -9.9
2.1 2.4 8
533.4 16.7 -18.2 6.8 -2.2 4.7
2009.6 -118.5 12.5 -8.8 -0.4 -5
2869.5 -187 34.9 -16.3 8.3 -7.4
2.1 2 8
534.3 18 -18.8 6.3 -2.6 5
2014.3 -107 13 -10.5 1.6 -4.2
2881 -159.4 32.9 -31.8 18.6 -9.6
2.3 2.4 7.7
535.1 19.7 -20 6.3 -3.3 5.5
2020.6 -98.6 12.7 -11.4 1.5 -3.2
2900.3 -140.4 27.3 -37.2 20.1 -9.7
2.6 3.1 8.7
535.6 22.2 -21.9 6.8 -4.1 6.3
2027.9 -93.1 12.1 -11.6 0.9 -1.6
2924.2 -128.7 20.2 -36 18.6 -5.2
2.9 4 12.2
537.4 22.2 -22.3 6.5 -4.5 6.1
2033.5 -85.3 9.2 -9.3 -0.7 -0.8
2942.9 -116.8 1.8 -25.7 11.3 -8.9
2.9 3.8 13.2
537.7 23.7 -24.5 7.5 -4.6 6.7
2038.4 -84.2 4.4 -7.5 -0.3 0.6
2960 -113.3 -22.3 -9.9 11 -4.3
2.9 4.3 15.9
539.9 22.8 -25.2 6.9 -4.3 6.2
2044.1 -80.8 -1.4 -6.5 -0.8 1.3
2982.1 -113.1 -50.1 0.9 7.3 -10.5
winner is: 7
