Regression analysis information for: S16_selected_tokens_0073
number of formants: 3
number of coefficients: 5
15.8 121.7 136.7
364 -27 22.2 -25.4 -10.4 -5.9
1489.8 136.4 302.9 -125.5 15.5 109.1
2449.4 55.2 143.2 -132 -33.2 133.4
21.3 126.5 144.8
355.5 -27.8 33.1 -25.9 -17.9 -1.8
1486.7 137.1 320.6 -131.9 -14.4 125.8
2444.3 58.5 165.1 -142.5 -65.7 159.1
17.7 136.5 158
351.7 -24.7 30 -28.3 -8.2 -6.3
1474.4 148.4 328.3 -159.3 -0.6 142.3
2434.9 74 175.9 -174.3 -47 180.3
15.1 22.5 14.1
352.5 -30.2 17.7 -21.5 -5.9 -12
1560.2 93.3 198.1 -22.1 33.1 -15.3
2532.5 13.1 26.5 -19.3 -6.2 3.8
13.4 23.7 16.9
352.6 -36.7 2.4 -11.9 -5 -10
1562 97.1 205.5 -25.5 29.1 -14.2
2529.1 13.1 33.9 -25.7 -13.7 1.8
11.1 27.6 21.1
351.3 -41.6 -3.4 -4.7 -6 -7.6
1558.3 100.5 198.7 -21.5 25 -9.1
2526.6 10.1 30.6 -32.3 -16.5 0.3
9 32.7 25.3
344.2 -43.4 -0.8 -4 -9.4 -7.9
1549.6 94.2 189.6 -11.6 29.6 3.9
2527.2 7.8 22 -31.2 -12.8 5.9
8.5 35.7 27.4
332.5 -38.6 8.8 -10.1 -9.4 -8.8
1523 65.4 183.7 10.1 57.4 27.1
2525.3 1.7 16.4 -21.3 0 15.8
50.7 47.3 56.7
342.5 10.7 58 23.5 34.4 32.3
1506.1 77.7 237.1 47.9 92.4 39
2536 35.5 76.6 36.4 42.9 51.9
94.4 55.1 100.6
361.5 57.7 105.1 64 78.6 73.4
1487.7 115.7 289.6 53.2 111.3 33.8
2532 92.4 181.5 79.7 65.9 89.1
50 43.6 68.3
338.4 13.2 60.3 18.6 35.4 28.9
1480.1 123.9 281.1 35.2 101.8 7.3
2522.7 90.6 175.3 54 52.8 70.2
96 59.3 105.9
363.1 60.9 107.8 64.3 81.4 73.1
1507.5 159.6 306.1 43.2 117.4 14.8
2570.5 166.8 233.4 110.5 119.2 125.3
87.1 52.8 101.7
359.1 51.1 97.1 54.1 70.7 64.3
1533.4 169.2 306.3 19.9 104.2 -1.5
2605.6 202.3 247.3 133.4 149.3 140
99.8 65.9 113.1
366.5 64.2 109.7 65.8 83.5 75.5
1557.1 197.9 307.4 25.1 106.5 12.4
2626.5 215.1 243.1 154 179.1 162.7
102.1 70.6 109.3
368.7 66.2 110.7 67.2 84.9 77.4
1588.6 220.7 299.3 12.9 95.3 13.1
2645.3 213.5 219.3 163.8 204.6 174.5
105.6 92.1 117.8
372.3 69 112.3 68.6 86.8 79.9
1660.7 283.6 305.7 -2.2 90.6 20.8
2675.8 218.7 199 198.6 270.9 214.3
139.5 107.7 291.7
397.9 113.2 155 110 126.2 119.5
1777.5 362.8 269 -96.1 13.2 -31.5
2866.5 416.2 112.7 14.5 161.5 230.2
143.4 125.4 295.6
403.2 116.3 158.7 113 129.2 122.9
1855.7 385.3 265.7 -90.6 16.8 -67.5
3144.5 642.5 -46.2 14 259.6 121.4
108.6 170.9 222.1
380.7 69.7 109.2 65.8 85.2 76.1
1900.6 400.6 232.4 -74.9 16.1 -72.3
3393.4 746 -131.6 51.8 167.6 -75.8
144 213.3 264.4
413.1 104 162.1 116.2 119.6 130.3
2095.7 204 385.3 61.3 -105.9 161.8
3677.2 423.2 -32.2 294.4 -67.1 95.1
winner is: 4
