Regression analysis information for: S16_selected_tokens_0038
number of formants: 3
number of coefficients: 5
1.9 18.2 80.7
554.6 -30.1 -10.2 -5.4 -3.9 -4.3
1804.3 311.2 -87.1 7.3 25.9 3.2
2614.4 135.5 99.6 -61.5 -56.4 -6.1
1.9 17.7 41
554.7 -30.6 -10.5 -5.4 -3.8 -4.3
1816.7 308.3 -84.1 13.6 19 1.1
2753.9 49.6 -45.6 3.2 33.9 -37.5
1.8 21.2 21.4
553.4 -34.1 -12.1 -6.1 -3.7 -3.7
1842.4 293.8 -77.8 22.5 -2.3 -0.5
2828.1 -44 -14.7 2.9 22.9 -0.8
1.1 21 12.9
553.5 -34.4 -11.5 -5.4 -3 -2.5
1883.4 240 -55.4 42.5 -39.1 31.2
2872.9 -117 36.6 -24.5 29.9 -5.8
1.5 30.8 13.6
552.2 -37.1 -12.5 -5.8 -2.8 -2.9
1916.5 188.2 -20.6 29.7 -59.8 58.9
2878 -118.1 38.7 -24.6 23.3 1.3
1.8 30.2 15.5
552.3 -36.8 -12.7 -5.8 -3 -3.5
1918.1 176.5 0.5 4.4 -39.7 50.3
2876.6 -119.6 44.3 -30.2 25.8 3.5
1.9 20.6 15.1
552.9 -35.6 -12.4 -5.1 -3.1 -3.2
1914.4 181 11.5 -16.1 -7.5 27.2
2873.1 -115.2 44.1 -35.4 33.6 -3.2
4 15.8 14.8
550.6 -40 -15.6 -7.9 -5.8 -5.1
1911 196.7 -2.3 -7.1 -10.3 20.8
2878 -114.5 45.3 -32.1 36.3 -4.8
5.2 14.5 15
546.4 -46.3 -17.5 -9.7 -6.4 -5.1
1915 207.2 -16.6 9.9 -22.4 24.1
2883.5 -109.4 37.8 -25.8 32 -5
5.3 16.6 15.4
540 -50.1 -13.7 -11.1 -6.8 -1.6
1929.4 192.9 -17.7 19 -29.2 28.3
2889.2 -110.4 25.5 -24.1 28.5 -9.1
5.9 40.7 21.2
530.9 -55.6 -11.4 -14.2 -8.4 -2.4
1920.4 157.6 -15.9 3.2 -56.9 48.8
2880.9 -126.2 23 -45.2 25.9 -1.6
5.1 128.5 28.9
524.7 -50 -7.8 -14.2 -6.6 -3.5
1736 314.2 61.2 -246.6 155.5 19
2841.6 -117.9 42.2 -87.1 52.2 11.6
5 89.6 26.9
520.1 -48.3 -10.6 -14.5 -7.6 -5.3
1660.1 386.8 7.9 -209.8 145.1 -17.6
2823.2 -123.2 56.3 -84.8 55.1 3.9
4.9 36.3 25.1
518.6 -45.3 -12.9 -12.2 -8.4 -5.8
1555.6 587.4 -153.3 -75.7 87.8 -32.7
2820.5 -118.4 55 -66.7 49.2 -6.9
4.4 35.5 25.7
519.8 -42.2 -13.2 -8.5 -8.7 -5.1
1574.2 592.9 -155.3 -56.2 95.1 -49.2
2826 -110.4 43.1 -52.7 44.4 -16.7
4.4 141.7 163.4
521.3 -42.8 -13.9 -6.5 -9.9 -5.2
1660.9 551.9 -214.4 85.1 40.9 -113.5
2921.6 -205.5 -27.8 108.9 -74.5 -55.1
5.8 228.4 108.4
521.6 -44.1 -15.5 -6.9 -9.2 -8.2
1897.3 331.6 -243.8 410.8 -255.6 51.6
2932.3 -188.7 -1 93.7 -52.8 -16.1
18.7 199.5 108
517.9 -32.3 -18.9 -7.1 -0.8 -19.4
1964.3 307.7 -234.3 457.7 -294.5 97.8
2956.2 -198.5 -13.8 110.5 -62.3 -20.8
4.3 175.2 191.9
526 -45.7 -13.1 -6.4 -10 -6.7
2025.1 338 -250.8 506 -314.5 95.8
3060 -215.1 46.6 229.8 -73.7 93.4
18.9 234.2 224.2
520.3 -29.4 -16.5 -10.3 2.8 -20.7
2008.2 484.4 -278.7 436 -216.5 -46.1
3117.6 -197.7 58 313.5 -102.2 142.8
winner is: 8
