Regression analysis information for: S16_selected_tokens_0028
number of formants: 3
number of coefficients: 5
1.8 25.8 100.9
530.3 9.4 -10 0.4 -3.6 2.2
1864.5 181.8 -34.3 -31.7 -27.3 39.3
2232.5 166 -185 131.3 -45.7 -102.4
1.9 16.7 143.5
530.2 10.8 -11.1 1.3 -4.1 2.5
1869.8 191.1 -22.2 -20 -17.5 48.9
2470.7 180.7 -171.1 81.6 -79.4 -147.8
18.4 96 120.4
509.5 48.2 -41.7 19.3 -10.8 -3.5
1678.3 558.2 -341.1 222.9 -169.8 108.2
2725.1 313.7 -269.7 333.6 -304.9 91.5
12.1 97.3 98.1
513.4 41.3 -35.7 17.9 -13 4.7
1678.9 570 -346.4 227.1 -162.4 98.7
2814.9 341.4 -386.3 331.3 -231.8 92.6
32.3 132.9 165.6
508.6 44.4 -34 12.7 -6.9 -7.6
1815.8 311.9 -128.9 39.6 -18.5 -5.9
2997 1.9 -89.5 67 -16.5 -58.8
3.8 19.3 10.8
524.3 11.2 -2.5 -4 -5.5 4.2
1884.3 188.7 -42.3 -13.4 -11.2 38.5
3084.9 -155.1 28.2 -3.8 -7.6 -4.5
3.8 18.2 10
524.3 10.2 3.9 -6.2 -5.9 6
1884.6 188.4 -47 -12.5 -7.4 37.4
3083.6 -155.4 17.9 -3.7 -7.7 -2.9
4 17.3 9.3
527.9 6.3 1.8 -5.4 -4.6 4.6
1879.2 192.2 -47 -13.7 -11.6 35.5
3078.6 -153.9 17.9 -4.7 -11 -2.4
4.1 16.4 9.2
529.4 7.4 -2.4 -5 -3.7 6.1
1879.8 191.2 -42.7 -13 -12.7 34.5
3077.1 -154.9 28 -3 -12.3 -7.3
3.6 16.4 10.2
526.8 9.9 -3.2 -4.5 -2.5 8.8
1885.3 189.8 -38.9 -11.7 -10.5 36
3083.6 -150.4 31.1 -2.8 -12.2 -9.4
4.3 19.3 12.3
512.3 20.1 -7.9 -4.5 -3.3 13.5
1885.9 197.2 -43.8 -7.4 -14.8 38.3
3099.8 -155 37.4 -6.4 -8.5 -15.6
3.2 20.3 12.7
492.3 24.5 -1.3 -3.9 1.6 11.4
1885.9 206.6 -43.8 -6.7 -12.2 42.8
3114.5 -146.9 33.1 -7.5 -9 -12.8
2.7 21.6 14.6
472.8 24.1 0.6 -4.8 3.3 5.2
1864.4 240.6 -46.8 -13.9 -6.8 42.2
3126.9 -141.8 36.9 -12.2 -7 -9.8
2.3 20.7 18.9
462.2 18.8 -0.3 -4.9 1.4 1.9
1834.1 269.2 -35.3 -18.6 -4.8 36.6
3118.2 -130.4 57.6 -16.9 -5.5 -7.2
2.4 16.3 23.8
457.6 15.8 -2.6 -4.9 0.6 1
1807.8 270.5 -29 -9.9 -5.7 32.3
3078.9 -144.1 87.6 9.1 0 -18.8
2.7 14.8 24.2
456.3 15 -3.6 -4.8 0 0.7
1792.1 261 -35.2 -6.9 -10.5 30.4
3049.5 -175.4 87 21.4 2.7 -20.5
3.3 16.7 27.3
455.5 13.3 -5.5 -6 -1.2 -0.5
1782 243.1 -57.8 -16 -20 24.1
3040.4 -213.1 55.8 6 -6.3 -27
3 17 20
456.3 13.4 -5.7 -5.2 -0.9 0.1
1781.9 222.2 -78.1 -26.7 -30.3 16.7
3041.8 -231.8 18.6 -10 -21.8 -34.7
3.6 17.7 22.6
456.8 12.5 -6.8 -5.6 -1.8 -0.7
1795.4 232.5 -78.4 -15.8 -26.9 19.4
3071.3 -218.9 18.7 0.3 -18.5 -33
3.2 20.5 24.4
458.2 15.1 -6.6 -3.8 -1.1 0.4
1820.6 265.6 -67.2 1.6 -16.5 26.2
3111.5 -151.1 19.2 12.8 -21 -24.2
winner is: 9
