Regression analysis information for: S16_selected_tokens_0095
number of formants: 3
number of coefficients: 5
50.1 185.6 92.4
671.2 -68.3 23.4 -31.3 -37.8 52
2015.4 77.8 -75.6 -165.9 -72.7 142.8
2446.8 161.1 -322.9 -45.6 -14.4 -23.3
14.6 127.7 104
688.2 -98.3 -28.1 -4.6 -37.7 -4.2
2050.1 -217.4 -354.7 -185.3 -193 -154.1
2535.2 -36.4 -370.4 -17.7 -106.6 -57.7
63.3 357.3 204.2
633.4 -16.1 -50 -40.7 21.3 -41.1
1778.8 244.3 -542.9 -223.2 -65.8 -166
2560.9 -62.5 -313.6 -84.4 -63.3 -56.7
46.1 144.1 110.5
666.5 -28.9 -35.9 11.8 -17.4 10.2
1996.5 232.3 -385.3 121.5 -144.8 88.5
2641.4 -97.8 -293.6 92.9 -158.2 84.2
15.4 129.9 113.6
695.1 -69.3 -23.1 24.8 -37.1 17.6
2049.7 130.3 -342.2 134.4 -188.9 117.2
2671.5 -179.6 -235 83 -172 88.9
8.4 26.2 20.6
703.1 -97.3 -12 7.8 -28.5 4
2134.2 -28.7 -176.6 -27.3 -42.1 -19.7
2743.7 -310.2 -91.6 -67.4 -42.3 -33.5
8.3 33.8 25.6
687.4 -133.1 -28.2 -5.6 -31.8 0
2141.1 -23.1 -185.7 -36.4 -54.2 -30.2
2755.3 -302.4 -114.5 -80 -50.9 -37.5
6 36.3 39
668.1 -150.1 -29.1 -3.3 -21.5 5.3
2157 -21.5 -200.2 -59.8 -79.9 -52.3
2743.5 -358.9 -166.9 -82.1 -10.9 18.1
8.2 31.5 48.5
642.6 -136.5 -19.8 -8.9 -17.2 3
2131 -83 -247.1 -57 -47.9 -11.7
2752.2 -399.4 -222 -82 28.9 64.2
8.5 32.3 52.9
613.8 -103.2 -17.7 -19.3 -7.8 -3.9
2139.2 -84.9 -256.6 -51.4 -37.7 -7.6
2759 -427 -236.1 -37 76.3 56.7
5.7 30.2 39.3
593.9 -71.2 -23.6 -20.9 -4.6 -5.9
2168.4 -45.1 -242.8 -48.4 -45.6 -28.4
2725.1 -459.1 -176.6 20.5 56.5 11.8
3.6 28.2 41.9
585.5 -53.1 -28.5 -18.2 -6.5 -4.2
2191.5 5.2 -223.3 -38 -48.3 -39.8
2688.5 -447.8 -83.9 8.1 -38.5 -14.3
4.5 31.4 46.6
583.8 -43.5 -30.4 -16.6 -7.8 -3.4
2197.3 42.6 -204.8 -14.1 -31.9 -28.6
2748.6 -349.1 -79.9 -74.5 -119.1 -49.1
4.7 22.5 67
586.8 -34 -28.5 -14.8 -6.8 -3.9
2201.4 62.9 -193.6 -1.3 -19.4 -21
2909 -138.7 -86.2 -148.8 -162.6 -80.6
6.8 19.3 72.3
592 -25.9 -24.5 -11.7 -4.5 -1.6
2203.7 69.8 -190.7 2.8 -16.5 -17.9
2998.4 -45.5 -106.8 -116.6 -65.8 -42.5
10.3 19 69.2
599.4 -17.7 -18.4 -6.3 -0.5 2.7
2209.3 65.4 -191.1 5.3 -20.2 -18.1
3072.4 -11.5 -155.1 -76.1 10.2 -40.5
16.6 20.4 72
608.2 -7.4 -9.2 3.5 7.3 11.8
2212.1 55.4 -197 7.4 -25.2 -14.7
3100.9 -28.7 -196.6 -54.3 36.2 -45.6
21.5 18.7 52.5
614.1 -2.9 -3.6 9.8 13.2 18
2221.4 51 -193.9 11.2 -28.2 -16
3127 -12.8 -174.4 -31.4 29 -54.3
17.3 17.4 43
613.6 -12.4 -9.1 5.1 8.1 12.8
2233.4 39.5 -188.1 14.4 -31 -14.5
3144.4 -20 -168.8 -17.8 24.6 -51.4
12.5 17 38.1
611.2 -24.6 -17.7 -0.8 1 7.5
2238.8 27.8 -189 17.2 -35.3 -11.7
3152.4 -37.3 -171.3 -16.3 18 -53.2
winner is: 6
