Regression analysis information for: S16_selected_tokens_0118
number of formants: 3
number of coefficients: 5
138.3 140.4 10118.8
663.7 -76.5 -51.9 -69.3 -15 31.2
1062.7 159.2 32.2 -33.3 -31 -8.1
1910.2 97.1 125.5 19.4 18.6 -25.9
117.7 165.5 10170.8
744.9 97.3 19 -97.9 -52.1 21
1262.5 444.4 79.1 -147.9 -109.4 9.3
2041.9 301.1 192.3 -16.4 -31.5 -58.9
93.4 189.3 10234.7
764.8 186.8 110.4 -62 -40.8 15.2
1349 491 112.4 -108 12.5 -8.6
2226.5 431.9 164.6 -113.9 40.7 -37
91.6 184.4 237
800.7 249.1 -38.6 -85.9 94 -6.5
1535.3 315 37.2 -186.7 212.1 22.5
2522.3 269.3 -28.8 -304.8 278.1 51.7
11.2 28 17.7
947.2 61.5 -26.6 33.3 -22.5 15.5
1816 56.6 67.1 46.5 -23.7 -15.3
2868.7 -52.4 -7.5 5.5 -14.4 13.4
122 158.6 171.7
875.6 -36.3 -19.8 61.9 -20 17.9
1713.5 -78.5 46.2 74 -6.4 10.8
2762.2 -158.3 26.3 71 -29.6 -24.2
55.2 63.8 49.9
924.4 16.1 -47.7 31.9 5.2 58
1783.6 4.7 27.2 38.3 20.2 41.7
2840.8 -78.4 -38.5 5.5 17.3 45.6
10.8 21.1 11.7
948.1 56.4 -26.7 29.5 -21.4 17.2
1805.3 46.4 58.9 37.6 -12.7 -11.4
2859.5 -46.3 -10.6 2.2 -6.5 0.2
9.9 14.1 10.5
949.6 54.3 -27.6 28.1 -20.1 17.9
1800.3 34.5 55.7 34.3 -6.4 0.2
2861.3 -54.3 -1.1 -3.9 -3.3 1.1
9.7 12.8 12.8
949 57.5 -30.4 29.6 -20.1 17.8
1804.4 35.7 55.5 33.8 -6.5 3.2
2868.1 -61.3 4.6 -6.3 -4.1 6.7
10.2 15.1 15.1
941.7 66.3 -33.7 37.1 -24.1 16.2
1806.9 43.9 59.2 39.9 -11.7 -0.5
2876.7 -66.5 6.7 -5.9 -4.6 11.2
12.6 23.8 16.1
925.2 66.3 -27.5 49.9 -26.7 8.3
1790.9 44.7 74.3 62.4 -18.2 -11.8
2879.4 -68.4 6.3 -0.8 -8.1 13
14.9 34.5 17.2
900.2 56.3 -15.6 58 -26 -2
1737.4 14.9 82.9 87.2 -9.6 -13.4
2863 -64 -1.9 11.6 -18.2 10.1
18.3 76.5 16.8
868.3 35.1 -14.7 55.5 -26 -2.9
1625.2 -113.4 17.2 64.4 23.5 53.9
2824.7 -54.5 -16.6 22.9 -25.8 -2
21 64.4 15.8
846.1 17.3 -31.2 33.7 -35.3 -2.5
1596.2 -122 10.4 27.8 18.7 61
2800.9 -53.7 -26.4 4.3 -36.5 2.3
20.4 58.3 17.9
847.5 18.4 -27.5 26.3 -31.9 2.9
1593.2 -117.9 10.2 6.1 13.4 58.1
2800.9 -50.9 -18 -14.3 -31.8 8.4
24.7 58.9 20.9
854 24.7 -34.5 15.8 -36.9 2.4
1604.1 -117.3 16.1 2.9 22.7 69.5
2817.3 -66.2 -9.3 -33.2 -23.2 13.4
28.7 64.6 22
870.3 36.7 -38.7 3.8 -36.6 3
1613 -128.4 12.2 -6.4 35 78.2
2839.7 -86.6 1.9 -55.5 -4.2 9.3
31.4 78.5 18.8
892.8 52.2 -38.9 -7.1 -29.6 5.7
1615.9 -152.9 -9.1 -24.8 52.6 89.7
2859.8 -105.9 11.8 -76.6 19.4 -2
41.2 94.5 18.4
887.3 18.7 -77.2 -21.3 -7.2 46.3
1632.9 -177.9 -32.4 -30 97.5 130.6
2883.1 -145.6 26.1 -94.8 38.8 -10.3
winner is: 9
