Regression analysis information for: S16_selected_tokens_0108
number of formants: 3
number of coefficients: 5
53.2 168.6 94.8
846.8 58.7 -151 16 -13.9 -51.6
1547.7 313.4 140.2 -97.5 110.4 -194.5
2025.5 157.8 144.4 -25.2 -27.6 -153.1
40.9 163.9 145.3
870.9 16.4 -133.3 3.4 -25.5 -28.5
1673.5 106.2 49.4 -136.6 27.1 -133.5
2151.5 65.9 256.4 -138.2 -69.5 -133
29.1 165.9 145.4
880.7 -3 -125.2 -9.2 -21.2 -28.9
1648 -30.1 -33.7 -178.8 35.6 -196.7
2198.9 6 304.6 -253.3 -69 -235.4
29.5 188.7 143.6
880.6 -9.9 -132.3 -4.6 -21 -29.4
1653.8 -85.7 -64.7 -159.5 44.8 -173.6
2228.1 -68.6 309.2 -329.4 -78.3 -217.5
72.3 229.8 150.2
814.2 -0.1 -43.4 -36.6 -46 6.2
1482.6 -89.1 212.4 -245.6 -71.4 -30
2242.6 -168.4 336.4 -324.9 -91.3 -170.5
45.2 255.4 10257.6
794.5 7 -14.1 -27.2 -83.4 17.2
1401.1 -11.5 271.1 -65.7 -48.5 -37.9
2230.9 -106.5 380.9 -138.2 -72.7 -64.9
55 198.5 10187.6
806.9 29.3 -56 -24.3 -74.2 34.7
1356.4 136.4 378 24.1 107.4 -74.4
2215.5 79.1 486.1 -23 131.4 -95
62.7 160.5 164.5
875.3 25.7 -130.7 -22.2 -0.1 16.1
1756.4 173.4 43.6 -89.5 121.1 -2.6
2690.8 111.6 63.7 -114.1 168.9 -26.9
10.2 15.5 27.9
913.7 -11.2 -145.6 17.8 -32.9 6.8
1866.3 11.8 69.5 0.2 23.6 4.9
2803 -57.7 84.8 -1.3 54.8 -14.7
11.1 15.4 29.4
917.9 -15.8 -146.1 17.1 -35.7 8
1867.1 14.3 65.3 0 24.8 4.5
2802.8 -47.5 81.4 0.7 57.5 -13.4
11.8 15.8 30.3
911.3 -23.8 -147 17.1 -36.3 7.8
1869.6 13.2 63.8 1.6 24.9 4.8
2810.8 -43.1 80.7 2.6 60.6 -14.1
15.5 17.9 30.7
896.2 -32.6 -135 21.3 -33.5 5.9
1864.7 6.7 66.7 4.1 26.3 4.6
2814 -47 74.2 4.7 61.5 -13.4
16.9 21.6 31.3
861.3 -26.8 -113 23 -27.7 -2.3
1845.2 0.6 82.2 8.9 26.6 1.8
2810 -63.5 69.8 8.2 61.8 -18.6
15.6 24 47.5
832.1 -11.1 -105.9 21.8 -21.5 -12.5
1820.1 9.1 92 14.1 28.3 -5.4
2788.4 -70.7 83.4 10.4 51.6 -17.7
14.2 24.2 45
821 -4.6 -101 24.1 -19.7 -13.5
1800.9 18.6 91.1 20.4 29.1 -5.5
2776.7 -68.9 61.5 30 65.1 -27.8
13.3 21.6 42.8
820.5 -2.3 -105.4 27.3 -20.4 -13.2
1797.9 26.7 81 28.2 25.2 -1.6
2770.8 -56 52.4 38.7 61.4 -21.1
12 18.4 37.2
826.6 -2 -112.5 29.4 -20.9 -12.2
1805.3 30.3 71.4 32.4 22.8 2
2777.4 -43.8 46.1 43.6 58.6 -11.1
11.2 17.1 34.1
832.9 -2.2 -120.2 28.1 -23.1 -9.8
1816.8 31 67.7 31.1 21.2 5.4
2791.8 -39.8 49.9 39.9 61.4 -5.1
10 17.4 31.9
843.4 -2.5 -122.5 25 -25.1 -4.9
1828.5 28.4 67.1 25.4 20.4 9.7
2806.3 -36.9 53.7 35.9 62.5 4.3
10 18.8 31.6
851.4 -0.1 -125.6 16 -30.6 -0.5
1843.7 29 74.9 13.6 16.6 12.1
2826.3 -31.7 68.8 27.7 64.4 7
winner is: 9
