Regression analysis information for: S16_selected_tokens_0036
number of formants: 3
number of coefficients: 5
1.5 16.9 59.9
590.6 -14.4 -5.9 -3.6 -3.9 -2.1
1897.2 211.4 -25.8 12.6 -47.9 45.9
2251.7 -26.8 -1.8 60.1 -3 -96.5
1.2 18.3 108.6
591.2 -13.4 -5 -2.9 -3.4 -1.7
1904 199.9 -19.7 5.3 -40.6 42.8
2661.4 49.5 -30.2 131.2 -150.3 -59.5
1.2 18.6 40.9
591.1 -13.4 -5 -2.8 -3.6 -1.7
1909.7 193.7 -16.2 0.2 -35.9 41.6
2929.1 11.6 -17.2 82.5 -68.1 18.5
1.5 17.8 9.2
590.3 -14.2 -6 -3.1 -4.3 -2.2
1914.9 188.9 -11.6 -4.4 -32.1 40.5
2983.8 -53.3 16.5 4.1 15.2 -3.1
1.5 15.9 7.6
590.2 -14.1 -6.1 -3.1 -4.5 -2.1
1916.2 185.9 -9 -7 -28.4 37.5
2984.8 -53.5 17.3 4.5 14.6 -1.8
1.6 13.3 8.9
590 -14 -6.1 -3.1 -4.8 -2
1917.8 184.5 -9.3 -8.3 -25.3 34.7
2986.6 -55.8 19.1 2.9 16.6 -3.5
1.3 12.6 8.6
590.6 -13.2 -5.2 -2.6 -4.1 -1.4
1916.6 183.7 -8.5 -9 -24.7 32.3
2984.1 -53.1 15.7 4 15 -2.6
1.2 13 8.2
590.8 -13.3 -5.2 -2.7 -3.8 -1.3
1915.7 185.1 -9.4 -7.4 -26.7 33.1
2982.9 -51.2 14.1 5.6 12.9 -1.9
1.5 13 8.7
590.1 -14.6 -6.1 -3.3 -4.2 -1.7
1915 190 -12.7 -4.6 -29.6 35.4
2984.7 -49.2 15.4 5.8 12.1 -3.2
1.7 13.3 8.6
589 -15.8 -7 -3.9 -4.5 -1.9
1917.8 188.7 -11.4 -5.4 -29.5 35.5
2990.1 -49.3 19.1 4.2 12 -3.9
2.1 13.8 8.2
586.3 -18.1 -8.5 -5.1 -5.1 -2.6
1922.5 184.1 -8.2 -8.5 -27.7 34.7
2997.7 -46.5 20.9 3.4 9.7 -1.4
2.9 14.8 8.1
581.2 -22.3 -10.8 -7.5 -6.2 -3.5
1925.1 185 -9.5 -8.8 -28.8 36.4
3008.9 -47.2 24.7 1.1 8.3 -1.2
3.6 15.3 10.6
574.1 -29.4 -13.9 -10 -7.5 -4.4
1920.9 193.1 -15.9 -6.8 -33.6 40.1
3020.2 -48.2 28.2 -4.3 7.9 -5.1
3.7 16.6 10.9
570.3 -31.5 -14.1 -10.2 -7.1 -4.6
1907.7 199.8 -21.2 -8.2 -33.5 38.6
3019.9 -56.8 24.6 -6.8 6.4 -5.9
3.2 18 9.8
568.9 -31 -12.6 -8.9 -6.2 -4.1
1885.6 198.1 -25 -2.7 -31.3 37.1
2993.6 -86.8 7.1 0.7 15.6 2.3
3.1 16.4 11.9
568 -31 -12.4 -8.6 -6.4 -4.2
1864.2 207.3 -28.4 8.5 -32.6 34.5
2970.9 -101.6 0.7 14.9 26.5 6.2
3 12.4 11.1
567.6 -30.9 -12.2 -8.5 -6.6 -4.3
1850.8 214.8 -26.6 16.6 -37.8 32
2959.1 -98.8 -0.3 24.2 26.5 7.3
3.5 9.6 10.6
566.7 -32.3 -13.5 -9.4 -7.8 -5
1844.9 230.8 -30.4 21.9 -46 30.9
2960.6 -78.6 3.2 29.5 18.3 4.5
3.4 7.6 10.8
566.9 -32 -13.2 -9.3 -7.7 -5
1849.4 235.1 -25.5 21.3 -47.8 30.2
2971.3 -66.3 13.4 28.2 14.9 0.9
3.3 6.7 9.6
567.4 -31.4 -12.8 -9.2 -7.7 -4.9
1860.7 244 -21.4 18.4 -50.5 31.1
2992.8 -42.4 25.6 24 7.2 -3.2
winner is: 20
