Regression analysis information for: S16_selected_tokens_0053
number of formants: 3
number of coefficients: 5
41.3 124 202.5
412.9 111.4 47.8 -37.3 -55.6 49.6
1020.3 49 347.3 -197.3 60.8 84.4
2342.6 538.9 460.5 -530.8 -96.7 270.2
45.9 127.5 290.6
426.7 107.7 15 -18.8 -29.5 18
1020.6 74.5 294.7 -216.5 177.9 -8
2405.7 559.3 269.4 -485.1 163.2 10.6
26.1 119.2 234.9
451.2 107.1 -33.9 -13.8 13.7 14.8
1061.5 78.6 202.4 -175.8 219.3 8.3
2534.5 539.2 33.9 -439.7 347.6 24.6
21 103.8 217.3
452.9 106.1 -41 -7.4 13.8 7.9
1076.3 55.5 202.7 -148.4 201.4 -23.3
2597 488.7 -44.5 -329.9 346.4 -84
12.2 81.5 165.5
464.1 89.1 -44.5 6.1 1.2 8
1131.3 -25.9 192.7 -86.1 142.6 -32.3
2743.2 318.9 -114.1 -102.2 174.6 -125.3
13.2 99 203
455.9 98.4 -50.3 2.2 8 2
1096 9.9 162.4 -102 161.4 -40.6
2680.3 420 -126.9 -161.1 240.5 -143.4
11.3 102.4 198.3
457.1 92.1 -51.3 4.6 4.7 5.7
1094.9 -32.6 141.8 -89.3 138.7 -17.4
2710.2 385.3 -117.6 -151.6 219.2 -140.3
10 102.4 228.4
453.7 92.4 -55.2 7.9 5.6 5.8
1079.7 -75 146.1 -87 158.9 -15
2696.4 420.5 -151.1 -137.6 200.2 -123.4
9.4 72.2 91.4
450.6 82.9 -50.3 17.4 2.4 8
1048.8 -198.1 224.5 59.2 66.1 -5.9
2799.2 297.8 -229.7 69.2 -45.9 5.8
10 67.4 88.9
446.5 81.2 -45.9 20.2 2 5.6
1015.3 -182.5 255.8 52.7 38.2 -1.4
2796.6 231.7 -191.1 80.1 0.5 -18.4
9.5 45.6 43.1
446.7 80.5 -42.1 20.4 -3.1 9.2
1016.1 -217.6 350.9 14.1 8 10.3
2845.6 164.9 -127.5 26.9 16.8 -6.2
8.2 43.9 47.7
451.1 79.5 -41.7 19.6 -8.1 14.6
1020.1 -219.8 362.8 23.6 -12.4 28.7
2863.6 187.6 -130.9 6.7 8.4 -1.4
7.3 46.7 44.5
452.8 84.8 -39.5 13 -8.8 18.5
1018 -228.4 393.4 1 1.6 23
2893 200.1 -122.1 -15.7 4.1 -7.2
8 63.8 46
448.4 99.6 -33.7 2.3 -5.6 20.7
991.8 -202.9 403.8 -18.3 30.5 14.6
2912.9 226.2 -110.1 -31 4.9 -4.6
24.2 162.5 85.5
431.9 104 -21.2 0.6 -2.7 5.7
1009.6 -12 483.2 -10.2 73.7 -130
2935.4 328.4 -63.1 -43.9 14.8 -27.3
13.9 321.9 112.7
437.2 124.2 -16 -7.2 -0.4 9.2
1174.8 295.4 595 42.7 141.9 -102.7
2968.7 459.1 -6.9 -47.9 63.7 -1.1
10.3 369.2 123.8
440.1 127.5 -18.6 -12.3 3.6 14.2
1251.2 442.1 606.9 106.6 231.5 42.3
2981.4 510.6 -11.6 -39.4 85.2 56.1
12.6 416.5 126.1
441.1 127.8 -17.3 -10.6 3.3 12.2
1306.9 468.9 608.6 38.1 240.7 56.1
3003.8 479.3 -34.3 -93.3 99.4 68.7
15.4 446.2 176.5
443.8 124.2 -22.9 -4.7 7.2 9.9
1335.2 497.4 628.5 29.2 260.9 78.7
3057 517.2 -50.7 -95.7 109 69.6
18 475.3 186.3
444.7 118 -15.7 3.6 -8.8 7
1350.2 542.9 633.8 -0.5 306.3 146
3092.8 524.3 -75.8 -72.2 126.7 54.2
winner is: 11
