Regression analysis information for: S16_selected_tokens_0067
number of formants: 3
number of coefficients: 5
3.8 133 75
355.3 93.8 -43.5 2.3 -12.1 0.8
1449.1 259.8 -137.1 80.6 -156.2 43.2
2269.3 71.6 -200 64.7 -84.5 7.8
3.3 22.3 16.3
360 99.9 -43.9 3 -8 0
1559.2 22.6 55.4 -85.7 -47.1 -15.2
2341.5 -76.7 -74.1 -40 -12.6 -30.5
3.5 23.2 15.1
358 99.6 -41.1 4.1 -7.4 -0.5
1561.6 31.6 50.2 -85.8 -48.5 -15.7
2340 -68.3 -80.2 -35.1 -17.9 -27.9
4.3 24.4 16.3
348.5 92.9 -34 7.6 -8 -0.6
1566.3 41.6 49.3 -87.1 -48.5 -18.8
2340.5 -62 -82.1 -35.4 -17.8 -30.5
6.1 25.7 17.9
329.7 77.6 -25.4 8.4 -12.9 0.2
1564.3 45.8 60.7 -85.8 -47 -27.3
2346.5 -68 -76.7 -37.6 -17.6 -30.1
4.2 31.2 24.7
313.9 65.6 -24.9 2.8 -13.7 3.6
1475.2 -52.9 58.6 -87.5 -43 -23.9
2331.1 -102.8 -83.2 -45.4 -2.8 -28.8
3.2 21.3 20.7
311.3 63.8 -24.6 1.6 -14 4.2
1428.3 -109.7 53.3 -97.2 -49.5 -4.8
2320.1 -105.7 -89.4 -39.4 -6.5 -20.1
3.2 21.4 18.1
311.6 64.2 -23.4 1.8 -14.5 4.6
1426.8 -87.9 62.7 -94 -60.4 -4.9
2301.5 -61.5 -120.3 -8.5 -36 0.2
3.4 24.3 15.8
312.9 65.7 -23.5 1.8 -14.4 4.7
1449.3 -53 52.7 -93.9 -73.7 -1.4
2300.6 -46.1 -133.9 -1.2 -45.7 5.2
3.6 30.1 14.8
315 67.9 -23.6 1.6 -14.2 4.7
1490.6 -8.9 48.3 -106.7 -87.7 -8.3
2307.6 -51.7 -136.2 -7.9 -46.4 5.6
4 40.2 20.4
317.1 71 -24.1 1.3 -14 4.1
1548.4 46.5 48.9 -132.3 -113.6 -30.8
2312.7 -72.2 -136.3 -20.4 -39.4 6
4.4 79.1 171.5
319.6 73.6 -23.8 1.7 -13.5 3.9
1643.1 164.3 107.1 -129.4 -127.8 -77.1
2434.4 107.5 43.7 67 4.9 -46.5
4.2 75.8 194.1
321.1 74.6 -24.5 2 -12.6 4.1
1691.6 198.1 109.3 -141.2 -122.5 -75.2
2459.7 79.7 93.9 62.3 53.6 -40.4
4 81.7 54.4
322 73.8 -25.8 1.7 -12.8 3.9
1668.7 124.4 7.4 -215.6 -163.6 -100
2343.2 -135 -86.5 -62.9 1.6 -36.9
3.9 100.4 77.7
322 74.4 -24.4 1.8 -13.1 4
1650.7 87.9 15.6 -247.5 -184.6 -112.3
2376.2 -148.3 -45.5 -101.6 -2 -73.2
3.6 65.6 218.6
322.4 75.7 -24.1 2.2 -12.6 4.1
1737.8 226 148.9 -152.8 -117.3 -80.9
2563.3 149.6 223.8 21.2 53.1 -158.7
3.3 61.2 207.8
324 76.7 -23 3.6 -11.8 5
1759.9 238.3 162.5 -137.5 -102.9 -70.6
2590.2 167.1 261.3 27.8 61.7 -161
3.5 57.4 122.5
325.8 78.4 -22.4 4.8 -10.2 5.9
1789.6 247.8 179.3 -125.9 -88.8 -48.8
2668.6 247.8 401.9 101 164.4 -82.7
4.3 59.6 108.6
327.9 80.2 -22.4 6 -8.2 6.9
1804.7 234 185.3 -133 -100.1 -35
2697.5 245.1 441.2 74.4 151.4 -99.9
6 75.1 97.2
330.5 83.4 -23.2 7.4 -4.3 8.2
1789.9 229.8 240.7 -153.4 -166.2 8.2
2727.2 265.4 478.5 44.5 119.7 -122
winner is: 3
