Regression analysis information for: S16_selected_tokens_0049
number of formants: 3
number of coefficients: 5
54.9 96.7 258.4
484 43.7 14.4 -49.4 19.7 23.7
1198.3 -140.8 205.8 -108.2 43.5 28.3
2719 201.2 -10 -138.2 34 110.9
34 58.2 139.1
498.7 39.2 7 -24 16.9 9.4
1226.2 -148.5 194.9 -59.4 35.2 5.4
2796.5 143.6 9.6 -78.1 61.2 28.3
3.7 18.5 13.1
513.3 24.8 -3.7 4.4 -2.7 3.3
1254.9 -174.3 179.6 -11.4 -2.4 -6.6
2864 47.1 2.6 -10.8 18.1 -20.5
3.9 14 13.6
513.3 25.3 -3.1 4.2 -2.3 3.4
1250 -162.3 188.3 -27.1 6.5 -3.6
2862.1 50.3 4.1 -15.3 20 -20.3
3.7 13.1 14.3
513.6 24.3 -2.4 3.8 -1.9 3.2
1246.3 -151.1 186 -28.2 8.1 -1.9
2861.2 58.5 2.1 -21.3 25.8 -19.7
4.1 12.8 13.8
512.9 22.2 -3.7 2.5 -2.5 2.5
1245.7 -150.1 182.3 -26.5 4.5 0.7
2861.7 62.8 4.5 -20.5 22 -17.8
4.4 15.4 13.1
511.1 19.7 -5 1.9 -3 1.9
1241.9 -162.9 178.8 -21.3 8.4 5.1
2869.5 62.7 0.7 -18.9 21.6 -16.3
6.3 29 12.9
506.9 16.8 -7.8 4.1 -3.3 1.4
1214.9 -209.6 187.7 20.3 48.8 18.7
2875.7 61.9 2.3 -23.5 21.3 -11.9
5.3 24.1 14.1
498.9 15.3 -11.4 2.5 -3 -0.7
1180.5 -258.6 176.7 22.3 59.9 23.3
2883.6 44.5 -2.9 -8.5 29.3 -9.5
7.4 22.7 22
488.6 18.7 -18 3.1 -10.3 -6.2
1149.8 -273.4 174.3 28.3 29.2 -5
2879.8 26.9 -19.6 -11.9 32.4 -7.4
7.3 64.6 30.4
475.6 35.8 -21.7 -1.7 -7.5 -8.4
1039.1 -120.3 170.9 -51.2 95.1 -14
2856.7 58.6 -35.1 -8.1 39.9 -30.2
6.9 59.8 40.8
469.6 46.5 -15.9 -8.7 -7 -2.9
1007.2 -63.7 168.9 -53.2 69.9 14.4
2836.7 119.9 -28 -36.9 66.8 -45.1
6.2 57.4 33.2
472.9 51.6 -12.4 -6.2 -7.6 -1.3
1006.2 -44.2 161.9 -44.8 54.2 25.8
2858.4 136 -24.5 -31.8 52.9 -33.2
7 63.6 30
477.4 55.3 -10.7 -2.1 -10 0.1
1013.5 -41.5 167.5 -48.5 45.6 31.6
2885.3 139.9 -24.4 -22.5 32.5 -13.2
7.9 76.5 29.1
483.1 59 -6.5 3.2 -10.2 2.6
1015.6 -47.1 173.1 -59.6 42.4 34.4
2910.4 136.8 -22.4 -14.6 16.6 4.2
8.3 97 31.7
488.3 62.6 -1.8 8.1 -9 6.3
1008.4 -64.6 171.1 -78.6 38.3 33.4
2928.4 133.1 -20.4 -8.5 4.6 21.3
9.4 125.8 49.7
489.7 69.2 7.8 6.1 -2.1 13
1041.4 3.1 253.1 -11.4 107.4 93.2
2947.2 146.2 12.7 8.8 7.4 52.4
9.9 122.5 45.4
493 66.9 7.1 8.8 -3.1 11.7
1044.1 -7.1 256.9 8.6 126 100.3
2940.2 162.3 2.5 -4.2 25.7 52.8
10.8 184.4 120.2
495.3 70.4 12.4 11 0.1 15.3
1094 89.4 374.4 108.7 235.9 201.9
2996.6 206.6 123.8 38.4 111.9 85.7
17.3 351.7 330.9
497.7 62.4 8.6 11.2 -2.3 11.7
1222.5 -126.5 281.9 318.5 125.8 58.8
3123.6 6.4 76.1 148 50.5 -70.7
winner is: 6
