Regression analysis information for: S16_selected_tokens_0021
number of formants: 3
number of coefficients: 5
4.2 57.8 78.3
483.4 -111.2 -19.5 -5.7 -15 -6.6
2180.5 421.9 -234.4 -37.1 -21.4 -23.1
2671.1 -60.7 75.5 -103.1 3.6 42.3
3.3 138.2 105.3
472.3 -119.5 -14.1 0.5 -10.6 -4.4
2083.5 495.2 6 -105.1 -137.9 6.5
2678.2 88.9 179.8 -328.8 -5.7 57.2
4.2 248.7 197.7
465.1 -122.9 -13.6 7 -7.8 -3.6
1896.5 551.8 -180.1 -167.6 -284.2 -65.7
2526.9 451.8 -44 -239.3 -47.8 -8.5
3.7 244.6 210.7
463.4 -127.2 -12.4 10 -5.8 -5.1
1895.9 317 -299.7 -190.8 -262.2 59.4
2532.9 304.6 -37.8 -303.4 -27.6 60.1
4.2 158.5 119.8
464 -128.3 -13.2 12.1 -4.3 -5.4
2023.4 215.4 -356.7 -206.8 -67.4 27.4
2631.7 135.6 105.4 -417.2 132.9 25.6
4.5 89.6 86.6
466.3 -129.4 -14.6 14.2 -3.7 -6.1
2180.9 360.7 -266.8 -78.9 -28.7 -0.4
2863.7 7.7 72 -118.2 -73.2 40
4.3 89.2 75.3
467.6 -130.7 -16 16.4 -2.9 -7.3
2190.7 358.5 -272.1 -80.5 -33.4 -25.8
2883.9 -19.7 17.9 -56 8.2 35.2
4 29.6 12.5
468.2 -131.1 -16.5 17.8 -2.7 -8.8
2246.4 450.4 -192.5 -24.9 -0.3 -13.1
2926.5 47.1 53.2 -54.8 -20.6 -11.6
3.8 109 67.1
467.8 -131.1 -15.7 19.1 -2.5 -10
2198.2 394.1 -130.8 89.9 52.2 -68.5
2884.1 2.9 93.4 32.8 28.3 -42
3.4 57.1 40.8
466.2 -131 -15.2 18.9 -3.3 -9.8
2236.9 434.9 -174.5 12.4 10.2 -35.8
2906 22.9 78.4 -8.2 -1 -39.9
2.9 29 16
465 -130.9 -14.4 18.5 -4.3 -10.2
2246.7 450.7 -197.9 -23.7 -2.7 -17.4
2929.3 40.2 56.9 -57.5 -23 -15.6
3.2 28.5 16.7
464.3 -129.7 -13.8 17 -4.5 -9.5
2241.5 458.8 -196.1 -27.5 -3.8 -14.9
2929.1 41.2 59.6 -59.9 -23.7 -15.2
3.5 27.1 15.4
464 -127.8 -14 16.6 -4.3 -9
2233.4 486.4 -207.5 -12.6 -10 -2.6
2927.6 50.5 56.5 -58 -24.1 -12.6
3.8 26.3 13.9
463.5 -126.7 -14.5 16.4 -3.7 -9
2222.2 513.5 -218.3 -8.5 -6 1.3
2924.2 63.8 50.1 -56.6 -20.8 -9.5
3.9 25.4 12.3
463.7 -126.9 -14.9 16.7 -3.5 -9
2227.8 516.2 -216.7 -2.5 -3.9 5.9
2927.7 66.9 48.7 -53.1 -19.1 -5.6
4.1 24 12.4
464 -127.5 -15.3 17 -3.5 -9.2
2236.7 513.3 -212.1 4.3 0.9 9.4
2932.8 66.4 49.9 -50 -14.8 -2.7
4.3 22.8 13.2
464.5 -128.6 -15.8 17.2 -3.9 -9.6
2249 506.2 -205.6 12.3 4.8 13.4
2939.2 64.2 53.1 -46.8 -10.5 0.2
76.2 37.6 83.3
496.9 -67.6 47.2 80.4 58.5 51.7
2271.1 512.8 -182.2 39.2 24.9 31.9
2977.6 118.1 119.3 15.6 54.1 60.1
76.7 41.2 84.6
498.6 -69 47.9 81.6 58 52.2
2290.7 482.3 -175.3 53.2 23.5 31.9
2982.8 110.1 124.4 18.8 57.4 60.9
77.1 47.4 85.6
500.4 -71.6 48.7 82.8 57 53.4
2330.1 447.2 -166 66.9 12.1 30.4
2991.4 113.2 131.7 16.1 60.3 64.2
winner is: 17
