Regression analysis information for: S16_selected_tokens_0057
number of formants: 3
number of coefficients: 5
2.3 19.4 21.4
521.3 4.2 -1.6 3 1.4 2.9
1293.4 -199.3 207.2 -12.1 24.3 -3.3
2787.7 66.4 -37.2 -9.5 1.3 -23.8
2.4 16.2 9.9
521.4 4 -1.3 2.7 1.9 3
1289.4 -197 203.6 -18.5 25.7 -2
2803.2 40.1 -18.9 -14 -7.3 -5.6
2.3 15.3 9.9
521.4 4.1 -1.3 2.9 1.9 3
1295.3 -201.2 205.3 -18.2 22.2 1
2803 39.9 -20.4 -13.8 -8 -5.5
2.6 16.2 9.9
521.1 4.4 -1.3 3.5 1.8 3.6
1298.9 -197.9 208.4 -22.4 27.9 -2
2805.7 41.2 -23.6 -18.7 -7.3 -5.2
3.1 19.9 10
519.9 3 -2 4.2 1.8 4.6
1293.8 -204.2 208.1 -19.4 40.3 1.7
2810.6 47.3 -24.5 -24.3 -6.5 -6.3
3.1 27.6 9.9
518.3 0.9 -2.8 4.9 1.6 5
1279.5 -224.4 212.8 4.6 66 10.2
2814.8 51.7 -25.3 -27.1 -6.2 -7.2
3.3 29.2 10.1
515.8 -2.3 -4.8 4.7 0.7 5.3
1258.8 -258.4 212.7 28 88.2 19.9
2819.2 54.2 -25.5 -26.7 -4.5 -6.8
3 29 10.1
512.4 -6.1 -7.7 3.3 -1.6 4.2
1237.3 -294 209.2 39.8 92.6 17.7
2822.5 53.5 -27 -24.7 -1.3 -5
3.6 28.8 9.4
507.4 -8.8 -10.1 3 -5.5 3.5
1201.5 -333.5 214.5 48.3 76.1 -3.1
2822.2 43.6 -33.2 -24.2 4.2 -2
4 32.3 10.1
501.1 -3.6 -11.9 3.3 -7.5 2.4
1178 -338 248.3 35.7 53.2 0
2819.8 28.8 -39.8 -27.8 2.7 -5.1
5.9 65.8 16.7
491.6 6.9 -10.1 -0.9 -6.4 1.4
1122.5 -292.2 321.8 -37.9 50.6 40.8
2814.7 27.8 -29.2 -32 0 -5.5
3.6 38 18.9
483.8 19.6 -8.2 -9.4 1.3 -2.4
1070.2 -213.1 330.1 -101 123.3 -0.8
2809.4 49.5 -14.2 -42.6 4.7 -9.9
3.4 33.6 17.6
483.9 24.7 -7.1 -10.8 1.9 -3.5
1062.5 -191.7 322 -95.6 130.5 -7.8
2813.3 74.6 -7.5 -46.3 10.1 -14.8
4.1 35.1 16.3
486.5 27.5 -7.8 -9 0.6 -5.1
1063.8 -187.1 324.3 -89 131.2 -4.8
2825.6 85.9 -6.8 -40.7 8.7 -19.2
5.1 39.2 15.7
490.1 29.6 -9.1 -6 -1.4 -6.5
1061 -187.3 328.9 -80.5 134.9 6.1
2839.4 92.9 -6.5 -33.2 4.9 -20.4
6.1 48.3 15.6
494.4 31 -10.4 -2.5 -3.8 -7.3
1047.7 -195.8 335.2 -67.9 148 29.2
2852.4 96.4 -7 -26 1.4 -19
10.1 72.8 16.2
494.9 29.1 -10.4 4.3 -1.3 -4.7
1001.6 -228.5 337.7 -36.2 191.8 89.3
2861.4 101.1 -10.8 -17.4 -0.8 -14.1
11.6 351.8 175.3
497.2 31.8 -8.7 7 -2.3 -8.6
1267.2 97.8 288.7 -408.3 -200.4 -66.3
3005.6 286.7 -40.4 -219.9 -207.2 -98.2
9.1 249.3 160.6
503.2 33.6 -8.5 6.4 -6.2 -6.6
1466.4 372.2 315 -653.5 -482.4 -244.9
3044.4 305 -87.7 -310.7 -257.2 -56.2
10.7 357.1 298.6
506.6 38.4 -5.4 0 -6.3 3
1687.6 346.1 243.5 -395.8 -622.7 -361.6
3204.1 245.4 -193.8 -140.5 -419.8 -175.2
winner is: 3
