Regression analysis information for: S16_selected_tokens_0045
number of formants: 3
number of coefficients: 5
33.7 132.6 275.4
496.4 53.3 21.5 -50.3 9 24
1142.3 -101.7 246.9 -224.1 100.8 93.1
2621.2 252.2 205.5 -391.2 145.5 241.7
37.8 131.7 263.6
495.6 56.4 25.1 -54.1 13.4 29.3
1162.1 -120.5 226.7 -190.1 84.4 84
2666.2 194.8 181.5 -345.1 151.5 189.7
5.2 21.5 9.3
520.4 31.5 -2 -8.1 -6.5 3.8
1251.2 -202.7 145 -25.7 9.2 3.7
2846.1 14.2 -7.7 -2.6 5.1 5.5
5 20.3 9.4
521.3 30.9 -2.2 -6.9 -6.9 3.6
1250.7 -193.5 148 -31 13.4 6.2
2846.6 18.5 -8.9 -10.8 6.3 8.2
4.7 19.2 11.1
521.9 29.6 -1.3 -5.9 -5.3 3.7
1247.3 -190 144 -27.5 11.8 10.4
2851.5 31.1 -7.9 -19 -5.1 6.6
6 22.8 11.2
519 23.9 -5.9 -9.1 -7.3 1
1227.3 -230.4 114 -44.5 0.1 5.3
2858.6 41.4 -3.6 -18 -9.3 6.4
7 28 10.6
515.4 21.3 -9.6 -11.5 -8 -1
1204.7 -277.6 85.6 -57.1 -1.5 7.9
2864.4 43.3 -3.2 -18.7 -11.6 4.1
9.4 29 10.9
509.9 21.7 -14.5 -14.6 -9 -4.5
1196.7 -299.7 80.6 -55.8 6.4 13
2867.6 38.4 -6.3 -21.3 -11.4 2.9
9.3 34 12.1
495.3 42.2 -20.7 -16.6 -3.3 -8
1175.9 -288.4 71.4 -56.8 19.1 7.9
2871.2 29.8 -12.5 -24 -10.3 2
8.3 46.8 13.2
475.5 61.8 -12.1 -24.9 -6.3 0.7
1113.8 -224.1 70 -64.1 48.3 2.8
2871.4 29.8 -25.2 -22.4 0.5 5
7.7 43.6 13.4
465.6 69.7 -1.7 -27.3 -11.6 4.4
1071.4 -181.2 86.1 -52.3 35.3 5.7
2859.7 57.2 -28 -21.5 7.5 15.5
6.3 41.2 13.5
463.7 73.3 5.2 -24.5 -13.4 4.7
1057.3 -170.9 99.3 -40.4 15.4 0.6
2847.7 81.8 -9.3 -27.8 -4.3 29.5
4.8 42.2 14.5
464.6 75.4 10.5 -21 -13 5.1
1053.5 -173.4 103.2 -37.9 2 -7
2847.4 87.4 8.9 -27.7 -21.3 30
6 43.6 14.8
465.8 74.6 11.3 -19.9 -14.9 4.3
1059.2 -182.4 109.1 -38.7 -2.6 -10.8
2858.9 84 12.7 -20.2 -30.2 20.9
7.2 47.1 15.4
468.5 73 12.7 -17.8 -16.1 4
1062.8 -193 110.8 -44.3 -6.7 -15.9
2874.9 75.5 10.5 -11.8 -34.7 8
9.2 54.1 16.9
472.1 69.2 13.3 -15 -18 3.8
1063.7 -199.8 113.6 -51.8 -4.4 -18.4
2889.5 62.3 2.8 -0.7 -34.2 -3.1
11.2 78.9 20.3
477.6 65.4 15.2 -10 -19.4 4.7
1049 -187.6 104.2 -67.4 -1.7 -21
2904.5 55.8 -9.1 11 -35.1 -12.5
11.7 81.1 22.5
478.2 65.6 13.4 -11 -18.9 2.7
1050.1 -199.7 103.9 -78.8 -3.8 -26.9
2912.3 60.9 -15.2 6 -29.7 -18.5
24 151.7 97.9
477 48.5 -2.5 -20.3 -32.1 -5.7
1098.6 -264.7 56.1 19.9 -83 -52.9
2970.1 11.4 -57.9 92.8 -96.5 -43
19 406.2 320.5
493.6 56 13.2 1.9 -26.3 1.6
1311.3 -321.3 251.2 206.7 8.8 -19.6
3139.6 -96.5 80.8 176.7 -66.3 -21.9
winner is: 4
