Regression analysis information for: S16_selected_tokens_0115
number of formants: 3
number of coefficients: 5
177.8 225.5 176.5
697.7 17.2 41.5 -18.4 -148.3 54.6
1589.4 233.4 315.9 106.9 64.7 80.6
2183.7 81.7 18.6 -55.5 70.8 -0.5
24.4 139.9 117.8
881.4 10.6 -225.2 13.6 -57.1 -8.6
1821.9 208.4 42 197.3 153.1 36.8
2203.1 73.1 137.8 -10.9 142.6 -35.5
21.8 103.8 88.4
875 11.2 -215.4 12.1 -60.9 -8
1866.3 246.4 35 120.7 88.8 39.2
2294.4 110.3 223.5 57 133 4.6
23.1 116.9 93.5
878.1 17.1 -220.2 12.8 -65.6 -4.3
1873.1 267 21.5 115.2 58.3 54.3
2428.6 144.5 167.5 92.4 202.2 21
74.4 151.4 144
856.8 -14.1 -208.6 77.5 -29.3 -30.5
1896.4 244.5 21.6 150 46.7 14.1
2592.2 218.8 -15.9 28.1 280.2 -72.1
142.6 268.9 192.5
729.9 -4.6 -173.6 21.2 127.7 96.7
1606.8 214.7 -56.3 97.1 379.5 300.1
2411.8 345.6 -80.1 -30.3 404.9 37
127 236.1 208.9
736.4 -15.9 -216.8 -4.6 118.5 60.9
1454.7 -52.9 -364.8 -176 230.8 90
2367.4 191.4 -258.8 -157.8 298.9 -69.4
38.4 196.3 171.6
857.1 22.2 -263.1 -5.3 -61.1 -43.2
1740.7 229.1 -305.4 -150.3 -141.6 -185.4
2569.9 314.3 -312.6 -2.8 3.6 -222.6
17.5 78 170.8
885.3 12.3 -236.5 21.4 -72.6 -14.1
1890.9 399.3 -75.9 74.7 -7.4 -10.5
2663.3 355.1 -206.8 160.1 11.9 -75.5
14.3 26.3 28
899.4 -2.4 -227.2 20.9 -75.7 -5.6
1978.1 249.3 20 12 22.3 5.6
2863.4 -15.8 57 4.7 41.1 8.1
13.6 31 27.1
908 -10.9 -220.6 18.2 -74 -3.7
1989.2 247.6 4.8 11.6 28.5 6.9
2870.6 -10.5 46.4 4.6 40.3 6.3
18.8 34.4 27.4
900.6 -21.3 -224.1 15.6 -67.7 1.2
1998.7 249 -0.9 6.8 32.2 4.8
2882.2 -4.4 45.8 6.1 35.8 4.5
31.5 39 27.5
872.7 -24.1 -232.6 13.5 -49 13.4
1998.6 259.5 1.4 -7.8 35 3.7
2889.1 -5.1 45.9 6 29.8 2.4
41.3 53.7 86.5
832 -13.1 -230.7 8.4 -4.6 9.3
1976.2 289.7 5.1 -43 48.2 -4.6
2835.8 15.8 61.2 -69.3 87.1 13.2
29.2 58.8 57.3
808 -24 -236.6 46.6 18.6 10.5
1936.3 285.9 -19.7 23.6 69.8 1
2810.3 -45.6 32.9 -19.4 97.4 30.1
29.3 74.2 45.3
798.3 -24.2 -238.8 62.6 19.9 9.5
1900.2 302 -54.1 81.6 70.9 26.2
2812.2 -62.2 -6.1 26.8 75.9 18.4
30.3 69.4 45.9
796.1 -29.5 -231.8 73.4 10.7 3.8
1901.1 298.2 -49.5 88.4 64 28.5
2818 -57.5 0.6 36.1 72.1 18.7
30.6 63.1 49.1
796.6 -33.7 -214.9 74.6 -4.8 0.2
1902.8 300.6 -25.7 80.8 38.6 33
2827.8 -50.6 20.8 42.9 65.1 20.1
33.3 50.5 54.4
794.2 -33.3 -196.4 70.8 -25.4 0.6
1901.5 312.4 18.8 63 -2.8 37.4
2840.1 -38.8 54.5 59.1 65.7 26.8
35.9 59.6 61.7
792.2 -27.8 -181.9 60.3 -47.9 7.9
1896.7 321 69.1 48 -30.4 51.7
2868.1 -2.1 101.2 76.1 69.8 41.7
winner is: 10
