Regression analysis information for: S16_selected_tokens_0031
number of formants: 3
number of coefficients: 5
9.6 133.5 129.7
494.6 -114.6 -17.3 6.6 -0.1 -7.6
1785.5 -107.7 -358.2 -106.5 -175.9 -114.1
2293.9 -279.7 -25.5 -60.3 128.2 9.6
7.2 106 155.4
491.4 -121 -22.5 4.2 1.3 -2.9
1736.3 -232.4 -502.8 -257.9 -266.4 -127.2
2492.3 -378.2 -74.3 -205.8 -60.4 -129.5
26.1 209.6 125.8
479.1 -141 -29.8 10.7 15.6 12.7
1745.7 -225.6 -452 -148.6 -97.6 50
2759.5 -395 -117.8 -158.8 -53.8 -36.9
4.5 30.9 13.1
500.1 -100.1 -0.3 22.5 10.3 -0.2
1911.6 33.5 -264.6 -52.9 -85.1 -9.6
2879.3 -181.3 49.2 -38.2 11.7 -17.5
4 32.3 12.5
503.1 -95.6 0.7 19.6 8.2 0
1900.9 25.8 -264.4 -38.1 -78.9 -12.8
2877.3 -186.4 45.7 -34.6 12.6 -18.5
3.3 31 11.5
505 -94 -0.3 17.2 7.2 0.6
1893.1 24.4 -258 -28.2 -74.5 -17.6
2871.8 -181.8 45.5 -29.3 13.4 -22.7
2.5 32 11.5
505.1 -95.5 -2.2 16.8 7 0.5
1888.9 26 -261.2 -33.2 -75.9 -18.6
2871.9 -179.7 49.9 -31.6 14.7 -22.3
1.9 32.2 11.4
502.4 -100.2 -5.4 15.9 7 1.1
1901.4 33 -253.4 -37 -74.9 -15.8
2875.5 -176 52.5 -34 15.4 -20.3
3.3 33.3 11.7
494.9 -110.1 -9 16.1 6.6 1
1911.6 36.7 -256.7 -45 -78.2 -12.3
2883.9 -178.8 55.3 -34.9 15.6 -17.9
3.9 32.6 13.8
476.1 -128.9 -5.5 26.3 8.4 -0.1
1912.8 28.8 -285.1 -63.7 -84.2 2.9
2892.4 -191.6 57.1 -33.7 20.1 -14
3.2 70.1 21.9
459.9 -134.1 0.7 28.1 3.8 -5.5
1849.3 -52.7 -301.6 5.1 -54.2 16.6
2885.6 -231.3 60.1 -15.7 29.5 -5.3
2.8 69.1 27.8
451.4 -130 6.7 24.1 2.6 -3.9
1769.4 -96.3 -289.4 103.7 -28.2 1.9
2875.7 -251.2 68.7 1.6 12.7 4
1.7 43.8 45.2
447.2 -125.7 9.6 20 3.5 -2.5
1722.9 -34.4 -288 113.5 -38.1 -38
2830.2 -180.2 45.9 10.6 14.4 -35.6
1.4 46.3 38.5
446.6 -123.7 10.7 17.8 3.9 -1.6
1733.3 5.5 -275 80.8 -37 -38
2821.8 -157.2 55.2 -5.7 21 -34.8
1.7 52 26.8
447.3 -123.1 11.1 16.9 3.6 -1.6
1760.9 40.5 -281.2 32.6 -45.9 -34.3
2835.5 -167.7 79.5 -23.3 26.6 -19.7
2.1 61.1 36
448.6 -122.6 11.2 15.7 3.5 -1.5
1820.7 82 -292.3 -26 -67.7 -26
2858.3 -198.3 101.3 -30.2 26.8 0.3
2.4 74.2 51.9
449.4 -123.3 11.2 15.1 3.8 -1.4
1849.9 64.3 -301.2 -43.2 -55.9 -5.6
2882.8 -241.6 116.4 -37.3 27.3 17.7
2.6 79.2 63.9
450 -123.4 11.8 14.4 3.9 -1.7
1886.3 61.9 -266.4 -57 -79.6 -21.6
2900.9 -281.3 137.7 -48.6 29 29.1
2.8 99.1 120.3
450.9 -123.7 11.4 13.8 3.6 -1.8
1943.1 98 -321.2 -149.7 -107.4 18.7
2948.4 -268 100.5 -124.5 11.6 90.8
2.7 95.9 166.6
452.1 -122.4 10.4 12.8 4.4 -2
2021 171.9 -367.1 -210.7 -107 13.1
2988.9 -204.9 8 -216.9 17.5 131.4
winner is: 8
