Regression analysis information for: S16_selected_tokens_0072
number of formants: 3
number of coefficients: 5
3.9 9.9 12
436.3 -2.9 -1.7 1.4 -4.2 2.7
1848.5 -110.5 -2.8 -31.4 -9.8 -10
2344.9 -185.7 12.6 -56.6 -1.2 10
4.6 9.5 10.9
435.6 0.2 -1.8 0.3 -4 3.5
1848.1 -121.3 -0.3 -29 -5.1 -13.4
2345.2 -193.6 14.5 -53.3 1.9 9.6
4.6 9.3 12.1
436.5 -0.1 -3.9 1.3 -4.5 3.7
1848.1 -117.6 8.1 -30.4 -6 -14.4
2345.9 -189.1 19.3 -54.7 2.4 7.7
5.4 9.8 12.8
434.5 0.5 -6.6 2.6 -5.7 4.6
1856.2 -115.4 13.7 -34 -3.8 -18.3
2351.5 -186.8 23.2 -57 1.9 5.4
5.5 12.2 14.2
427.1 -4.3 -10 2 -5.3 5.1
1872.3 -104.4 22.7 -37.7 -1.6 -26.3
2357.8 -183.8 24.5 -60.5 -0.5 3
6.8 24.7 21.7
408.6 -14.8 -17.2 1.9 -5.9 8.6
1891.6 -97.5 19.5 -63.4 -26.6 -59.4
2329.9 -251.3 -20.9 -91.1 -11.6 5
7.1 44.6 15.4
391.7 -13.7 -4.1 1.7 -5.1 7.5
1799.3 -256 -67.8 -65 29.4 5.6
2298.4 -289 -10.2 -43.3 39.3 32.7
5.5 36.6 14.8
387.4 -13.9 1.6 -0.6 -5.2 5.4
1743.7 -281.6 -43 -46 40.5 9.9
2282.8 -269.6 2.3 -49.7 39.3 19.2
5.4 31.3 14.9
386.3 -13.2 3.2 -0.9 -5.8 5.1
1712.4 -255.9 15.3 -55.4 12.5 -2.8
2271.4 -255.8 10.6 -59 44.8 11.5
5.4 29.9 14.1
386.5 -12.3 4.1 -0.9 -6.3 4.8
1724.8 -218.4 47.6 -66.5 -13.7 -21.6
2268.3 -259 10.9 -59.5 47.1 12.2
7 35 15.5
387.1 -9.6 3.3 0.6 -8.2 6
1777.9 -161.7 63.7 -91.2 -49 -45.9
2266.1 -279.1 8.9 -54.2 52.4 20.8
7.3 51 98.8
388.9 -7.6 4 0.8 -8.8 5.7
1842.5 -101.1 65.8 -117 -81.9 -56.9
2329.2 -197.4 32 -93.3 -29.4 -40.4
7.4 39.4 159.2
391.1 -5.4 4.8 1.1 -9.1 5.6
1915.2 -32.9 91.3 -88.9 -63.8 -44.6
2531.9 114 168.5 -150.5 -220.8 -227.7
6.1 60.6 161.7
392.9 -5.9 6.1 1 -7.1 5.2
1949.1 -33.3 51.8 -66.8 -58.8 -28.5
2566.7 173.4 211 -129 -220.3 -204.1
5.7 63.2 90.6
392.4 -8.5 4.2 1.2 -6.9 6
1964.2 -56.1 15.4 -53.6 -55.7 -15.7
2358.5 -214.2 -12.6 -160.6 -123.1 -9
6.9 39.2 141.9
393.6 -6.6 2 3 -7.8 7.7
2019.8 -33 -25.8 -30.2 -11.2 -1
2628.2 197 214 -96.7 -207.7 -113.1
5.9 20.9 138.2
397.6 -7.3 1.7 1.8 -5.7 6.9
2088.8 -72.1 -90.3 -25.9 62.2 -22.9
2834.3 283.2 139.8 -19 -199.1 -46.4
6.1 22.9 106.1
400.9 -8.1 0.4 2.7 -5.3 7.1
2117.9 -121.8 -52.5 -48 73.7 -35.1
2983.3 258.8 19.8 97.9 -124.3 -49
6.1 18.9 93.7
402.7 -9.6 0.1 3.5 -5.1 6.9
2132 -144.1 -34.4 -60.4 78.8 -37.5
3066.5 194.3 14 104.1 -114.9 -62.5
7.6 18 120.3
401.8 -10.5 -0.7 5.7 -6.6 7.7
2139.8 -159.3 -23.6 -66.6 84.3 -37.5
3111.3 118.7 68.6 103.4 -110.7 -91.6
winner is: 2
