Regression analysis information for: S16_selected_tokens_0081
number of formants: 3
number of coefficients: 5
13.6 110.1 27.2
634 -144 -92.4 -12.7 -13.7 5.6
2028.7 -144.4 -333.4 -223.2 -203.3 -40.6
2502.5 308.4 -92.5 24.6 12.9 7.4
13.6 74.9 20
639.1 -140.3 -88.6 -10.1 -13.1 6.4
2113.8 -22.9 -245.7 -196.2 -159.5 -20.1
2524.8 281.3 -93.7 33.1 -7.7 12.4
12.7 49.1 20.6
642.3 -137.7 -86 -8 -11.6 7.9
2210.2 100.1 -185.3 -162.1 -98 25.1
2551.7 251.3 -81.2 44.6 -22.2 22.6
17.7 118.6 80.8
625.2 -130.5 -83 -17 7.6 6.6
2335.2 185.8 -203.5 -138 -100.3 -45.8
2678 264.2 -76.8 -6.7 -130.4 72.8
22.4 236.5 81.6
572.9 -87.8 -105.3 1.8 9.8 15.3
1997.1 720.2 -450.8 -280.7 -12.3 -160.5
2710.5 553.5 -241.7 -98 80.9 -19.2
37 331.4 84.4
549 -88.6 -75.8 -8.2 -4.5 24.3
1865.7 691.4 -142.9 -347.2 -319.7 -41.5
2670.5 565.6 -158.3 -128 14.5 17.4
26.3 162.7 50.3
565 -106.2 -77.6 -3.3 10.3 15.1
1946.1 925.4 22.2 -173.5 -163 221.6
2672.5 613.8 -100.4 -124.1 27.2 87.9
26.5 200.6 135.2
582.2 -123.3 -72.6 -18.7 30.9 7.1
2258.1 502.6 151.5 -274.9 20.9 171.7
2953.9 170.8 117.9 -198.8 59.7 99.7
17.2 26.4 20
608.2 -146.8 -63.2 -11.2 15.4 17.1
2445.9 356.2 -84.5 -11.5 27.3 22.1
3070 59.2 -17.3 -8.7 6.9 22.3
18.8 26.8 20.4
618.7 -157 -55.9 -3.1 11.6 16.5
2443.8 354.2 -85.7 -13.7 26.5 24.3
3064.6 57.8 -21.8 -12.6 6 24.9
18.8 25.3 19.8
617.5 -164.2 -45 8 12.3 14.3
2446.3 350.7 -86.4 -17.2 26.8 22.8
3067 58.7 -24.6 -17.9 5 25.5
19.2 24.4 19.3
610.4 -170.5 -43.1 12.8 11.8 14.8
2450 353.4 -85 -16.3 27.2 22.2
3073 63.6 -21.5 -17.8 6.4 25.6
20.5 23.7 18.3
592.8 -171.3 -49.9 13.3 12.6 17
2454.3 362.8 -82.4 -13 26.6 22.7
3081.2 70.4 -16.1 -15.8 8.4 25.2
14.7 23.7 30.1
559.8 -141.2 -67.9 13.2 18.5 5.8
2458.6 373 -79.7 -10.4 29.6 21.2
3082.9 78.1 2.3 -23.7 4.9 41.9
15.3 24.7 21.6
546.9 -133.6 -79.8 15.8 14.7 6
2460.2 387.6 -74.6 -5 31.5 22.7
3093.6 79 -6.8 -5.3 18.5 31.4
15.1 28.5 43.6
542.2 -133 -85.4 16.8 13.3 4.8
2460.1 397.4 -71.4 2.6 34.8 26.9
3079 61.9 -18.5 -1.4 29.6 50.1
14.7 41.7 46.3
539.9 -132.9 -87.3 18.4 12 3.4
2445.9 379.7 -88.8 -1.6 29.3 26.2
3038.7 1.6 -68.7 -24.2 12.2 40.6
13.1 40.5 25.5
540.6 -132.4 -86.2 17.5 12.7 2.7
2444.8 376.9 -90.3 -2.7 29.6 24.2
3021.7 -22.1 -100.3 -48.9 -12.5 23.3
12.8 31.1 24.3
541.4 -132.6 -86.2 17.9 11.6 3.1
2458.7 400.5 -72.1 11.5 35.9 29.7
3032.4 -4.5 -94.4 -50.7 -22.3 16.3
14 25.1 28.6
540.9 -132.2 -87.4 19 9.5 4.1
2464.6 413.7 -69.7 11.2 28.4 28.2
3073.4 69.4 -40.3 -16.2 -3.9 30.8
winner is: 15
