Regression analysis information for: S16_selected_tokens_0042
number of formants: 3
number of coefficients: 5
15.6 61.1 272.1
514.4 48.7 -18.8 -17.2 18.2 -15.7
892.2 -106.8 116.1 -150.2 134 -120.4
2763.2 447.2 -165.5 -200.5 392.3 -342.9
13 64.2 276.9
520.1 42.4 -20.2 -9.8 10.1 -11.3
896.3 -103.3 112.1 -147.9 134 -122.2
2777.1 418.4 -179.7 -166.7 353.1 -345.3
10.6 43.4 68.5
527.8 32 -20.2 0.3 -4.8 3.4
929.5 -146 107.1 -92.3 48.4 -37.9
2950.9 171 -154 61.4 -13.1 -9.1
7.2 18.1 20.4
530.7 27 -17.7 -1.2 -3.4 2.3
944.9 -179.1 130.2 -112 61.8 -43.8
2982.9 119.3 -97.6 19.4 16.8 -15.6
6.9 18.9 19.2
531.1 26.2 -15.3 -1.6 -2.4 3.9
938.5 -181.3 126.3 -108.9 61.2 -42.8
2986.8 124.4 -96 20.5 19.8 -16.3
10.2 19.1 19.1
528.4 23.7 -20.8 -0.4 -7.9 2.7
929.7 -207.1 122.1 -110.2 56.9 -46.1
2990.7 132.5 -88.1 19.6 28.3 -12.7
14.7 19.5 20
514.7 20.3 -14.3 -3.7 -11.2 7.4
882.8 -248.1 136.4 -98.8 59.1 -48.5
3002.9 133.1 -88.4 27.2 33 -12.5
14.6 19.3 30.8
496 18.2 -10.9 -12.6 -20.1 5.2
852.7 -242.6 138.9 -108.8 55.9 -60.4
3012.3 125.8 -80.4 51.9 52.5 -2.5
11.6 28.5 28.5
488.5 26.7 -16.6 -11 -21.1 -0.8
839.3 -218.2 128.5 -111.1 68.7 -78.5
2997.1 102 -88.8 39.4 34.2 -19.1
9.5 36.2 33.2
482.2 44.1 -25.3 -10.5 -15 -10.1
822.6 -186.3 105.2 -101.7 70.3 -90.1
3013.3 133.7 -77.3 46.2 37 -9.1
9.7 35.2 28.9
483.4 54.1 -28.1 -14.6 -12 -13.2
819.8 -187.2 103.4 -104.4 72.7 -93.9
3026.5 157.6 -83.5 38.2 34.2 -12.3
9.8 35.2 25.6
489.6 64.9 -27.6 -18 -8.7 -11.4
814.2 -192.7 101.9 -105 73.6 -97
3041.5 177.4 -85 31.2 34.6 -16.5
9.8 37 23.4
496.1 72.5 -29 -21.4 -5 -8.1
806.4 -203.8 103 -103.8 76.1 -98.6
3055.2 190.7 -82.6 22.8 37.2 -19.6
9.6 43.8 22
502.3 77 -30.5 -21.9 -0.3 -3.8
790.1 -216.6 99.1 -95.6 81.8 -94.9
3066.9 194.9 -80.5 14.7 38.2 -22.1
13 46.4 21.8
503.2 72 -35.6 -25 1.3 1.1
777.6 -229.7 106.2 -85.3 92.1 -97.1
3074.3 194.1 -77.5 5.6 41.7 -21.9
18.9 42.9 20.9
493.4 61.9 -41.3 -29.7 3.3 8.9
772.3 -246.6 107.4 -73 105.1 -86.5
3065.6 210.7 -74.1 -0.8 39.2 -13.2
33.4 91.1 32.1
485.5 37 -45.5 -17.2 15.9 29.8
786.6 -191.5 134.8 -57.5 101.7 -129.4
3082 219.8 -63.5 6.1 28.5 -25
39.6 247 102.5
495.5 42.5 -49.1 -19.9 17.2 26.3
885.1 -145 231.4 -30.1 -6.8 -120.1
3141.1 185 -23.6 40.2 -23.9 -1.6
80.1 360.9 158.5
474.7 -8.2 -9.8 31.2 -5.6 -4.3
959.5 -397.9 321.2 29.1 -224.8 151.9
3241.7 14.1 -6.8 106.5 -144.5 131.9
64.6 702.6 279.2
509.4 7 -8 -12.4 -15.1 73.6
1914.8 -223.9 -544.5 -511.3 -148.1 611.7
3605.5 -27.9 -256.3 -0.1 -120.8 240.2
winner is: 5
