Regression analysis information for: S16_selected_tokens_0033
number of formants: 3
number of coefficients: 5
2.1 43.2 79.3
472.6 -79.2 25.3 4.5 4.2 -1.2
1887.6 42.8 -168.6 112.1 -116.6 -48.8
2524.7 41.4 -85.2 -175.9 12.4 -159.7
3.5 74.5 77.8
471.5 -83.3 22.5 2.3 2 -2.9
1941.7 61.8 -288.1 30.3 -125 -79.4
2714.4 -54.9 51.9 -92 -28.5 -93.5
16.6 189.4 111.4
453.2 -109.4 12.5 2.9 9.9 6.5
2021.6 -0.8 -572.7 -140.3 -94.9 -22.4
2811.1 -211.6 -86.9 -91.3 -70.8 -71.8
23.4 234.8 38.6
448.8 -93.6 55 25.2 -1.6 -10.1
2011.2 105.4 -276.4 62.9 -161.6 -128.6
2866.2 -103.8 17.9 -11.2 -12.7 -14.2
5 28.9 11.1
464.9 -82.2 37.8 10.4 8.1 4.1
2133.8 179.2 -470.8 -81.5 -82.1 -21.6
2888.5 -87 -30.4 -34.3 6.6 7
4.4 35.8 10.8
469.9 -80 33.6 7.3 6.4 4.6
2121.3 173.6 -457.2 -72.4 -73.8 -23.1
2882 -88.6 -22.1 -29.7 6.9 2.2
2.8 32.4 9.1
472.9 -81.5 27.6 4.8 5.3 4.3
2104.7 167.2 -440.6 -64.1 -74.9 -29.3
2879.6 -91.8 -12.1 -29.9 6 1.9
2.1 29.5 9.4
469.9 -87.3 20.2 0.7 4.4 4.2
2117.7 173.4 -424.8 -60.6 -81 -31.5
2883.2 -91 -10.3 -32.5 6.1 2.5
3 28 10.9
461.7 -97.7 14.1 -2.5 3.7 3.9
2128 177.2 -441.4 -75.2 -88.3 -32.5
2888.8 -95.3 -11.1 -34.6 9.5 3.7
3.6 33.4 13.7
446.2 -107 13.6 -3 4.2 1.7
2142.6 152.5 -490.9 -110.9 -94.2 -12.8
2888 -105.5 -14.4 -31.6 16.4 6.3
5.4 53 24.1
423.1 -96.1 22.9 -3.6 7.3 -1.3
2121.8 96.6 -609.2 -137.5 -53.8 67.4
2886.7 -124 -21.5 -34.6 34 14.1
3.1 87.8 71.7
408.5 -84.4 26.3 -4.8 8.1 -2.8
2054.1 102.7 -679.4 -64.3 16.4 89
2886.5 -95.1 -64 -59.4 46.8 72.1
2.3 132.3 18
403.6 -79.7 28.2 -5.9 8.9 -3.8
1930.5 169.7 -603.7 -43.3 60.5 4.4
2815.7 -67.8 3.7 -15.5 -25.2 21.7
2.1 83.1 12.3
402.6 -77.8 29.3 -6.1 8.7 -3.6
1919.8 195 -548.8 -50.3 68.4 27
2814.4 -66.8 14.8 -12.9 -20.7 16.2
2.2 80.8 89.2
403.8 -78 31 -6.5 8.4 -3.8
1952.9 238.7 -551.6 -96.7 69 67.2
2872 -54 -69.4 -68.2 59.2 96.4
2.3 92.9 58.9
404.9 -78.2 33 -6 8.2 -4.3
1940.4 237.6 -454.9 -27.1 29.1 -11.2
2857.2 -79.8 -19.3 -39.2 46.2 47.8
2.4 90.9 18.6
405.9 -78.3 34.6 -6.7 7.9 -4.2
1983 272.7 -423.2 -66.2 -27 9.8
2836.7 -104.6 44.5 -25.6 10 7.7
2.5 88.4 281.8
409.4 -80.5 36.8 -7.6 7.7 -4.5
2146.2 414.8 -466.8 -179.5 -142.5 -78.6
3053.7 136.6 48.9 -207.4 -140.7 -184.9
2.8 74.8 203
414.5 -85.2 39.1 -7.4 7.6 -4.2
2298.6 366.8 -525.8 -78.6 -163.4 -118.1
3289.2 357.7 -75.3 -601 -287.3 -119
3.3 137.2 320.9
421.4 -93.5 43.6 -7.2 7.1 -2.7
2585.5 -22.9 -311.7 -50 -224.3 -24.6
3638.3 85.9 -188 -410.4 -273.9 -267.9
winner is: 8
