Regression analysis information for: S16_selected_tokens_0027
number of formants: 3
number of coefficients: 5
28.6 318.2 230.4
382.9 -118.3 9.3 50.8 -39.6 5.4
1189.2 -282.7 211.4 612.8 -140.6 163.5
2596.9 175.1 -221.8 -58 -25.7 -81
33.6 313.5 210.4
382.2 -107.2 -14.3 65.3 -45.2 5
1230.6 -261.8 51.5 752.1 -114.8 143.6
2603.2 197.6 -267.7 3.7 -143.8 64.7
14.4 299.5 217
399.2 -136 -1.5 48.7 -21.9 -8.2
1324.6 -555.1 -40.4 668.7 -70.4 -70.3
2764.5 -128.7 -78.4 -119.2 -136.4 83.4
20.4 303.9 124.7
392.1 -132.2 8.9 42.8 -32.1 4.4
1262.5 -532.3 172.8 586.6 -183.9 24.8
2846.9 -262.8 -77.2 -19.4 -198.4 18.9
14.8 295.5 62.1
403.2 -138.1 7.4 37.8 -18.7 -10.3
1410.6 -522.6 163.6 718.6 51.2 -104.3
2932.1 -304.2 1.1 -77.2 -86.7 -89
26.5 358.2 96.6
403.7 -145.3 8 53.3 -10.6 -31.1
1735.3 -194.3 88.5 902.8 422.6 -220.6
3025.6 -178 27.3 -43.7 -32.3 -95.6
6.4 30.8 64.5
426 -131 -15.4 28.9 -0.9 -9.5
2389.9 488.7 -432.2 -130.3 -97.7 -61.1
3111.3 -57.2 -18.5 -177.5 -104.2 -58.6
6.2 37.3 26.4
428.5 -130.1 -17 26.5 -1.2 -8.5
2387.9 493.9 -414.1 -123.1 -102 -70.5
3038.2 -141.5 9.1 -78.6 -6.2 -8
5.6 58.3 20.8
428.9 -128.5 -18 25.6 -1.4 -6.8
2398.6 502 -375.8 -84.6 -97 -97.2
3045.6 -138.9 16.6 -69 -2.2 -7.4
5.7 56.9 72.7
425.6 -127.6 -18.7 25 -0.9 -5.4
2424.5 515.2 -387.7 -93.1 -101.2 -92.1
3116.5 -56.9 27.7 -120.3 -99.6 -93.6
6.8 56.9 95.5
414.9 -117.2 -23.6 27.5 -3.5 -3.1
2434.7 521.2 -420.8 -95 -106.8 -83
3187.6 -1.5 43.2 -158.2 -156.3 -160.1
6.2 62.4 98.4
396.5 -98.5 -22.8 19.6 3.4 -6
2446 531.2 -453.5 -50.9 -118.9 -85.6
3271.7 60.3 40.6 -192.3 -221.1 -192.4
5.6 88.5 102
384 -90 -18.5 20.3 1.9 -4.9
2403.1 495.9 -570.4 -47.5 -149.2 -104.8
3361.4 158.7 -40.2 -339.8 -278 -139.6
4.4 71.6 133
377.2 -87.3 -10.7 21.6 -3.4 -6.6
2439 602.8 -535.7 19.2 -119.2 -121
3404.2 254.4 -113.7 -454.8 -194.7 -46.5
3.5 77.8 121.9
374.2 -85.9 -5.8 22.3 -7.5 -6.9
2421.6 628.4 -526.7 -5.2 -105.4 -93.6
3420.7 264.3 -188.1 -492.1 -119.3 8.7
3.2 212.1 191.4
373.2 -85.8 -3.1 22 -9.8 -6.4
2334.1 595.3 -365.6 75.7 -204.4 -200.8
3410.5 240.5 -148.1 -435.5 -132.4 -28.6
3.4 161.4 162.9
373 -86.4 -1.6 21.4 -10.5 -5.3
2274.4 626.1 -228.6 -26 -310.2 -51.5
3355.5 235.9 22.8 -434.6 -296.3 9.3
3.3 132.1 151.6
372.4 -87.8 -2.1 21.1 -9.8 -5.8
2311.1 632.1 -311.8 -34.6 -262.3 -51
3347.6 265.9 42.4 -485.6 -296.2 -8.1
2.6 124.4 146.4
372.1 -88.8 -3.1 22.2 -9.4 -5
2375.4 630.1 -411.4 -21 -195.4 -50.3
3428.1 308.5 -72.8 -539.6 -221.5 62.6
2.1 84.6 148.2
372.4 -90.1 -3.6 23 -8.4 -5.1
2430.6 626.2 -491.2 -6.3 -145.3 -61.6
3488.2 328.4 -133.6 -549.1 -190.7 60.3
winner is: 8
