Regression analysis information for: S16_selected_tokens_0094
number of formants: 3
number of coefficients: 5
8.8 267.8 188.4
644.9 -128.7 -64.2 -40.6 -7.5 1.1
1958.1 -9.8 -412 -401.4 32.8 -211.3
2568 201.7 -37.3 32.2 -73.7 -84.2
25.2 317.9 179.6
639.1 -109.8 -52.5 -54.6 -4.9 12.3
2103.2 315 -159.1 -392.1 -10 -121.6
2697.7 130.5 -232.2 -26.5 36.6 100.7
9.4 268.6 155.2
647.9 -108.9 -56.5 -35.2 -20 10.3
2122.2 447.2 107.7 -315.1 -87.7 268.1
2851 284.3 -53.2 -71.7 -108.8 245
19.4 355.8 188.3
625.6 -94.1 -63.1 -40.4 -35.8 21.6
1845.9 435.6 -233.6 -550.3 -221.8 10.3
2693.8 533.8 -193.9 -174.3 -97.8 61.6
5.3 35 70.1
637.5 -99.7 -77.6 -21.9 -20.9 7.5
2239.1 490.1 -173.2 70.1 -57.8 33.5
2893.9 456.8 -252.4 160 -131.7 29.5
9 62.2 75.2
644.4 -105 -76.1 -11.9 -20 10.4
2244.3 480.3 -168.7 73.6 -75.4 58.5
2917.4 404.3 -215.2 138 -141.9 47.7
8.1 52.3 86.3
655.4 -120.2 -62.8 -17.4 -10.3 3.7
2295.3 380.5 -83.1 4.2 -27.8 26.6
3008.6 221.1 -59.2 16.3 -70.8 14.8
8 10.1 15
660.5 -130.4 -53.2 -20.6 -6.3 0.2
2326.2 322.9 -34.2 -37.7 3.2 8.6
3057.5 134.4 17.3 -48.6 -24.2 -2.6
6.3 10 14.6
651.1 -146.6 -39.4 -20.3 -4.9 -1.6
2332.9 324.6 -38.9 -40.3 5.9 10.7
3072.5 144.5 3 -54.6 -18.7 4.8
6.9 10.6 12.3
634.2 -147.9 -32.2 -30.8 0 2.3
2336.6 326.6 -39.2 -41.5 8 11
3085.2 147.7 0.5 -50.6 -17.7 5.2
5.4 11.2 12.5
619.1 -142.6 -36.1 -31.7 1.7 3.9
2336.5 332.1 -38.7 -43.4 10.2 12.2
3093.1 148.2 1 -49.6 -17.4 4.9
5.7 11.4 12.7
608.9 -139.6 -40.8 -27.9 0.7 8.6
2336 336.8 -37.1 -45.5 10.8 13.1
3097.9 152.6 3.6 -51.4 -17.4 3.6
4.9 12 17.4
599.3 -134.1 -47.7 -21.2 -1.9 11.2
2333.2 344.4 -38.7 -46.4 10.7 15
3095.4 153.1 -2 -63.5 -22.5 -1.2
5.2 12.4 21.6
593.6 -129.9 -50.7 -16 -3.6 12.1
2327.6 349.9 -45.2 -46.6 6.7 16.7
3082.2 153.4 -19.2 -79 -32.5 -5.8
5.2 12.5 18.6
591.3 -133.6 -49.3 -10.1 -3.6 12.6
2325.4 345.2 -49.5 -44.3 3.5 19.8
3073.7 140.6 -29.5 -75.1 -34.4 7.1
5.7 13.7 17.2
590.8 -137.4 -47.6 -4.7 -5.5 11.3
2326.7 344 -45.8 -33.2 2.8 18
3074.7 139.7 -7.8 -41.4 -31.9 -1.2
5.8 14.4 11.4
594.2 -140.3 -45.5 -3.1 -7.3 11.3
2332.9 338.6 -37.7 -23.4 1.3 13
3091.3 151.2 26.5 -6.8 -24.9 -1.3
5.5 14.6 14.3
597.3 -144.1 -44.3 -1.5 -9.4 11.8
2339.7 336.5 -30.6 -18.3 -3.8 10.7
3111.7 165.8 52.7 10.9 -24 5.1
5.3 13.2 18.7
600.6 -147.6 -44.2 -0.6 -10.5 12.5
2350.1 334.9 -32.7 -17.4 -2.1 12.2
3136.5 177.2 57.1 16.2 -13 18.4
5 13.1 23.8
602.7 -150.5 -45.8 -0.3 -9.9 12.2
2361.8 337.6 -40.7 -21.2 4.4 15.1
3165.8 194 50.7 10.1 4.8 32.8
winner is: 11
