Regression analysis information for: S16_selected_tokens_0059
number of formants: 3
number of coefficients: 5
13 41.7 125.6
473.7 87.8 -61.7 51 -28.9 15
1121.1 453.7 -20.3 104.7 -23.4 22.4
2495.5 473 -384.7 312.6 -159 39.5
20.9 24.5 121.2
489.9 56.5 -39.4 41.1 -31.5 31.1
1140.6 420.2 9.7 89.6 -31.1 41.9
2621.9 255.5 -214.1 233.7 -195.9 172.2
20.6 37.1 125
495.6 45 -29.1 32.2 -24.1 26.2
1157.4 391.1 34.4 70.1 -19 37.3
2654.3 191 -151.8 179.2 -155.3 144.1
20.4 51.2 101.8
497.1 41.7 -26.3 29.7 -21.4 23.9
1170.5 373.8 50.1 54.7 -5 25.9
2687.1 133.4 -97.9 125 -102 90.7
11.1 49.5 33.5
502.5 29.5 -15.2 19.4 -11.5 14.9
1208.1 309.2 114.4 -7.9 54.8 -30.9
2745 33.7 -2.5 31.5 -11.6 1.7
13.1 51.1 37.3
500.8 30.6 -17 21.8 -13.6 17.1
1215.1 310.9 122.2 -11 58 -35.5
2772.1 2.3 27.6 5 13.4 -21.8
13.9 54.2 36.8
499 28 -16.8 22 -14.4 17.5
1209.1 313.6 126.4 -5.5 56.9 -40.9
2785.2 1.1 29.9 6.6 13.8 -23
13.9 77.9 21.9
495.1 23.8 -13 22 -16 17.7
1149.3 297 177.1 28.3 19.2 -71.3
2778.2 30.7 -2.3 41.6 -17.5 2.6
12 119.8 119.2
467.4 61.7 -35.1 35.1 -23.4 15.3
1001.7 383.5 127.7 46.3 4.8 -52
2709.7 112 -91.9 135.2 -98.1 47.8
5.8 68.5 86.3
449.7 82.2 -35.2 20.9 -7.2 5.9
935.9 409.9 88 44 -5.8 -2.3
2559.8 254.9 -172.3 173.6 -149.9 138.9
6.8 111.4 131.6
454.9 71.7 -25.4 11.7 0.5 0.6
971.1 332.3 154 -26.6 56.9 -65.5
2669.5 35 40.1 -34.8 34.9 -19.3
7.4 108.3 127.4
455.8 73.5 -28.1 10.9 3.1 -0.1
980.5 342.7 159.4 -23.8 53.1 -65.6
2692.7 48.3 26.5 -39.6 55.3 -38.5
10.1 119 149.5
461.9 69.2 -28.5 7.6 8.1 -2
1003.6 338 202.3 -39.8 60.4 -94
2806.5 -68.3 115 -143.8 170.8 -150.5
11 259.3 207.7
466.6 66.7 -30.9 12.1 5.7 -3.3
1138.9 422.8 -6.9 -132.4 241.3 58.3
2932.9 -50 -23.7 -156.1 268.8 -105.6
14 270.2 161.1
478 57.1 -32.4 14.6 1.7 0.5
1223.4 468.2 -25.4 -213.3 308.1 85.9
3023.1 -105.6 48.4 -124.2 236.2 -179
19.7 268.2 215.7
478.7 63.6 -45.4 30 -12.4 6.3
1247 573.1 -54.8 -219 305.2 73
3110.5 -81.6 -32.8 -25 162.9 -140.9
36.2 411.2 281.1
466.5 80.9 -44.5 10.5 14.9 -14.9
1378.5 365.7 80.5 -300.6 299.4 214.3
3212.1 -224.2 -14.8 8.7 71.8 34.7
24.5 553.3 244.7
496.6 22.4 -7 23.5 -31.9 25.2
1672.5 -170.8 358.6 -60.9 -183.3 677
3391.4 -454.6 85.8 -92.7 105.8 173.2
22.2 315.9 284.3
498.3 24.2 -11 24.1 -29.7 26.5
1477.1 213.7 165.6 -90.7 31.2 349.3
3312.2 -286.3 -39.8 -27.6 94.3 155.4
20.5 366.8 296.3
500.3 27.9 -15.9 20.1 -20.4 26.8
1551.2 236.6 134.1 -91.9 89.2 371.5
3356.9 -295.4 -70.9 -32.7 145.7 161.9
winner is: 5
