Regression analysis information for: S16_selected_tokens_0087
number of formants: 3
number of coefficients: 5
10.5 44.9 42.3
709 -23.6 -44.2 34 -46.4 9.5
2110.3 161.7 -79.1 104.5 53.6 35.7
2411.7 172 -127.5 85 -3.3 10.3
10.4 39.1 45.5
713.5 -26.2 -42.8 33.9 -45.3 10.2
2146 191 -106.5 53.7 28.6 32.5
2471.8 163.8 -75.3 125.7 15.9 25.8
11 32 44
714.2 -27.3 -47.3 35.3 -47.8 11
2204.7 249.8 -139.8 -15 -13.5 12.2
2554.7 206.2 -0.2 178 6.3 3.3
12.7 14.2 68.7
712.1 -28.1 -53.7 37.2 -53.3 12.6
2234.4 266.6 -157.7 -37.6 -19 9.3
2686.4 226.2 49.7 138.8 -45.3 -54.8
24.3 23.3 87.6
699.2 -9.2 -72.7 51.7 -67 20.4
2238.8 274.7 -170.9 -19.1 -21.1 10.3
2769.4 254.9 -44.8 151.8 -155.6 10.3
31.6 88.1 122.1
679 19.5 -92.9 67 -80.3 26.3
2175.2 406.9 -294.1 81.1 -83.1 39.2
2829.3 282.9 -127.8 111 -144.5 10.9
46.8 328.7 213.4
596.7 58.9 -11.4 47.9 -108.6 28.8
1969.1 465.4 -42.1 83.6 -187.6 -56
2771.1 353.4 -117.5 91.6 -149.6 0.6
27.9 218.3 134.1
540.1 95.2 24.7 10.1 -66.5 -3.2
1639.7 487.6 255.4 204.2 -12.5 -287.1
2518.9 484.8 92.7 -5.8 -23.7 -96.5
17.9 207.9 55.9
547.3 112.7 0.8 1.2 -74.1 8.5
1727.2 681.5 70.7 51 -217.7 -201.6
2516.8 635.3 -30.6 -56.6 -92.2 -39.4
45.2 207 175.2
607.3 81.7 -50.9 -7.9 -56.5 30.5
2094.1 533.9 -308.4 -12.6 51.9 -28.4
2855.4 314.3 -157.9 -4.5 20.7 -27
25.6 13 13.4
698.5 -23.5 -69.4 20.2 -59.4 19.1
2259.2 259.3 -171.5 -13.2 -2.1 -5.3
2996.1 68.5 -4.7 -47.2 6.9 -8.2
25.3 13.4 12.8
714.3 -55.4 -61.2 21 -58.8 16.5
2261.7 261.8 -172.4 -13.4 -3 -6.8
2998.9 77.4 -7.6 -47 5 -10
26.1 14.8 13.3
662.2 -57 16.8 11.7 -92.4 28.6
2267.7 263.8 -172.8 -15.7 -5.1 -9.6
3008.4 84.2 -11.3 -50.9 2.2 -13.4
30.1 16 14.9
612.7 -43.3 54 3.2 -87.2 24.8
2266.2 267.6 -172.8 -21.3 -10 -10.4
3013.8 86.2 -13.2 -58.6 -5.6 -15.8
24.9 17.1 15.5
572.6 -0.2 41.7 -4.1 -56.4 6.4
2260.8 269.3 -167 -27.1 -16.1 -10.7
3009.5 82.6 -6.2 -64.2 -14.1 -16.9
12.8 17.3 22.6
543 45.7 8.7 12.8 -52.6 -4.8
2251.1 266.1 -164 -26.7 -15.8 -9.1
2987.2 57.6 -1.3 -54.9 0.4 -3.1
10 17.2 22.1
534.8 61 -1.5 20.4 -52.3 -5.6
2244.6 264.6 -164.7 -21.3 -10.2 -8.1
2970 47.6 -0.1 -41.3 21.3 0.3
9.8 17.9 20
533.9 63.8 -4 21.5 -52.6 -5.7
2241.7 270.7 -173.7 -16.7 -6.5 -7.6
2965 66.7 -15.6 -38.9 26.4 -6.7
9.8 21.6 21.1
533.6 65 -6.1 20.8 -54.8 -5.5
2245.1 282.2 -185.8 -13.8 -7.1 -6.4
2972.9 96.2 -37.4 -35.9 16 -6.1
9.7 24.7 19.2
533.9 66.4 -3.4 18.8 -57 -4.4
2259 294.6 -193.2 -15.1 -9.1 -11.2
3000.7 128.2 -49.4 -44.9 -1.6 -16
winner is: 18
