Regression analysis information for: S16_selected_tokens_0117
number of formants: 3
number of coefficients: 5
85.1 80.7 10103.2
711.1 -144.2 48.8 91.1 75.3 22.6
1175.4 -250.5 108 -121.5 84.5 -36.3
2020.3 2.8 130.5 -18.4 70.1 -22.7
69.3 71.7 76.1
801.2 -132 51.1 130.6 7.7 27.2
1381.5 -457 66.4 101.4 -111 -24.7
2101.5 -87.7 144.5 -6.8 70.5 -77.1
85.3 111.1 75.6
843.2 -112.3 -34.1 22.3 -63 -16.7
1446.6 -361.9 64.8 61.8 -192 -165.3
2175.9 -145 193.6 -39.3 63.4 -101.3
99.9 172.5 132
836.3 -134.7 -51.7 34.4 -54.8 -65.6
1516.8 -265.1 86.6 39.9 -261.5 -284
2319.3 -73.8 261.2 -132.3 -113.8 -239.7
51.9 155.8 145.8
873 -120.4 -125.5 -51.4 -65 5
1613.2 -242.1 -57.2 -83.2 -268.8 -159.3
2330.3 -241.6 303.9 -131.3 -83.9 -52.1
68.6 152.4 130.4
832.7 -13.5 -147.1 -72.5 -72.5 -38.8
1420.1 165.4 -186.8 -370.1 -11.5 -170.1
2101.9 13.1 135.9 -132.7 151.2 -151.2
58.6 162.1 137.2
892.3 88.6 -32.9 -5.1 -11.4 -5.5
1622.4 382 145.1 -97.3 268.1 -82.9
2265.2 152.2 399.7 -37.8 270.4 -98.5
60.3 208.2 181.4
910.3 15 6.3 25.2 -17.4 15.6
1695.3 164.1 305.8 28.6 59.4 -37.4
2497.7 39 517.4 -74.6 -69.9 -3.1
67.1 146.2 193.7
894.3 -2.7 30.2 64.7 -27.3 -8.5
1658.1 111 390.9 129.2 -107.3 -20.6
2523.9 49 421.5 138.4 -278.2 57.3
76.5 152.4 184.8
887.1 -49 4.3 92.1 -20 16.8
1697 27.1 288.8 229.1 -108.1 -56.6
2596.6 -44.9 294.5 258.2 -255.4 -38.4
34.7 90.9 130.8
926.7 0.3 6.4 60.6 -59.2 -26.9
1784.7 88.6 265.6 174.6 -155.2 -143.5
2688.8 -14.6 297.7 189.1 -268.5 -128.5
49.9 131.7 141.4
931.9 19.9 -17 28.2 -33.6 -12.4
1771 119.6 292.7 133 -172.4 -145.9
2713.8 -0.6 323.7 95.1 -228.6 -127.8
29.8 126.9 140.3
951 23.7 -50.2 15.2 -41.3 5.7
1878 155.4 142.9 46.9 -112.6 5.1
2846.9 26.1 163.6 12.7 -138.5 21.1
20.3 10.7 21
952.9 31.8 -73.5 4.1 -24.5 10.4
1950 165.6 -3.7 61.4 32.1 -8.2
2932.6 28.3 8.4 35.8 19.2 5
24.3 11.8 22.3
945.7 34.8 -84.2 -2 -24.6 9
1945.6 184.4 -7 66.6 33.3 -6.1
2935 42.4 14.8 41 22.9 6.3
29.6 15 31
936.7 32 -92.2 -3.2 -27.8 7.2
1943.7 196.2 -8 67.2 32.3 -5.7
2929.8 36.5 1 27 7.2 -4.9
35 18 29.7
927.7 26.8 -86.5 7.8 -26.2 5.9
1938.1 198.2 -11.2 72.8 26.4 -3.2
2930.6 42.6 3.1 30.7 9.5 0.9
39.1 24.4 31.3
914.7 16.1 -71.6 25.9 -22.5 0.6
1931.2 191.4 -1.3 86.6 30.6 -5.9
2929.3 40.7 11.1 41.4 14.6 1.7
37.9 30.6 33.3
899.5 4.1 -55 39.7 -22.6 -1.9
1918.9 180.2 16.8 107.8 39.9 -9
2921.1 32.3 26.7 61.1 24.3 0.6
32.1 28.3 32.5
887.6 -6.4 -42 45.5 -24.8 -0.6
1907 166.5 34.5 123.3 50.4 -5.5
2910.3 19.1 42.2 78 34.4 3.9
winner is: 14
