Regression analysis information for: S16_selected_tokens_0119
number of formants: 3
number of coefficients: 5
30.5 86.7 10063.1
817.8 -64.2 -79.9 11.4 -39.1 22.9
1210.6 -195.2 87.5 -131.9 154.3 -52
2035.2 -61 148.6 -110.6 139.5 -93.5
43.1 126.7 10074.5
833.7 -38 -73.1 -11.7 -54.8 19.6
1232.7 -134.3 141.8 -77.9 234.6 16.2
2081.4 -80.4 206.2 -104.9 154.2 -48.4
102 174.7 10112.3
828.2 -70.8 -151 -43.3 -3.3 67.9
1366.1 -77.9 201.4 -63.7 211.2 107.7
2160.6 -153 297.5 -120.9 108.1 -7.1
13.9 72.6 121.2
927.2 75.7 -62.8 11 -22.5 8
1682.9 418.3 -5 -125.8 204.7 -90.7
2255.5 112.8 -45.2 -177.6 230.5 -138.9
28.4 175.7 201.4
922.1 79.6 -84 7 -21.1 -9.5
1748.6 185.6 -170.2 -7.1 -50.6 -161.4
2458.6 29.2 -164.6 120.9 -25.7 -101.7
18.1 153.7 136.8
929.4 70.8 -69.8 23.8 -28 11.3
1798.4 40.5 -88.7 70.2 19.5 74.3
2520.4 -147.5 -43.2 228.4 28.4 98
28.7 140.6 154
913.4 51.3 -69.1 25.4 -36.6 11.4
1745.7 -56.5 -64.2 143.9 91.2 91.5
2456.1 -188.5 134.2 339.7 -33.6 -7.5
36.1 123.7 114.6
896.3 28.9 -77.3 18.2 -33.9 28.6
1716.4 -158.6 -67.3 138 169.6 182.9
2460.4 -269.3 262.2 279.1 25.3 73.3
25.8 147.9 74.4
893.4 44.7 -65.9 1.5 -33.9 16
1680.9 -194.5 -99.4 40.2 103.2 196.7
2381 -259.7 282 144.4 67 120.7
39.3 143.3 137.5
892.5 42.2 -88.7 -20.5 -41.5 9.2
1778.2 -45.3 -96 -27.4 34.1 62.2
2410.1 -114.6 324.8 118.5 24.6 -85.3
28.5 101.9 114.3
914.5 78.1 -84.8 -10.2 -34.2 9.9
1862.3 97.9 -17.5 11.9 -9.4 -33.3
2580.7 47.1 308.3 30.6 -133.1 -144.5
19.3 20.6 74.9
931.3 97.2 -82.9 0.7 -23.3 13.3
1923.6 172.5 1.2 30.3 10.1 8.3
2753.9 114.3 148.5 -55.8 -76.6 47.7
18.4 10.3 21.7
943.1 94.9 -89.9 4.9 -18.9 12.9
1943.7 157.9 -21 44.4 9.8 12
2861 59 -2.9 20.5 -4.8 28
18.3 8.6 9.3
946.4 91.5 -93.2 10.9 -19 12.8
1952.6 150.6 -26.4 55.1 2.5 13.2
2874.9 51.2 -21.5 39.2 -3.4 9.6
17.6 9.1 9.6
947.1 84.1 -93.8 18.6 -21.2 12.4
1960.3 140.4 -27.2 67.7 -5 15.4
2877.8 50.9 -22.7 42.2 -4.2 9.7
17.1 11.6 10.8
942.8 74 -91.4 23.8 -21.2 13.7
1960 127 -21.8 76.4 -4.2 20
2878 46.9 -20.8 46.8 -2.7 11.2
16.1 13.1 11.1
938.1 63.8 -89.1 25.8 -23 13.6
1956.8 109.5 -15.2 82.1 -2.2 23.9
2876.1 39.4 -17.2 51.4 -1 12.3
15.4 16.4 10.9
931.5 56.2 -91 24 -25.5 12.6
1951.7 90.4 -9.4 77.2 3.8 21.8
2872.8 31.5 -13.9 52.7 1.2 11.8
14.7 18.1 10.5
928 49.6 -89.8 20.8 -25.1 11.8
1944.7 71.7 -7.1 69.5 9.5 22.8
2868.2 22 -12.6 51.2 2.4 12.3
14.2 18.3 9.7
927 45.7 -89.3 17.1 -24.5 10.7
1942.3 59.6 -6.4 58.9 12.5 20
2866.4 16.4 -13.5 46.6 1.9 11.6
winner is: 14
