Regression analysis information for: S16_selected_tokens_0050
number of formants: 3
number of coefficients: 5
26.5 112.9 178.9
471.6 79.4 -8.7 -21.2 26 -9.1
784.8 13.2 72.8 -91.5 88.2 -24.8
2594.5 768.3 -132.4 -306.5 331.7 -111
23.1 85.6 223.2
461.2 93.1 -8 -29.6 30.5 -5.2
751.1 65.6 65.9 -121.7 137.9 -75.6
2482.2 877 -50.8 -460.3 381.6 -51.5
17.2 67 201.6
467.8 78.7 8.9 -44.9 40.8 -10.8
816.6 -53.7 175.6 -202.5 183.8 -87.4
2567 702 97.3 -570 438.7 -63.4
24.9 67.3 285.3
477.3 64.6 13.7 -41.9 34.6 -2.9
868.1 -132.8 214.3 -187 123.6 1.8
2719.4 479.4 147 -485.3 310.4 101.4
10.2 52.7 196.4
499.5 36.1 7.4 -7.4 -1.5 9.4
910.2 -188.1 207.7 -123.7 44.8 43.6
2916.8 242.7 52.4 -163 35.3 147.7
5.4 38 12.8
501.3 31.8 4.3 4.6 -7.7 1.9
912 -217.3 205.4 -83.9 39 25.2
3015.8 168.7 -51.4 -9 -16.5 26.6
6.9 29.4 10.8
495 32 0.1 11.3 -8.6 7
891.2 -266.7 183.7 -66 56.9 39.2
3032.2 175 -35.7 -19.1 -20.7 14.7
9.3 30.3 10.1
487.2 37.4 -4.9 18.4 -13 9.4
874.2 -264.9 177.4 -71.1 53.7 32.3
3042.7 167.4 -26.3 -26.9 -17.8 11.1
13.3 49 11.3
478.4 41.3 -6.8 18.3 -14.9 6.1
815.2 -215.6 159.5 -115.5 81.6 8.3
3049 164.6 -22.9 -26.7 -14 13.7
15.8 32.1 13.1
463 51.6 -1.5 2.6 -9.2 4.2
754.4 -142.4 139.6 -143.7 115.6 -24.5
3045.8 165 -34.2 -23.8 -14.9 22.6
11.9 25.5 14.6
448.6 54.2 11.2 -0.3 -6.8 2.1
743.3 -134.2 138.2 -135.4 121.2 -39.9
3040.3 163.8 -51.3 -29.4 -19.3 27.4
10.2 19.3 17.7
433.5 63 25.1 -13.5 -0.7 3.2
751.2 -143.5 135.4 -122.5 110 -40.3
3020.6 158 -39 -41.7 -33.1 20
9.9 17.7 15.7
433.7 67.5 26.2 -14.4 0 0.2
750.1 -141.6 131.4 -118.9 110.9 -41.5
3025.2 178.4 -29.8 -41.2 -32.3 3.8
11 18 20
438.7 71.3 25.9 -11.9 -3 -1.7
746.6 -142 132.1 -120.5 111.7 -35.8
3049.5 214.2 -34.2 -20.7 -21.2 3.6
20.6 110.8 57.5
449.9 71.8 31.7 -5.5 -2.9 6.6
772.7 -189.6 115.2 -69.1 56.2 -39.6
3114.2 179.4 -30.9 21.1 -30.9 13.2
34.8 371.7 218.2
458.6 66.5 28.6 -0.3 -11.1 12
955.6 -447.1 64.4 230.5 -278.7 69.9
3287.7 -26.1 -53.5 219.7 -242.2 102.7
26.9 382.3 220.8
477.6 41.9 16.4 20 -33.1 2
1227.8 -765.7 -85.8 569.6 -399.7 -104.2
3367.7 -112.5 -55.1 224.8 -198.8 76.8
23.7 348.5 221.7
498.5 39.6 -12.6 18.1 -34.3 -8.2
1370.6 -885.9 -291.5 796.8 -330.6 -266.6
3407.8 -101.7 -125.4 196.6 -80.6 -24.4
32.1 368.8 225.3
486.1 22.4 -13.8 57.1 18 8
1400.5 -918.5 -339.8 841.7 -255.2 -340.7
3456.1 -100.5 -204.6 210.3 -43.1 -88.4
62.7 659.7 391.4
467 17.1 37.4 70.9 -44.7 -53.2
1842.8 -453.5 -468.3 187 -833.1 -500.7
3618.8 -223.7 -181.8 237.2 -271 127.8
winner is: 13
