Regression analysis information for: S16_selected_tokens_0114
number of formants: 3
number of coefficients: 5
83.6 200.4 10106.4
738.1 63.6 -91.2 -51.3 -28.7 11.2
1262.7 329 167.1 68.2 22.9 -11.6
2043.7 167.6 222.2 94.9 143.3 11
77.3 280.7 10136.7
721.4 45.7 -97.5 -83.2 -6.3 10.5
1230.7 244.9 108.4 -39.1 27.6 -17.2
2042.7 95.4 229.8 35.6 169.5 -15.6
82.5 291.8 10146.4
689.1 46.6 -71.1 -82.8 5.2 24.8
1275.3 266 166.7 -53.4 74.5 -18.8
2076.5 97 285.7 16.5 204.9 -31.3
65.7 196.9 153.7
672.7 78.4 11.1 -59.3 -5.1 -18.5
1368.8 333.2 274.8 -20.2 85.7 -130.5
2160.7 184.5 361.2 -28.5 160 -117.8
28.5 135.4 10109.4
695.7 104.4 26.5 -69.5 -22.7 -55.1
1403.8 338.2 345.4 -11.6 65.7 -235
2223.3 227.7 406.1 -87.9 89.1 -217.3
33.7 136.4 10114.7
705.8 96.5 29.9 -75.8 -30.9 -37.7
1350.4 313.3 414.1 11.3 70.4 -230.6
2222 234.7 424.4 -93.7 65.9 -241.2
77.1 195 178.8
848.3 -45.1 -132 81.2 21.5 13.6
1738.7 -40.2 53.6 220.6 178.9 53.9
2672.7 -141.1 6.9 157.6 141.2 33.3
30.1 119.3 108
883.1 -36.3 -134.7 21.7 -14.9 19.5
1809.4 -31.1 54.4 80.9 120.8 82.3
2724 -120.9 17.4 21.1 96.9 47
18.8 13.6 26.3
895.6 -26 -138.3 2.1 -40.8 2.1
1874.6 61.4 58.1 5.8 2.1 -14.5
2777.9 -43.4 14.9 -32.9 4.8 -30.3
24.8 72.8 67.1
886.6 -22.9 -151.6 5.7 -54.9 4.3
1852.9 111.1 -1.4 61.2 -54.1 39.2
2768.9 -6.3 -45.4 25 -46.7 23
21.8 22.1 31.8
876.6 -26.3 -135.2 1.9 -54.6 -6.1
1881.4 51.2 51.5 9.5 -7.3 -16.5
2814.2 -73.2 -7.5 -16.8 -4.1 -23.7
26.4 34.8 45.7
836.3 -9.6 -114.8 -4 -53.9 -15.3
1865.5 49.2 70.4 8.9 -26.9 -17.6
2826.8 -94.9 -2.9 -11.6 -33.5 -8
29.4 53.1 141.9
805.9 2.9 -104.3 -0.3 -37.4 -19.1
1824.8 69.7 104.4 -1.2 -21.9 -20.3
2716.2 4.4 85.5 -125.2 21.8 -44.1
26.3 49.1 114.1
790.5 -3.2 -110.1 8.1 -25.4 -12.7
1817.9 57.1 90.5 22.9 -13.1 -15.2
2717.2 -1.4 53.1 -90.1 28.3 -57
22.9 45.8 79.1
789.3 -9.8 -120.5 19.5 -22.4 -5.8
1802.7 50.4 54.5 47.9 -5.9 7.5
2759.6 -51.1 -20 -3 -10.8 -13.1
19.5 34.4 50
798.4 -18.5 -135 29 -23.3 -2.6
1809 36 20.7 62.2 -7 18.9
2794.2 -93.3 -59.4 31.8 -20.6 1.2
14 25.4 40.7
806.9 -22.5 -148.8 30.8 -20.9 -1.9
1825.6 30.2 -1.2 66.6 -3.5 21.6
2824.7 -115.4 -83 40.7 -8.8 -2.9
11.9 27.8 35.8
813.9 -20 -150.9 24.8 -18.4 -1.3
1840.6 32.7 -8.3 60.2 -3.4 21.8
2847.9 -124.4 -88.4 39.2 -10 -0.8
16.8 33.9 39.4
812.8 -11.7 -149.6 12.4 -14.8 -4
1851.7 49.1 1.8 46 0 16.3
2859.1 -122.6 -78.4 22.3 -2.9 -6.1
19.7 40.1 52
814 -1.6 -140.3 -2.7 -16 -6.6
1867.1 72.1 31.5 22.5 0.9 7.3
2862.1 -112.9 -54.8 -7.6 -0.4 -7.2
winner is: 9
