Regression analysis information for: S16_selected_tokens_0068
number of formants: 3
number of coefficients: 5
10.2 420.2 124.4
276.1 -3.2 -13.6 3.6 -14.7 17.1
1589.7 135.2 -11.8 -467.3 1.5 4.6
2193.2 -94 67 -150.9 14.4 32.6
3.9 113.3 36.7
281.7 -0.5 -12.2 8.5 -13.7 16.5
1877.3 -34.2 117.2 -146.4 -20.5 111.3
2283 -178.5 127.2 -99.5 42.3 24
3 18.9 12.8
284.5 2.9 -14.2 10.7 -13.7 17.2
1920.8 -74.7 55.4 -62.3 -28.3 29.2
2299.7 -200.5 115.2 -80.2 42.7 -5.3
3.1 20.2 12.3
284.7 2.5 -13.8 12.8 -11.4 18.6
1922.7 -74.4 55.1 -64.8 -29.1 26.3
2301.6 -202.1 114.7 -84.4 41.6 -8.2
3.5 71.1 45.2
280.7 0.3 -14 15.6 -9.7 19.2
1902.2 -24.2 7.1 -21.8 -69.6 55.3
2279.2 -157.6 69.6 -41.7 8.8 21.5
4.1 41.9 36.1
276.4 -1.5 -12.7 14.6 -9.1 18.4
1912 -50.2 36.2 -43.9 -45.6 42
2278.1 -184.1 90.2 -51 35.7 15.4
4.1 24.3 25.6
274.1 -4.1 -13 12 -10.7 17
1899 -66.8 71.7 -55.5 -28.8 45.4
2270.7 -204.9 117.5 -65.2 57.1 3.3
3.7 17.2 15.9
272.9 -5.1 -14.6 11.2 -11.9 16.2
1895.8 -78.6 90.8 -62.1 -19.7 43.7
2276.5 -229.9 136.8 -83.3 68.7 -4.9
3.6 17.2 16
272.6 -7 -15.5 9.4 -13.1 15.1
1898.9 -75.4 93.3 -63.3 -17.8 43.5
2275 -236.9 130.6 -91.3 65.5 -8.4
3.4 20.3 15
272.2 -7.4 -17 9.1 -14.1 14.5
1911.9 -72.4 88.9 -62.7 -21.6 42.3
2274.7 -257.8 118.5 -104 53.1 -12.4
3.6 26.5 16.7
272.7 -8 -17 8.6 -14.4 14.4
1930.7 -66.8 77.2 -68 -30.6 31.3
2278.1 -268.3 113.8 -109.9 51.2 -13.7
3.6 36.1 19.7
272.5 -7.6 -18.3 9 -15 14.3
1944.7 -83.2 37.2 -90.6 -58 4.7
2284.6 -286.5 114.5 -116.8 49.5 -12.4
3.8 42.1 24.4
273 -8 -18.3 8.6 -15.2 14.1
1965.4 -90.8 1.7 -95.6 -61.1 -6.8
2297.7 -281.3 121.6 -126.3 38.2 -17.8
3.8 46.3 30.6
272.7 -7.3 -18.9 9.3 -15.3 14
1997.9 -91.2 -38.5 -78 -42 -12.7
2313.8 -251.4 121.9 -142.7 -13.8 -14.9
4.4 38.5 43.1
272.7 -7.5 -17.5 9.6 -14.5 13.4
2041.3 -74.2 -45.7 -26.1 -19.4 -18.3
2392.2 -148.4 86.8 -221.5 -106.8 -28.4
5.2 26.7 87.9
270.1 -6.7 -15.2 11.3 -12.2 11.7
2057.2 -64.3 -31.6 -8.2 -11.9 -1.5
2716.1 115.3 7.1 -330.9 -251.7 -102.7
7 27.3 110.3
264 -3.5 -11.9 13.2 -7.6 7.7
2065.7 -67.9 -27.6 -3.1 -13.8 7
2930.9 167.3 -52.2 -143.5 -165.6 -99.5
10.4 29.6 75.8
254.8 3.3 -8.7 12.9 0.1 -0.4
2072 -74.3 -24.8 -3.3 -15.7 9.9
3050.4 201.7 -26.8 -25.9 -80.8 -34.4
156.3 65.6 143
314.3 -101.9 48.3 35 -86.4 125
2096.9 -113.8 -6.9 5 -45.2 52.5
3167.3 55 -1.3 6.5 -171.6 92.2
262.5 117.1 239.5
379.4 -213.1 106.9 55 -174.9 250.4
2131.1 -168.7 18.4 16.6 -85.8 109.1
3278.1 -84.5 40.9 41.8 -259.1 220.6
winner is: 3
