Regression analysis information for: S16_selected_tokens_0078
number of formants: 3
number of coefficients: 5
5.5 257.5 180
353 -24.4 18.1 3.9 -5 3.7
1201.6 -510 572.7 455.9 -11.5 198.5
2143.6 -35.6 250.5 149.5 62 44.5
7.4 216 113.8
352.2 -8 23.5 -2.1 1.8 -0.2
1338.2 298.6 735.7 -342.9 -121.1 -94.3
2331.7 177.9 343.9 -180.3 -68.8 -54.6
12.6 232.5 104.6
357.1 5.1 20.7 -11.3 2.3 7
1671.2 289.8 173.1 -398.4 309.1 17.5
2533.2 127.1 74.7 -213.9 159.4 -2.1
5.1 6.8 7.6
370 2.5 6.7 -1.9 -0.8 1.4
1936.2 -25.9 23 38.3 -21.5 10.1
2658.6 -26.1 4 -2.7 0.7 -10.1
5.6 7.7 7.8
378.3 -7 2.2 1.5 -5.4 1.9
1931.5 -18.2 24.8 35 -17.4 8.7
2655.2 -23.4 8.6 -4.5 1.8 -11.1
5.5 9.2 7.7
381.6 -19.9 1 0.4 -7.4 2.6
1928 -6.8 19.6 39 -19.7 10
2651.9 -14 4.5 -1.5 0 -9.6
5.6 9.3 7.7
376.3 -30.1 0.4 -2.5 -5.5 4.8
1929.8 -3.2 17.2 41.1 -22.4 9.9
2653.3 -9.4 0.6 0.8 -1.8 -8.6
4.2 9.8 7.6
363.7 -35.7 5.6 -0.8 -3.9 3.2
1933.3 -6.8 15.7 38.5 -24.3 8.6
2658.6 -11.3 -1.9 -2.5 -0.8 -8.3
3.5 7.1 7.7
342 -29.3 14.7 -3.5 0.9 2.2
1930.4 -27.6 8.9 28.4 -24.6 7.1
2664.2 -19.7 -8.4 -8.9 0.2 -10.3
2.5 6.1 9.1
329.3 -14.6 7.2 3.2 -1.7 2.4
1912.8 -47.6 5.1 20.5 -11.7 6.9
2656.4 -25.3 -13.5 -11.6 4.8 -12.4
2.8 24.8 11.8
324.9 -9 4.3 6 -4.1 3.3
1865.8 9.5 -24.1 46.5 -15.9 15.5
2618 22.4 -41.5 18.9 -8.8 -5.5
2.7 20.7 9.8
324.5 -8 4 6.5 -4.5 3.5
1847.1 52.8 -49.4 72.4 -30.2 24.5
2608.7 42.9 -51.3 31.3 -16.3 -1.6
2.5 17.3 8.3
324.9 -8 4.6 6.4 -4 3.7
1856.4 55.8 -40.1 73.4 -29.9 26.3
2615.6 43 -45.6 30.1 -16.2 1
2.5 16.7 7.9
325.3 -8.1 5 6.4 -4.1 3.7
1872 52.5 -25 73.5 -29.7 29
2623.1 42.1 -40.8 28.8 -16.2 2.4
2.4 16.1 9.2
325.8 -8.4 5.5 6.3 -4 3.7
1897.3 36.6 1.3 67.7 -24.4 30.8
2629.5 44.7 -41.1 30.2 -17.9 6
2.3 22.5 12.9
326.5 -9.2 6.5 5.7 -3.6 3.5
1934.7 -12.9 60.7 36.7 0.8 21.3
2617 72.4 -61.8 53.4 -37.9 20.2
2.2 18 125.1
327.5 -10.7 7.8 4.9 -3 3.1
1985.5 -86.7 132.2 -3.4 36.4 2.2
2669.2 -26.3 35.2 -48.1 67.5 -87.6
2.6 26.2 161.9
328.6 -12.2 8.8 4.1 -3.1 2.7
2024.6 -98.9 161.9 14.9 14.9 36.4
2832.3 -333.9 319.2 -304 268 -230.1
3.1 35.9 145.1
329.7 -13.4 9.3 3.6 -3.5 2.8
2082 -101.1 182.3 56.5 -21.6 71
2886.1 -418.5 382.6 -359 285.7 -192.1
3.8 40.5 132.4
330.3 -14.5 8.5 3.3 -4.9 3.1
2157 -40.1 207.3 96.1 -45 56
2937 -507.4 419 -374.8 275.3 -100.1
winner is: 10
