Regression analysis information for: S16_selected_tokens_0112
number of formants: 3
number of coefficients: 5
52.5 192 112.9
914.3 45.4 -112.7 25.7 -12.3 30.8
1598.3 -84.9 -78.6 53 19.7 0.9
1960.1 -48.8 165.7 28.3 60.6 -20
54.9 183.1 164.2
918.3 42.4 -119.6 16 -26.8 10.9
1666.1 -110.6 -25.2 3.6 22.1 17.7
2111.4 -123.8 225.2 -12.7 113.8 -102.9
52.7 135.8 197.6
917.5 -10.4 -132.2 -20.2 -42.1 -5
1707.8 -169.5 -9.8 -53.4 9.6 22
2241.7 -97.5 220.8 -16.8 92.7 -157.7
61.3 123.7 203.1
914.9 -17.9 -133.4 -8.6 -24.2 11.7
1726.2 -163 -10.4 -61.8 1.1 18
2368.6 -71.8 184.3 -22.8 57.1 -162
82.5 157.4 181.3
895.7 -31.2 -97.3 42.2 -10.7 -14.8
1633.6 -213.4 169.8 178.7 67.4 -76.5
2391.3 -171.6 292.6 184.2 93.6 -203.9
64.8 146 10121.3
858.7 -8.7 -43.8 38.7 10.1 55.2
1379.4 -31.7 316.6 0.8 303.8 44.8
2147.2 -70.6 500.3 -40.9 270.2 55.1
66.8 145.1 10114.2
897 16.4 -91.6 11 13.6 60
1345.2 -14.3 304.2 40 293.9 -10.3
2108.8 -35.4 483.4 -32 272.7 11.4
87.2 143.1 167.3
910.2 101.4 -64 -65.3 8.6 45.9
1638.5 228.8 96.3 -196 222.4 -99.6
2577.6 198.9 34.2 -252.9 237.5 -90
11.6 13 14.4
978 58.6 -104 15.4 -20.2 14
1831.3 1.9 96.7 -0.4 23.3 20.9
2792.4 -59.2 8.5 -1.8 19.8 9.5
13.4 10 11.5
981.4 58.4 -109.6 19.4 -24.7 16.8
1835.8 5.2 95.6 -1 26.5 17.7
2795.6 -53.1 11.4 -3.3 25.7 7.9
17.8 22.6 73.2
976.2 52.4 -114.7 17.2 -29.4 16.8
1833.1 19.1 86.3 14 17 31.4
2770.2 21 -53 67.2 -35.1 75.6
23.3 16.3 60.1
957.6 42 -105.7 21.3 -26.3 14.9
1827.2 5.4 103.7 17.2 28.2 27.9
2779.7 4.5 -40.3 55.9 -21.2 62.6
27.7 17.4 43
916.9 30.1 -77.6 29.6 -20.5 8.4
1794 -13 135.4 32.4 45.5 25.4
2778.1 -33.5 -8.1 43.5 5.8 37.4
22.3 17.2 17.1
879.3 34.2 -55.1 18.3 -19.4 7.3
1750.9 -9.5 155.9 17.6 64.4 24.7
2757.3 -71.9 43.6 5.2 34.1 8.1
18.4 20 16.6
863.5 35.1 -59.1 17 -17.5 0.8
1724.7 -3 138.3 11.3 76.1 9.6
2728.2 -83.9 32.1 -10.1 30.3 -7.5
16.6 26.5 16.6
860.6 35.6 -68.8 14.5 -19.8 -1.2
1711.8 -2.1 110.7 6.7 67.1 3.8
2718.4 -91.9 3.8 -23.1 19.6 -17.8
14 25.2 16.9
868.3 40.6 -75.3 12.6 -20.2 1.4
1710.1 3.7 91.2 7.1 54.6 4.9
2725.1 -86.9 -15 -26.4 12.6 -18.6
16 22.5 16.9
878.6 45.6 -95 3.4 -29.2 0.4
1716.8 12.3 78.6 11.2 41 10.5
2739 -82.5 -31.6 -26.5 7.1 -15.7
18.9 22.3 18.1
905.4 58.4 -118.7 -13.7 -39.3 1.9
1733.9 21.5 76.1 7.9 26.4 11.7
2758.7 -78.5 -43.9 -25.9 5.3 -11.7
23.6 57 29.8
950.6 77.1 -158.7 -39.3 -49.9 7.4
1792.8 75.9 68.4 -52.2 -47.3 -2.7
2788.2 -65.8 -58 -39.8 -12.4 -13.4
winner is: 10
