labels_S01_selected_tokens_0_0_0_8966
0 0 15 15 4.382026634673881
0 0 21 21 4.382026634673881
0 0 23 23 4.382026634673881
0 0 33 33 4.382026634673881
0 0 63 63 4.382026634673881
0 0 70 70 4.382026634673881
0 0 74 74 4.382026634673881
0 0 24 24 4.382026634673881
0 0 56 56 4.382026634673881
0 0 73 73 4.382026634673881
0 -0.0

labels_S01_selected_tokens_0_8966_1_824
0 0 15 15 4.382026634673881
0 0 21 21 4.382026634673881
0 0 23 23 4.382026634673881
0 0 33 33 4.382026634673881
0 0 63 63 4.382026634673881
0 0 70 70 4.382026634673881
0 0 74 74 4.382026634673881
0 0 24 24 4.382026634673881
0 0 56 56 4.382026634673881
0 0 73 73 4.382026634673881
0 -0.0

labels_S01_selected_tokens_101_1294_102_5134
0 0 58 58 -0.0
0 0 15 15 4.382026634673881
0 0 21 21 4.382026634673881
0 0 23 23 4.382026634673881
0 0 33 33 4.382026634673881
0 0 63 63 4.382026634673881
0 0 70 70 4.382026634673881
0 0 74 74 4.382026634673881
0 0 24 24 4.382026634673881
0 0 56 56 4.382026634673881
0 0 73 73 4.382026634673881
0 -0.0

labels_S01_selected_tokens_102_5134_103_5134
0 0 29 29 -0.0
0 0 15 15 4.382026634673881
0 0 21 21 4.382026634673881
0 0 23 23 4.382026634673881
0 0 33 33 4.382026634673881
0 0 63 63 4.382026634673881
0 0 70 70 4.382026634673881
0 0 74 74 4.382026634673881
0 0 24 24 4.382026634673881
0 0 56 56 4.382026634673881
0 0 73 73 4.382026634673881
0 -0.0

labels_S01_selected_tokens_103_5134_104_5854
0 0 29 29 -0.0
0 0 15 15 4.382026634673881
0 0 21 21 4.382026634673881
0 0 23 23 4.382026634673881
0 0 33 33 4.382026634673881
0 0 63 63 4.382026634673881
0 0 70 70 4.382026634673881
0 0 74 74 4.382026634673881
0 0 24 24 4.382026634673881
0 0 56 56 4.382026634673881
0 0 73 73 4.382026634673881
0 -0.0

labels_S01_selected_tokens_104_5854_105_7047
0 0 38 38 -0.0
0 0 15 15 4.382026634673881
0 0 21 21 4.382026634673881
0 0 23 23 4.382026634673881
0 0 33 33 4.382026634673881
0 0 63 63 4.382026634673881
0 0 70 70 4.382026634673881
0 0 74 74 4.382026634673881
0 0 24 24 4.382026634673881
0 0 56 56 4.382026634673881
0 0 73 73 4.382026634673881
0 -0.0

labels_S01_selected_tokens_105_7047_106_802
0 0 38 38 -0.0
0 0 15 15 4.382026634673881
0 0 21 21 4.382026634673881
0 0 23 23 4.382026634673881
0 0 33 33 4.382026634673881
0 0 63 63 4.382026634673881
0 0 70 70 4.382026634673881
0 0 74 74 4.382026634673881
0 0 24 24 4.382026634673881
0 0 56 56 4.382026634673881
0 0 73 73 4.382026634673881
0 -0.0

labels_S01_selected_tokens_106_802_107_9303
0 0 40 40 -0.0
0 0 15 15 4.382026634673881
0 0 21 21 4.382026634673881
0 0 23 23 4.382026634673881
0 0 33 33 4.382026634673881
0 0 63 63 4.382026634673881
0 0 70 70 4.382026634673881
0 0 74 74 4.382026634673881
0 0 24 24 4.382026634673881
0 0 56 56 4.382026634673881
0 0 73 73 4.382026634673881
0 -0.0

labels_S01_selected_tokens_107_9303_109_0992
0 0 40 40 -0.0
0 0 15 15 4.382026634673881
0 0 21 21 4.382026634673881
0 0 23 23 4.382026634673881
0 0 33 33 4.382026634673881
0 0 63 63 4.382026634673881
0 0 70 70 4.382026634673881
0 0 74 74 4.382026634673881
0 0 24 24 4.382026634673881
0 0 56 56 4.382026634673881
0 0 73 73 4.382026634673881
0 -0.0

labels_S01_selected_tokens_109_0992_110_1233
0 0 52 52 -0.0
0 0 15 15 4.382026634673881
0 0 21 21 4.382026634673881
0 0 23 23 4.382026634673881
0 0 33 33 4.382026634673881
0 0 63 63 4.382026634673881
0 0 70 70 4.382026634673881
0 0 74 74 4.382026634673881
0 0 24 24 4.382026634673881
0 0 56 56 4.382026634673881
0 0 73 73 4.382026634673881
0 -0.0

labels_S01_selected_tokens_110_1233_111_284
0 0 52 52 -0.0
0 0 15 15 4.382026634673881
0 0 21 21 4.382026634673881
0 0 23 23 4.382026634673881
0 0 33 33 4.382026634673881
0 0 63 63 4.382026634673881
0 0 70 70 4.382026634673881
0 0 74 74 4.382026634673881
0 0 24 24 4.382026634673881
0 0 56 56 4.382026634673881
0 0 73 73 4.382026634673881
0 -0.0

labels_S01_selected_tokens_111_284_112_3154
0 0 6 6 -0.0
0 0 15 15 4.382026634673881
0 0 21 21 4.382026634673881
0 0 23 23 4.382026634673881
0 0 33 33 4.382026634673881
0 0 63 63 4.382026634673881
0 0 70 70 4.382026634673881
0 0 74 74 4.382026634673881
0 0 24 24 4.382026634673881
0 0 56 56 4.382026634673881
0 0 73 73 4.382026634673881
0 -0.0

labels_S01_selected_tokens_112_3154_113_3948
0 0 6 6 -0.0
0 0 15 15 4.382026634673881
0 0 21 21 4.382026634673881
0 0 23 23 4.382026634673881
0 0 33 33 4.382026634673881
0 0 63 63 4.382026634673881
0 0 70 70 4.382026634673881
0 0 74 74 4.382026634673881
0 0 24 24 4.382026634673881
0 0 56 56 4.382026634673881
0 0 73 73 4.382026634673881
0 -0.0

labels_S01_selected_tokens_113_3948_114_5068
0 0 47 47 -0.0
0 0 15 15 4.382026634673881
0 0 21 21 4.382026634673881
0 0 23 23 4.382026634673881
0 0 33 33 4.382026634673881
0 0 63 63 4.382026634673881
0 0 70 70 4.382026634673881
0 0 74 74 4.382026634673881
0 0 24 24 4.382026634673881
0 0 56 56 4.382026634673881
0 0 73 73 4.382026634673881
0 -0.0

labels_S01_selected_tokens_114_5068_115_7307
0 0 47 47 -0.0
0 0 15 15 4.382026634673881
0 0 21 21 4.382026634673881
0 0 23 23 4.382026634673881
0 0 33 33 4.382026634673881
0 0 63 63 4.382026634673881
0 0 70 70 4.382026634673881
0 0 74 74 4.382026634673881
0 0 24 24 4.382026634673881
0 0 56 56 4.382026634673881
0 0 73 73 4.382026634673881
0 -0.0

labels_S01_selected_tokens_115_7307_116_8996
0 0 65 65 -0.0
0 0 15 15 4.382026634673881
0 0 21 21 4.382026634673881
0 0 23 23 4.382026634673881
0 0 33 33 4.382026634673881
0 0 63 63 4.382026634673881
0 0 70 70 4.382026634673881
0 0 74 74 4.382026634673881
0 0 24 24 4.382026634673881
0 0 56 56 4.382026634673881
0 0 73 73 4.382026634673881
0 -0.0

labels_S01_selected_tokens_116_8996_118_2367
0 0 65 65 -0.0
0 0 15 15 4.382026634673881
0 0 21 21 4.382026634673881
0 0 23 23 4.382026634673881
0 0 33 33 4.382026634673881
0 0 63 63 4.382026634673881
0 0 70 70 4.382026634673881
0 0 74 74 4.382026634673881
0 0 24 24 4.382026634673881
0 0 56 56 4.382026634673881
0 0 73 73 4.382026634673881
0 -0.0

labels_S01_selected_tokens_118_2367_119_4996
0 0 55 55 -0.0
0 0 15 15 4.382026634673881
0 0 21 21 4.382026634673881
0 0 23 23 4.382026634673881
0 0 33 33 4.382026634673881
0 0 63 63 4.382026634673881
0 0 70 70 4.382026634673881
0 0 74 74 4.382026634673881
0 0 24 24 4.382026634673881
0 0 56 56 4.382026634673881
0 0 73 73 4.382026634673881
0 -0.0

labels_S01_selected_tokens_119_4996_120_7406
0 0 55 55 -0.0
0 0 15 15 4.382026634673881
0 0 21 21 4.382026634673881
0 0 23 23 4.382026634673881
0 0 33 33 4.382026634673881
0 0 63 63 4.382026634673881
0 0 70 70 4.382026634673881
0 0 74 74 4.382026634673881
0 0 24 24 4.382026634673881
0 0 56 56 4.382026634673881
0 0 73 73 4.382026634673881
0 -0.0

labels_S01_selected_tokens_11_2472_12_8499
0 0 63 63 4.382026634673881
0 0 15 15 4.382026634673881
0 0 21 21 4.382026634673881
0 0 23 23 4.382026634673881
0 0 33 33 4.382026634673881
0 0 70 70 4.382026634673881
0 0 74 74 4.382026634673881
0 0 24 24 4.382026634673881
0 0 56 56 4.382026634673881
0 0 73 73 4.382026634673881
0 -0.0

labels_S01_selected_tokens_120_7406_122_0215
0 0 62 62 -0.0
0 0 15 15 4.382026634673881
0 0 21 21 4.382026634673881
0 0 23 23 4.382026634673881
0 0 33 33 4.382026634673881
0 0 63 63 4.382026634673881
0 0 70 70 4.382026634673881
0 0 74 74 4.382026634673881
0 0 24 24 4.382026634673881
0 0 56 56 4.382026634673881
0 0 73 73 4.382026634673881
0 -0.0

labels_S01_selected_tokens_122_0215_123_2803
0 0 62 62 -0.0
0 0 15 15 4.382026634673881
0 0 21 21 4.382026634673881
0 0 23 23 4.382026634673881
0 0 33 33 4.382026634673881
0 0 63 63 4.382026634673881
0 0 70 70 4.382026634673881
0 0 74 74 4.382026634673881
0 0 24 24 4.382026634673881
0 0 56 56 4.382026634673881
0 0 73 73 4.382026634673881
0 -0.0

labels_S01_selected_tokens_123_2803_124_6432
0 0 66 66 -0.0
0 0 15 15 4.382026634673881
0 0 21 21 4.382026634673881
0 0 23 23 4.382026634673881
0 0 33 33 4.382026634673881
0 0 63 63 4.382026634673881
0 0 70 70 4.382026634673881
0 0 74 74 4.382026634673881
0 0 24 24 4.382026634673881
0 0 56 56 4.382026634673881
0 0 73 73 4.382026634673881
0 -0.0

labels_S01_selected_tokens_124_6432_126_0619
0 0 66 66 -0.0
0 0 15 15 4.382026634673881
0 0 21 21 4.382026634673881
0 0 23 23 4.382026634673881
0 0 33 33 4.382026634673881
0 0 63 63 4.382026634673881
0 0 70 70 4.382026634673881
0 0 74 74 4.382026634673881
0 0 24 24 4.382026634673881
0 0 56 56 4.382026634673881
0 0 73 73 4.382026634673881
0 -0.0

labels_S01_selected_tokens_126_0619_127_142
0 0 7 7 -0.0
0 0 15 15 4.382026634673881
0 0 21 21 4.382026634673881
0 0 23 23 4.382026634673881
0 0 33 33 4.382026634673881
0 0 63 63 4.382026634673881
0 0 70 70 4.382026634673881
0 0 74 74 4.382026634673881
0 0 24 24 4.382026634673881
0 0 56 56 4.382026634673881
0 0 73 73 4.382026634673881
0 -0.0

labels_S01_selected_tokens_127_142_128_3655
0 0 7 7 -0.0
0 0 15 15 4.382026634673881
0 0 21 21 4.382026634673881
0 0 23 23 4.382026634673881
0 0 33 33 4.382026634673881
0 0 63 63 4.382026634673881
0 0 70 70 4.382026634673881
0 0 74 74 4.382026634673881
0 0 24 24 4.382026634673881
0 0 56 56 4.382026634673881
0 0 73 73 4.382026634673881
0 -0.0

labels_S01_selected_tokens_128_3655_129_6136
0 0 9 9 -0.0
0 0 15 15 4.382026634673881
0 0 21 21 4.382026634673881
0 0 23 23 4.382026634673881
0 0 33 33 4.382026634673881
0 0 63 63 4.382026634673881
0 0 70 70 4.382026634673881
0 0 74 74 4.382026634673881
0 0 24 24 4.382026634673881
0 0 56 56 4.382026634673881
0 0 73 73 4.382026634673881
0 -0.0

labels_S01_selected_tokens_129_6136_130_8621
0 0 9 9 -0.0
0 0 15 15 4.382026634673881
0 0 21 21 4.382026634673881
0 0 23 23 4.382026634673881
0 0 33 33 4.382026634673881
0 0 63 63 4.382026634673881
0 0 70 70 4.382026634673881
0 0 74 74 4.382026634673881
0 0 24 24 4.382026634673881
0 0 56 56 4.382026634673881
0 0 73 73 4.382026634673881
0 -0.0

labels_S01_selected_tokens_12_8499_14_2177
0 0 70 70 4.382026634673881
0 0 15 15 4.382026634673881
0 0 21 21 4.382026634673881
0 0 23 23 4.382026634673881
0 0 33 33 4.382026634673881
0 0 63 63 4.382026634673881
0 0 74 74 4.382026634673881
0 0 24 24 4.382026634673881
0 0 56 56 4.382026634673881
0 0 73 73 4.382026634673881
0 -0.0

labels_S01_selected_tokens_130_8621_132_0218
0 0 13 13 -0.0
0 0 15 15 4.382026634673881
0 0 21 21 4.382026634673881
0 0 23 23 4.382026634673881
0 0 33 33 4.382026634673881
0 0 63 63 4.382026634673881
0 0 70 70 4.382026634673881
0 0 74 74 4.382026634673881
0 0 24 24 4.382026634673881
0 0 56 56 4.382026634673881
0 0 73 73 4.382026634673881
0 -0.0

labels_S01_selected_tokens_132_0218_133_2044
0 0 13 13 -0.0
0 0 15 15 4.382026634673881
0 0 21 21 4.382026634673881
0 0 23 23 4.382026634673881
0 0 33 33 4.382026634673881
0 0 63 63 4.382026634673881
0 0 70 70 4.382026634673881
0 0 74 74 4.382026634673881
0 0 24 24 4.382026634673881
0 0 56 56 4.382026634673881
0 0 73 73 4.382026634673881
0 -0.0

labels_S01_selected_tokens_133_2044_134_2038
0 0 16 16 -0.0
0 0 15 15 4.382026634673881
0 0 21 21 4.382026634673881
0 0 23 23 4.382026634673881
0 0 33 33 4.382026634673881
0 0 63 63 4.382026634673881
0 0 70 70 4.382026634673881
0 0 74 74 4.382026634673881
0 0 24 24 4.382026634673881
0 0 56 56 4.382026634673881
0 0 73 73 4.382026634673881
0 -0.0

labels_S01_selected_tokens_134_2038_135_3484
0 0 16 16 -0.0
0 0 15 15 4.382026634673881
0 0 21 21 4.382026634673881
0 0 23 23 4.382026634673881
0 0 33 33 4.382026634673881
0 0 63 63 4.382026634673881
0 0 70 70 4.382026634673881
0 0 74 74 4.382026634673881
0 0 24 24 4.382026634673881
0 0 56 56 4.382026634673881
0 0 73 73 4.382026634673881
0 -0.0

labels_S01_selected_tokens_135_3484_136_6363
0 0 67 67 -0.0
0 0 15 15 4.382026634673881
0 0 21 21 4.382026634673881
0 0 23 23 4.382026634673881
0 0 33 33 4.382026634673881
0 0 63 63 4.382026634673881
0 0 70 70 4.382026634673881
0 0 74 74 4.382026634673881
0 0 24 24 4.382026634673881
0 0 56 56 4.382026634673881
0 0 73 73 4.382026634673881
0 -0.0

labels_S01_selected_tokens_136_6363_138_0203
0 0 67 67 -0.0
0 0 15 15 4.382026634673881
0 0 21 21 4.382026634673881
0 0 23 23 4.382026634673881
0 0 33 33 4.382026634673881
0 0 63 63 4.382026634673881
0 0 70 70 4.382026634673881
0 0 74 74 4.382026634673881
0 0 24 24 4.382026634673881
0 0 56 56 4.382026634673881
0 0 73 73 4.382026634673881
0 -0.0

labels_S01_selected_tokens_138_0203_139_1967
0 0 71 71 -0.0
0 0 15 15 4.382026634673881
0 0 21 21 4.382026634673881
0 0 23 23 4.382026634673881
0 0 33 33 4.382026634673881
0 0 63 63 4.382026634673881
0 0 70 70 4.382026634673881
0 0 74 74 4.382026634673881
0 0 24 24 4.382026634673881
0 0 56 56 4.382026634673881
0 0 73 73 4.382026634673881
0 -0.0

labels_S01_selected_tokens_139_1967_140_3408
0 0 71 71 -0.0
0 0 15 15 4.382026634673881
0 0 21 21 4.382026634673881
0 0 23 23 4.382026634673881
0 0 33 33 4.382026634673881
0 0 63 63 4.382026634673881
0 0 70 70 4.382026634673881
0 0 74 74 4.382026634673881
0 0 24 24 4.382026634673881
0 0 56 56 4.382026634673881
0 0 73 73 4.382026634673881
0 -0.0

labels_S01_selected_tokens_140_3408_141_5728
0 0 35 35 -0.0
0 0 15 15 4.382026634673881
0 0 21 21 4.382026634673881
0 0 23 23 4.382026634673881
0 0 33 33 4.382026634673881
0 0 63 63 4.382026634673881
0 0 70 70 4.382026634673881
0 0 74 74 4.382026634673881
0 0 24 24 4.382026634673881
0 0 56 56 4.382026634673881
0 0 73 73 4.382026634673881
0 -0.0

labels_S01_selected_tokens_141_5728_142_8296
0 0 35 35 -0.0
0 0 15 15 4.382026634673881
0 0 21 21 4.382026634673881
0 0 23 23 4.382026634673881
0 0 33 33 4.382026634673881
0 0 63 63 4.382026634673881
0 0 70 70 4.382026634673881
0 0 74 74 4.382026634673881
0 0 24 24 4.382026634673881
0 0 56 56 4.382026634673881
0 0 73 73 4.382026634673881
0 -0.0

labels_S01_selected_tokens_142_8296_144_1255
0 0 48 48 -0.0
0 0 15 15 4.382026634673881
0 0 21 21 4.382026634673881
0 0 23 23 4.382026634673881
0 0 33 33 4.382026634673881
0 0 63 63 4.382026634673881
0 0 70 70 4.382026634673881
0 0 74 74 4.382026634673881
0 0 24 24 4.382026634673881
0 0 56 56 4.382026634673881
0 0 73 73 4.382026634673881
0 -0.0

labels_S01_selected_tokens_144_1255_145_4456
0 0 48 48 -0.0
0 0 15 15 4.382026634673881
0 0 21 21 4.382026634673881
0 0 23 23 4.382026634673881
0 0 33 33 4.382026634673881
0 0 63 63 4.382026634673881
0 0 70 70 4.382026634673881
0 0 74 74 4.382026634673881
0 0 24 24 4.382026634673881
0 0 56 56 4.382026634673881
0 0 73 73 4.382026634673881
0 -0.0

labels_S01_selected_tokens_145_4456_146_5503
0 0 3 3 -0.0
0 0 15 15 4.382026634673881
0 0 21 21 4.382026634673881
0 0 23 23 4.382026634673881
0 0 33 33 4.382026634673881
0 0 63 63 4.382026634673881
0 0 70 70 4.382026634673881
0 0 74 74 4.382026634673881
0 0 24 24 4.382026634673881
0 0 56 56 4.382026634673881
0 0 73 73 4.382026634673881
0 -0.0

labels_S01_selected_tokens_146_5503_147_679
0 0 3 3 -0.0
0 0 15 15 4.382026634673881
0 0 21 21 4.382026634673881
0 0 23 23 4.382026634673881
0 0 33 33 4.382026634673881
0 0 63 63 4.382026634673881
0 0 70 70 4.382026634673881
0 0 74 74 4.382026634673881
0 0 24 24 4.382026634673881
0 0 56 56 4.382026634673881
0 0 73 73 4.382026634673881
0 -0.0

labels_S01_selected_tokens_147_679_148_9035
0 0 54 54 -0.0
0 0 15 15 4.382026634673881
0 0 21 21 4.382026634673881
0 0 23 23 4.382026634673881
0 0 33 33 4.382026634673881
0 0 63 63 4.382026634673881
0 0 70 70 4.382026634673881
0 0 74 74 4.382026634673881
0 0 24 24 4.382026634673881
0 0 56 56 4.382026634673881
0 0 73 73 4.382026634673881
0 -0.0

labels_S01_selected_tokens_148_9035_150_1195
0 0 54 54 -0.0
0 0 15 15 4.382026634673881
0 0 21 21 4.382026634673881
0 0 23 23 4.382026634673881
0 0 33 33 4.382026634673881
0 0 63 63 4.382026634673881
0 0 70 70 4.382026634673881
0 0 74 74 4.382026634673881
0 0 24 24 4.382026634673881
0 0 56 56 4.382026634673881
0 0 73 73 4.382026634673881
0 -0.0

labels_S01_selected_tokens_14_2177_15_6258
0 0 70 70 4.382026634673881
0 0 15 15 4.382026634673881
0 0 21 21 4.382026634673881
0 0 23 23 4.382026634673881
0 0 33 33 4.382026634673881
0 0 63 63 4.382026634673881
0 0 74 74 4.382026634673881
0 0 24 24 4.382026634673881
0 0 56 56 4.382026634673881
0 0 73 73 4.382026634673881
0 -0.0

labels_S01_selected_tokens_150_1195_151_3445
0 0 5 5 -0.0
0 0 15 15 4.382026634673881
0 0 21 21 4.382026634673881
0 0 23 23 4.382026634673881
0 0 33 33 4.382026634673881
0 0 63 63 4.382026634673881
0 0 70 70 4.382026634673881
0 0 74 74 4.382026634673881
0 0 24 24 4.382026634673881
0 0 56 56 4.382026634673881
0 0 73 73 4.382026634673881
0 -0.0

labels_S01_selected_tokens_151_3445_152_5682
0 0 5 5 -0.0
0 0 15 15 4.382026634673881
0 0 21 21 4.382026634673881
0 0 23 23 4.382026634673881
0 0 33 33 4.382026634673881
0 0 63 63 4.382026634673881
0 0 70 70 4.382026634673881
0 0 74 74 4.382026634673881
0 0 24 24 4.382026634673881
0 0 56 56 4.382026634673881
0 0 73 73 4.382026634673881
0 -0.0

labels_S01_selected_tokens_152_5682_153_799
0 0 34 34 -0.0
0 0 15 15 4.382026634673881
0 0 21 21 4.382026634673881
0 0 23 23 4.382026634673881
0 0 33 33 4.382026634673881
0 0 63 63 4.382026634673881
0 0 70 70 4.382026634673881
0 0 74 74 4.382026634673881
0 0 24 24 4.382026634673881
0 0 56 56 4.382026634673881
0 0 73 73 4.382026634673881
0 -0.0

labels_S01_selected_tokens_153_799_154_9325
0 0 34 34 -0.0
0 0 15 15 4.382026634673881
0 0 21 21 4.382026634673881
0 0 23 23 4.382026634673881
0 0 33 33 4.382026634673881
0 0 63 63 4.382026634673881
0 0 70 70 4.382026634673881
0 0 74 74 4.382026634673881
0 0 24 24 4.382026634673881
0 0 56 56 4.382026634673881
0 0 73 73 4.382026634673881
0 -0.0

labels_S01_selected_tokens_154_9325_156_1403
0 0 43 43 -0.0
0 0 15 15 4.382026634673881
0 0 21 21 4.382026634673881
0 0 23 23 4.382026634673881
0 0 33 33 4.382026634673881
0 0 63 63 4.382026634673881
0 0 70 70 4.382026634673881
0 0 74 74 4.382026634673881
0 0 24 24 4.382026634673881
0 0 56 56 4.382026634673881
0 0 73 73 4.382026634673881
0 -0.0

labels_S01_selected_tokens_156_1403_157_3654
0 0 43 43 -0.0
0 0 15 15 4.382026634673881
0 0 21 21 4.382026634673881
0 0 23 23 4.382026634673881
0 0 33 33 4.382026634673881
0 0 63 63 4.382026634673881
0 0 70 70 4.382026634673881
0 0 74 74 4.382026634673881
0 0 24 24 4.382026634673881
0 0 56 56 4.382026634673881
0 0 73 73 4.382026634673881
0 -0.0

labels_S01_selected_tokens_157_3654_158_7423
0 0 53 53 -0.0
0 0 15 15 4.382026634673881
0 0 21 21 4.382026634673881
0 0 23 23 4.382026634673881
0 0 33 33 4.382026634673881
0 0 63 63 4.382026634673881
0 0 70 70 4.382026634673881
0 0 74 74 4.382026634673881
0 0 24 24 4.382026634673881
0 0 56 56 4.382026634673881
0 0 73 73 4.382026634673881
0 -0.0

labels_S01_selected_tokens_158_7423_160_0835
0 0 53 53 -0.0
0 0 15 15 4.382026634673881
0 0 21 21 4.382026634673881
0 0 23 23 4.382026634673881
0 0 33 33 4.382026634673881
0 0 63 63 4.382026634673881
0 0 70 70 4.382026634673881
0 0 74 74 4.382026634673881
0 0 24 24 4.382026634673881
0 0 56 56 4.382026634673881
0 0 73 73 4.382026634673881
0 -0.0

labels_S01_selected_tokens_15_6258_16_9027
0 0 74 74 4.382026634673881
0 0 15 15 4.382026634673881
0 0 21 21 4.382026634673881
0 0 23 23 4.382026634673881
0 0 33 33 4.382026634673881
0 0 63 63 4.382026634673881
0 0 70 70 4.382026634673881
0 0 24 24 4.382026634673881
0 0 56 56 4.382026634673881
0 0 73 73 4.382026634673881
0 -0.0

labels_S01_selected_tokens_160_0835_161_3149
0 0 57 57 -0.0
0 0 15 15 4.382026634673881
0 0 21 21 4.382026634673881
0 0 23 23 4.382026634673881
0 0 33 33 4.382026634673881
0 0 63 63 4.382026634673881
0 0 70 70 4.382026634673881
0 0 74 74 4.382026634673881
0 0 24 24 4.382026634673881
0 0 56 56 4.382026634673881
0 0 73 73 4.382026634673881
0 -0.0

labels_S01_selected_tokens_161_3149_162_5551
0 0 57 57 -0.0
0 0 15 15 4.382026634673881
0 0 21 21 4.382026634673881
0 0 23 23 4.382026634673881
0 0 33 33 4.382026634673881
0 0 63 63 4.382026634673881
0 0 70 70 4.382026634673881
0 0 74 74 4.382026634673881
0 0 24 24 4.382026634673881
0 0 56 56 4.382026634673881
0 0 73 73 4.382026634673881
0 -0.0

labels_S01_selected_tokens_162_5551_163_8438
0 0 68 68 -0.0
0 0 15 15 4.382026634673881
0 0 21 21 4.382026634673881
0 0 23 23 4.382026634673881
0 0 33 33 4.382026634673881
0 0 63 63 4.382026634673881
0 0 70 70 4.382026634673881
0 0 74 74 4.382026634673881
0 0 24 24 4.382026634673881
0 0 56 56 4.382026634673881
0 0 73 73 4.382026634673881
0 -0.0

labels_S01_selected_tokens_163_8438_165_1878
0 0 68 68 -0.0
0 0 15 15 4.382026634673881
0 0 21 21 4.382026634673881
0 0 23 23 4.382026634673881
0 0 33 33 4.382026634673881
0 0 63 63 4.382026634673881
0 0 70 70 4.382026634673881
0 0 74 74 4.382026634673881
0 0 24 24 4.382026634673881
0 0 56 56 4.382026634673881
0 0 73 73 4.382026634673881
0 -0.0

labels_S01_selected_tokens_165_1878_166_3159
0 0 4 4 -0.0
0 0 15 15 4.382026634673881
0 0 21 21 4.382026634673881
0 0 23 23 4.382026634673881
0 0 33 33 4.382026634673881
0 0 63 63 4.382026634673881
0 0 70 70 4.382026634673881
0 0 74 74 4.382026634673881
0 0 24 24 4.382026634673881
0 0 56 56 4.382026634673881
0 0 73 73 4.382026634673881
0 -0.0

labels_S01_selected_tokens_166_3159_167_404
0 0 4 4 -0.0
0 0 15 15 4.382026634673881
0 0 21 21 4.382026634673881
0 0 23 23 4.382026634673881
0 0 33 33 4.382026634673881
0 0 63 63 4.382026634673881
0 0 70 70 4.382026634673881
0 0 74 74 4.382026634673881
0 0 24 24 4.382026634673881
0 0 56 56 4.382026634673881
0 0 73 73 4.382026634673881
0 -0.0

labels_S01_selected_tokens_167_404_168_6279
0 0 22 22 -0.0
0 0 15 15 4.382026634673881
0 0 21 21 4.382026634673881
0 0 23 23 4.382026634673881
0 0 33 33 4.382026634673881
0 0 63 63 4.382026634673881
0 0 70 70 4.382026634673881
0 0 74 74 4.382026634673881
0 0 24 24 4.382026634673881
0 0 56 56 4.382026634673881
0 0 73 73 4.382026634673881
0 -0.0

labels_S01_selected_tokens_168_6279_169_8757
0 0 22 22 -0.0
0 0 15 15 4.382026634673881
0 0 21 21 4.382026634673881
0 0 23 23 4.382026634673881
0 0 33 33 4.382026634673881
0 0 63 63 4.382026634673881
0 0 70 70 4.382026634673881
0 0 74 74 4.382026634673881
0 0 24 24 4.382026634673881
0 0 56 56 4.382026634673881
0 0 73 73 4.382026634673881
0 -0.0

labels_S01_selected_tokens_169_8757_171_2196
0 0 69 69 -0.0
0 0 15 15 4.382026634673881
0 0 21 21 4.382026634673881
0 0 23 23 4.382026634673881
0 0 33 33 4.382026634673881
0 0 63 63 4.382026634673881
0 0 70 70 4.382026634673881
0 0 74 74 4.382026634673881
0 0 24 24 4.382026634673881
0 0 56 56 4.382026634673881
0 0 73 73 4.382026634673881
0 -0.0

labels_S01_selected_tokens_16_9027_18_2924
0 0 74 74 4.382026634673881
0 0 15 15 4.382026634673881
0 0 21 21 4.382026634673881
0 0 23 23 4.382026634673881
0 0 33 33 4.382026634673881
0 0 63 63 4.382026634673881
0 0 70 70 4.382026634673881
0 0 24 24 4.382026634673881
0 0 56 56 4.382026634673881
0 0 73 73 4.382026634673881
0 -0.0

labels_S01_selected_tokens_171_2196_172_5801
0 0 69 69 -0.0
0 0 15 15 4.382026634673881
0 0 21 21 4.382026634673881
0 0 23 23 4.382026634673881
0 0 33 33 4.382026634673881
0 0 63 63 4.382026634673881
0 0 70 70 4.382026634673881
0 0 74 74 4.382026634673881
0 0 24 24 4.382026634673881
0 0 56 56 4.382026634673881
0 0 73 73 4.382026634673881
0 -0.0

labels_S01_selected_tokens_172_5801_173_7561
0 0 10 10 -0.0
0 0 15 15 4.382026634673881
0 0 21 21 4.382026634673881
0 0 23 23 4.382026634673881
0 0 33 33 4.382026634673881
0 0 63 63 4.382026634673881
0 0 70 70 4.382026634673881
0 0 74 74 4.382026634673881
0 0 24 24 4.382026634673881
0 0 56 56 4.382026634673881
0 0 73 73 4.382026634673881
0 -0.0

labels_S01_selected_tokens_173_7561_174_8521
0 0 10 10 -0.0
0 0 15 15 4.382026634673881
0 0 21 21 4.382026634673881
0 0 23 23 4.382026634673881
0 0 33 33 4.382026634673881
0 0 63 63 4.382026634673881
0 0 70 70 4.382026634673881
0 0 74 74 4.382026634673881
0 0 24 24 4.382026634673881
0 0 56 56 4.382026634673881
0 0 73 73 4.382026634673881
0 -0.0

labels_S01_selected_tokens_174_8521_176_1721
0 0 11 11 -0.0
0 0 15 15 4.382026634673881
0 0 21 21 4.382026634673881
0 0 23 23 4.382026634673881
0 0 33 33 4.382026634673881
0 0 63 63 4.382026634673881
0 0 70 70 4.382026634673881
0 0 74 74 4.382026634673881
0 0 24 24 4.382026634673881
0 0 56 56 4.382026634673881
0 0 73 73 4.382026634673881
0 -0.0

labels_S01_selected_tokens_176_1721_177_5408
0 0 11 11 -0.0
0 0 15 15 4.382026634673881
0 0 21 21 4.382026634673881
0 0 23 23 4.382026634673881
0 0 33 33 4.382026634673881
0 0 63 63 4.382026634673881
0 0 70 70 4.382026634673881
0 0 74 74 4.382026634673881
0 0 24 24 4.382026634673881
0 0 56 56 4.382026634673881
0 0 73 73 4.382026634673881
0 -0.0

labels_S01_selected_tokens_177_5408_179_0075
0 0 17 17 -0.0
0 0 15 15 4.382026634673881
0 0 21 21 4.382026634673881
0 0 23 23 4.382026634673881
0 0 33 33 4.382026634673881
0 0 63 63 4.382026634673881
0 0 70 70 4.382026634673881
0 0 74 74 4.382026634673881
0 0 24 24 4.382026634673881
0 0 56 56 4.382026634673881
0 0 73 73 4.382026634673881
0 -0.0

labels_S01_selected_tokens_179_0075_180_4629
0 0 17 17 -0.0
0 0 15 15 4.382026634673881
0 0 21 21 4.382026634673881
0 0 23 23 4.382026634673881
0 0 33 33 4.382026634673881
0 0 63 63 4.382026634673881
0 0 70 70 4.382026634673881
0 0 74 74 4.382026634673881
0 0 24 24 4.382026634673881
0 0 56 56 4.382026634673881
0 0 73 73 4.382026634673881
0 -0.0

labels_S01_selected_tokens_180_4629_181_758
0 0 30 30 -0.0
0 0 15 15 4.382026634673881
0 0 21 21 4.382026634673881
0 0 23 23 4.382026634673881
0 0 33 33 4.382026634673881
0 0 63 63 4.382026634673881
0 0 70 70 4.382026634673881
0 0 74 74 4.382026634673881
0 0 24 24 4.382026634673881
0 0 56 56 4.382026634673881
0 0 73 73 4.382026634673881
0 -0.0

labels_S01_selected_tokens_181_758_183_0377
0 0 30 30 -0.0
0 0 15 15 4.382026634673881
0 0 21 21 4.382026634673881
0 0 23 23 4.382026634673881
0 0 33 33 4.382026634673881
0 0 63 63 4.382026634673881
0 0 70 70 4.382026634673881
0 0 74 74 4.382026634673881
0 0 24 24 4.382026634673881
0 0 56 56 4.382026634673881
0 0 73 73 4.382026634673881
0 -0.0

labels_S01_selected_tokens_183_0377_184_1344
0 0 49 49 -0.0
0 0 15 15 4.382026634673881
0 0 21 21 4.382026634673881
0 0 23 23 4.382026634673881
0 0 33 33 4.382026634673881
0 0 63 63 4.382026634673881
0 0 70 70 4.382026634673881
0 0 74 74 4.382026634673881
0 0 24 24 4.382026634673881
0 0 56 56 4.382026634673881
0 0 73 73 4.382026634673881
0 -0.0

labels_S01_selected_tokens_184_1344_185_4146
0 0 49 49 -0.0
0 0 15 15 4.382026634673881
0 0 21 21 4.382026634673881
0 0 23 23 4.382026634673881
0 0 33 33 4.382026634673881
0 0 63 63 4.382026634673881
0 0 70 70 4.382026634673881
0 0 74 74 4.382026634673881
0 0 24 24 4.382026634673881
0 0 56 56 4.382026634673881
0 0 73 73 4.382026634673881
0 -0.0

labels_S01_selected_tokens_185_4146_186_7265
0 0 60 60 -0.0
0 0 15 15 4.382026634673881
0 0 21 21 4.382026634673881
0 0 23 23 4.382026634673881
0 0 33 33 4.382026634673881
0 0 63 63 4.382026634673881
0 0 70 70 4.382026634673881
0 0 74 74 4.382026634673881
0 0 24 24 4.382026634673881
0 0 56 56 4.382026634673881
0 0 73 73 4.382026634673881
0 -0.0

labels_S01_selected_tokens_186_7265_188_1187
0 0 60 60 -0.0
0 0 15 15 4.382026634673881
0 0 21 21 4.382026634673881
0 0 23 23 4.382026634673881
0 0 33 33 4.382026634673881
0 0 63 63 4.382026634673881
0 0 70 70 4.382026634673881
0 0 74 74 4.382026634673881
0 0 24 24 4.382026634673881
0 0 56 56 4.382026634673881
0 0 73 73 4.382026634673881
0 -0.0

labels_S01_selected_tokens_188_1187_189_3988
0 0 72 72 -0.0
0 0 15 15 4.382026634673881
0 0 21 21 4.382026634673881
0 0 23 23 4.382026634673881
0 0 33 33 4.382026634673881
0 0 63 63 4.382026634673881
0 0 70 70 4.382026634673881
0 0 74 74 4.382026634673881
0 0 24 24 4.382026634673881
0 0 56 56 4.382026634673881
0 0 73 73 4.382026634673881
0 -0.0

labels_S01_selected_tokens_189_3988_190_6871
0 0 72 72 -0.0
0 0 15 15 4.382026634673881
0 0 21 21 4.382026634673881
0 0 23 23 4.382026634673881
0 0 33 33 4.382026634673881
0 0 63 63 4.382026634673881
0 0 70 70 4.382026634673881
0 0 74 74 4.382026634673881
0 0 24 24 4.382026634673881
0 0 56 56 4.382026634673881
0 0 73 73 4.382026634673881
0 -0.0

labels_S01_selected_tokens_18_2924_19_7883
0 0 24 24 4.382026634673881
0 0 15 15 4.382026634673881
0 0 21 21 4.382026634673881
0 0 23 23 4.382026634673881
0 0 33 33 4.382026634673881
0 0 63 63 4.382026634673881
0 0 70 70 4.382026634673881
0 0 74 74 4.382026634673881
0 0 56 56 4.382026634673881
0 0 73 73 4.382026634673881
0 -0.0

labels_S01_selected_tokens_190_6871_192_0069
0 0 75 75 -0.0
0 0 15 15 4.382026634673881
0 0 21 21 4.382026634673881
0 0 23 23 4.382026634673881
0 0 33 33 4.382026634673881
0 0 63 63 4.382026634673881
0 0 70 70 4.382026634673881
0 0 74 74 4.382026634673881
0 0 24 24 4.382026634673881
0 0 56 56 4.382026634673881
0 0 73 73 4.382026634673881
0 -0.0

labels_S01_selected_tokens_192_0069_193_3587
0 0 75 75 -0.0
0 0 15 15 4.382026634673881
0 0 21 21 4.382026634673881
0 0 23 23 4.382026634673881
0 0 33 33 4.382026634673881
0 0 63 63 4.382026634673881
0 0 70 70 4.382026634673881
0 0 74 74 4.382026634673881
0 0 24 24 4.382026634673881
0 0 56 56 4.382026634673881
0 0 73 73 4.382026634673881
0 -0.0

labels_S01_selected_tokens_193_3587_194_7185
0 0 50 50 -0.0
0 0 15 15 4.382026634673881
0 0 21 21 4.382026634673881
0 0 23 23 4.382026634673881
0 0 33 33 4.382026634673881
0 0 63 63 4.382026634673881
0 0 70 70 4.382026634673881
0 0 74 74 4.382026634673881
0 0 24 24 4.382026634673881
0 0 56 56 4.382026634673881
0 0 73 73 4.382026634673881
0 -0.0

labels_S01_selected_tokens_194_7185_196_1905
0 0 50 50 -0.0
0 0 15 15 4.382026634673881
0 0 21 21 4.382026634673881
0 0 23 23 4.382026634673881
0 0 33 33 4.382026634673881
0 0 63 63 4.382026634673881
0 0 70 70 4.382026634673881
0 0 74 74 4.382026634673881
0 0 24 24 4.382026634673881
0 0 56 56 4.382026634673881
0 0 73 73 4.382026634673881
0 -0.0

labels_S01_selected_tokens_196_1905_197_6461
0 0 80 80 -0.0
0 0 15 15 4.382026634673881
0 0 21 21 4.382026634673881
0 0 23 23 4.382026634673881
0 0 33 33 4.382026634673881
0 0 63 63 4.382026634673881
0 0 70 70 4.382026634673881
0 0 74 74 4.382026634673881
0 0 24 24 4.382026634673881
0 0 56 56 4.382026634673881
0 0 73 73 4.382026634673881
0 -0.0

labels_S01_selected_tokens_197_6461_199_134
0 0 80 80 -0.0
0 0 15 15 4.382026634673881
0 0 21 21 4.382026634673881
0 0 23 23 4.382026634673881
0 0 33 33 4.382026634673881
0 0 63 63 4.382026634673881
0 0 70 70 4.382026634673881
0 0 74 74 4.382026634673881
0 0 24 24 4.382026634673881
0 0 56 56 4.382026634673881
0 0 73 73 4.382026634673881
0 -0.0

labels_S01_selected_tokens_199_134_200_566
0 0 82 82 -0.0
0 0 15 15 4.382026634673881
0 0 21 21 4.382026634673881
0 0 23 23 4.382026634673881
0 0 33 33 4.382026634673881
0 0 63 63 4.382026634673881
0 0 70 70 4.382026634673881
0 0 74 74 4.382026634673881
0 0 24 24 4.382026634673881
0 0 56 56 4.382026634673881
0 0 73 73 4.382026634673881
0 -0.0

labels_S01_selected_tokens_19_7883_21_2363
0 0 24 24 4.382026634673881
0 0 15 15 4.382026634673881
0 0 21 21 4.382026634673881
0 0 23 23 4.382026634673881
0 0 33 33 4.382026634673881
0 0 63 63 4.382026634673881
0 0 70 70 4.382026634673881
0 0 74 74 4.382026634673881
0 0 56 56 4.382026634673881
0 0 73 73 4.382026634673881
0 -0.0

labels_S01_selected_tokens_1_824_3_1441
0 0 21 21 4.382026634673881
0 0 15 15 4.382026634673881
0 0 23 23 4.382026634673881
0 0 33 33 4.382026634673881
0 0 63 63 4.382026634673881
0 0 70 70 4.382026634673881
0 0 74 74 4.382026634673881
0 0 24 24 4.382026634673881
0 0 56 56 4.382026634673881
0 0 73 73 4.382026634673881
0 -0.0

labels_S01_selected_tokens_200_566_201_9902947845805
0 0 82 82 -0.0
0 0 15 15 4.382026634673881
0 0 21 21 4.382026634673881
0 0 23 23 4.382026634673881
0 0 33 33 4.382026634673881
0 0 63 63 4.382026634673881
0 0 70 70 4.382026634673881
0 0 74 74 4.382026634673881
0 0 24 24 4.382026634673881
0 0 56 56 4.382026634673881
0 0 73 73 4.382026634673881
0 -0.0

labels_S01_selected_tokens_21_2363_22_6517
0 0 56 56 4.382026634673881
0 0 15 15 4.382026634673881
0 0 21 21 4.382026634673881
0 0 23 23 4.382026634673881
0 0 33 33 4.382026634673881
0 0 63 63 4.382026634673881
0 0 70 70 4.382026634673881
0 0 74 74 4.382026634673881
0 0 24 24 4.382026634673881
0 0 73 73 4.382026634673881
0 -0.0

labels_S01_selected_tokens_22_6517_24_0517
0 0 56 56 4.382026634673881
0 0 15 15 4.382026634673881
0 0 21 21 4.382026634673881
0 0 23 23 4.382026634673881
0 0 33 33 4.382026634673881
0 0 63 63 4.382026634673881
0 0 70 70 4.382026634673881
0 0 74 74 4.382026634673881
0 0 24 24 4.382026634673881
0 0 73 73 4.382026634673881
0 -0.0

labels_S01_selected_tokens_24_0517_25_3305
0 0 73 73 4.382026634673881
0 0 15 15 4.382026634673881
0 0 21 21 4.382026634673881
0 0 23 23 4.382026634673881
0 0 33 33 4.382026634673881
0 0 63 63 4.382026634673881
0 0 70 70 4.382026634673881
0 0 74 74 4.382026634673881
0 0 24 24 4.382026634673881
0 0 56 56 4.382026634673881
0 -0.0

labels_S01_selected_tokens_25_3305_26_4299
0 0 73 73 4.382026634673881
0 0 15 15 4.382026634673881
0 0 21 21 4.382026634673881
0 0 23 23 4.382026634673881
0 0 33 33 4.382026634673881
0 0 63 63 4.382026634673881
0 0 70 70 4.382026634673881
0 0 74 74 4.382026634673881
0 0 24 24 4.382026634673881
0 0 56 56 4.382026634673881
0 -0.0

labels_S01_selected_tokens_26_4299_27_8136
0 0 20 20 -0.0
0 0 15 15 4.382026634673881
0 0 21 21 4.382026634673881
0 0 23 23 4.382026634673881
0 0 33 33 4.382026634673881
0 0 63 63 4.382026634673881
0 0 70 70 4.382026634673881
0 0 74 74 4.382026634673881
0 0 24 24 4.382026634673881
0 0 56 56 4.382026634673881
0 0 73 73 4.382026634673881
0 -0.0

labels_S01_selected_tokens_27_8136_29_2784
0 0 20 20 -0.0
0 0 15 15 4.382026634673881
0 0 21 21 4.382026634673881
0 0 23 23 4.382026634673881
0 0 33 33 4.382026634673881
0 0 63 63 4.382026634673881
0 0 70 70 4.382026634673881
0 0 74 74 4.382026634673881
0 0 24 24 4.382026634673881
0 0 56 56 4.382026634673881
0 0 73 73 4.382026634673881
0 -0.0

labels_S01_selected_tokens_29_2784_30_6303
0 0 8 8 -0.0
0 0 15 15 4.382026634673881
0 0 21 21 4.382026634673881
0 0 23 23 4.382026634673881
0 0 33 33 4.382026634673881
0 0 63 63 4.382026634673881
0 0 70 70 4.382026634673881
0 0 74 74 4.382026634673881
0 0 24 24 4.382026634673881
0 0 56 56 4.382026634673881
0 0 73 73 4.382026634673881
0 -0.0

labels_S01_selected_tokens_30_6303_31_911
0 0 8 8 -0.0
0 0 15 15 4.382026634673881
0 0 21 21 4.382026634673881
0 0 23 23 4.382026634673881
0 0 33 33 4.382026634673881
0 0 63 63 4.382026634673881
0 0 70 70 4.382026634673881
0 0 74 74 4.382026634673881
0 0 24 24 4.382026634673881
0 0 56 56 4.382026634673881
0 0 73 73 4.382026634673881
0 -0.0

labels_S01_selected_tokens_31_911_33_2448
0 0 26 26 -0.0
0 0 15 15 4.382026634673881
0 0 21 21 4.382026634673881
0 0 23 23 4.382026634673881
0 0 33 33 4.382026634673881
0 0 63 63 4.382026634673881
0 0 70 70 4.382026634673881
0 0 74 74 4.382026634673881
0 0 24 24 4.382026634673881
0 0 56 56 4.382026634673881
0 0 73 73 4.382026634673881
0 -0.0

labels_S01_selected_tokens_33_2448_34_6048
0 0 26 26 -0.0
0 0 15 15 4.382026634673881
0 0 21 21 4.382026634673881
0 0 23 23 4.382026634673881
0 0 33 33 4.382026634673881
0 0 63 63 4.382026634673881
0 0 70 70 4.382026634673881
0 0 74 74 4.382026634673881
0 0 24 24 4.382026634673881
0 0 56 56 4.382026634673881
0 0 73 73 4.382026634673881
0 -0.0

labels_S01_selected_tokens_34_6048_36_1157
0 0 36 36 -0.0
0 0 15 15 4.382026634673881
0 0 21 21 4.382026634673881
0 0 23 23 4.382026634673881
0 0 33 33 4.382026634673881
0 0 63 63 4.382026634673881
0 0 70 70 4.382026634673881
0 0 74 74 4.382026634673881
0 0 24 24 4.382026634673881
0 0 56 56 4.382026634673881
0 0 73 73 4.382026634673881
0 -0.0

labels_S01_selected_tokens_36_1157_37_5803
0 0 36 36 -0.0
0 0 15 15 4.382026634673881
0 0 21 21 4.382026634673881
0 0 23 23 4.382026634673881
0 0 33 33 4.382026634673881
0 0 63 63 4.382026634673881
0 0 70 70 4.382026634673881
0 0 74 74 4.382026634673881
0 0 24 24 4.382026634673881
0 0 56 56 4.382026634673881
0 0 73 73 4.382026634673881
0 -0.0

labels_S01_selected_tokens_37_5803_38_87
0 0 44 44 -0.0
0 0 15 15 4.382026634673881
0 0 21 21 4.382026634673881
0 0 23 23 4.382026634673881
0 0 33 33 4.382026634673881
0 0 63 63 4.382026634673881
0 0 70 70 4.382026634673881
0 0 74 74 4.382026634673881
0 0 24 24 4.382026634673881
0 0 56 56 4.382026634673881
0 0 73 73 4.382026634673881
0 -0.0

labels_S01_selected_tokens_38_87_40_1188
0 0 44 44 -0.0
0 0 15 15 4.382026634673881
0 0 21 21 4.382026634673881
0 0 23 23 4.382026634673881
0 0 33 33 4.382026634673881
0 0 63 63 4.382026634673881
0 0 70 70 4.382026634673881
0 0 74 74 4.382026634673881
0 0 24 24 4.382026634673881
0 0 56 56 4.382026634673881
0 0 73 73 4.382026634673881
0 -0.0

labels_S01_selected_tokens_3_1441_4_6399
0 0 21 21 4.382026634673881
0 0 15 15 4.382026634673881
0 0 23 23 4.382026634673881
0 0 33 33 4.382026634673881
0 0 63 63 4.382026634673881
0 0 70 70 4.382026634673881
0 0 74 74 4.382026634673881
0 0 24 24 4.382026634673881
0 0 56 56 4.382026634673881
0 0 73 73 4.382026634673881
0 -0.0

labels_S01_selected_tokens_40_1188_41_692
0 0 78 78 -0.0
0 0 15 15 4.382026634673881
0 0 21 21 4.382026634673881
0 0 23 23 4.382026634673881
0 0 33 33 4.382026634673881
0 0 63 63 4.382026634673881
0 0 70 70 4.382026634673881
0 0 74 74 4.382026634673881
0 0 24 24 4.382026634673881
0 0 56 56 4.382026634673881
0 0 73 73 4.382026634673881
0 -0.0

labels_S01_selected_tokens_41_692_43_1386
0 0 78 78 -0.0
0 0 15 15 4.382026634673881
0 0 21 21 4.382026634673881
0 0 23 23 4.382026634673881
0 0 33 33 4.382026634673881
0 0 63 63 4.382026634673881
0 0 70 70 4.382026634673881
0 0 74 74 4.382026634673881
0 0 24 24 4.382026634673881
0 0 56 56 4.382026634673881
0 0 73 73 4.382026634673881
0 -0.0

labels_S01_selected_tokens_43_1386_44_4264
0 0 79 79 -0.0
0 0 15 15 4.382026634673881
0 0 21 21 4.382026634673881
0 0 23 23 4.382026634673881
0 0 33 33 4.382026634673881
0 0 63 63 4.382026634673881
0 0 70 70 4.382026634673881
0 0 74 74 4.382026634673881
0 0 24 24 4.382026634673881
0 0 56 56 4.382026634673881
0 0 73 73 4.382026634673881
0 -0.0

labels_S01_selected_tokens_44_4264_45_6672
0 0 79 79 -0.0
0 0 15 15 4.382026634673881
0 0 21 21 4.382026634673881
0 0 23 23 4.382026634673881
0 0 33 33 4.382026634673881
0 0 63 63 4.382026634673881
0 0 70 70 4.382026634673881
0 0 74 74 4.382026634673881
0 0 24 24 4.382026634673881
0 0 56 56 4.382026634673881
0 0 73 73 4.382026634673881
0 -0.0

labels_S01_selected_tokens_45_6672_47_1907
0 0 64 64 -0.0
0 0 15 15 4.382026634673881
0 0 21 21 4.382026634673881
0 0 23 23 4.382026634673881
0 0 33 33 4.382026634673881
0 0 63 63 4.382026634673881
0 0 70 70 4.382026634673881
0 0 74 74 4.382026634673881
0 0 24 24 4.382026634673881
0 0 56 56 4.382026634673881
0 0 73 73 4.382026634673881
0 -0.0

labels_S01_selected_tokens_47_1907_48_752
0 0 64 64 -0.0
0 0 15 15 4.382026634673881
0 0 21 21 4.382026634673881
0 0 23 23 4.382026634673881
0 0 33 33 4.382026634673881
0 0 63 63 4.382026634673881
0 0 70 70 4.382026634673881
0 0 74 74 4.382026634673881
0 0 24 24 4.382026634673881
0 0 56 56 4.382026634673881
0 0 73 73 4.382026634673881
0 -0.0

labels_S01_selected_tokens_48_752_50_1565
0 0 14 14 -0.0
0 0 15 15 4.382026634673881
0 0 21 21 4.382026634673881
0 0 23 23 4.382026634673881
0 0 33 33 4.382026634673881
0 0 63 63 4.382026634673881
0 0 70 70 4.382026634673881
0 0 74 74 4.382026634673881
0 0 24 24 4.382026634673881
0 0 56 56 4.382026634673881
0 0 73 73 4.382026634673881
0 -0.0

labels_S01_selected_tokens_4_6399_6_0957
0 0 23 23 4.382026634673881
0 0 15 15 4.382026634673881
0 0 21 21 4.382026634673881
0 0 33 33 4.382026634673881
0 0 63 63 4.382026634673881
0 0 70 70 4.382026634673881
0 0 74 74 4.382026634673881
0 0 24 24 4.382026634673881
0 0 56 56 4.382026634673881
0 0 73 73 4.382026634673881
0 -0.0

labels_S01_selected_tokens_50_1565_51_3735
0 0 14 14 -0.0
0 0 15 15 4.382026634673881
0 0 21 21 4.382026634673881
0 0 23 23 4.382026634673881
0 0 33 33 4.382026634673881
0 0 63 63 4.382026634673881
0 0 70 70 4.382026634673881
0 0 74 74 4.382026634673881
0 0 24 24 4.382026634673881
0 0 56 56 4.382026634673881
0 0 73 73 4.382026634673881
0 -0.0

labels_S01_selected_tokens_51_3735_52_7119
0 0 77 77 -0.0
0 0 15 15 4.382026634673881
0 0 21 21 4.382026634673881
0 0 23 23 4.382026634673881
0 0 33 33 4.382026634673881
0 0 63 63 4.382026634673881
0 0 70 70 4.382026634673881
0 0 74 74 4.382026634673881
0 0 24 24 4.382026634673881
0 0 56 56 4.382026634673881
0 0 73 73 4.382026634673881
0 -0.0

labels_S01_selected_tokens_52_7119_54_0746
0 0 77 77 -0.0
0 0 15 15 4.382026634673881
0 0 21 21 4.382026634673881
0 0 23 23 4.382026634673881
0 0 33 33 4.382026634673881
0 0 63 63 4.382026634673881
0 0 70 70 4.382026634673881
0 0 74 74 4.382026634673881
0 0 24 24 4.382026634673881
0 0 56 56 4.382026634673881
0 0 73 73 4.382026634673881
0 -0.0

labels_S01_selected_tokens_54_0746_55_3373
0 0 19 19 -0.0
0 0 15 15 4.382026634673881
0 0 21 21 4.382026634673881
0 0 23 23 4.382026634673881
0 0 33 33 4.382026634673881
0 0 63 63 4.382026634673881
0 0 70 70 4.382026634673881
0 0 74 74 4.382026634673881
0 0 24 24 4.382026634673881
0 0 56 56 4.382026634673881
0 0 73 73 4.382026634673881
0 -0.0

labels_S01_selected_tokens_55_3373_56_7418
0 0 19 19 -0.0
0 0 15 15 4.382026634673881
0 0 21 21 4.382026634673881
0 0 23 23 4.382026634673881
0 0 33 33 4.382026634673881
0 0 63 63 4.382026634673881
0 0 70 70 4.382026634673881
0 0 74 74 4.382026634673881
0 0 24 24 4.382026634673881
0 0 56 56 4.382026634673881
0 0 73 73 4.382026634673881
0 -0.0

labels_S01_selected_tokens_56_7418_58_3414
0 0 32 32 -0.0
0 0 15 15 4.382026634673881
0 0 21 21 4.382026634673881
0 0 23 23 4.382026634673881
0 0 33 33 4.382026634673881
0 0 63 63 4.382026634673881
0 0 70 70 4.382026634673881
0 0 74 74 4.382026634673881
0 0 24 24 4.382026634673881
0 0 56 56 4.382026634673881
0 0 73 73 4.382026634673881
0 -0.0

labels_S01_selected_tokens_58_3414_59_664
0 0 32 32 -0.0
0 0 15 15 4.382026634673881
0 0 21 21 4.382026634673881
0 0 23 23 4.382026634673881
0 0 33 33 4.382026634673881
0 0 63 63 4.382026634673881
0 0 70 70 4.382026634673881
0 0 74 74 4.382026634673881
0 0 24 24 4.382026634673881
0 0 56 56 4.382026634673881
0 0 73 73 4.382026634673881
0 -0.0

labels_S01_selected_tokens_59_664_60_8672
0 0 39 39 -0.0
0 0 15 15 4.382026634673881
0 0 21 21 4.382026634673881
0 0 23 23 4.382026634673881
0 0 33 33 4.382026634673881
0 0 63 63 4.382026634673881
0 0 70 70 4.382026634673881
0 0 74 74 4.382026634673881
0 0 24 24 4.382026634673881
0 0 56 56 4.382026634673881
0 0 73 73 4.382026634673881
0 -0.0

labels_S01_selected_tokens_60_8672_62_0941
0 0 39 39 -0.0
0 0 15 15 4.382026634673881
0 0 21 21 4.382026634673881
0 0 23 23 4.382026634673881
0 0 33 33 4.382026634673881
0 0 63 63 4.382026634673881
0 0 70 70 4.382026634673881
0 0 74 74 4.382026634673881
0 0 24 24 4.382026634673881
0 0 56 56 4.382026634673881
0 0 73 73 4.382026634673881
0 -0.0

labels_S01_selected_tokens_62_0941_63_2938
0 0 81 81 -0.0
0 0 15 15 4.382026634673881
0 0 21 21 4.382026634673881
0 0 23 23 4.382026634673881
0 0 33 33 4.382026634673881
0 0 63 63 4.382026634673881
0 0 70 70 4.382026634673881
0 0 74 74 4.382026634673881
0 0 24 24 4.382026634673881
0 0 56 56 4.382026634673881
0 0 73 73 4.382026634673881
0 -0.0

labels_S01_selected_tokens_63_2938_64_603
0 0 81 81 -0.0
0 0 15 15 4.382026634673881
0 0 21 21 4.382026634673881
0 0 23 23 4.382026634673881
0 0 33 33 4.382026634673881
0 0 63 63 4.382026634673881
0 0 70 70 4.382026634673881
0 0 74 74 4.382026634673881
0 0 24 24 4.382026634673881
0 0 56 56 4.382026634673881
0 0 73 73 4.382026634673881
0 -0.0

labels_S01_selected_tokens_64_603_65_7871
0 0 42 42 -0.0
0 0 15 15 4.382026634673881
0 0 21 21 4.382026634673881
0 0 23 23 4.382026634673881
0 0 33 33 4.382026634673881
0 0 63 63 4.382026634673881
0 0 70 70 4.382026634673881
0 0 74 74 4.382026634673881
0 0 24 24 4.382026634673881
0 0 56 56 4.382026634673881
0 0 73 73 4.382026634673881
0 -0.0

labels_S01_selected_tokens_65_7871_66_9307
0 0 42 42 -0.0
0 0 15 15 4.382026634673881
0 0 21 21 4.382026634673881
0 0 23 23 4.382026634673881
0 0 33 33 4.382026634673881
0 0 63 63 4.382026634673881
0 0 70 70 4.382026634673881
0 0 74 74 4.382026634673881
0 0 24 24 4.382026634673881
0 0 56 56 4.382026634673881
0 0 73 73 4.382026634673881
0 -0.0

labels_S01_selected_tokens_66_9307_68_1887
0 0 27 27 -0.0
0 0 15 15 4.382026634673881
0 0 21 21 4.382026634673881
0 0 23 23 4.382026634673881
0 0 33 33 4.382026634673881
0 0 63 63 4.382026634673881
0 0 70 70 4.382026634673881
0 0 74 74 4.382026634673881
0 0 24 24 4.382026634673881
0 0 56 56 4.382026634673881
0 0 73 73 4.382026634673881
0 -0.0

labels_S01_selected_tokens_68_1887_69_385
0 0 27 27 -0.0
0 0 15 15 4.382026634673881
0 0 21 21 4.382026634673881
0 0 23 23 4.382026634673881
0 0 33 33 4.382026634673881
0 0 63 63 4.382026634673881
0 0 70 70 4.382026634673881
0 0 74 74 4.382026634673881
0 0 24 24 4.382026634673881
0 0 56 56 4.382026634673881
0 0 73 73 4.382026634673881
0 -0.0

labels_S01_selected_tokens_69_385_70_6693
0 0 31 31 -0.0
0 0 15 15 4.382026634673881
0 0 21 21 4.382026634673881
0 0 23 23 4.382026634673881
0 0 33 33 4.382026634673881
0 0 63 63 4.382026634673881
0 0 70 70 4.382026634673881
0 0 74 74 4.382026634673881
0 0 24 24 4.382026634673881
0 0 56 56 4.382026634673881
0 0 73 73 4.382026634673881
0 -0.0

labels_S01_selected_tokens_6_0957_7_4798
0 0 23 23 4.382026634673881
0 0 15 15 4.382026634673881
0 0 21 21 4.382026634673881
0 0 33 33 4.382026634673881
0 0 63 63 4.382026634673881
0 0 70 70 4.382026634673881
0 0 74 74 4.382026634673881
0 0 24 24 4.382026634673881
0 0 56 56 4.382026634673881
0 0 73 73 4.382026634673881
0 -0.0

labels_S01_selected_tokens_70_6693_71_8455
0 0 31 31 -0.0
0 0 15 15 4.382026634673881
0 0 21 21 4.382026634673881
0 0 23 23 4.382026634673881
0 0 33 33 4.382026634673881
0 0 63 63 4.382026634673881
0 0 70 70 4.382026634673881
0 0 74 74 4.382026634673881
0 0 24 24 4.382026634673881
0 0 56 56 4.382026634673881
0 0 73 73 4.382026634673881
0 -0.0

labels_S01_selected_tokens_71_8455_72_7734
0 0 41 41 -0.0
0 0 15 15 4.382026634673881
0 0 21 21 4.382026634673881
0 0 23 23 4.382026634673881
0 0 33 33 4.382026634673881
0 0 63 63 4.382026634673881
0 0 70 70 4.382026634673881
0 0 74 74 4.382026634673881
0 0 24 24 4.382026634673881
0 0 56 56 4.382026634673881
0 0 73 73 4.382026634673881
0 -0.0

labels_S01_selected_tokens_72_7734_73_7691
0 0 41 41 -0.0
0 0 15 15 4.382026634673881
0 0 21 21 4.382026634673881
0 0 23 23 4.382026634673881
0 0 33 33 4.382026634673881
0 0 63 63 4.382026634673881
0 0 70 70 4.382026634673881
0 0 74 74 4.382026634673881
0 0 24 24 4.382026634673881
0 0 56 56 4.382026634673881
0 0 73 73 4.382026634673881
0 -0.0

labels_S01_selected_tokens_73_7691_74_911
0 0 18 18 -0.0
0 0 15 15 4.382026634673881
0 0 21 21 4.382026634673881
0 0 23 23 4.382026634673881
0 0 33 33 4.382026634673881
0 0 63 63 4.382026634673881
0 0 70 70 4.382026634673881
0 0 74 74 4.382026634673881
0 0 24 24 4.382026634673881
0 0 56 56 4.382026634673881
0 0 73 73 4.382026634673881
0 -0.0

labels_S01_selected_tokens_74_911_75_9863
0 0 18 18 -0.0
0 0 15 15 4.382026634673881
0 0 21 21 4.382026634673881
0 0 23 23 4.382026634673881
0 0 33 33 4.382026634673881
0 0 63 63 4.382026634673881
0 0 70 70 4.382026634673881
0 0 74 74 4.382026634673881
0 0 24 24 4.382026634673881
0 0 56 56 4.382026634673881
0 0 73 73 4.382026634673881
0 -0.0

labels_S01_selected_tokens_75_9863_77_04
0 0 76 76 -0.0
0 0 15 15 4.382026634673881
0 0 21 21 4.382026634673881
0 0 23 23 4.382026634673881
0 0 33 33 4.382026634673881
0 0 63 63 4.382026634673881
0 0 70 70 4.382026634673881
0 0 74 74 4.382026634673881
0 0 24 24 4.382026634673881
0 0 56 56 4.382026634673881
0 0 73 73 4.382026634673881
0 -0.0

labels_S01_selected_tokens_77_04_78_0292
0 0 76 76 -0.0
0 0 15 15 4.382026634673881
0 0 21 21 4.382026634673881
0 0 23 23 4.382026634673881
0 0 33 33 4.382026634673881
0 0 63 63 4.382026634673881
0 0 70 70 4.382026634673881
0 0 74 74 4.382026634673881
0 0 24 24 4.382026634673881
0 0 56 56 4.382026634673881
0 0 73 73 4.382026634673881
0 -0.0

labels_S01_selected_tokens_78_0292_79_1572
0 0 12 12 -0.0
0 0 15 15 4.382026634673881
0 0 21 21 4.382026634673881
0 0 23 23 4.382026634673881
0 0 33 33 4.382026634673881
0 0 63 63 4.382026634673881
0 0 70 70 4.382026634673881
0 0 74 74 4.382026634673881
0 0 24 24 4.382026634673881
0 0 56 56 4.382026634673881
0 0 73 73 4.382026634673881
0 -0.0

labels_S01_selected_tokens_79_1572_80_2297
0 0 12 12 -0.0
0 0 15 15 4.382026634673881
0 0 21 21 4.382026634673881
0 0 23 23 4.382026634673881
0 0 33 33 4.382026634673881
0 0 63 63 4.382026634673881
0 0 70 70 4.382026634673881
0 0 74 74 4.382026634673881
0 0 24 24 4.382026634673881
0 0 56 56 4.382026634673881
0 0 73 73 4.382026634673881
0 -0.0

labels_S01_selected_tokens_7_4798_8_6572
0 0 33 33 4.382026634673881
0 0 15 15 4.382026634673881
0 0 21 21 4.382026634673881
0 0 23 23 4.382026634673881
0 0 63 63 4.382026634673881
0 0 70 70 4.382026634673881
0 0 74 74 4.382026634673881
0 0 24 24 4.382026634673881
0 0 56 56 4.382026634673881
0 0 73 73 4.382026634673881
0 -0.0

labels_S01_selected_tokens_80_2297_81_2368
0 0 25 25 -0.0
0 0 15 15 4.382026634673881
0 0 21 21 4.382026634673881
0 0 23 23 4.382026634673881
0 0 33 33 4.382026634673881
0 0 63 63 4.382026634673881
0 0 70 70 4.382026634673881
0 0 74 74 4.382026634673881
0 0 24 24 4.382026634673881
0 0 56 56 4.382026634673881
0 0 73 73 4.382026634673881
0 -0.0

labels_S01_selected_tokens_81_2368_82_3008
0 0 25 25 -0.0
0 0 15 15 4.382026634673881
0 0 21 21 4.382026634673881
0 0 23 23 4.382026634673881
0 0 33 33 4.382026634673881
0 0 63 63 4.382026634673881
0 0 70 70 4.382026634673881
0 0 74 74 4.382026634673881
0 0 24 24 4.382026634673881
0 0 56 56 4.382026634673881
0 0 73 73 4.382026634673881
0 -0.0

labels_S01_selected_tokens_82_3008_83_5488
0 0 28 28 -0.0
0 0 15 15 4.382026634673881
0 0 21 21 4.382026634673881
0 0 23 23 4.382026634673881
0 0 33 33 4.382026634673881
0 0 63 63 4.382026634673881
0 0 70 70 4.382026634673881
0 0 74 74 4.382026634673881
0 0 24 24 4.382026634673881
0 0 56 56 4.382026634673881
0 0 73 73 4.382026634673881
0 -0.0

labels_S01_selected_tokens_83_5488_84_9807
0 0 28 28 -0.0
0 0 15 15 4.382026634673881
0 0 21 21 4.382026634673881
0 0 23 23 4.382026634673881
0 0 33 33 4.382026634673881
0 0 63 63 4.382026634673881
0 0 70 70 4.382026634673881
0 0 74 74 4.382026634673881
0 0 24 24 4.382026634673881
0 0 56 56 4.382026634673881
0 0 73 73 4.382026634673881
0 -0.0

labels_S01_selected_tokens_84_9807_86_2528
0 0 37 37 -0.0
0 0 15 15 4.382026634673881
0 0 21 21 4.382026634673881
0 0 23 23 4.382026634673881
0 0 33 33 4.382026634673881
0 0 63 63 4.382026634673881
0 0 70 70 4.382026634673881
0 0 74 74 4.382026634673881
0 0 24 24 4.382026634673881
0 0 56 56 4.382026634673881
0 0 73 73 4.382026634673881
0 -0.0

labels_S01_selected_tokens_86_2528_87_4372
0 0 37 37 -0.0
0 0 15 15 4.382026634673881
0 0 21 21 4.382026634673881
0 0 23 23 4.382026634673881
0 0 33 33 4.382026634673881
0 0 63 63 4.382026634673881
0 0 70 70 4.382026634673881
0 0 74 74 4.382026634673881
0 0 24 24 4.382026634673881
0 0 56 56 4.382026634673881
0 0 73 73 4.382026634673881
0 -0.0

labels_S01_selected_tokens_87_4372_88_7011
0 0 46 46 -0.0
0 0 15 15 4.382026634673881
0 0 21 21 4.382026634673881
0 0 23 23 4.382026634673881
0 0 33 33 4.382026634673881
0 0 63 63 4.382026634673881
0 0 70 70 4.382026634673881
0 0 74 74 4.382026634673881
0 0 24 24 4.382026634673881
0 0 56 56 4.382026634673881
0 0 73 73 4.382026634673881
0 -0.0

labels_S01_selected_tokens_88_7011_89_8931
0 0 46 46 -0.0
0 0 15 15 4.382026634673881
0 0 21 21 4.382026634673881
0 0 23 23 4.382026634673881
0 0 33 33 4.382026634673881
0 0 63 63 4.382026634673881
0 0 70 70 4.382026634673881
0 0 74 74 4.382026634673881
0 0 24 24 4.382026634673881
0 0 56 56 4.382026634673881
0 0 73 73 4.382026634673881
0 -0.0

labels_S01_selected_tokens_89_8931_90_8605
0 0 51 51 -0.0
0 0 15 15 4.382026634673881
0 0 21 21 4.382026634673881
0 0 23 23 4.382026634673881
0 0 33 33 4.382026634673881
0 0 63 63 4.382026634673881
0 0 70 70 4.382026634673881
0 0 74 74 4.382026634673881
0 0 24 24 4.382026634673881
0 0 56 56 4.382026634673881
0 0 73 73 4.382026634673881
0 -0.0

labels_S01_selected_tokens_8_6572_9_7703
0 0 33 33 4.382026634673881
0 0 15 15 4.382026634673881
0 0 21 21 4.382026634673881
0 0 23 23 4.382026634673881
0 0 63 63 4.382026634673881
0 0 70 70 4.382026634673881
0 0 74 74 4.382026634673881
0 0 24 24 4.382026634673881
0 0 56 56 4.382026634673881
0 0 73 73 4.382026634673881
0 -0.0

labels_S01_selected_tokens_90_8605_91_9474
0 0 51 51 -0.0
0 0 15 15 4.382026634673881
0 0 21 21 4.382026634673881
0 0 23 23 4.382026634673881
0 0 33 33 4.382026634673881
0 0 63 63 4.382026634673881
0 0 70 70 4.382026634673881
0 0 74 74 4.382026634673881
0 0 24 24 4.382026634673881
0 0 56 56 4.382026634673881
0 0 73 73 4.382026634673881
0 -0.0

labels_S01_selected_tokens_91_9474_93_2195
0 0 61 61 -0.0
0 0 15 15 4.382026634673881
0 0 21 21 4.382026634673881
0 0 23 23 4.382026634673881
0 0 33 33 4.382026634673881
0 0 63 63 4.382026634673881
0 0 70 70 4.382026634673881
0 0 74 74 4.382026634673881
0 0 24 24 4.382026634673881
0 0 56 56 4.382026634673881
0 0 73 73 4.382026634673881
0 -0.0

labels_S01_selected_tokens_93_2195_94_4343
0 0 61 61 -0.0
0 0 15 15 4.382026634673881
0 0 21 21 4.382026634673881
0 0 23 23 4.382026634673881
0 0 33 33 4.382026634673881
0 0 63 63 4.382026634673881
0 0 70 70 4.382026634673881
0 0 74 74 4.382026634673881
0 0 24 24 4.382026634673881
0 0 56 56 4.382026634673881
0 0 73 73 4.382026634673881
0 -0.0

labels_S01_selected_tokens_94_4343_95_7301
0 0 59 59 -0.0
0 0 15 15 4.382026634673881
0 0 21 21 4.382026634673881
0 0 23 23 4.382026634673881
0 0 33 33 4.382026634673881
0 0 63 63 4.382026634673881
0 0 70 70 4.382026634673881
0 0 74 74 4.382026634673881
0 0 24 24 4.382026634673881
0 0 56 56 4.382026634673881
0 0 73 73 4.382026634673881
0 -0.0

labels_S01_selected_tokens_95_7301_97_0421
0 0 59 59 -0.0
0 0 15 15 4.382026634673881
0 0 21 21 4.382026634673881
0 0 23 23 4.382026634673881
0 0 33 33 4.382026634673881
0 0 63 63 4.382026634673881
0 0 70 70 4.382026634673881
0 0 74 74 4.382026634673881
0 0 24 24 4.382026634673881
0 0 56 56 4.382026634673881
0 0 73 73 4.382026634673881
0 -0.0

labels_S01_selected_tokens_97_0421_98_4341
0 0 45 45 -0.0
0 0 15 15 4.382026634673881
0 0 21 21 4.382026634673881
0 0 23 23 4.382026634673881
0 0 33 33 4.382026634673881
0 0 63 63 4.382026634673881
0 0 70 70 4.382026634673881
0 0 74 74 4.382026634673881
0 0 24 24 4.382026634673881
0 0 56 56 4.382026634673881
0 0 73 73 4.382026634673881
0 -0.0

labels_S01_selected_tokens_98_4341_99_6255
0 0 45 45 -0.0
0 0 15 15 4.382026634673881
0 0 21 21 4.382026634673881
0 0 23 23 4.382026634673881
0 0 33 33 4.382026634673881
0 0 63 63 4.382026634673881
0 0 70 70 4.382026634673881
0 0 74 74 4.382026634673881
0 0 24 24 4.382026634673881
0 0 56 56 4.382026634673881
0 0 73 73 4.382026634673881
0 -0.0

labels_S01_selected_tokens_99_6255_101_1294
0 0 58 58 -0.0
0 0 15 15 4.382026634673881
0 0 21 21 4.382026634673881
0 0 23 23 4.382026634673881
0 0 33 33 4.382026634673881
0 0 63 63 4.382026634673881
0 0 70 70 4.382026634673881
0 0 74 74 4.382026634673881
0 0 24 24 4.382026634673881
0 0 56 56 4.382026634673881
0 0 73 73 4.382026634673881
0 -0.0

labels_S01_selected_tokens_9_7703_11_2472
0 0 63 63 4.382026634673881
0 0 15 15 4.382026634673881
0 0 21 21 4.382026634673881
0 0 23 23 4.382026634673881
0 0 33 33 4.382026634673881
0 0 70 70 4.382026634673881
0 0 74 74 4.382026634673881
0 0 24 24 4.382026634673881
0 0 56 56 4.382026634673881
0 0 73 73 4.382026634673881
0 -0.0

