S03_selected_tokens_0038 analysis information:
Number of steps:
20
Cutoff frequencies were: 
5000 5158 5316 5474 5632 5789 5947 6105 6263 6421 6579 6737 6895 7053 7211 7368 7526 7684 7842 8000
Number of coefficients for prediction: 
5
Number of formants: 
3
Winner is:
6105 6105 6105
Errors (total,f1,f2,f3): 
10286.5 10157 349 459.8 38.3 33.9 33.9 33.2 34.5 34.7 36.3 43 62.7 56 51.7 42 51.2 59.1 65.9 74.7
33.6 2.6 48.8 3.7 3 2.6 2.7 3 4.1 4 3.9 3.5 2.8 2.5 2.2 2.1 2.2 2.4 2.5 2.9
155.1 99.8 169.8 271.5 13.2 11.4 11.3 11.1 11.4 12.6 13.7 16.4 20.2 21.2 16.6 14.9 15.5 15.6 16.4 22.9
10097.8 10054.6 130.4 184.6 22.1 19.9 19.9 19.1 19 18.1 18.7 23.1 39.7 32.3 32.9 25 33.5 41.1 47 48.9
Coefficients are (row-wise by formant):
499.9 -73.6 -28.3 -3.8 3 -1.7
1880.4 298.8 -118.4 23 -22.1 31.8
2912.2 -86.1 110.4 -24.1 12.1 27.4
