S03_selected_tokens_0064 analysis information:
Number of steps:
20
Cutoff frequencies were: 
5000 5158 5316 5474 5632 5789 5947 6105 6263 6421 6579 6737 6895 7053 7211 7368 7526 7684 7842 8000
Number of coefficients for prediction: 
5
Number of formants: 
3
Winner is:
6421 6421 6421
Errors (total,f1,f2,f3): 
508.2 395.4 143.2 20.7 13.3 13.6 21.3 27.6 21.3 13.2 18.4 18.9 15.4 21 326.2 403.5 149.4 219.2 377.1 356.9
15.2 15.8 1.9 2.1 1 0.8 0.9 0.6 0.3 0.3 0.5 0.5 0.3 0.4 0.6 6.1 0.6 0.3 0.4 0.4
251.4 204.7 65.7 15.4 9.9 10.7 17.8 24.2 18.9 10.2 13.5 14.1 12.6 18.3 173.8 218 146.1 207.4 144 144.1
241.6 174.9 75.6 3.2 2.4 2.1 2.6 2.8 2.1 2.7 4.4 4.3 2.5 2.3 151.8 179.4 2.7 11.5 232.7 212.4
Coefficients are (row-wise by formant):
262.8 3.6 -2.3 -4.6 -0.4 0.5
1187.2 -196.9 -83.8 -83.4 -43.5 -18.7
2613.9 -10.3 -20.2 10.4 -0.9 6
