S03_selected_tokens_0106 analysis information:
Number of steps:
20
Cutoff frequencies were: 
5000 5158 5316 5474 5632 5789 5947 6105 6263 6421 6579 6737 6895 7053 7211 7368 7526 7684 7842 8000
Number of coefficients for prediction: 
5
Number of formants: 
3
Winner is:
6105 6105 6105
Errors (total,f1,f2,f3): 
10179.7 10385.8 559.6 361.4 64.4 56.3 46.4 38 39.9 50.9 65.1 80.1 95.8 120.6 160 198.1 227.3 170.8 168 201.6
42.1 96.5 133.3 78.2 4.8 5.5 5.6 5 5 5.3 6.3 6.5 6.9 6.2 6.9 9.4 8 10 9.7 11.3
42.5 76.1 112.7 71.4 14.4 12.5 11.9 12.3 13.1 14.6 16.2 18.8 21.3 25.5 25.6 29.3 31.5 27.5 24.8 30.1
10095.1 10213.2 313.6 211.8 45.2 38.3 28.9 20.7 21.8 31 42.6 54.8 67.6 88.9 127.5 159.4 187.8 133.3 133.5 160.2
Coefficients are (row-wise by formant):
959.6 -1 -8.3 13.7 -3.1 5.7
1491.7 -65.2 64.4 -28.7 34 -1.5
2905.6 -24.5 -69.3 38.9 -23.9 -11.2
