S03_selected_tokens_0067 analysis information:
Number of steps:
20
Cutoff frequencies were: 
5000 5158 5316 5474 5632 5789 5947 6105 6263 6421 6579 6737 6895 7053 7211 7368 7526 7684 7842 8000
Number of coefficients for prediction: 
5
Number of formants: 
3
Winner is:
5000 5000 5000
Errors (total,f1,f2,f3): 
32.1 33.7 35.6 40.9 61.3 78.2 70.8 73.4 65.1 117.1 109.9 115.7 116.5 108.5 94 85.8 99.2 132.1 192.6 185.4
7.7 8.8 9.5 7.4 7.7 7.9 8 7.7 7.6 7.4 7.6 7.4 7.6 7.3 7.2 7 7.1 6.8 7.2 7
8 7.9 9 16 27.9 35.7 37.5 32.4 21.8 21.9 19.9 18.8 15.5 14.9 13.3 11.6 9.6 10.8 12.5 14.8
16.4 17 17.1 17.5 25.7 34.6 25.3 33.3 35.7 87.8 82.4 89.5 93.4 86.3 73.5 67.2 82.5 114.5 172.9 163.6
Coefficients are (row-wise by formant):
383.3 23.8 -29.8 26.3 -19.8 15.8
1607.1 -41.8 -0.3 6.7 -17.1 16.2
2195.1 -16.4 -66.4 -17.9 -4.4 -24.7
