S03_selected_tokens_0051 analysis information:
Number of steps:
20
Cutoff frequencies were: 
5000 5158 5316 5474 5632 5789 5947 6105 6263 6421 6579 6737 6895 7053 7211 7368 7526 7684 7842 8000
Number of coefficients for prediction: 
5
Number of formants: 
3
Winner is:
6737 6737 6737
Errors (total,f1,f2,f3): 
405.4 103.6 38.7 36.9 38.3 41.4 47.6 50.1 49.7 45.8 38.2 36.7 37.5 37.2 37.9 39.8 43.6 61.6 316.7 691.9
48.8 17.3 9.7 8.5 9.4 10.8 12.3 10.9 9.6 7.8 5 4.9 5.1 4.4 5.4 5.5 5.6 7.5 22.8 52.3
181.2 36.7 15 14.6 14.6 15.1 16.3 17.4 18.9 21.6 21.5 19.8 19.4 19.6 19.2 19.6 20.6 32.3 61.4 114.4
175.4 49.6 14 13.8 14.3 15.5 19 21.8 21.2 16.4 11.7 12 13 13.2 13.3 14.7 17.4 21.8 232.5 525.2
Coefficients are (row-wise by formant):
484.6 105.3 -12.9 -12.5 -1 6.8
1323.7 174.1 -86.6 29.9 -4.8 14.4
2152.3 -179.2 -57.5 -56.1 -3.7 -7.5
