S03_selected_tokens_0013 analysis information:
Number of steps:
20
Cutoff frequencies were: 
5000 5158 5316 5474 5632 5789 5947 6105 6263 6421 6579 6737 6895 7053 7211 7368 7526 7684 7842 8000
Number of coefficients for prediction: 
5
Number of formants: 
3
Winner is:
5947 5947 5947
Errors (total,f1,f2,f3): 
311.4 594.8 528.7 49.3 50.6 48.1 44.9 45 49.7 63 67.3 68.5 68.4 119.6 116.2 94.2 83.9 89.1 132.5 136.3
67.2 88.4 71.5 15.5 13.4 12.6 12.1 12.4 15.5 22.4 21.7 19.7 16.8 15.8 12.7 11.6 11.2 13.4 13.5 15.6
133.8 309.9 265.5 5.9 6.4 6.5 6.3 6.4 5.3 5.8 6.9 8.4 8.5 10.3 20.7 16.9 15.8 14.7 12.4 13.1
110.4 196.5 191.7 27.9 30.8 29 26.5 26.2 28.9 34.8 38.7 40.4 43.1 93.5 82.8 65.7 56.9 61 106.6 107.6
Coefficients are (row-wise by formant):
704.8 -101.9 -146.5 -10.7 -9.9 19.5
1939.2 -60.9 10.4 -7.2 -7.6 0.8
2839.4 -139.9 40.8 8.7 -2.4 -17.4
