S03_selected_tokens_0019 analysis information:
Number of steps:
20
Cutoff frequencies were: 
5000 5158 5316 5474 5632 5789 5947 6105 6263 6421 6579 6737 6895 7053 7211 7368 7526 7684 7842 8000
Number of coefficients for prediction: 
5
Number of formants: 
3
Winner is:
5947 5947 5947
Errors (total,f1,f2,f3): 
10241.1 10271.7 10522.8 548.9 60.8 50.2 44.8 47.5 56.5 85.3 116.6 170.9 189.7 129.1 105.6 81.9 118 243.9 364.4 391
57.5 53.1 88.6 50.6 9.5 8.9 7.4 10 12.4 16.3 22.2 17.8 12.3 6.5 5.8 6.5 8.2 8.8 11.4 13.4
125.7 134.6 248.7 270.1 6.7 5.9 5.1 4.3 4.9 7.9 12.6 16.8 33 40.5 36.3 19.9 22.2 78.1 21.7 27.3
10057.9 10084 10185.5 228.2 44.6 35.4 32.3 33.2 39.2 61.1 81.8 136.3 144.4 82.1 63.5 55.5 87.6 157 331.3 350.3
Coefficients are (row-wise by formant):
736.1 -32.5 -121.7 -3.6 -32.8 12.3
1856.8 -41.7 -19.5 -0.3 -16.4 -16.4
2671.2 -87.8 99.1 -89.1 2.7 -63.7
