S03_selected_tokens_0108 analysis information:
Number of steps:
20
Cutoff frequencies were: 
5000 5158 5316 5474 5632 5789 5947 6105 6263 6421 6579 6737 6895 7053 7211 7368 7526 7684 7842 8000
Number of coefficients for prediction: 
5
Number of formants: 
3
Winner is:
6105 6105 6105
Errors (total,f1,f2,f3): 
10056.7 10160.7 10334.4 284.7 198.3 63.3 55.2 54 55.4 60.8 70.8 83.7 94.8 96 94.9 113.3 83.4 75.8 75.3 80.7
27.8 51.2 85.5 60.3 37.8 17.8 17.2 17.6 16.7 17.1 18.9 20.4 21.2 24.6 27.6 29.5 28.5 26.4 26.7 27.6
11.1 39.8 77.4 66.6 67.6 16.5 16.2 16.6 18 20.5 24 28.3 31.5 32 29.2 25.9 21.2 19.5 19.5 20.5
10017.8 10069.7 10171.5 157.8 92.9 29 21.8 19.8 20.7 23.2 27.9 35 42.1 39.4 38.1 57.9 33.7 29.9 29.1 32.6
Coefficients are (row-wise by formant):
953.9 -13.3 -63.4 9.1 -41.2 -1.1
1489.1 32.4 131.9 -3.2 49.8 -7.2
2792.4 -34.3 5.9 47.7 25.6 20.9
