S03_selected_tokens_0100 analysis information:
Number of steps:
20
Cutoff frequencies were: 
5000 5158 5316 5474 5632 5789 5947 6105 6263 6421 6579 6737 6895 7053 7211 7368 7526 7684 7842 8000
Number of coefficients for prediction: 
5
Number of formants: 
3
Winner is:
6421 6421 6421
Errors (total,f1,f2,f3): 
295.9 340.5 284.5 364.7 711.2 36.8 32.6 28 26.3 25.9 26.4 35.9 60 87.3 81.5 95.2 77.7 73.9 69.1 68.4
28.2 25.7 36.8 61.8 75.6 6.6 5.4 4.8 4.7 4.8 5.2 9.2 8.8 9.7 7.9 7.9 7.1 7.9 8 8.5
209.5 224.6 194.2 244.5 417.5 11.2 10.3 9.3 9 9.1 9.4 16.1 25 27.6 33.1 39.2 38.3 34.2 29.2 25
58.2 90.2 53.5 58.4 218.1 19 16.9 13.9 12.6 12 11.8 10.6 26.2 50 40.5 48.1 32.3 31.8 31.9 34.9
Coefficients are (row-wise by formant):
714.1 -282.9 -39.9 31.6 3 -4.5
2348.4 459.1 11.5 -32.7 -6.6 -20.9
3114.4 159.3 43.8 20.9 -4.7 -7.6
