S03_selected_tokens_0021 analysis information:
Number of steps:
20
Cutoff frequencies were: 
5000 5158 5316 5474 5632 5789 5947 6105 6263 6421 6579 6737 6895 7053 7211 7368 7526 7684 7842 8000
Number of coefficients for prediction: 
5
Number of formants: 
3
Winner is:
5789 5789 5789
Errors (total,f1,f2,f3): 
246.5 169.8 189.3 257.5 36.7 35.3 39.3 41.8 46.3 51.8 61.1 65.5 67.1 53.7 57.2 65.9 130.4 162 171.4 156.6
14.7 6.2 4.7 12.4 7.2 6.4 7.6 7.8 7.8 7.9 7.9 6.9 5.7 5.5 6.1 5.4 6.3 6.6 5.5 7.3
187.7 135.5 133.4 131.5 17.9 17.9 19.8 21.6 23.4 26.9 30.2 29.8 33.9 21.9 23.7 29.5 27.1 27.8 23.3 25.3
44.1 28.1 51.2 113.6 11.6 11 11.9 12.4 15.1 17 23 28.8 27.5 26.3 27.4 31 97 127.6 142.6 124
Coefficients are (row-wise by formant):
436.7 -118.9 49.2 -8.4 -12 1.6
2055.9 417.2 -196 -13.3 -41 -5.7
2646.1 60.7 -1.5 -43.8 -28.3 -5.1
