S03_selected_tokens_0032 analysis information:
Number of steps:
20
Cutoff frequencies were: 
5000 5158 5316 5474 5632 5789 5947 6105 6263 6421 6579 6737 6895 7053 7211 7368 7526 7684 7842 8000
Number of coefficients for prediction: 
5
Number of formants: 
3
Winner is:
7211 7211 7211
Errors (total,f1,f2,f3): 
15.3 265.4 10403.6 302.5 10.2 10.1 9.7 10.9 13.2 13.1 9.8 15.3 14.5 10.5 8.1 11.6 22.9 47.4 86.2 120
1 1.5 28.6 2.6 1.9 2.3 2.6 2.7 2.2 1 0.8 0.6 0.7 0.7 0.9 1.2 1.5 1.8 2.4 3.3
8.3 107.7 162.2 122.4 5.2 4.5 4.6 5 5.5 5.5 4.1 5.1 4.9 4.5 4 3.8 4.7 6 9.3 13
6 156.2 10212.8 177.5 3.1 3.3 2.5 3.2 5.5 6.6 4.9 9.6 8.9 5.3 3.2 6.6 16.7 39.6 74.5 103.7
Coefficients are (row-wise by formant):
466.2 -31 -5.5 -1 0.5 -1.6
1467.8 -11.7 -66.8 -8.1 -21.8 -10.5
2734.7 -21.3 -3 -20.5 13.4 5
