S03_selected_tokens_0028 analysis information:
Number of steps:
20
Cutoff frequencies were: 
5000 5158 5316 5474 5632 5789 5947 6105 6263 6421 6579 6737 6895 7053 7211 7368 7526 7684 7842 8000
Number of coefficients for prediction: 
5
Number of formants: 
3
Winner is:
6105 6105 6105
Errors (total,f1,f2,f3): 
492 278.7 77.8 62.1 44.8 38.3 35.2 35 42.1 47.9 58 118.8 299.1 86.4 179.7 590.2 307.2 209.8 110.2 102.3
135.7 55.1 4.4 3 2.6 2.7 2.5 3.4 7 4.6 4.3 7.6 13.3 5.8 23.1 37.7 24.8 23.9 18.9 15.6
125.9 120.1 18.8 17.9 14.8 13 11.5 10.7 10.8 11.1 12.2 24.5 93.4 36.9 87.4 148.7 38.2 16.6 14.5 13.6
230.4 103.5 54.6 41.2 27.4 22.6 21.2 20.9 24.3 32.2 41.5 86.7 192.4 43.7 69.2 403.8 244.2 169.3 76.8 73.1
Coefficients are (row-wise by formant):
773.7 -124.2 -50.8 -22.4 -12.6 -10.9
1706.6 198.7 -39 8.5 -22 -15
2689 -58.1 66.4 -28.4 -4.6 -55.2
