S03_selected_tokens_0016 analysis information:
Number of steps:
20
Cutoff frequencies were: 
5000 5158 5316 5474 5632 5789 5947 6105 6263 6421 6579 6737 6895 7053 7211 7368 7526 7684 7842 8000
Number of coefficients for prediction: 
5
Number of formants: 
3
Winner is:
5632 5632 5632
Errors (total,f1,f2,f3): 
154.9 448.7 15.5 14.1 13.9 14.9 14.8 16.4 20 19.3 18.2 17.9 17.3 17.8 16.5 26 58.3 39.1 34 33.9
2.1 11.9 2.3 3.4 4 5.1 4.7 5.5 7.7 5 2.5 1.6 1.9 1.4 1.1 1.3 1.3 1.5 2.6 5
112.8 288.1 6.1 5.6 5.8 6.2 6.2 6.6 6.9 6.9 6.6 6.4 8.1 8.7 8.8 11.4 12.6 12.1 13.2 14
40 148.7 7.1 5.1 4.1 3.6 3.9 4.3 5.4 7.4 9.1 9.9 7.3 7.7 6.6 13.3 44.4 25.5 18.2 14.9
Coefficients are (row-wise by formant):
525.9 -127.8 -29.4 20.3 -4.9 5.1
2197 80.3 -13.3 11.7 -5.2 10.1
2858.8 -57.4 4.3 -24.9 -14 4.4
