S03_selected_tokens_0005 analysis information:
Number of steps:
20
Cutoff frequencies were: 
5000 5158 5316 5474 5632 5789 5947 6105 6263 6421 6579 6737 6895 7053 7211 7368 7526 7684 7842 8000
Number of coefficients for prediction: 
5
Number of formants: 
3
Winner is:
6263 6263 6263
Errors (total,f1,f2,f3): 
254.6 486 52.2 53.5 49.9 48.2 46.3 45.1 45 46.2 52.2 103.8 242.2 292.7 85.9 196.9 285.3 357.7 278 470
62.2 89.7 8.1 8.7 8.3 7.4 6.1 5 4.4 3.8 4.7 6.6 43.6 41.9 25.6 19.8 15.9 31.3 12.9 28.6
110.4 230.8 14.5 15.3 15.2 15.2 14.3 14.4 14.8 13.2 11.3 11.3 72.3 85.7 34.9 57 65.2 86.8 58.7 75.3
82 165.5 29.6 29.5 26.4 25.6 25.9 25.7 25.8 29.2 36.2 85.9 126.3 165.1 25.4 120.1 204.2 239.6 206.4 366.1
Coefficients are (row-wise by formant):
812.4 -136.7 -106.8 -46.1 -23.8 -4.7
1819.9 144.8 22 19.6 -3 5.4
2548.4 71.9 47.9 9.3 -24.2 -2
