S03_selected_tokens_0037 analysis information:
Number of steps:
20
Cutoff frequencies were: 
5000 5158 5316 5474 5632 5789 5947 6105 6263 6421 6579 6737 6895 7053 7211 7368 7526 7684 7842 8000
Number of coefficients for prediction: 
5
Number of formants: 
3
Winner is:
6105 6105 6105
Errors (total,f1,f2,f3): 
246.2 308.6 166.5 255.3 366.3 213.6 72.6 69.4 70.2 77.8 88.6 300.9 243.8 259 187.5 306.5 394.9 386.3 461.4 379
8 10.1 5.8 7.3 8.2 7.8 7.4 7.3 7.8 7.8 8 119.8 94.5 105.2 78.8 138.6 156.6 132.9 173.5 133.3
149.5 220.5 119.7 120.4 199.9 109.5 42.6 42.3 42.4 42.7 37.8 61.1 44.1 46.9 34.2 47.5 72.5 64.9 79.2 65.3
88.7 78 41 127.6 158.2 96.3 22.6 19.8 20 27.3 42.8 120 105.2 106.9 74.5 120.4 165.8 188.5 208.7 180.4
Coefficients are (row-wise by formant):
384.8 -49.6 22.5 -11.2 -7.9 -3.1
2204.4 427.3 -285.2 13.3 -60.7 -0.2
2891.4 177.8 5.9 -81.4 -0.5 10.7
