S03_selected_tokens_0003 analysis information:
Number of steps:
20
Cutoff frequencies were: 
5000 5158 5316 5474 5632 5789 5947 6105 6263 6421 6579 6737 6895 7053 7211 7368 7526 7684 7842 8000
Number of coefficients for prediction: 
5
Number of formants: 
3
Winner is:
6263 6263 6263
Errors (total,f1,f2,f3): 
217 201.5 83.6 66.8 58.7 47.9 41.3 37.8 35.8 36 45.6 69.3 116 274 344.4 576.4 133.6 193 463.3 624.4
65.7 39.7 4.7 4.1 3.7 3.4 3.2 3.1 3.1 3.3 4.6 5.9 6.8 12.9 14.4 17.4 9.4 8.8 41.5 29
89.6 60.6 9.7 8.1 6.6 5.8 5.8 6 6.1 6.9 8.6 13 16.7 91.6 116.8 181 54.9 78 138 169.9
61.7 101.2 69.2 54.6 48.4 38.7 32.3 28.7 26.6 25.8 32.4 50.4 92.5 169.5 213.2 378 69.3 106.2 283.8 425.5
Coefficients are (row-wise by formant):
879.9 11 -18.1 1.6 -4.8 1.7
1781.3 -93.4 -1.4 14.6 -21.4 -4.1
2586.9 -328.4 -17.1 -3.5 18.3 -5.8
