S03_selected_tokens_0083 analysis information:
Number of steps:
20
Cutoff frequencies were: 
5000 5158 5316 5474 5632 5789 5947 6105 6263 6421 6579 6737 6895 7053 7211 7368 7526 7684 7842 8000
Number of coefficients for prediction: 
5
Number of formants: 
3
Winner is:
5789 5789 5789
Errors (total,f1,f2,f3): 
525 334 179.5 141.2 98.2 78.2 85.9 87.1 84 92.2 103.5 276.9 287 292.2 160.7 138.7 138.9 132.6 140.8 128.5
78 41.1 6.3 5.8 5.8 5.7 6 6.6 7.6 10.6 19.9 42.5 31.7 22.6 23 22.2 20.1 14.9 10.6 9.2
124.5 64.6 19.5 17.2 16 15.4 15.7 15.7 15.8 19.6 19.5 90.4 71.2 81.6 30.5 28.5 28.2 28.8 28.2 26.2
322.5 228.3 153.7 118.2 76.4 57.1 64.2 64.8 60.6 62 64.1 144 184.1 188 107.2 88 90.6 88.9 102 93.1
Coefficients are (row-wise by formant):
827.3 -64.4 -7.9 3.8 -7.7 4.3
1931.4 143.8 2 15.6 -13.6 9.1
2901.9 -67 68.9 9 0 -54.2
