S03_selected_tokens_0030 analysis information:
Number of steps:
20
Cutoff frequencies were: 
5000 5158 5316 5474 5632 5789 5947 6105 6263 6421 6579 6737 6895 7053 7211 7368 7526 7684 7842 8000
Number of coefficients for prediction: 
5
Number of formants: 
3
Winner is:
5947 5947 5947
Errors (total,f1,f2,f3): 
10193.9 10351.9 10326.6 10450 246.4 112.9 76.4 78.5 85.1 93.3 99.8 101.5 106.9 129 141.8 141.9 148.8 146.2 148.6 352.9
41.7 58.4 53.9 62.9 44.6 22.9 24.9 28.7 35.9 44.4 50.6 49.3 46.9 46.7 46.9 45.3 45.3 46 47.9 94.3
93.3 140.2 168.5 186.4 66.7 24.5 17.6 17 16.9 17.3 18 19.7 23.8 31.4 39.3 36.9 33.3 31.7 29.6 76.3
10058.9 10153.3 10104.2 10200.7 135.1 65.5 33.9 32.8 32.3 31.6 31.2 32.5 36.2 50.9 55.6 59.7 70.2 68.5 71.1 182.3
Coefficients are (row-wise by formant):
720.9 -30.3 14.6 25.2 16.2 20.3
1751.1 254.9 -65.4 60.9 11.4 11.7
2762.8 83.1 61.1 -78.8 55.2 -26.9
