S03_selected_tokens_0010 analysis information:
Number of steps:
20
Cutoff frequencies were: 
5000 5158 5316 5474 5632 5789 5947 6105 6263 6421 6579 6737 6895 7053 7211 7368 7526 7684 7842 8000
Number of coefficients for prediction: 
5
Number of formants: 
3
Winner is:
6737 6737 6737
Errors (total,f1,f2,f3): 
59.3 31.9 51.3 466.8 30.8 25.3 23.4 23.7 24.9 26.6 25.5 22.3 45.7 43.1 41.1 32.3 27.8 43.3 86.2 84.2
3 2.6 6.4 12.1 8.9 8.5 8.5 9.2 9.5 11.4 10.5 8.2 5 4 3.2 3.1 3.1 3.3 3.3 3.5
49.5 22.1 37.3 295.5 6.1 5.1 5.1 5.3 5.4 5.3 5.6 5.2 4.6 5.4 11.7 10.4 8 6.3 6.9 9.1
6.8 7.2 7.6 159.2 15.8 11.7 9.8 9.2 10 9.9 9.4 8.9 36.1 33.7 26.2 18.8 16.7 33.7 76 71.6
Coefficients are (row-wise by formant):
493.2 -47 -54.8 27.3 -40.9 18.8
2175.6 38.2 -49.3 -5.9 -26.7 1.2
2946.8 -72.4 -44.8 -19.4 -25.3 -15.2
