S03_selected_tokens_0001 analysis information:
Number of steps:
20
Cutoff frequencies were: 
5000 5158 5316 5474 5632 5789 5947 6105 6263 6421 6579 6737 6895 7053 7211 7368 7526 7684 7842 8000
Number of coefficients for prediction: 
5
Number of formants: 
3
Winner is:
6263 6263 6263
Errors (total,f1,f2,f3): 
341.1 358.1 238.1 50.6 57 50 44.1 43.1 40.2 41.7 59.2 77.8 107.5 163.7 202.3 281.6 142.5 317.3 268.1 260.7
82.8 69.9 49.4 13.7 15.9 15.1 13 12.7 11.7 14.1 15.2 14.1 22.5 29.8 23.7 20 19.5 24.5 35.1 36.4
132.3 142.1 78.1 6.1 6 6.2 6.5 6.5 6.4 6.8 8.9 11.7 12.6 9.4 7.5 40.3 56.3 72 62.2 21.7
126 146.1 110.6 30.8 35.1 28.7 24.6 23.9 22.1 20.8 35.1 52 72.4 124.5 171.1 221.3 66.7 220.8 170.8 202.6
Coefficients are (row-wise by formant):
820.8 -8.5 -45.6 1.9 -30.1 5.4
1894.3 66.8 38 13.5 3 7.5
2820.6 -84.8 122.9 34.7 -8.5 5.6
