S03_selected_tokens_0101 analysis information:
Number of steps:
20
Cutoff frequencies were: 
5000 5158 5316 5474 5632 5789 5947 6105 6263 6421 6579 6737 6895 7053 7211 7368 7526 7684 7842 8000
Number of coefficients for prediction: 
5
Number of formants: 
3
Winner is:
6421 6421 6421
Errors (total,f1,f2,f3): 
434.7 10413.4 10362.4 10463 10436.3 456.9 80.3 40.1 38.2 37.3 37.3 38.1 39.7 41.6 45.5 49.9 55.9 61.2 68.6 64.9
62.5 63.4 63.3 103.7 70.1 69.5 17.3 4.9 4.7 4.7 4.8 4.8 4.6 5 6.2 6.9 6.9 7 8 7.7
240.1 193 142.4 163.5 169.2 149 23.6 15 15.1 15.3 15.5 15.9 16.4 16.9 18 19.5 21.3 20.6 18.9 19.4
132.1 10157 10156.7 10195.8 10197 238.4 39.4 20.2 18.4 17.3 17 17.4 18.7 19.7 21.3 23.5 27.7 33.6 41.7 37.8
Coefficients are (row-wise by formant):
981.4 -31.4 -42.9 26.7 -17.4 8.6
1753.1 57.8 -10 5 28.4 21.8
2815.2 -136.1 0.4 37.8 47.2 22
