S03_selected_tokens_0039 analysis information:
Number of steps:
20
Cutoff frequencies were: 
5000 5158 5316 5474 5632 5789 5947 6105 6263 6421 6579 6737 6895 7053 7211 7368 7526 7684 7842 8000
Number of coefficients for prediction: 
5
Number of formants: 
3
Winner is:
7211 7211 7211
Errors (total,f1,f2,f3): 
88.3 264 432.3 254.4 72 68.8 70 70.4 71.9 71.5 90.1 79.5 98.2 95.1 118 140.7 163.1 173.3 172.9 179.1
2.3 6.5 4.7 8.6 4 3.7 4.1 4.3 4.8 3.9 2.6 1.9 1.9 1.8 1.8 1.8 1.8 1.7 2.1 3.3
46.6 168.2 264.3 100.7 47.5 44.8 46.1 46.6 46.8 42.6 68.3 53 62.1 55.7 49.8 60.2 60.8 54.8 51.4 49.3
39.4 89.3 163.3 145.1 20.5 20.3 19.8 19.5 20.3 25 19.2 24.6 34.2 37.6 66.4 78.7 100.5 116.8 119.4 126.5
Coefficients are (row-wise by formant):
433.7 -72.6 35.6 -13.9 4.4 -0.1
2006.1 434 -279.5 -176.5 -89.7 -18.7
2811.5 103.6 221.6 42 9.5 -47
