S03_selected_tokens_0033 analysis information:
Number of steps:
20
Cutoff frequencies were: 
5000 5158 5316 5474 5632 5789 5947 6105 6263 6421 6579 6737 6895 7053 7211 7368 7526 7684 7842 8000
Number of coefficients for prediction: 
5
Number of formants: 
3
Winner is:
7211 7211 7211
Errors (total,f1,f2,f3): 
436.7 75.3 61.2 55.3 54.7 58.9 94.2 128.1 204.1 302.8 168.7 132.8 267.2 246.1 177.7 206.9 203.7 203.1 212.7 199.1
29.4 3.6 3.1 3 3.5 3.7 6.1 5.4 4.3 2.6 7.9 1.6 2.1 4.8 7.3 7.6 6.2 4.5 3.3 2.5
286.5 37.6 33.5 29.2 27.4 28 41.9 57.6 121.4 200.3 115.9 81.1 157.1 81.3 47.7 50.2 49.8 50.3 50.3 50.4
120.8 34.1 24.6 23.1 23.8 27.2 46.2 65.1 78.4 99.9 44.9 50.1 108 160 122.7 149.1 147.7 148.3 159.1 146.2
Coefficients are (row-wise by formant):
417.6 -80 19.2 5.5 4.5 -1.6
2039 98.4 -459.9 -85.2 -77.8 -16.5
3502.8 85.7 -67 113.3 -75.5 -4.3
