S03_selected_tokens_0044 analysis information:
Number of steps:
20
Cutoff frequencies were: 
5000 5158 5316 5474 5632 5789 5947 6105 6263 6421 6579 6737 6895 7053 7211 7368 7526 7684 7842 8000
Number of coefficients for prediction: 
5
Number of formants: 
3
Winner is:
6737 6737 6737
Errors (total,f1,f2,f3): 
123.6 123.3 123.7 125.5 129.8 129.5 134.1 124.1 122.3 114.1 103.4 83.5 110.1 129.6 144.4 148 164.1 250.2 493.7 461.8
10.9 9.6 9.1 9.3 8.7 8.8 12.7 9.7 8.6 8.7 8.8 9 9.2 9.7 10.3 11.1 13.7 19.6 57 59.8
23 23.7 23.7 24.2 25.8 26 33.1 34.5 35 35.4 37.1 36.4 35.4 33.9 33.3 31.7 32.2 35.7 136.8 133.2
89.7 90 90.9 92 95.3 94.7 88.3 79.9 78.7 70 57.5 38.1 65.5 86 100.8 105.2 118.2 194.9 299.9 268.8
Coefficients are (row-wise by formant):
482.2 88 -36.7 -16.3 -1.8 -14
1039.6 55.7 95.2 -45.9 53.7 -13.4
2439.4 -85.3 -62.4 26.7 -21.9 44.8
