S03_selected_tokens_0084 analysis information:
Number of steps:
20
Cutoff frequencies were: 
5000 5158 5316 5474 5632 5789 5947 6105 6263 6421 6579 6737 6895 7053 7211 7368 7526 7684 7842 8000
Number of coefficients for prediction: 
5
Number of formants: 
3
Winner is:
5789 5789 5789
Errors (total,f1,f2,f3): 
331.9 267 92.9 70.3 59.4 56 56.2 57.1 70.8 109.8 171.2 124.4 142 141.4 126.6 121.5 86.4 89 90.3 92.8
59.7 15.8 8.6 8.5 9 9.3 9.3 8.8 10.5 12.2 14.9 16.7 12.6 10.7 10.6 7.6 9.2 13.5 14.8 16.1
152.6 153.3 13.4 13.7 13.1 13.3 13.6 14.3 14.7 25.6 68.2 38.9 21.9 22.7 21.1 17.3 16.2 17.6 18 18.4
119.6 97.9 70.9 48.1 37.3 33.4 33.3 34 45.6 72 88.1 68.8 107.5 108 94.9 96.6 61 57.9 57.5 58.3
Coefficients are (row-wise by formant):
751 -182.5 -117 -27.3 -36.5 -8
1926.7 419.6 58.1 -4.4 26.6 3.9
3003.4 -196.5 2.5 12.3 -38.8 -16.8
