S03_selected_tokens_0112 analysis information:
Number of steps:
20
Cutoff frequencies were: 
5000 5158 5316 5474 5632 5789 5947 6105 6263 6421 6579 6737 6895 7053 7211 7368 7526 7684 7842 8000
Number of coefficients for prediction: 
5
Number of formants: 
3
Winner is:
5947 5947 5947
Errors (total,f1,f2,f3): 
10219.4 10462.4 10558.9 92.4 49.7 49.2 47.8 48.4 52.2 59.6 67.8 74.4 78.2 75.5 73.5 73.8 73.2 76.8 74.8 66.7
41.5 97.4 124.5 18.8 5.1 5.1 5.2 5.5 6.3 7.8 10.4 11.8 12.2 11.2 11 12.5 14.1 16.4 15.3 13.3
66.3 84.4 104.4 26.8 17.9 17.7 18.6 20.6 24.5 29.6 33.3 35.6 36.2 32.9 29.5 27.7 25.5 25.3 24.5 24.2
10111.6 10280.6 10330 46.8 26.7 26.4 24 22.3 21.4 22.2 24.1 27 29.8 31.4 33 33.6 33.6 35.1 35 29.2
Coefficients are (row-wise by formant):
960.3 12.2 13.9 11.8 6.3 7.3
1455.6 151.4 62.4 -37.4 48.4 8.2
2834.7 -52.6 -21.1 31.5 -19.5 35
