S03_selected_tokens_0027 analysis information:
Number of steps:
20
Cutoff frequencies were: 
5000 5158 5316 5474 5632 5789 5947 6105 6263 6421 6579 6737 6895 7053 7211 7368 7526 7684 7842 8000
Number of coefficients for prediction: 
5
Number of formants: 
3
Winner is:
5789 5789 5789
Errors (total,f1,f2,f3): 
213.1 235.5 449.6 125.9 125.6 111.6 116.8 124 128.7 133 132.3 155.3 200.4 195.5 178.3 175.8 217.5 247.5 254.9 406.4
9.2 19.1 29.4 7.5 8.2 8.1 8.7 9.9 11.1 11.7 11.9 12.1 6.4 3.2 3 2.8 4.8 9.4 10.3 13.7
141.1 162.6 308.5 57.1 49.2 44.8 49.5 54.2 55.5 55.3 51.1 51.9 64.8 78.4 77.1 85.9 78.7 63.4 72.2 119.2
62.8 53.8 111.7 61.3 68.2 58.7 58.6 59.9 62.1 66 69.3 91.3 129.2 113.9 98.2 87.1 134 174.7 172.4 273.5
Coefficients are (row-wise by formant):
541.2 -195.8 31.6 2.6 -12 -11.8
2065.1 425.3 -261.6 -83.4 -78.9 -30.9
2558 130.7 -27.8 -129.4 -53.2 -18.8
