S03_selected_tokens_0050 analysis information:
Number of steps:
20
Cutoff frequencies were: 
5000 5158 5316 5474 5632 5789 5947 6105 6263 6421 6579 6737 6895 7053 7211 7368 7526 7684 7842 8000
Number of coefficients for prediction: 
5
Number of formants: 
3
Winner is:
5316 5316 5316
Errors (total,f1,f2,f3): 
237 279.5 54.8 57.1 57.3 74.3 95.2 96.9 106.5 89.4 82.8 83.9 142 116.7 137.1 219.7 252.1 273.5 249.5 264
17.5 18.1 10.9 11.4 10.6 10.4 11.5 14.4 13.6 10.4 11.8 10 10.2 13.2 12.6 13.7 24.4 25.5 24.5 25.2
42 62.5 11.8 11.2 11.2 11.7 12.9 13.7 13.8 13.7 13.3 13.7 14.1 14.8 14.7 56.7 37.7 44.5 50.2 55.2
177.5 198.9 32.1 34.5 35.5 52.2 70.8 68.8 79.1 65.3 57.7 60.2 117.7 88.7 109.8 149.3 190 203.5 174.8 183.6
Coefficients are (row-wise by formant):
536.1 161.7 17.3 -1.7 15.1 18.1
1077.6 -101 197.7 -90.7 66.1 -41
2534.5 25.1 64.6 -28.8 -25.1 31.1
