S03_selected_tokens_0117 analysis information:
Number of steps:
20
Cutoff frequencies were: 
5000 5158 5316 5474 5632 5789 5947 6105 6263 6421 6579 6737 6895 7053 7211 7368 7526 7684 7842 8000
Number of coefficients for prediction: 
5
Number of formants: 
3
Winner is:
5632 5632 5632
Errors (total,f1,f2,f3): 
10190.2 10454.2 10553.8 112.6 28.7 28.9 30.1 29.9 29.9 30.6 31.1 32.8 35.5 37.9 46.5 47.2 60.5 53 43.8 46.3
49.5 82.8 101.9 27.1 6.6 6.2 6.2 5.9 5.3 5.4 6.2 7.2 8.5 10.7 15.8 15.9 19 18.9 16.5 18
71.6 133.9 160.4 30.5 10 10.3 10.4 10.9 11.9 12.4 12.3 12.5 13.3 13.1 14.8 13.6 15 11.6 10.5 11.2
10069.1 10237.5 10291.5 55 12.1 12.4 13.5 13.1 12.7 12.8 12.6 13.1 13.7 14.1 15.9 17.7 26.5 22.5 16.8 17.1
Coefficients are (row-wise by formant):
961.3 -14.8 -6.2 -3.2 -2.5 -3.6
1677.6 91.9 30.6 18.7 12.7 13.1
2771.3 -81.8 21.2 33.9 4.2 10.3
