S03_selected_tokens_0071 analysis information:
Number of steps:
20
Cutoff frequencies were: 
5000 5158 5316 5474 5632 5789 5947 6105 6263 6421 6579 6737 6895 7053 7211 7368 7526 7684 7842 8000
Number of coefficients for prediction: 
5
Number of formants: 
3
Winner is:
5158 5158 5158
Errors (total,f1,f2,f3): 
23.7 23.4 23.6 23.4 23.4 23.7 24.3 27 30.9 29.9 29.3 33.3 43.1 65.5 100.1 124.9 165 134.3 197.7 180.5
1.1 1.1 1.2 1 1 1 1 0.9 1 1 0.8 0.8 0.9 1.2 1.5 1.9 2.9 16 22.8 21.9
10.6 10.8 11.5 11.8 12 12.1 12.3 12 12.3 13.5 14 16.4 19.1 25.2 29.8 29.6 37.7 26.2 28.1 31.3
12 11.5 10.9 10.6 10.4 10.6 11 14.1 17.6 15.4 14.5 16.1 23.1 39.1 68.8 93.4 124.4 92.1 146.8 127.3
Coefficients are (row-wise by formant):
409.1 -1.4 -2 0.7 -0.7 1.1
1445 -17.3 56 -66.7 23.3 -15.1
2220.6 -238.2 -68.3 -16.6 -32.2 13.1
