S03_selected_tokens_0060 analysis information:
Number of steps:
20
Cutoff frequencies were: 
5000 5158 5316 5474 5632 5789 5947 6105 6263 6421 6579 6737 6895 7053 7211 7368 7526 7684 7842 8000
Number of coefficients for prediction: 
5
Number of formants: 
3
Winner is:
6421 6421 6421
Errors (total,f1,f2,f3): 
39.2 40.8 43.7 45.1 43.1 44 45.9 42.7 40.6 39.1 40.5 59.5 300.7 523.3 681 669.6 822 937.8 888.1 852.6
8.2 11.7 14 14.9 12.5 10.5 10 7.5 7 6.8 5 11.2 50.2 73.4 83.6 86.8 111.5 161.4 96.6 85.7
13.7 13.3 13.7 14 13.9 14 14.5 14 13.9 13.8 14.1 18.1 110.4 205.8 309.8 304.9 376.3 421.7 344.6 332.7
17.3 15.8 16 16.2 16.7 19.5 21.4 21.2 19.7 18.5 21.4 30.2 140.1 244.1 287.6 277.9 334.2 354.7 446.9 434.2
Coefficients are (row-wise by formant):
444.4 134.9 -33.5 17.7 -11.3 8.5
1058.7 178 71.7 25.4 38.3 2.5
2431.3 -38.4 -0.7 17.4 31.5 21.3
