S03_selected_tokens_0015 analysis information:
Number of steps:
20
Cutoff frequencies were: 
5000 5158 5316 5474 5632 5789 5947 6105 6263 6421 6579 6737 6895 7053 7211 7368 7526 7684 7842 8000
Number of coefficients for prediction: 
5
Number of formants: 
3
Winner is:
5632 5632 5632
Errors (total,f1,f2,f3): 
274.3 58.7 49.1 39.3 36.3 36.3 38.1 44.5 59.9 99.7 82.9 95.2 124.2 148 67.7 103.5 117.3 257.2 52 49.6
50.9 5.4 6 6.4 7 7.6 8.1 9.4 5.6 4.5 4.5 4.8 4.9 5.3 3.1 2.8 3.9 5.7 6.8 7.2
153.3 5.1 5.8 5.7 5.8 6.2 6.5 7.6 7.3 7.3 11.6 12.3 11.5 11.9 11.6 11.3 10.9 23.4 11.6 11.6
70.1 48.2 37.3 27.2 23.5 22.5 23.5 27.5 47 87.9 66.8 78.1 107.8 130.8 53 89.4 102.5 228.1 33.6 30.8
Coefficients are (row-wise by formant):
809.5 -110.2 -78 -33.8 -18.8 -12.1
1870 86.8 21.4 9.1 8 -2
2571.1 -7.1 -13.6 -23.5 13.9 1.9
