S03_selected_tokens_0020 analysis information:
Number of steps:
20
Cutoff frequencies were: 
5000 5158 5316 5474 5632 5789 5947 6105 6263 6421 6579 6737 6895 7053 7211 7368 7526 7684 7842 8000
Number of coefficients for prediction: 
5
Number of formants: 
3
Winner is:
5474 5474 5474
Errors (total,f1,f2,f3): 
24.1 157.8 236.5 12.3 14.7 16.7 17 16.6 16.5 15.8 18.2 24.6 27.8 25.5 28.1 38.1 52.1 77.7 107.2 72.8
2 30.4 16.6 3.6 3.9 3.9 3.8 3.8 4 4 4.3 3.7 3.2 2.3 2.3 2.3 2.2 2.1 2.1 2.2
17.2 79.5 137.4 4.9 5 5.4 5.4 5.1 4.9 4.7 6 7.6 7.3 6.7 8.8 11.3 9.5 12.2 11.9 11.3
4.9 47.9 82.5 3.8 5.8 7.4 7.8 7.7 7.6 7.1 7.9 13.3 17.3 16.5 17 24.5 40.4 63.4 93.2 59.3
Coefficients are (row-wise by formant):
467.2 -37.2 -41.9 19.6 -14.5 6
2053.3 -59.7 -39.6 -8.4 -0.7 -5.2
2930.1 -171.8 -32.7 -11.5 -11.9 -4.8
