S03_selected_tokens_0034 analysis information:
Number of steps:
20
Cutoff frequencies were: 
5000 5158 5316 5474 5632 5789 5947 6105 6263 6421 6579 6737 6895 7053 7211 7368 7526 7684 7842 8000
Number of coefficients for prediction: 
5
Number of formants: 
3
Winner is:
5789 5789 5789
Errors (total,f1,f2,f3): 
12 10.8 10.5 8.7 9.8 8.5 8.7 10.3 11.7 15.2 12.1 9.4 12.3 14.9 13.4 13.8 20.2 22.2 22.3 14.6
1.3 1.2 1.3 1.2 1.4 1.4 1.7 2.3 1.7 1.4 0.5 0.6 0.8 0.8 0.5 0.6 0.9 1 0.9 0.9
4.1 4 3.8 3.6 4.1 3.8 3.8 4.3 5.5 5.9 4.2 2.4 5.2 5.3 5.1 6.8 10.8 9.8 10.7 6.6
6.6 5.6 5.4 3.9 4.3 3.3 3.2 3.7 4.5 7.9 7.4 6.4 6.3 8.8 7.8 6.4 8.5 11.4 10.7 7.1
Coefficients are (row-wise by formant):
506.8 -23.8 -3 -7 -3.5 -2.8
1508.1 -115.4 -80.4 -32.6 -15.9 6.9
2620.9 9 4 -8.5 10.6 -8.6
