S03_selected_tokens_0035 analysis information:
Number of steps:
20
Cutoff frequencies were: 
5000 5158 5316 5474 5632 5789 5947 6105 6263 6421 6579 6737 6895 7053 7211 7368 7526 7684 7842 8000
Number of coefficients for prediction: 
5
Number of formants: 
3
Winner is:
5789 5789 5789
Errors (total,f1,f2,f3): 
207.6 216.6 359.8 41.6 36 33.4 34.9 35.9 37.4 40.4 47.9 51.6 69 53.3 51.4 107.5 91.9 114.9 126.9 97.6
8.6 5.7 9.8 4.9 3.9 3.2 3.2 3.3 2.9 2.3 2.4 2.2 2.1 2 2 2.1 2.1 2.4 2.7 3.3
155.9 168.1 214.3 12.3 12.3 12.2 12.9 13.3 14.1 16 17.9 22.3 24.3 19.8 16.8 26.2 21.3 23 23.5 27
43.1 42.8 135.7 24.4 19.8 18 18.8 19.3 20.4 22.1 27.6 27.1 42.6 31.5 32.6 79.2 68.5 89.5 100.7 67.3
Coefficients are (row-wise by formant):
432.3 -101.4 48.3 -12.4 -1.6 4
2098.2 524.2 -165.2 19.7 -14.1 -7.3
2830.3 199.1 71.4 10.8 -38.5 4.6
