S03_selected_tokens_0092 analysis information:
Number of steps:
20
Cutoff frequencies were: 
5000 5158 5316 5474 5632 5789 5947 6105 6263 6421 6579 6737 6895 7053 7211 7368 7526 7684 7842 8000
Number of coefficients for prediction: 
5
Number of formants: 
3
Winner is:
6263 6263 6263
Errors (total,f1,f2,f3): 
375.4 378.9 323.4 542.3 259.4 356.1 62.8 60.3 59.2 64.5 147.6 142.2 160 98.5 74.9 91.1 94.5 94.6 96.6 98.4
29.7 33.8 27.4 59.4 24.9 33.5 11.5 12.4 13.4 14.4 15.8 15.4 15.3 10.8 9.7 8.9 8.4 8.7 9 9.7
274.8 233.3 196.9 348.1 104.9 136.2 15.2 14.6 14.3 17.1 74.4 62.5 57.9 30.3 23.2 23.5 25.1 25.8 26 24.4
70.9 111.8 99.1 134.8 129.6 186.4 36.1 33.3 31.5 33 57.4 64.3 86.8 57.4 42 58.7 61 60.1 61.6 64.3
Coefficients are (row-wise by formant):
677.4 -329.8 -30.7 65.7 11.1 -11.6
2274.1 499.3 -13.1 -68.3 2.3 -19.4
3127.7 77.7 118 -8.1 -19 -14.3
