S03_selected_tokens_0043 analysis information:
Number of steps:
20
Cutoff frequencies were: 
5000 5158 5316 5474 5632 5789 5947 6105 6263 6421 6579 6737 6895 7053 7211 7368 7526 7684 7842 8000
Number of coefficients for prediction: 
5
Number of formants: 
3
Winner is:
5632 5632 5632
Errors (total,f1,f2,f3): 
117.1 318.2 30.2 27.4 26.8 27.1 27.6 29.6 35.1 41.8 38.4 34.1 33.4 34.6 38.3 51.2 120.8 161.7 187.7 285.4
11.3 10.3 7.7 6.5 6.3 6.7 7.5 8.2 7.8 5.1 4.8 4.3 4.3 4.5 4.3 5 7.6 20.1 32.3 35.6
79.8 139.7 12.3 12.4 12.4 12.4 12.1 12.6 14 15.8 14.9 14.7 14.5 15.4 16.9 20.4 27.2 32.5 34.2 36.6
26 168.2 10.2 8.5 8.1 8 8 8.8 13.3 20.9 18.7 15.1 14.6 14.7 17.1 25.8 86 109.1 121.2 213.2
Coefficients are (row-wise by formant):
538.3 114.8 -47.8 -9.4 -17.5 -29.6
1588.3 70.1 24 -37.7 43.4 -35.2
2468.1 8.5 -10.4 17.1 21.6 -3.5
