S03_selected_tokens_0004 analysis information:
Number of steps:
20
Cutoff frequencies were: 
5000 5158 5316 5474 5632 5789 5947 6105 6263 6421 6579 6737 6895 7053 7211 7368 7526 7684 7842 8000
Number of coefficients for prediction: 
5
Number of formants: 
3
Winner is:
5947 5947 5947
Errors (total,f1,f2,f3): 
261.6 244.6 23.7 24.3 19 17.3 17.1 18.8 46.2 64.6 72.9 70.3 72 95.6 115.2 111.3 63.7 67.1 108.6 290.8
73 57.7 4.5 3.6 3.7 4.1 4.8 6 12.3 15.5 13.6 9.1 16.6 15.6 9.9 5.2 3 3.6 5 8.3
98.5 90.1 5.2 6.1 5.8 5.3 5.1 4 16.7 15.3 12.9 11.3 8.7 10.6 15.1 17.5 21 29 52.8 103.5
90.1 96.8 14 14.6 9.5 7.9 7.2 8.8 17.2 33.8 46.4 49.9 46.7 69.4 90.2 88.6 39.7 34.5 50.8 179
Coefficients are (row-wise by formant):
761.6 -77.2 -71.6 -18.1 -33.7 -5.9
1883.2 -29.3 -25 0.1 -13.5 -0.9
2619 -379 -114.7 -72.8 -29.1 -10.2
