S03_selected_tokens_0093 analysis information:
Number of steps:
20
Cutoff frequencies were: 
5000 5158 5316 5474 5632 5789 5947 6105 6263 6421 6579 6737 6895 7053 7211 7368 7526 7684 7842 8000
Number of coefficients for prediction: 
5
Number of formants: 
3
Winner is:
7053 7053 7053
Errors (total,f1,f2,f3): 
168.6 150.5 374.3 543.6 451.1 466.8 440.9 121.3 104.4 83.6 76.1 76.3 74.2 73.8 83.3 220.2 542.5 520.5 477.2 642.8
14.2 16.8 31.8 109.4 98 94.4 70.3 5 5.1 5.6 5.4 5.9 5.8 5.5 5.3 5.8 8.6 31.5 24.8 13.1
96.5 91.6 194.8 225.5 187 195.3 196.1 17.1 16.5 15.4 15.2 16.1 16.3 17.9 18.9 64.3 200.8 207.6 172 208.7
57.9 42.1 147.7 208.7 166.1 177.1 174.5 99.2 82.8 62.6 55.5 54.3 52.1 50.4 59.1 150.1 333.1 281.4 280.4 421
Coefficients are (row-wise by formant):
909.9 -54.5 -31.2 -14.4 -10.2 -1.9
2022.1 111.6 20.5 -34.3 0.5 -7
2895.6 45 82.5 -51.4 16.3 22.8
