S03_selected_tokens_0099 analysis information:
Number of steps:
20
Cutoff frequencies were: 
5000 5158 5316 5474 5632 5789 5947 6105 6263 6421 6579 6737 6895 7053 7211 7368 7526 7684 7842 8000
Number of coefficients for prediction: 
5
Number of formants: 
3
Winner is:
6579 6579 6579
Errors (total,f1,f2,f3): 
155.5 294.1 350.4 538 678.1 440.7 303.4 64.9 62.2 60.8 59.4 61.9 65.3 71.9 70.8 63.3 74.9 96 87.8 86.5
30.8 34.1 51.5 92.6 150.3 73.7 48.6 22.7 24.6 26.7 26.9 30.4 32.2 32 26.9 15.9 16.6 19 20.2 20.3
87.3 151.2 183.3 302.1 330.9 222.9 146.1 13.5 12.8 12.7 12.6 12.8 13.3 14.4 15.7 14.2 15.9 18.6 17.6 14.4
37.4 108.8 115.6 143.3 196.9 144.1 108.7 28.7 24.8 21.4 19.9 18.7 19.8 25.5 28.2 33.2 42.4 58.4 50 51.8
Coefficients are (row-wise by formant):
873 -130.8 -48.4 -27 -32.9 -26.8
2142 216.2 -4.9 -51.4 2 -11.7
2942.3 91.2 6.2 -35.3 -11 -6
