S03_selected_tokens_0078 analysis information:
Number of steps:
20
Cutoff frequencies were: 
5000 5158 5316 5474 5632 5789 5947 6105 6263 6421 6579 6737 6895 7053 7211 7368 7526 7684 7842 8000
Number of coefficients for prediction: 
5
Number of formants: 
3
Winner is:
5632 5632 5632
Errors (total,f1,f2,f3): 
131.7 134.8 113.5 128.4 15.1 16.9 18.4 19.9 20.7 21.7 23.4 25.4 25.4 24.9 20.6 17.5 21.5 30.1 52.5 124.7
1 0.9 0.8 0.9 0.9 1 1 1.1 1.1 1.1 1.3 1.3 1.2 1.2 1.2 1.1 1.1 1.2 1.2 1.4
90 89.5 76.7 76.3 8.3 8.9 9.3 9.7 9.7 10.3 11.3 11.9 12.5 13.1 9.6 8.5 10.5 15.7 17.8 14.7
40.7 44.4 36 51.2 5.9 7 8.1 9.1 9.9 10.3 10.8 12.2 11.7 10.6 9.8 7.9 9.9 13.2 33.5 108.6
Coefficients are (row-wise by formant):
403.2 -6.9 -1.3 1.6 -2.3 0.7
2273.7 65.9 -27.1 10.8 -18.9 5.9
2792.5 140 -5.3 9.1 -11.3 6
