S03_selected_tokens_0054 analysis information:
Number of steps:
20
Cutoff frequencies were: 
5000 5158 5316 5474 5632 5789 5947 6105 6263 6421 6579 6737 6895 7053 7211 7368 7526 7684 7842 8000
Number of coefficients for prediction: 
5
Number of formants: 
3
Winner is:
5789 5789 5789
Errors (total,f1,f2,f3): 
86.2 79.7 78.8 76.7 70.5 67.3 69 78.3 101.6 92.2 79.2 86.3 278.5 350.7 367.6 355.9 374.4 376.5 381.6 333.3
15.9 17.6 20.9 22.1 17.4 11.3 7.9 7.2 5.9 5.7 6.7 9.1 37.5 58.4 70.1 92.1 98.9 97.9 78.5 51.7
19.1 18.4 17.8 18 19.2 21.3 24.6 27.7 31 30.6 29.1 28.3 30.5 41.7 67.4 69.8 71.7 78.3 103.7 89.6
51.2 43.7 40.1 36.6 33.9 34.7 36.5 43.4 64.7 55.9 43.4 48.9 210.5 250.6 230.1 194 203.8 200.3 199.4 192
Coefficients are (row-wise by formant):
465.8 79 -26.8 28.1 -6 -8
1269.9 -5.6 197.1 -73.6 87.9 -21.4
2437 62.3 -67.6 65.3 -4.1 65.9
