S03_selected_tokens_0014 analysis information:
Number of steps:
20
Cutoff frequencies were: 
5000 5158 5316 5474 5632 5789 5947 6105 6263 6421 6579 6737 6895 7053 7211 7368 7526 7684 7842 8000
Number of coefficients for prediction: 
5
Number of formants: 
3
Winner is:
6105 6105 6105
Errors (total,f1,f2,f3): 
52.3 58.2 435.7 632.7 24.3 23.8 24.5 21.9 26.8 35.5 35.9 35.8 35.5 40 37 34.1 32.5 47.1 59.9 67.1
7.3 7.6 25.9 14.8 5.9 5.6 6.1 6.8 5.3 3.8 3.4 3.5 3.9 4 3.6 3.4 3.4 3.9 3.9 3.9
40.9 46.7 282.9 427.7 6.2 6.1 6.4 6.1 6.1 5.6 5.8 6.9 8.8 12 10.8 12.1 10.6 10.4 10.9 11.4
4.1 3.9 126.9 190.2 12.2 12.1 12 9 15.4 26.1 26.7 25.4 22.8 24 22.6 18.6 18.5 32.8 45.1 51.8
Coefficients are (row-wise by formant):
459.4 -15 -14.1 -2.9 -10.8 9.4
2158.4 -64.1 -24.7 -11.2 -8.3 -0.6
2924.6 -184 24 -3.9 -26.1 -33.9
