S03_selected_tokens_0036 analysis information:
Number of steps:
20
Cutoff frequencies were: 
5000 5158 5316 5474 5632 5789 5947 6105 6263 6421 6579 6737 6895 7053 7211 7368 7526 7684 7842 8000
Number of coefficients for prediction: 
5
Number of formants: 
3
Winner is:
5947 5947 5947
Errors (total,f1,f2,f3): 
10022.7 10047.1 10569.6 214.5 29.9 25.9 25 26.9 33.4 37.8 44.8 48.7 71.8 65.2 46.9 55.8 80.3 93.8 97.2 101.6
2.8 12.5 34.8 10.9 2.5 2.1 1.7 1.8 2.5 3 4 2.6 1.6 1 1.3 1.4 1.5 1.5 1.4 1.4
11 24.8 304.1 94.7 10.9 10.6 10.1 10 10.5 10.9 12.2 14.2 21 24.2 24.3 23.5 21.1 19.6 19.6 18.4
10008.9 10009.8 10230.7 108.9 16.5 13.2 13.2 15.1 20.4 23.9 28.6 31.9 49.2 40 21.3 30.9 57.7 72.7 76.2 81.8
Coefficients are (row-wise by formant):
547.8 -106.1 -2.4 -24.1 7.8 -2.5
1800.7 247.2 -20.7 12.1 -8.8 11
2834.8 78.9 27.3 -56.8 -14 -14.1
