S03_selected_tokens_0116 analysis information:
Number of steps:
20
Cutoff frequencies were: 
5000 5158 5316 5474 5632 5789 5947 6105 6263 6421 6579 6737 6895 7053 7211 7368 7526 7684 7842 8000
Number of coefficients for prediction: 
5
Number of formants: 
3
Winner is:
6105 6105 6105
Errors (total,f1,f2,f3): 
10319.7 538.6 227.7 54.7 51 50.6 50 49.9 51.4 54.5 59.2 63.6 67.8 72.3 80.2 82.9 79.8 73.6 68 66
67.3 143.8 52.8 21.2 20.8 20 18.8 16.9 16.7 16.3 15.7 16.7 19.2 20 23.1 23.7 24.3 24.8 23.2 23
121.5 146.5 68.6 12 11.9 11.9 11.5 11.1 10.7 11.4 12.9 13.9 14.2 15.7 17.6 19.1 18.3 17.4 16.2 15.7
10130.9 248.3 106.3 21.5 18.3 18.7 19.7 21.9 24 26.8 30.6 33 34.4 36.6 39.5 40.1 37.2 31.4 28.6 27.3
Coefficients are (row-wise by formant):
907.2 -90.2 -102.5 -36.7 -45.4 -13
1575 183.3 88.7 27.5 23.1 15
2728.5 -134.3 31.6 68.2 32 38.2
