S03_selected_tokens_0007 analysis information:
Number of steps:
20
Cutoff frequencies were: 
5000 5158 5316 5474 5632 5789 5947 6105 6263 6421 6579 6737 6895 7053 7211 7368 7526 7684 7842 8000
Number of coefficients for prediction: 
5
Number of formants: 
3
Winner is:
6421 6421 6421
Errors (total,f1,f2,f3): 
634.8 322.1 45.7 66.2 50.5 43.5 37.4 34.9 33.5 31.3 32.4 45.4 91.1 345.6 384.9 117.1 184 501.7 311.6 372.9
155.2 90.6 2.4 2.6 2.7 2.8 2.5 2.4 2.7 3.1 4.7 13.2 15.3 24.6 8.7 7 5.9 14.3 13 15.7
177.8 95.3 4.8 5.2 5.4 5.6 5.4 5.4 5.4 5.2 5.4 8 18.1 77 84.7 42.6 40.4 68.3 24.5 48.2
301.8 136.2 38.5 58.4 42.4 35.1 29.5 27.1 25.4 23 22.3 24.2 57.7 244 291.5 67.5 137.7 419.1 274.1 309
Coefficients are (row-wise by formant):
887.9 20.6 -19.8 8.3 -12.2 4.1
1600.1 -80.5 -52.6 -8.5 -19.1 3.2
2848.1 247.8 -4.4 42.4 0.2 -0.3
