S03_selected_tokens_0095 analysis information:
Number of steps:
20
Cutoff frequencies were: 
5000 5158 5316 5474 5632 5789 5947 6105 6263 6421 6579 6737 6895 7053 7211 7368 7526 7684 7842 8000
Number of coefficients for prediction: 
5
Number of formants: 
3
Winner is:
6105 6105 6105
Errors (total,f1,f2,f3): 
274.4 258.5 113.6 137.2 118.6 85.7 63.6 53.4 55.6 69.5 95.9 103.2 117.5 124.5 186.9 190.8 232.3 243.5 237.4 398.4
56.1 39 5.3 5.6 5.3 5.7 7 7 7.8 6.9 7 6.7 8.3 9.4 10.6 11.7 10.9 17.6 12.3 13.8
117.5 109.5 26.1 19.5 15.6 14.4 14.7 15.6 17.6 29.4 49.3 53.7 55.3 47.5 81.3 57.3 55 76.8 99.3 143
100.8 110 82.2 112.1 97.7 65.6 41.9 30.8 30.2 33.2 39.6 42.8 53.9 67.6 95 121.8 166.4 149.1 125.8 241.6
Coefficients are (row-wise by formant):
869.2 -69.3 -38.8 -7.7 -16 -8.4
1976.6 210.2 -135.7 -62.2 -31.7 -15.3
2784.6 -510.1 -17 -44.3 0.1 9.8
