S03_selected_tokens_0042 analysis information:
Number of steps:
20
Cutoff frequencies were: 
5000 5158 5316 5474 5632 5789 5947 6105 6263 6421 6579 6737 6895 7053 7211 7368 7526 7684 7842 8000
Number of coefficients for prediction: 
5
Number of formants: 
3
Winner is:
5474 5474 5474
Errors (total,f1,f2,f3): 
39.4 34.7 32.8 32.4 33.9 37.2 34.9 35 38.6 39.6 36.3 43 56.7 64 71 75.2 72.6 68.5 345 491.7
9.7 6.7 4.9 4.2 4.9 5 4.2 3.6 3.4 3.5 3.4 4.2 4.9 5.4 5.8 8.3 8.6 7.7 28.8 38.2
16.5 16.5 17.4 18 19.6 23.4 21.8 21 20.7 19.8 19.6 18.4 18 20 22.4 23.5 23.2 22.6 182.1 267.5
13.2 11.5 10.5 10.2 9.4 8.8 8.9 10.4 14.5 16.3 13.3 20.4 33.8 38.6 42.8 43.4 40.8 38.2 134.1 186
Coefficients are (row-wise by formant):
506.6 66.4 -12.5 18.4 4.6 3.6
1094.8 -0.2 71.8 -37.4 49.1 -26
2574.2 -65.8 -60.5 26.2 -30.9 14.9
