S03_selected_tokens_0065 analysis information:
Number of steps:
20
Cutoff frequencies were: 
5000 5158 5316 5474 5632 5789 5947 6105 6263 6421 6579 6737 6895 7053 7211 7368 7526 7684 7842 8000
Number of coefficients for prediction: 
5
Number of formants: 
3
Winner is:
5947 5947 5947
Errors (total,f1,f2,f3): 
290.2 280.2 162.9 43 41.7 40.2 37.4 43.8 41.8 46.4 45.5 41.9 41.2 46.4 52.4 53.6 52.3 53.5 52.7 54.4
4.8 6.4 7 7.8 8.1 7.4 4.8 2.6 1.9 1.4 1.2 1.3 1.4 1.6 1.9 2.1 2.2 2.4 2.2 2.3
99.2 98.5 61.3 14.5 14.5 14.3 13.1 13.7 13.6 15.3 17.3 16.5 17.4 20 19.7 19.2 18.2 18.7 17.7 18.7
186.2 175.3 94.6 20.7 19.1 18.5 19.5 27.5 26.3 29.7 27 24.1 22.4 24.8 30.8 32.3 31.9 32.4 32.8 33.4
Coefficients are (row-wise by formant):
369.2 -17.1 -15.5 -3.4 2.1 -0.3
1477.8 259.7 174.7 -22.2 61.6 -11.9
2484.8 17 3 -3.1 60.1 21
