S03_selected_tokens_0047 analysis information:
Number of steps:
20
Cutoff frequencies were: 
5000 5158 5316 5474 5632 5789 5947 6105 6263 6421 6579 6737 6895 7053 7211 7368 7526 7684 7842 8000
Number of coefficients for prediction: 
5
Number of formants: 
3
Winner is:
5474 5474 5474
Errors (total,f1,f2,f3): 
434.4 66.8 65.7 65.2 68 70.5 73.8 82.9 140.4 102.6 86.8 99.8 113.9 133.8 168.4 182.7 181.1 181.7 160.6 143.3
32.7 11.7 12.3 14.8 16.6 16.7 16.2 12.5 4.5 4.1 4 4.1 4.1 3.9 3.7 4.8 6.7 6.2 5.4 5.1
202.4 14.7 14.3 14.4 15 16 18 23.7 28.5 26.7 26.2 27.1 25.2 24 22.8 25.2 27.8 28.2 22.8 20.5
199.3 40.4 39.1 36 36.4 37.8 39.6 46.7 107.4 71.8 56.6 68.6 84.6 105.9 141.9 152.7 146.6 147.3 132.4 117.7
Coefficients are (row-wise by formant):
500.6 83.1 -25 -5.2 -17 0.7
1656 -90 2.2 -33.5 10.6 -16
2524 65.7 -5.5 14.1 7.2 28.1
