S03_selected_tokens_0091 analysis information:
Number of steps:
20
Cutoff frequencies were: 
5000 5158 5316 5474 5632 5789 5947 6105 6263 6421 6579 6737 6895 7053 7211 7368 7526 7684 7842 8000
Number of coefficients for prediction: 
5
Number of formants: 
3
Winner is:
6579 6579 6579
Errors (total,f1,f2,f3): 
402.1 470.4 542 679 242.7 68.1 59.7 53.3 48.4 45.5 43.4 45.4 49 91.2 117.2 160.1 159.4 143.4 162.3 273.3
97.8 101.1 92.5 107.1 46.4 8.6 8.5 9 9.2 9.5 9.5 10 10.5 12.9 13.9 14.5 12.7 12.7 13.8 14.2
163.6 186.1 253.6 341.7 118.5 20.2 18.4 16.9 16.2 16 16.3 16.5 17.1 31.7 30.4 51.4 41.2 39.8 33.3 40
140.7 183.2 195.9 230.2 77.8 39.3 32.8 27.4 23 20 17.6 18.9 21.4 46.6 72.9 94.2 105.5 90.9 115.2 219.1
Coefficients are (row-wise by formant):
810.1 -142.4 -47.5 -7.8 -23.7 -0.3
2096.5 245.1 -85.4 -31.6 -4 -22.5
2946.5 2 -17.9 -51 -7.3 -74.4
