S03_selected_tokens_0008 analysis information:
Number of steps:
20
Cutoff frequencies were: 
5000 5158 5316 5474 5632 5789 5947 6105 6263 6421 6579 6737 6895 7053 7211 7368 7526 7684 7842 8000
Number of coefficients for prediction: 
5
Number of formants: 
3
Winner is:
6105 6105 6105
Errors (total,f1,f2,f3): 
126.1 31 10036.2 433.6 33.1 29.7 29.2 28.5 35.8 50.4 81 74.9 69.5 52.7 54.9 60 78.7 150.2 186.7 208
5.4 3.8 5 31.1 7.2 5.3 5 5.1 11.5 17.4 13.7 7.3 5 4.3 4.4 4.1 4.2 4.2 3.6 3.8
90 17.2 20.8 185.5 7.8 7.3 7.4 7.4 8.3 8.9 8.8 7.8 9.6 10.8 11.9 12 10.3 8.5 7 6.4
30.7 10 10010.4 217 18.1 17.1 16.8 16 16 24.1 58.5 59.8 54.9 37.6 38.6 43.9 64.2 137.5 176.1 197.8
Coefficients are (row-wise by formant):
652.8 -8.3 -26.2 13.1 -1.3 -0.4
1724 -131.1 -66.9 -6.8 -18.4 -15.2
2716 151.1 40.4 45.3 -18.1 -6.8
