S03_selected_tokens_0082 analysis information:
Number of steps:
20
Cutoff frequencies were: 
5000 5158 5316 5474 5632 5789 5947 6105 6263 6421 6579 6737 6895 7053 7211 7368 7526 7684 7842 8000
Number of coefficients for prediction: 
5
Number of formants: 
3
Winner is:
6421 6421 6421
Errors (total,f1,f2,f3): 
442 521.8 910.3 785.2 547 105.5 89.2 74.8 70.4 67 73.6 187.6 175.3 173.7 249 210.1 223.4 174.5 181.5 355.2
57 60.9 208.1 159.1 21.8 13 11.4 9.6 9.8 9.7 10.6 30.2 28 23.4 60.2 23.4 16.7 18.1 24 66.2
251.5 273.5 464.7 431.3 377 31.1 30 27.4 25.7 24.8 25.7 42.9 52.5 51.9 47.6 49.8 36.6 34.5 49 40.5
133.5 187.4 237.5 194.8 148.2 61.4 47.8 37.8 34.9 32.5 37.3 114.5 94.8 98.4 141.2 136.9 170.1 121.9 108.5 248.5
Coefficients are (row-wise by formant):
687.3 -348.7 32.4 48.8 -30.8 -29.1
2478 409.6 -55 -42.1 7.2 33.5
3148.2 389.9 42 2.4 -69.3 42.8
