S03_selected_tokens_0105 analysis information:
Number of steps:
20
Cutoff frequencies were: 
5000 5158 5316 5474 5632 5789 5947 6105 6263 6421 6579 6737 6895 7053 7211 7368 7526 7684 7842 8000
Number of coefficients for prediction: 
5
Number of formants: 
3
Winner is:
6105 6105 6105
Errors (total,f1,f2,f3): 
143 417.9 547 633.9 368.8 222 53.4 50.2 52 53.4 53.7 56.2 62 66.1 88.9 120.4 97 67.5 64.1 73.8
6.7 77.3 156.3 159.6 74 41.1 8.7 8 8.6 8.8 8.7 9.3 10.7 11.7 13.8 19.1 18.6 11.9 9.2 7.6
45 134.6 163.4 208.5 126.4 72.2 25.5 23.4 24.3 24.6 24.5 25.4 27.3 28.6 36.1 54.6 42.6 26.9 27.5 37.2
91.3 206 227.3 265.8 168.4 108.7 19.2 18.8 19.1 20 20.5 21.5 24 25.8 39 46.7 35.8 28.7 27.4 29
Coefficients are (row-wise by formant):
998 15.8 -3.7 14 5.3 11.9
1694.3 -2.4 34.3 -19.4 11.4 -3.3
2649.5 -118.3 66 -30.4 54.9 -16.3
