S03_selected_tokens_0041 analysis information:
Number of steps:
20
Cutoff frequencies were: 
5000 5158 5316 5474 5632 5789 5947 6105 6263 6421 6579 6737 6895 7053 7211 7368 7526 7684 7842 8000
Number of coefficients for prediction: 
5
Number of formants: 
3
Winner is:
5158 5158 5158
Errors (total,f1,f2,f3): 
82 39.9 40.4 40.7 41.3 43.4 48.3 57.6 63.8 65.9 74.3 76.3 63.6 60.9 66.2 109.5 236.4 317.9 216 175.1
12.7 3.4 4.5 5.5 5.6 5 4.7 5.4 5.3 5.2 4.8 4.9 4.5 4.7 4.6 4.1 6 9.9 22.6 25.3
38 13.5 13.5 13.7 13.9 14.2 14.8 16.2 16.7 18 23.3 23.9 21.6 21.2 19.3 30.5 51.4 58 61.2 60.1
31.3 23 22.4 21.5 21.8 24.2 28.8 36 41.8 42.7 46.2 47.5 37.5 35 42.3 74.9 179 250 132.2 89.7
Coefficients are (row-wise by formant):
509.2 68.8 -22.7 0.9 5.2 -1.9
1744.3 50.2 85 -59.8 21.9 -21.7
2484.6 32.9 -19.7 -11.3 18.5 -14.9
