S03_selected_tokens_0045 analysis information:
Number of steps:
20
Cutoff frequencies were: 
5000 5158 5316 5474 5632 5789 5947 6105 6263 6421 6579 6737 6895 7053 7211 7368 7526 7684 7842 8000
Number of coefficients for prediction: 
5
Number of formants: 
3
Winner is:
5474 5474 5474
Errors (total,f1,f2,f3): 
334.5 262.1 260.8 34.4 34.8 36.3 37.7 38 45.5 46.9 44.3 47.6 52.9 56.6 64.2 85.4 114.4 198.1 154.8 150.8
12.4 8.5 13.8 5.1 5.2 6.5 7.9 8.8 8 6.7 6.5 6.4 6.4 6.9 8.6 13.2 14.5 30.7 20.4 19.6
188.3 133 141 8.3 8.6 8.9 9.2 9.5 10.2 9.1 8.7 10.3 12.9 14.2 13.7 14.8 18 43.9 21.6 21.5
133.8 120.6 106 21 21 20.9 20.6 19.7 27.3 31.1 29.1 30.9 33.6 35.5 41.9 57.4 81.9 123.5 112.8 109.7
Coefficients are (row-wise by formant):
464.7 88 -3.7 1 -3.8 1.9
1665.6 -9.9 32.8 -25.8 28.3 -25.3
2433.4 20 -3.5 -29.1 -6.5 14.7
