S03_selected_tokens_0058 analysis information:
Number of steps:
20
Cutoff frequencies were: 
5000 5158 5316 5474 5632 5789 5947 6105 6263 6421 6579 6737 6895 7053 7211 7368 7526 7684 7842 8000
Number of coefficients for prediction: 
5
Number of formants: 
3
Winner is:
6895 6895 6895
Errors (total,f1,f2,f3): 
118.9 150.8 116.8 97.5 105.5 85.9 120.9 143.6 119.7 107 101.9 85.3 74.8 90.8 107.4 115.1 125.6 133.2 221.5 219.9
2.9 3.6 4.3 4.9 6.2 7 8.7 8.7 7.7 6 3.6 3.4 3.7 4.2 5.9 7.3 14.2 11.7 19.7 12.5
16.4 23.4 18.7 19.4 20.3 20.5 20.5 23 19.3 19 18.5 18.4 17.9 17.6 18.3 19.8 27.5 27.1 71.2 77.9
99.6 123.8 93.8 73.2 79 58.4 91.7 111.9 92.7 82 79.8 63.5 53.2 69 83.2 88 83.9 94.4 130.6 129.5
Coefficients are (row-wise by formant):
477.6 122.8 28.6 -2.1 -1.1 2.5
986.2 -57.9 65.8 -34.2 39.6 -12.4
2796.2 -66.7 -140.1 31.5 9 0.4
