S03_selected_tokens_0087 analysis information:
Number of steps:
20
Cutoff frequencies were: 
5000 5158 5316 5474 5632 5789 5947 6105 6263 6421 6579 6737 6895 7053 7211 7368 7526 7684 7842 8000
Number of coefficients for prediction: 
5
Number of formants: 
3
Winner is:
7684 7684 7684
Errors (total,f1,f2,f3): 
473.8 633 453.4 804 72.3 71.7 62.4 56.5 57.5 57.1 64.1 70.7 85.8 97.7 116.7 112.9 62.5 55.8 67.7 116
63.8 137.9 95.4 162.5 9.9 8.8 10.5 8.6 10.8 9.7 15.7 19.1 27.5 23.4 20.6 14.4 11.7 12.1 12.7 19.3
223.2 306.5 228.8 417.1 11.7 10.8 10.2 10 10.7 11.2 12.2 12.9 14 14.6 16.4 16.8 18.1 13.9 15.1 25.7
186.8 188.6 129.2 224.4 50.7 52.1 41.7 37.9 36 36.2 36.2 38.7 44.3 59.7 79.7 81.7 32.7 29.8 39.9 71
Coefficients are (row-wise by formant):
629.1 -67.9 -24.8 20.8 -37 2.5
2090.8 232.6 -107 31.9 -31.8 -13.9
2760.8 276 -52.1 -82.2 63.5 -55.3
