S03_selected_tokens_0069 analysis information:
Number of steps:
20
Cutoff frequencies were: 
5000 5158 5316 5474 5632 5789 5947 6105 6263 6421 6579 6737 6895 7053 7211 7368 7526 7684 7842 8000
Number of coefficients for prediction: 
5
Number of formants: 
3
Winner is:
5632 5632 5632
Errors (total,f1,f2,f3): 
234.6 172.8 22 20.7 19.9 21.6 23.8 22.3 22.5 25 27.3 28.1 28.6 28.6 31 40.2 53.3 70.1 98.6 136.9
5.5 1.6 1.6 1.5 1.4 1.4 1.3 1.3 1.2 1.1 0.9 0.9 0.8 0.8 0.8 0.9 1.1 1.2 1.4 1.6
117.4 65.7 9.3 9.4 8.8 8.4 8.5 8.6 8.9 10.3 11.5 12.6 13.7 14.3 13.8 15 17 19.7 21.4 22.5
111.7 105.5 11.1 9.8 9.7 11.8 14 12.4 12.4 13.6 14.9 14.6 14.1 13.5 16.4 24.3 35.2 49.2 75.8 112.8
Coefficients are (row-wise by formant):
378.6 3.9 -5.4 0.6 -3.6 0.1
1572.8 49.8 46.8 -30.3 3.4 -21.2
2295.4 -136 -63.5 -12.4 -11.4 -19.4
