S03_selected_tokens_0061 analysis information:
Number of steps:
20
Cutoff frequencies were: 
5000 5158 5316 5474 5632 5789 5947 6105 6263 6421 6579 6737 6895 7053 7211 7368 7526 7684 7842 8000
Number of coefficients for prediction: 
5
Number of formants: 
3
Winner is:
6895 6895 6895
Errors (total,f1,f2,f3): 
351.6 295.3 183.2 132.3 218.3 185.1 191.8 197.9 219.4 119 111.3 98.6 92.9 105.2 123.4 117.7 121.2 131 124.7 131
22 12.7 8.2 8.6 9.1 8.2 7.7 7.7 7.3 7 6.3 5.9 5.7 6.3 6.5 5.9 6.8 7.1 6.9 7.1
123.8 85 44.6 29.6 51.7 35.6 28.4 30.4 37.1 17.4 18 18.9 19.7 20.5 21.9 24.2 23.6 23.4 22.4 21.9
205.8 197.6 130.4 94.1 157.5 141.3 155.7 159.8 175 94.6 87 73.8 67.5 78.4 95 87.6 90.8 100.5 95.4 102
Coefficients are (row-wise by formant):
373.3 -16.6 -3 -16 -6.8 -7.7
1087.1 -90.7 116.5 -76.4 47.7 -37.4
2601.2 -146.2 32.7 30.7 38.7 9.5
