S03_selected_tokens_0070 analysis information:
Number of steps:
20
Cutoff frequencies were: 
5000 5158 5316 5474 5632 5789 5947 6105 6263 6421 6579 6737 6895 7053 7211 7368 7526 7684 7842 8000
Number of coefficients for prediction: 
5
Number of formants: 
3
Winner is:
5632 5632 5632
Errors (total,f1,f2,f3): 
197.9 244.3 27.8 25 23.5 24.2 27.4 29.4 35.5 38.7 39 31.5 33 35.4 42.5 43.8 43.9 61.2 129.5 143.1
0.4 0.5 0.5 0.6 0.5 0.5 0.6 0.5 0.5 0.5 0.5 0.4 0.4 0.4 0.4 0.3 0.3 0.4 0.5 0.7
168.2 200.6 13.2 10.3 10 10.4 11 11.9 15.5 16.5 16.3 11.2 9.7 10.8 14.9 14.7 12.9 11.9 11.7 11.7
29.3 43.2 14.1 14.1 13 13.3 15.8 17 19.5 21.7 22.2 19.9 22.9 24.2 27.2 28.8 30.7 48.9 117.3 130.7
Coefficients are (row-wise by formant):
374.7 -3.9 -6 -0.9 -2.3 -0.2
2198.6 -47.4 -51.2 -74.2 -35.5 -9.7
2479.5 -113 -57.5 -37.8 -19.6 -11.1
