S03_selected_tokens_0024 analysis information:
Number of steps:
20
Cutoff frequencies were: 
5000 5158 5316 5474 5632 5789 5947 6105 6263 6421 6579 6737 6895 7053 7211 7368 7526 7684 7842 8000
Number of coefficients for prediction: 
5
Number of formants: 
3
Winner is:
6263 6263 6263
Errors (total,f1,f2,f3): 
10030.5 10041.6 10188.4 251.7 50 41.4 38 35.1 33.6 34.1 40.6 44 60.5 68 65.8 60.3 58.2 57.8 88.8 252.4
3.9 4.6 12.4 9 3.9 3.5 4 4.3 5.1 7 12.3 9.4 5.5 4.1 3.5 3.2 2.7 2.4 2.8 4.2
14.3 23.5 95.8 84.7 11.1 11 10.5 10.6 11.3 11.9 13.4 14 14.4 16.8 13.7 11.7 10.3 11.4 18.1 23.9
10012.3 10013.5 10080.2 158 35 26.9 23.5 20.2 17.2 15.2 14.9 20.6 40.6 47.1 48.6 45.4 45.2 44 67.9 224.3
Coefficients are (row-wise by formant):
589.2 -96.8 -1.6 1.1 -18.6 2
1735.1 231 -65.9 18 -10 15.9
2766.6 25.6 25.8 -32.3 22.1 22.9
