S03_selected_tokens_0104 analysis information:
Number of steps:
20
Cutoff frequencies were: 
5000 5158 5316 5474 5632 5789 5947 6105 6263 6421 6579 6737 6895 7053 7211 7368 7526 7684 7842 8000
Number of coefficients for prediction: 
5
Number of formants: 
3
Winner is:
6579 6579 6579
Errors (total,f1,f2,f3): 
10039.2 10191.5 10709.2 454 229.3 59.4 55.2 53.7 51.5 49.8 48.3 49.9 53.3 63.4 80.6 194.5 185.2 126.6 117.1 115.4
17.3 51.9 153.8 86.1 40.9 3.8 3.8 4 3.9 4 3.9 4 3.9 5 5.9 11.6 11.7 9.1 8.6 9.2
4.2 47.4 172.6 108.1 56.3 18.4 18.3 18.3 18.3 18.7 19.3 20.7 22.6 26.1 36 44.3 41.5 33.9 30.5 31
10017.7 10092.2 10382.8 259.8 132.1 37.2 33.1 31.4 29.3 27.1 25.1 25.2 26.8 32.3 38.7 138.6 132 83.6 78 75.2
Coefficients are (row-wise by formant):
931.8 -9 -39.9 8.7 -12.7 7
1509.1 -0.8 90.7 -25.9 39.4 -0.2
3104 16.6 -151.5 6.3 -15.9 -19.8
