S03_selected_tokens_0052 analysis information:
Number of steps:
20
Cutoff frequencies were: 
5000 5158 5316 5474 5632 5789 5947 6105 6263 6421 6579 6737 6895 7053 7211 7368 7526 7684 7842 8000
Number of coefficients for prediction: 
5
Number of formants: 
3
Winner is:
5158 5158 5158
Errors (total,f1,f2,f3): 
133 76 104.4 97.3 139.8 163.7 165.4 128.7 215.2 196.2 189 170.7 267.2 227.5 155.9 278.8 419.7 336.4 448.7 407.3
29.7 14.9 15.7 16.5 20.9 25.6 21.5 19.8 9.9 9.7 8.6 10.1 10.4 10 13.6 44 67.1 44.4 58.8 56.3
19.7 11.7 13.4 13.6 14.4 14.5 12.3 12.2 12.4 12.7 12.3 11.1 10.5 9.9 11 54.6 101.2 70.6 128.4 145.8
83.6 49.4 75.3 67.2 104.5 123.6 131.6 96.7 192.9 173.8 168.1 149.5 246.3 207.6 131.3 180.2 251.4 221.4 261.5 205.2
Coefficients are (row-wise by formant):
602.9 170.1 -29.1 -0.1 1.9 13.2
991.6 109.1 26.3 -7.7 18.5 10.7
2284 5.3 -120.8 -7.3 -44.2 3.1
