S03_selected_tokens_0018 analysis information:
Number of steps:
20
Cutoff frequencies were: 
5000 5158 5316 5474 5632 5789 5947 6105 6263 6421 6579 6737 6895 7053 7211 7368 7526 7684 7842 8000
Number of coefficients for prediction: 
5
Number of formants: 
3
Winner is:
6737 6737 6737
Errors (total,f1,f2,f3): 
96.9 26.6 36.1 388.5 383.3 19.9 17.8 15.1 14.8 14.5 10.7 8.1 11.3 16.9 19.3 16.9 23.2 28.5 35.2 45.5
1.6 2.2 4.3 7.3 10.4 10.5 8.7 6 3.8 3 1.8 1.9 2.3 2.4 2.4 2.8 3 2.8 2.8 3
91.2 20.4 28.6 222.9 205.6 3.1 2.9 3 3.8 3.4 2 1.8 2.6 3.1 4.1 5.5 7.4 7.9 9.1 11.4
4.1 4 3.2 158.3 167.3 6.3 6.2 6.1 7.2 8.1 6.9 4.4 6.4 11.4 12.8 8.6 12.8 17.8 23.3 31.1
Coefficients are (row-wise by formant):
426 32.2 -31.5 2.1 -1.3 2.5
2071.4 47 -35 3.9 18.4 5.5
3032.6 -48.8 -10.5 11.9 -6.1 -6.2
