S03_selected_tokens_0055 analysis information:
Number of steps:
20
Cutoff frequencies were: 
5000 5158 5316 5474 5632 5789 5947 6105 6263 6421 6579 6737 6895 7053 7211 7368 7526 7684 7842 8000
Number of coefficients for prediction: 
5
Number of formants: 
3
Winner is:
5789 5789 5789
Errors (total,f1,f2,f3): 
133.3 10370.8 46.6 46.9 47.3 45.9 46.8 50 56.3 73.1 88.8 80.8 76.6 73.5 70.6 66.4 75.6 149 650.5 375.3
8.4 26.2 6.8 7 8.1 9.4 11.8 14.4 18 16 10.4 8.9 8.8 8.9 8.7 8.6 9.3 10.3 31.7 27.2
66.7 206.4 17.2 18 18.7 17.9 17.7 18.2 18.5 21.8 25.1 22.1 22.4 22.1 22.3 20.2 23.2 49.4 119.1 41.7
58.2 10138.2 22.6 21.9 20.5 18.6 17.3 17.4 19.8 35.3 53.3 49.8 45.4 42.5 39.6 37.6 43.1 89.3 499.7 306.4
Coefficients are (row-wise by formant):
619.4 111.9 -66.7 -42.6 -38.4 -1.7
1592.4 126.1 57.4 -11.1 28.5 8.6
2376.1 59.3 54.9 54.7 11.4 20
