S03_selected_tokens_0029 analysis information:
Number of steps:
20
Cutoff frequencies were: 
5000 5158 5316 5474 5632 5789 5947 6105 6263 6421 6579 6737 6895 7053 7211 7368 7526 7684 7842 8000
Number of coefficients for prediction: 
5
Number of formants: 
3
Winner is:
6421 6421 6421
Errors (total,f1,f2,f3): 
161.5 174.6 179.4 185.1 181.7 251.5 245.9 47.3 42.6 40.8 43.2 46.7 52.6 72.6 84.2 80.7 77 73.8 90.9 93.6
9.1 8.1 8.2 9.4 9.5 9.8 10.4 10.8 9.6 9.1 9.3 8.4 7.3 7.3 7.3 7.3 7.4 7.8 7.9 8
72.6 112.2 122.6 119.4 117.2 109.5 131.6 12.2 12.1 12 12.1 12.5 13.4 18.8 22.8 26.8 29.2 21.7 22.2 23.7
79.8 54.3 48.6 56.3 55 132.2 103.9 24.3 20.9 19.7 21.8 25.8 31.9 46.5 54.1 46.6 40.4 44.3 60.8 61.9
Coefficients are (row-wise by formant):
389.2 -29.4 -1.6 -6.3 -10.4 -5.2
2237 616.6 -233.8 97.6 -46.9 22
2929.8 253.3 24.5 15.8 -10.5 6.1
