S03_selected_tokens_0002 analysis information:
Number of steps:
20
Cutoff frequencies were: 
5000 5158 5316 5474 5632 5789 5947 6105 6263 6421 6579 6737 6895 7053 7211 7368 7526 7684 7842 8000
Number of coefficients for prediction: 
5
Number of formants: 
3
Winner is:
6737 6737 6737
Errors (total,f1,f2,f3): 
20.4 20.1 403.4 221.6 24.3 27.2 25.9 23.2 22.5 23.2 27.1 29.7 34.3 55.6 31.8 27.7 27.4 33.9 41.1 64
2.7 2 18.3 8.8 7.5 9.4 8.7 8.2 8.5 9.7 11.7 12.7 10.2 2.7 1.7 1.7 1.9 2 2.2 2.3
11.9 12 265.5 150.8 5 4.8 5.1 5 5 5 5.5 5.6 5.7 9.8 6.1 4.7 4.5 8 10.7 14.6
5.8 6.1 119.6 62 11.8 13 12.1 10 9 8.5 9.9 11.4 18.4 43.1 24 21.3 21 23.9 28.2 47.1
Coefficients are (row-wise by formant):
472.6 -62.4 -44.5 17.9 -14.2 13.1
2098.4 92.7 -23 -10.8 -9.7 4.1
2900.6 -7.4 -20 14.6 -17.9 10.7
