S03_selected_tokens_0103 analysis information:
Number of steps:
20
Cutoff frequencies were: 
5000 5158 5316 5474 5632 5789 5947 6105 6263 6421 6579 6737 6895 7053 7211 7368 7526 7684 7842 8000
Number of coefficients for prediction: 
5
Number of formants: 
3
Winner is:
6579 6579 6579
Errors (total,f1,f2,f3): 
175.5 10280 10246.8 10420.3 10235.4 562.6 336 139 48.6 45.4 43 45.8 49.5 67.9 128.3 148.4 106.7 104.5 120.8 192.1
44.8 54.4 58.3 122.2 71.6 79.9 46.2 9.5 8.3 8.9 8.1 9.1 9.9 11.7 13.7 13.7 13.6 12.8 24 13.7
72 145 111.7 175.3 94 225.6 126.4 59 15.5 14.9 14.2 14.9 13.1 14.4 46.6 60.7 31.6 31.7 42.4 68.3
58.7 10080.6 10076.8 10122.8 10069.8 257.1 163.4 70.5 24.8 21.6 20.7 21.8 26.5 41.8 68 74 61.5 60 54.4 110.1
Coefficients are (row-wise by formant):
945.2 -24.8 -28.1 5.6 -10.1 2.5
1857.1 88 57.9 -12 45.3 -12.4
2823.8 -20 14.1 13.6 42.6 -11.4
