S06_selected_tokens_0057 analysis information:
Number of steps:
20
Cutoff frequencies were: 
5000 5158 5316 5474 5632 5789 5947 6105 6263 6421 6579 6737 6895 7053 7211 7368 7526 7684 7842 8000
Number of coefficients for prediction: 
5
Number of formants: 
3
Winner is:
6421 6421 6421
Errors (total,f1,f2,f3): 
65.3 61.1 45.9 48.9 46.7 47.5 45.9 47.8 48 42.7 45.7 45.2 49.6 61.3 538.5 779.5 114.2 177.5 139 131.1
12.9 14.4 13.3 14.7 13.4 13.2 13.7 13.4 14.3 12.8 13.4 12.7 14.2 19.1 109.8 219.3 38.6 35.2 34.7 38.6
22.1 22.4 22.7 22.3 20.3 19.6 21.4 19.4 18.5 19.5 20 20.2 21.7 27.1 225 264.2 39 46.4 38.7 39.5
30.3 24.3 9.9 11.9 13 14.7 10.8 15 15.2 10.4 12.3 12.3 13.7 15.1 203.7 296 36.6 95.9 65.6 53
Coefficients are (row-wise by formant):
424.1 72.3 -22.7 0.2 -14.4 -3.8
1412.1 358.4 56.5 10 -21.9 3.1
2568.5 45.7 -16.4 27.6 -11.5 23.3
