S06_selected_tokens_0072 analysis information:
Number of steps:
20
Cutoff frequencies were: 
5000 5158 5316 5474 5632 5789 5947 6105 6263 6421 6579 6737 6895 7053 7211 7368 7526 7684 7842 8000
Number of coefficients for prediction: 
5
Number of formants: 
3
Winner is:
5474 5474 5474
Errors (total,f1,f2,f3): 
48.4 35.7 83.3 34.8 89.5 158.3 162.2 175.4 199.1 254.9 319.3 337.4 343.4 354.2 403.5 399.1 431.1 435.9 461.9 482.7
6.1 4.4 37.2 5.1 37.1 71.9 71.9 67.6 87.6 103.7 128.8 130.1 128.7 130.2 153 153.4 170.5 172 184.6 194.5
13.9 14 20.2 13.5 23.8 44 35.9 36.6 37.6 60.2 89 95 93.8 93.8 107.1 107.2 117.1 118.2 126.2 132.7
28.4 17.3 25.9 16.2 28.6 42.4 54.4 71.2 73.9 91 101.5 112.3 120.9 130.2 143.4 138.5 143.5 145.7 151.1 155.5
Coefficients are (row-wise by formant):
293.5 -15.7 -6.4 2.6 -10.1 -5.5
2061.7 316.6 -94.8 -37.3 40.9 -44.9
2583.4 140.8 63.2 22.3 32.3 24
