S06_selected_tokens_0090 analysis information:
Number of steps:
20
Cutoff frequencies were: 
5000 5158 5316 5474 5632 5789 5947 6105 6263 6421 6579 6737 6895 7053 7211 7368 7526 7684 7842 8000
Number of coefficients for prediction: 
5
Number of formants: 
3
Winner is:
5474 5474 5474
Errors (total,f1,f2,f3): 
72 65.4 57.8 55.8 64.8 326.1 477.9 262 296.4 309.9 388.4 560.7 396 356 708.1 619.8 416.5 370.6 351.2 492
3.1 2.8 2.7 3.8 9.8 148.1 207.4 139.6 142.4 143.8 200.7 273.2 189.9 176.8 320.8 249 176.7 165.7 159.1 172
11.5 10.5 9.9 9.4 9.1 65.7 148.7 42.1 83.9 86.7 101.6 187.2 127.3 114.6 298.4 266.5 151.8 119.9 114.1 183.5
57.4 52.1 45.2 42.6 45.9 112.3 121.8 80.3 70.1 79.4 86.1 100.3 78.8 64.6 88.9 104.3 88 85 78 136.5
Coefficients are (row-wise by formant):
384.1 -25.3 -45 14.2 -0.5 -8.1
2184.3 376.2 21.5 -0.6 -21.2 -10.7
2677 418 47.7 65.9 70.5 5.5
