S06_selected_tokens_0062 analysis information:
Number of steps:
20
Cutoff frequencies were: 
5000 5158 5316 5474 5632 5789 5947 6105 6263 6421 6579 6737 6895 7053 7211 7368 7526 7684 7842 8000
Number of coefficients for prediction: 
5
Number of formants: 
3
Winner is:
5632 5632 5632
Errors (total,f1,f2,f3): 
79 63.7 43.9 43.3 43.1 110.4 94.2 95.1 112.1 91.4 107 124.2 148.2 147.1 135.9 109.8 87 71.7 62.3 68.3
10.4 9.8 9.3 8.7 8.8 8.4 8.3 8.4 8.4 8.5 9 9.2 9.4 9.5 9.5 9.3 9.3 9.6 10 10.9
35.3 18.8 13.9 14.9 13.4 41.8 30.2 34.7 17.4 16.4 16 17.4 17.7 17.3 16.7 15.7 15.4 15 14.9 14
33.3 35.1 20.7 19.7 20.9 60.2 55.7 52 86.3 66.5 82 97.6 121.1 120.3 109.7 84.8 62.3 47.1 37.4 43.4
Coefficients are (row-wise by formant):
310 10.5 -20.8 12.9 -15.1 9.8
2041.6 159.6 23.3 -46.1 21.7 -17.6
2535.8 80.1 40.5 -36.2 36.1 -7.7
