S06_selected_tokens_0050 analysis information:
Number of steps:
20
Cutoff frequencies were: 
5000 5158 5316 5474 5632 5789 5947 6105 6263 6421 6579 6737 6895 7053 7211 7368 7526 7684 7842 8000
Number of coefficients for prediction: 
5
Number of formants: 
3
Winner is:
5789 5789 5789
Errors (total,f1,f2,f3): 
114.6 134.4 156.8 121.1 42 39.2 41.1 41 42.9 43.5 46.4 53.4 63.8 77 94 117.8 426.7 672.9 634.1 638.2
9.5 8.7 7.4 6.4 6.3 6.5 7.7 9.6 9.9 10.5 10.7 11.1 11.7 12 13.2 17.5 57.5 120.4 85.3 111.4
17.6 15 17.6 14 12.5 11.9 11.8 10.6 10.9 11.9 13 14 15.4 17.2 18.7 23.3 243.4 353.9 308.6 323.7
87.5 110.7 131.8 100.7 23.2 20.8 21.6 20.8 22.1 21.1 22.7 28.3 36.7 47.8 62.1 77 125.8 198.6 240.2 203.1
Coefficients are (row-wise by formant):
362.8 60.4 25.4 7.6 -6.4 -5.3
1173.5 -130.3 144.8 -26 33.7 20
2831 146.3 -13.9 -36.3 22.7 -15.5
