S06_selected_tokens_0058 analysis information:
Number of steps:
20
Cutoff frequencies were: 
5000 5158 5316 5474 5632 5789 5947 6105 6263 6421 6579 6737 6895 7053 7211 7368 7526 7684 7842 8000
Number of coefficients for prediction: 
5
Number of formants: 
3
Winner is:
5000 5000 5000
Errors (total,f1,f2,f3): 
56.3 58 70.3 76.2 73.4 72.4 70.1 65.8 67.5 105.4 266.2 276.1 482.3 770.5 802.1 1063.9 1047.3 951.3 1212.9 605.8
15.9 15.3 14.4 13 10.6 10 9.6 9.6 10.2 13.8 18.5 32.3 68.2 106.8 133.3 192.2 169.2 142.6 147.2 71.4
22 25.3 37.3 45.3 43.9 42.2 38.3 34.7 36.8 66.7 214.7 206.1 294.5 440.3 417.3 535.7 550.4 515.8 716.9 386.2
18.4 17.4 18.6 17.9 18.9 20.2 22.2 21.5 20.5 24.9 33 37.7 119.6 223.4 251.5 336 327.7 292.9 348.8 148.2
Coefficients are (row-wise by formant):
362.1 70.4 -13.8 10.2 -30.6 11.2
1118.8 192.8 111.7 -23.8 40.5 8.6
2722.4 -56.2 -111.3 60 -13.1 -12.2
