S06_selected_tokens_0024 analysis information:
Number of steps:
20
Cutoff frequencies were: 
5000 5158 5316 5474 5632 5789 5947 6105 6263 6421 6579 6737 6895 7053 7211 7368 7526 7684 7842 8000
Number of coefficients for prediction: 
5
Number of formants: 
3
Winner is:
5947 5947 5947
Errors (total,f1,f2,f3): 
120.5 107.5 41.1 54.7 20.1 15.8 14.5 14.9 16.1 17.6 17.6 15.9 22.8 53.2 1135.8 756 891.2 1314.3 1157.7 1086.8
3.7 3.8 3.8 3.8 3.3 3.2 2.7 2.7 3.6 3.6 3.1 2.8 5.2 33.8 326.9 197.3 213 313.9 280.5 294.9
3.7 4.1 4.6 4.7 4.6 4.7 4.8 4.9 5 4.7 4.5 4.9 5.4 5.1 472.9 327.4 386.1 571.3 460.2 417.7
113.1 99.6 32.7 46.2 12.2 7.9 7 7.3 7.5 9.3 10 8.2 12.2 14.3 336 231.3 292.1 429.1 417 374.2
Coefficients are (row-wise by formant):
418.5 -29.8 -12.4 10.5 -7.6 -1.7
1598.4 154 -50.3 4.6 -5.9 -0.2
2936.6 -143.6 5.5 -11.3 12.9 -12.4
