S06_selected_tokens_0103 analysis information:
Number of steps:
20
Cutoff frequencies were: 
5000 5158 5316 5474 5632 5789 5947 6105 6263 6421 6579 6737 6895 7053 7211 7368 7526 7684 7842 8000
Number of coefficients for prediction: 
5
Number of formants: 
3
Winner is:
5789 5789 5789
Errors (total,f1,f2,f3): 
258.1 375.5 308.9 277.3 98.2 59.3 64.3 68.5 76.7 87.5 79.6 66.7 63.8 66.6 75.7 97.5 129.6 203.3 637.3 677.5
28.7 41.3 27.6 24.6 24.4 26.3 31.6 36 42.9 46 34 28.7 27.7 27.4 29.4 35.5 47.5 81.4 254 299.3
104 132.2 115 71.1 30.9 9.9 10 9.5 9.2 10 9.2 8 8 8.8 10.7 13.7 15.9 18 186 177
125.4 202 166.3 181.6 42.9 23.1 22.7 23 24.6 31.5 36.4 30 28.1 30.4 35.6 48.3 66.2 103.9 197.3 201.2
Coefficients are (row-wise by formant):
856.2 25 -84.1 23.4 -32.1 -14.1
1857.1 38.3 27.3 23.6 -10 0.7
2815 -108 19.5 15.1 -13.8 10.2
