S06_selected_tokens_0045 analysis information:
Number of steps:
20
Cutoff frequencies were: 
5000 5158 5316 5474 5632 5789 5947 6105 6263 6421 6579 6737 6895 7053 7211 7368 7526 7684 7842 8000
Number of coefficients for prediction: 
5
Number of formants: 
3
Winner is:
5947 5947 5947
Errors (total,f1,f2,f3): 
59.7 35.2 36.6 35.3 34.3 33.9 33 35 38.6 42 40.5 47.2 116.3 146.4 791.4 652.3 810.9 978.8 1045.5 1191.6
7.3 9.5 11 10.5 10.2 9.7 9.3 9.3 8.8 8.4 8 8.8 28.4 38 257.1 192 217.8 288.6 306 353
12 11.9 11.9 12 12 12.3 12.4 12.4 12.7 12.6 12.9 14.2 33.7 37 227.6 189.8 238.9 280 303.3 367.1
40.4 13.8 13.7 12.8 12.1 11.9 11.3 13.3 17.1 21 19.6 24.2 54.2 71.4 306.7 270.5 354.2 410.2 436.2 471.5
Coefficients are (row-wise by formant):
361.1 66.7 -1.6 -29.2 -29 -16.4
1577 63.3 91.8 -48.6 28.9 7
2602 -7 2 -3.3 2 2.4
