S06_selected_tokens_0010 analysis information:
Number of steps:
20
Cutoff frequencies were: 
5000 5158 5316 5474 5632 5789 5947 6105 6263 6421 6579 6737 6895 7053 7211 7368 7526 7684 7842 8000
Number of coefficients for prediction: 
5
Number of formants: 
3
Winner is:
5789 5789 5789
Errors (total,f1,f2,f3): 
68.4 17.8 15.4 13.7 12.8 12 12.6 18.8 17.2 18.3 24.2 36 42.3 47.9 53.2 52 62.9 719.6 696.6 615.1
1.5 1.7 1.9 2 2.1 2.1 2.1 2 1.8 1.5 1.5 1.7 2.9 6.2 11.2 16 28.9 303.6 303.1 255.7
7.9 5.4 5.2 4.9 4.7 4.5 4.3 4 4.7 5.1 5.6 5.9 5.9 5.6 5 3.9 3.5 224 208.4 201.5
59 10.7 8.3 6.8 6 5.4 6.2 12.8 10.7 11.7 17.1 28.4 33.5 36.1 37 32.1 30.5 192 185.1 157.9
Coefficients are (row-wise by formant):
398 19 2.6 0.9 -1.3 3.7
1868.2 20.1 -12.9 -18.6 -13 -7.2
2879.2 -5.5 -25.7 -32.1 -32.5 -17.7
