S06_selected_tokens_0026 analysis information:
Number of steps:
20
Cutoff frequencies were: 
5000 5158 5316 5474 5632 5789 5947 6105 6263 6421 6579 6737 6895 7053 7211 7368 7526 7684 7842 8000
Number of coefficients for prediction: 
5
Number of formants: 
3
Winner is:
6263 6263 6263
Errors (total,f1,f2,f3): 
365.3 346.4 260.1 62.6 180.9 56.8 196.2 195.6 40 190 190.6 301.5 366.9 684 675.9 736.2 1088.7 985.2 946.9 608
6.4 69.3 6.9 27.4 80.4 28.9 81.3 77.3 5 76.6 77.4 127.2 155.1 224.8 220.7 258.1 310.9 291.6 255.5 245
81.1 72 89.2 13.8 48.3 14.1 53.6 53.1 15.4 50.9 51 80 100.5 264.1 266.6 257.8 448.7 395.1 379.6 192.7
277.8 205.1 164 21.4 52.2 13.8 61.3 65.2 19.6 62.5 62.2 94.3 111.3 195.1 188.6 220.3 329.1 298.5 311.8 170.3
Coefficients are (row-wise by formant):
889.1 -306 588 427.9 20.2 336
2533.1 -426.5 714.7 328.8 -24.5 240.5
3704.6 -215.1 598.2 355.2 -34.8 181.9
