S06_selected_tokens_0088 analysis information:
Number of steps:
20
Cutoff frequencies were: 
5000 5158 5316 5474 5632 5789 5947 6105 6263 6421 6579 6737 6895 7053 7211 7368 7526 7684 7842 8000
Number of coefficients for prediction: 
5
Number of formants: 
3
Winner is:
5158 5158 5158
Errors (total,f1,f2,f3): 
45 40.7 46.3 55 231.6 505.3 392.2 393.1 422.3 592.5 521.3 380.5 476.8 473.7 517 448.3 554 580.4 609.8 638.6
3.3 3.3 4 5.3 108.1 254.6 195.4 186.8 200.8 293.9 247.9 158.3 172.7 168.3 160.5 211.6 254.8 259 252.4 246.2
15.5 13.8 14.9 13.8 55.2 122.2 101 108.6 122.3 168.2 150.2 88.9 142.1 157.2 187.4 125 147.4 159.4 185.2 213.6
26.2 23.6 27.4 35.9 68.3 128.5 95.8 97.7 99.2 130.4 123.2 133.3 162 148.2 169.1 111.7 151.8 162 172.2 178.8
Coefficients are (row-wise by formant):
340.3 17.9 2.6 -0.1 -1.9 1.1
2131.8 399.4 -54.1 -15.1 -16.6 -7.5
2507 265.9 -64.7 -57.2 11.2 17.6
