S06_selected_tokens_0032 analysis information:
Number of steps:
20
Cutoff frequencies were: 
5000 5158 5316 5474 5632 5789 5947 6105 6263 6421 6579 6737 6895 7053 7211 7368 7526 7684 7842 8000
Number of coefficients for prediction: 
5
Number of formants: 
3
Winner is:
6421 6421 6421
Errors (total,f1,f2,f3): 
12.6 12.4 10.9 10.8 9.4 8.8 10.2 10.2 10.4 8.5 12.5 25.6 29 32.3 499 309.4 303.4 304.6 320 339.6
1.5 1.5 1 1.1 0.7 0.7 0.3 0.4 0.3 0.2 0.5 0.6 1.9 7.2 174.9 109.9 102.8 106.4 118.4 114.3
6.2 6.1 6.3 6.1 6.2 5.8 6 5.1 5.3 5.4 4.8 4.7 4.9 4.9 201.2 126.6 122.6 124.3 128.9 130.6
4.9 4.8 3.6 3.6 2.5 2.3 3.9 4.7 4.8 2.9 7.2 20.3 22.2 20.2 122.9 72.9 78 73.9 72.7 94.7
Coefficients are (row-wise by formant):
708.4 -646.5 349.2 48 -193.4 139.6
2234 -725 429 -17.1 -249 162.1
3436.3 -575 348.2 85.2 -130.4 117.7
