S06_selected_tokens_0048 analysis information:
Number of steps:
20
Cutoff frequencies were: 
5000 5158 5316 5474 5632 5789 5947 6105 6263 6421 6579 6737 6895 7053 7211 7368 7526 7684 7842 8000
Number of coefficients for prediction: 
5
Number of formants: 
3
Winner is:
5789 5789 5789
Errors (total,f1,f2,f3): 
285.8 145.6 49.9 48.7 48.1 46.2 50.4 53.9 57 59.9 58.8 66.3 83.6 364.5 613.5 567.1 540.1 284.1 356.2 436.9
4.8 5.3 5 4.7 4.1 3.1 2.8 2.7 2.8 3.3 4.4 6.8 14.1 87.3 167.2 114.3 83.2 52.6 56.3 83.6
23.5 24.2 24.4 24.4 24.1 21.3 20.2 20.1 21 22.2 23.5 24.9 26.9 159.1 274.9 275.9 230.3 147.8 174.9 213.8
257.5 116.1 20.5 19.6 19.9 21.8 27.4 31.1 33.2 34.4 30.9 34.6 42.6 118.1 171.4 176.9 226.6 83.7 125 139.5
Coefficients are (row-wise by formant):
371.2 56.4 -17.8 -14.6 1.3 7.3
1160.3 28.4 152 -77.9 41.6 -43
2705.7 110.2 -183.8 65.9 -5.5 -11.5
