S06_selected_tokens_0069 analysis information:
Number of steps:
20
Cutoff frequencies were: 
5000 5158 5316 5474 5632 5789 5947 6105 6263 6421 6579 6737 6895 7053 7211 7368 7526 7684 7842 8000
Number of coefficients for prediction: 
5
Number of formants: 
3
Winner is:
6105 6105 6105
Errors (total,f1,f2,f3): 
27.2 27.2 26.9 26.5 26.2 27.2 25.8 24.3 26.9 37.6 55.9 85.9 124.9 163.8 223.5 247 253.2 254 230.1 295.1
2.3 2 1.8 1.5 1.2 1.1 1 0.9 0.8 0.8 1.1 1.9 2.2 2.2 3.1 3 2.1 2.5 6.3 11.8
15.4 16 16 15.8 14.5 13.3 10.1 10 11.1 14 19.4 36.8 46.7 50 54.3 54.1 48.5 48.2 56.9 105.9
9.5 9.2 9.1 9.2 10.5 12.8 14.7 13.4 15 22.8 35.4 47.2 76 111.6 166.1 189.9 202.6 203.3 166.9 177.4
Coefficients are (row-wise by formant):
341.7 1.9 7 0.7 1 0.3
1402.8 -100.4 37.3 -93.2 -3.1 -34.8
2304.5 -119.4 -39.9 -27.1 -9.4 -34
