S06_selected_tokens_0052 analysis information:
Number of steps:
20
Cutoff frequencies were: 
5000 5158 5316 5474 5632 5789 5947 6105 6263 6421 6579 6737 6895 7053 7211 7368 7526 7684 7842 8000
Number of coefficients for prediction: 
5
Number of formants: 
3
Winner is:
5947 5947 5947
Errors (total,f1,f2,f3): 
96.6 69.4 103 68.1 91.9 75.5 50.8 67.1 63.9 67.8 76.4 82.2 87.1 115.8 958.7 1227 1062.5 571 438.6 465.7
12.9 12.7 12.3 13.4 12.4 9.4 8.6 8.7 9.3 9.9 11.2 11.5 11.4 15.5 65.2 81 62.4 48.6 27.5 48.4
32.6 30.3 31 30.2 27.1 16.4 14.4 15.8 18.6 22.4 29 32.6 38 55.4 625.7 722.1 613 253.1 199.7 255.8
51.1 26.4 59.7 24.5 52.4 49.7 27.8 42.6 36 35.5 36.2 38.1 37.7 44.9 267.8 423.9 387.1 269.3 211.4 161.5
Coefficients are (row-wise by formant):
392.1 91.2 -41.1 19.9 -16.7 16.7
913.3 161.7 43.1 13.9 6.4 13.1
2744.6 -67.5 -176.2 16.2 -67.8 36.5
