S06_selected_tokens_0006 analysis information:
Number of steps:
20
Cutoff frequencies were: 
5000 5158 5316 5474 5632 5789 5947 6105 6263 6421 6579 6737 6895 7053 7211 7368 7526 7684 7842 8000
Number of coefficients for prediction: 
5
Number of formants: 
3
Winner is:
6421 6421 6421
Errors (total,f1,f2,f3): 
188.5 35.4 32.2 36.1 35 35.3 49.6 40.6 31.3 24 25.8 44.5 45.7 33.4 32.3 35.8 550.9 652.5 622.5 773.6
4.1 4.2 4.7 5 5.6 5.3 3.6 2 0.8 0.7 0.8 0.8 1.3 3 6 13.6 231.1 271.1 256 328.6
13.9 9.4 9.2 9.3 9.2 9.3 9.9 11.8 9.6 7.8 8.1 7.9 8 8.5 9.3 9.6 152.6 183.5 177.7 211.6
170.5 21.8 18.3 21.8 20.2 20.7 36.1 26.8 20.9 15.5 16.9 35.8 36.4 21.9 17 12.6 167.2 197.9 188.8 233.4
Coefficients are (row-wise by formant):
355.5 14.4 -17 5.4 -1.1 1.5
1811.2 258.3 -59.2 44.6 -6.2 -2.8
2735.7 145.7 -99.1 75.2 -43.4 22.1
