S06_selected_tokens_0033 analysis information:
Number of steps:
20
Cutoff frequencies were: 
5000 5158 5316 5474 5632 5789 5947 6105 6263 6421 6579 6737 6895 7053 7211 7368 7526 7684 7842 8000
Number of coefficients for prediction: 
5
Number of formants: 
3
Winner is:
5474 5474 5474
Errors (total,f1,f2,f3): 
163.6 84.7 51 50.1 52.4 54.1 67.6 85.5 74.2 84.6 79.6 90.5 83.6 71.4 68.6 68.1 74.7 83.1 92.8 99.8
5.2 5.5 5.6 5.6 5.2 4.6 3.7 3 2.9 2.9 3 3.1 2.9 2.8 3.8 3.9 5.1 6.7 8.1 10.8
27.7 28 29 30.5 32.6 31.6 28.8 36.9 33.5 35.4 35.9 34.9 34.5 35 37.3 37.5 39.9 41.8 44.7 48.4
130.7 51.2 16.4 14 14.6 17.9 35.1 45.6 37.8 46.3 40.7 52.5 46.2 33.6 27.5 26.7 29.7 34.6 40 40.6
Coefficients are (row-wise by formant):
361.9 -45.6 1 2.1 2.8 -2.7
2021.2 226.6 -281.8 -52.4 -100.3 -12.7
2746.2 -143.6 -72.4 -66.4 9.2 17.4
