S06_selected_tokens_0023 analysis information:
Number of steps:
20
Cutoff frequencies were: 
5000 5158 5316 5474 5632 5789 5947 6105 6263 6421 6579 6737 6895 7053 7211 7368 7526 7684 7842 8000
Number of coefficients for prediction: 
5
Number of formants: 
3
Winner is:
6895 6895 6895
Errors (total,f1,f2,f3): 
145.9 133.6 124.4 94.5 64.6 51.2 59.9 75.7 67 50.2 46.7 42.8 40.4 42.5 45.3 45.9 43.1 42.4 43.7 297.9
3.9 4.3 4.2 4.4 4.1 4 3.9 3.5 4 3.8 4.1 4.1 4.6 4.5 5.3 6 6.8 9.1 13.2 144.9
61.2 42.1 26.8 15.2 14.8 14.4 15.4 19.6 22.6 20.8 17 15.8 15.7 17.4 17.2 16.8 16.1 14.4 13.8 53.8
80.8 87.2 93.4 74.9 45.7 32.8 40.6 52.6 40.4 25.6 25.6 22.9 20.1 20.6 22.8 23.1 20.2 18.9 16.7 99.2
Coefficients are (row-wise by formant):
316.9 -25.7 16.4 8.2 -8.1 6.8
2222.3 265.9 -300.5 33.2 -47 -3.2
2836 -26.3 -60.4 -75.8 -5.4 -3.3
