S06_selected_tokens_0036 analysis information:
Number of steps:
20
Cutoff frequencies were: 
5000 5158 5316 5474 5632 5789 5947 6105 6263 6421 6579 6737 6895 7053 7211 7368 7526 7684 7842 8000
Number of coefficients for prediction: 
5
Number of formants: 
3
Winner is:
5316 5316 5316
Errors (total,f1,f2,f3): 
108.4 10.4 7.9 8.1 8.5 8.7 9.7 9 11.1 8.5 8.6 8.5 11.6 31 546.1 678.6 561.1 570.2 503.6 509.5
2.4 1.7 1.4 1.4 1.5 1.5 1.2 1.3 1.3 1.6 1.5 1.4 2.5 17.8 205.3 204.2 134.4 150 156 157.7
3.8 3.7 3.8 3.8 3.7 3.7 4 3.8 4.1 3.5 3.5 3.6 3.9 4.3 164.1 244 165.1 187.5 182.2 136.8
102.2 5 2.7 2.9 3.3 3.5 4.5 3.9 5.7 3.4 3.6 3.5 5.2 8.9 176.7 230.4 261.6 232.7 165.4 215
Coefficients are (row-wise by formant):
413.2 -65.2 3.6 2.5 -3.1 4.7
1752.5 177.7 -44.9 4.4 -24 12.4
2888.2 -78.8 29.8 -16.9 12.3 3.5
