S06_selected_tokens_0015 analysis information:
Number of steps:
20
Cutoff frequencies were: 
5000 5158 5316 5474 5632 5789 5947 6105 6263 6421 6579 6737 6895 7053 7211 7368 7526 7684 7842 8000
Number of coefficients for prediction: 
5
Number of formants: 
3
Winner is:
6421 6421 6421
Errors (total,f1,f2,f3): 
252.8 32.3 30.3 28.8 27.5 24.2 26.1 17.9 19.1 15.1 17.1 20 22.8 26.9 46.6 1003.9 1209.8 1030.3 1003.7 943.8
6.3 17.8 17.1 15.7 15.9 13.5 15.3 5.5 4.2 3.3 3.8 3.8 5.3 9 28.1 431.7 390.8 309.5 321 312
47.4 5.5 5.3 5.4 5.1 5 5 5.2 4.7 5.6 6 6.2 5.3 4.9 4.8 268.9 410 362.6 343.2 304.4
199.1 9 7.9 7.7 6.5 5.7 5.8 7.2 10.2 6.2 7.3 10 12.2 13 13.7 303.3 409 358.2 339.5 327.4
Coefficients are (row-wise by formant):
448.6 1.2 -57.4 -16.1 -11.4 14
1867 111.4 -20 26.7 5.8 10.6
2853.1 -76.3 -23 -3.8 -0.4 10.7
