S06_selected_tokens_0096 analysis information:
Number of steps:
20
Cutoff frequencies were: 
5000 5158 5316 5474 5632 5789 5947 6105 6263 6421 6579 6737 6895 7053 7211 7368 7526 7684 7842 8000
Number of coefficients for prediction: 
5
Number of formants: 
3
Winner is:
6105 6105 6105
Errors (total,f1,f2,f3): 
71.8 76.1 76.9 72.3 72.1 73.4 74 66.9 68.8 73.6 185.9 180.4 339.1 498.7 650.6 479.7 345.4 390.6 332.9 458.2
5 5.1 5.2 5.4 5.6 5.9 6.3 7.1 10.5 13.1 81.6 82.7 178.1 267 270.3 180.3 93.1 119.6 132.3 176.3
43.3 41.7 34.1 24.4 13.3 10.4 8.7 8.6 9.1 9.3 41.8 39.7 82.5 133.6 238.1 199 144.6 147.7 102.4 152.4
23.5 29.3 37.6 42.5 53.2 57.1 59 51.2 49.2 51.2 62.5 58 78.5 98.1 142.2 100.4 107.7 123.3 98.2 129.5
Coefficients are (row-wise by formant):
351.3 2.1 -27.1 -3.8 -2.9 -2.9
2196.9 336.7 -13.5 0.2 -1.1 -6
2764.1 125 126.6 36.2 147.8 -37.2
