S06_selected_tokens_0016 analysis information:
Number of steps:
20
Cutoff frequencies were: 
5000 5158 5316 5474 5632 5789 5947 6105 6263 6421 6579 6737 6895 7053 7211 7368 7526 7684 7842 8000
Number of coefficients for prediction: 
5
Number of formants: 
3
Winner is:
5632 5632 5632
Errors (total,f1,f2,f3): 
8.2 7.5 7 5.7 5.3 5.7 5.6 5.9 8.1 7.6 8.8 11.7 18 23.7 31.1 596.5 593.4 313.6 381.4 567.6
3.3 3.7 3.5 2.1 1.5 1.6 1.3 1.5 1.7 1.7 1.4 1.4 2.5 5.3 12.4 255.3 257.9 140.6 134.9 246.4
1.8 1.8 1.8 1.6 1.7 2 1.9 1.8 2 1.9 2.1 2.6 3.8 4.4 4.3 149.5 147.4 72.4 112.2 147.8
3.1 2 1.7 2 2.1 2.1 2.4 2.6 4.4 4 5.3 7.7 11.7 14 14.4 191.7 188.1 100.6 134.3 173.4
Coefficients are (row-wise by formant):
380.3 -6.3 -4.9 3.1 -4.1 0.4
1927 38.3 -2.4 6.7 -3 3
2861.7 -41.9 -27.4 -8 -5 2.7
