S06_selected_tokens_0042 analysis information:
Number of steps:
20
Cutoff frequencies were: 
5000 5158 5316 5474 5632 5789 5947 6105 6263 6421 6579 6737 6895 7053 7211 7368 7526 7684 7842 8000
Number of coefficients for prediction: 
5
Number of formants: 
3
Winner is:
5947 5947 5947
Errors (total,f1,f2,f3): 
171.6 159.3 107.2 56.2 52.3 49.2 47.3 49.6 54 54.6 62 75.9 222.1 294 347.2 425.2 470.2 736.7 1080.3 977
11.5 15 15 13.9 12.3 10.8 9.3 8.1 6.1 6.5 6.9 7.8 16.3 28.7 67.3 73 76.3 93.1 116.6 156.6
28.9 26.3 25 24 23.7 23 22.7 24.4 20.9 19.4 17.9 20.2 133 179.5 182.2 248.4 290.7 420.1 676 533.6
131.2 118 67.2 18.3 16.3 15.4 15.3 17.1 27 28.7 37.2 47.9 72.8 85.8 97.7 103.8 103.2 223.5 287.7 286.8
Coefficients are (row-wise by formant):
403.6 93.7 19.8 -5.9 -15 -14.1
1207.5 -77.1 126.2 -79.7 67.7 -27.9
2836.7 165.5 -165.3 30.8 -33.2 15.1
