S06_selected_tokens_0115 analysis information:
Number of steps:
20
Cutoff frequencies were: 
5000 5158 5316 5474 5632 5789 5947 6105 6263 6421 6579 6737 6895 7053 7211 7368 7526 7684 7842 8000
Number of coefficients for prediction: 
5
Number of formants: 
3
Winner is:
6737 6737 6737
Errors (total,f1,f2,f3): 
179.8 172.3 114.6 73.9 49 42.7 43.9 40.1 41.8 39.9 40.6 37.3 41.9 39.8 44.2 47.2 47.6 56.5 282.5 331.3
14.6 14.6 14.9 18.6 17.3 17.5 19.1 17.5 19.3 18.9 20.7 19.2 22.4 21.2 23.9 25.7 27.7 35.5 138.2 147
32.1 36 15.2 7.2 6.1 5.5 5.5 5 5.4 5.3 5.5 5.2 6.1 6.1 6.8 7.1 7.4 9.3 64 92.5
133.1 121.7 84.5 48.1 25.6 19.7 19.3 17.6 17.1 15.7 14.4 12.9 13.4 12.5 13.5 14.4 12.5 11.7 80.3 91.8
Coefficients are (row-wise by formant):
791.1 -40 -100.3 -20 -39.1 -7.5
1771.8 51.4 30.4 14.2 -0.9 -0.2
2899 -70.1 38.9 12.7 14.2 -0.9
