S06_selected_tokens_0040 analysis information:
Number of steps:
20
Cutoff frequencies were: 
5000 5158 5316 5474 5632 5789 5947 6105 6263 6421 6579 6737 6895 7053 7211 7368 7526 7684 7842 8000
Number of coefficients for prediction: 
5
Number of formants: 
3
Winner is:
6263 6263 6263
Errors (total,f1,f2,f3): 
16.5 17.5 17.7 17.4 17.3 17.6 15.9 15.4 14.8 16.8 21.7 38.1 629.5 360.8 425.4 404.6 401.3 370.6 340.8 318.6
1.6 2.1 2.2 1.9 1.7 1.2 0.7 0.8 0.8 0.9 2.8 10 211.3 120.8 119.5 122.8 123.9 129.5 120.4 112.5
11.1 11.6 11.9 12.1 12.1 12.6 11.2 9.7 9.8 10.1 11.6 16.3 226.7 123.9 168.3 152.1 147.3 125.1 114 105.3
3.8 3.8 3.6 3.4 3.5 3.8 4 4.9 4.2 5.8 7.3 11.8 191.5 116.1 137.6 129.7 130.1 116 106.4 100.8
Coefficients are (row-wise by formant):
847.1 -681 5.2 284 -101.3 -148.7
2274.2 -938 14.7 214.6 -113.3 -188.8
3600.3 -759.8 85.4 134.3 -76.6 -124.5
