S06_selected_tokens_0091 analysis information:
Number of steps:
20
Cutoff frequencies were: 
5000 5158 5316 5474 5632 5789 5947 6105 6263 6421 6579 6737 6895 7053 7211 7368 7526 7684 7842 8000
Number of coefficients for prediction: 
5
Number of formants: 
3
Winner is:
6895 6895 6895
Errors (total,f1,f2,f3): 
53 49.5 28.9 35.9 32.9 31.9 55.7 75.9 86.1 106.4 142.8 44.4 27.4 40.8 744 1006.1 640.1 317.8 314.7 399.3
5.4 5.5 6.1 6.9 8.2 11.2 35.5 56.5 68.2 86.1 77.2 14 6.2 14.5 364.3 342.2 192.4 90.8 67.8 195.8
6.1 4.7 4.4 4.7 4.7 4.7 4.8 4.8 4.5 5.2 26.6 5.6 4.7 4.7 169.8 334.8 231 124.4 148.9 130.8
41.5 39.3 18.4 24.3 20 16 15.4 14.6 13.4 15.1 39 24.8 16.5 21.6 209.9 329.1 216.7 102.6 98 72.7
Coefficients are (row-wise by formant):
445.7 -51.2 -59.2 6.3 7.2 7
2004.4 91.1 -18.6 8.2 -3.4 6.2
2712.6 -26.1 2.4 -46.8 18.5 -2.5
