S06_selected_tokens_0031 analysis information:
Number of steps:
20
Cutoff frequencies were: 
5000 5158 5316 5474 5632 5789 5947 6105 6263 6421 6579 6737 6895 7053 7211 7368 7526 7684 7842 8000
Number of coefficients for prediction: 
5
Number of formants: 
3
Winner is:
5632 5632 5632
Errors (total,f1,f2,f3): 
111.8 80.2 28.9 27.5 25.6 29.5 33 36.3 29.7 34.5 46.4 47.6 58.5 62.6 68 69.9 67.2 69.5 89.6 99.3
2 2.2 2.2 1.8 1.7 1.7 1.3 1.1 1.2 1.2 1.3 1.4 1.8 2.4 3.1 4 3.9 5 7.2 11.3
16.6 17 16.2 17 16.3 16.1 14.5 14.4 14.8 20.7 24.1 26.5 26.8 28.7 29.9 30.7 30.4 32.5 32.7 34.7
93.2 61 10.5 8.7 7.6 11.7 17.2 20.8 13.7 12.6 21 19.7 29.9 31.5 35 35.2 32.9 32 49.7 53.3
Coefficients are (row-wise by formant):
345.8 -40.3 -11.9 8 2.7 -3.6
2008.4 282.3 -208.8 -56.7 -81.8 -21.7
2941.2 -20.2 65 -68.9 -70.8 -27.7
