S06_selected_tokens_0021 analysis information:
Number of steps:
20
Cutoff frequencies were: 
5000 5158 5316 5474 5632 5789 5947 6105 6263 6421 6579 6737 6895 7053 7211 7368 7526 7684 7842 8000
Number of coefficients for prediction: 
5
Number of formants: 
3
Winner is:
5789 5789 5789
Errors (total,f1,f2,f3): 
111.2 49.1 43.6 43.2 44.3 43.1 47.4 52.1 52 55.7 214.9 253.1 269.4 572.1 699.1 568 624.7 668.9 630.8 662.4
4.9 5 5.2 5.5 5.7 5.7 5.9 6.2 5.6 6.3 70.2 70.3 72.5 177.8 240.6 219.2 251.7 267.8 273.5 263
20.2 20.1 20.7 21.5 21.8 21.5 19.7 18.7 18.2 16.5 54.7 57.1 60.6 152 183.8 150 168.8 172.8 147 182.1
86.1 24 17.7 16.2 16.8 15.9 21.8 27.2 28.2 32.9 90 125.7 136.3 242.3 274.7 198.8 204.2 228.3 210.3 217.3
Coefficients are (row-wise by formant):
373.1 -29.9 1 -9.4 -4.9 -11.5
2018.5 216.2 -200.4 39.7 -44.4 5
2695.2 -87.3 -19.1 -31.8 6.9 -25.7
