S06_selected_tokens_0099 analysis information:
Number of steps:
20
Cutoff frequencies were: 
5000 5158 5316 5474 5632 5789 5947 6105 6263 6421 6579 6737 6895 7053 7211 7368 7526 7684 7842 8000
Number of coefficients for prediction: 
5
Number of formants: 
3
Winner is:
7053 7053 7053
Errors (total,f1,f2,f3): 
133.1 64.5 76.5 156.5 142.8 132.5 122.7 43.4 45.7 52 50.9 41.9 39.5 38 38.1 40 44.4 65 544.3 749.7
19.3 14.4 14.8 13.5 18.7 23.3 23.5 26.7 28.8 34.2 32.8 24.5 21.6 21.1 21.3 22.8 26.2 42.7 243.6 261.1
23.2 17.2 12.4 22.3 17.4 8.7 14 9.1 9.3 9.9 9.7 8.8 8.3 8.9 9.2 9.3 8.9 10.4 169.1 288
90.6 32.9 49.3 120.7 106.7 100.5 85.2 7.6 7.6 7.9 8.4 8.6 9.6 8 7.6 7.9 9.3 11.9 131.6 200.6
Coefficients are (row-wise by formant):
822.1 -50.2 -107.4 8.8 -41.9 18.4
1732.2 102.8 0.4 18.8 -6.9 12.7
2831.4 -72.6 -1.3 -10.1 -9.7 6.2
