S06_selected_tokens_0059 analysis information:
Number of steps:
20
Cutoff frequencies were: 
5000 5158 5316 5474 5632 5789 5947 6105 6263 6421 6579 6737 6895 7053 7211 7368 7526 7684 7842 8000
Number of coefficients for prediction: 
5
Number of formants: 
3
Winner is:
5158 5158 5158
Errors (total,f1,f2,f3): 
41.7 40.2 41.7 42.9 47.5 52.7 59.8 54.3 44 46.4 59.8 157.4 245.1 263.2 361.7 298.2 236.9 214.6 225.5 505.9
8.7 8.2 8.2 8.2 8.3 6.8 5.2 4.6 4.1 4.1 3.8 4.5 6 9.7 49.8 25.6 13.5 15.5 24.5 118.6
11.7 12.1 13.2 14.4 16.2 19.4 21.7 20 13.3 14.8 15.5 47.5 77.1 96.6 128 91.3 57.8 47.7 49.4 176
21.3 19.9 20.3 20.3 23 26.5 32.9 29.7 26.6 27.5 40.5 105.4 162 156.9 183.9 181.3 165.6 151.4 151.6 211.3
Coefficients are (row-wise by formant):
323.3 13.1 23.5 -0.3 -4.1 -6
1390.2 -38.6 104 -60.6 35.8 -21.1
2568.6 -39.2 -29.4 17.4 -17.5 3.1
