S06_selected_tokens_0068 analysis information:
Number of steps:
20
Cutoff frequencies were: 
5000 5158 5316 5474 5632 5789 5947 6105 6263 6421 6579 6737 6895 7053 7211 7368 7526 7684 7842 8000
Number of coefficients for prediction: 
5
Number of formants: 
3
Winner is:
5158 5158 5158
Errors (total,f1,f2,f3): 
27.2 26.4 27 26.5 27.5 27.1 26.5 26.7 28 28.3 30.9 39.1 100.6 211.9 214.7 182.7 191.7 275.9 231.9 430.3
3.5 2.7 2.5 2 2.2 2.1 2 1.8 1.9 1.7 2.1 2 2.5 3.8 4.4 7 11.9 46.7 29.7 136.3
18.3 18.6 19.1 19 18.3 18.1 17.7 18 18.2 18.1 20 27 65.1 78.4 35.1 27.3 24.8 49 28.2 88.9
5.4 5.1 5.4 5.5 7 6.9 6.8 6.9 7.9 8.5 8.8 10.1 33 129.7 175.2 148.4 155 180.2 174 205.1
Coefficients are (row-wise by formant):
338.1 2.8 -9.9 8.2 -3.1 1.5
1704.9 48.9 -38.1 -65.1 28.1 -2.1
2271.7 -125.9 -13.6 35.5 -0.5 -4.8
