S06_selected_tokens_0028 analysis information:
Number of steps:
20
Cutoff frequencies were: 
5000 5158 5316 5474 5632 5789 5947 6105 6263 6421 6579 6737 6895 7053 7211 7368 7526 7684 7842 8000
Number of coefficients for prediction: 
5
Number of formants: 
3
Winner is:
6579 6579 6579
Errors (total,f1,f2,f3): 
106.2 12.9 12.7 14.2 14.7 14.5 12.7 12 16.6 14.4 10.5 13.1 15.7 18.2 20.6 26.6 508.3 739.1 1554 1499.6
3.1 3.6 4 4.6 4.9 4.7 3 1.5 1 0.8 0.9 0.8 0.7 0.8 2.4 8.2 189.6 221.6 482 461.9
29.6 3.7 3.6 3.6 3.7 3.7 3.9 2.8 3.8 2.8 2.8 3.4 4.1 4.6 4.6 4.4 164.5 292.1 606.6 582.8
73.5 5.6 5.1 6 6.1 6.1 5.8 7.7 11.8 10.8 6.8 8.9 10.9 12.8 13.6 14 154.2 225.4 465.4 454.9
Coefficients are (row-wise by formant):
872.2 -313.5 -409.5 107.9 89 -217.3
2277.7 -276.4 -154.9 -47.2 -94.3 -50.3
3601.2 -409.8 -145.9 -78.2 -112.1 -36.9
