S06_selected_tokens_0076 analysis information:
Number of steps:
20
Cutoff frequencies were: 
5000 5158 5316 5474 5632 5789 5947 6105 6263 6421 6579 6737 6895 7053 7211 7368 7526 7684 7842 8000
Number of coefficients for prediction: 
5
Number of formants: 
3
Winner is:
5000 5000 5000
Errors (total,f1,f2,f3): 
23.2 23.6 24.7 26 28.5 29.6 34.3 28.7 25.1 23.7 26.3 34 58.6 114.5 48.2 39.9 37.7 38.4 40.2 42.7
2.3 2.2 2.2 2.1 2 1.7 1.6 1.6 1.6 1.6 1.4 1.5 1.6 1.7 1.9 1.6 1.6 1.6 1.6 2.1
10.8 10.8 11 11.3 11.8 11.8 11.6 10.9 9.8 10.4 11 11.7 12.7 11.6 10.9 11 10.7 10.7 10.2 10
10.1 10.6 11.5 12.6 14.7 16.1 21.1 16.2 13.7 11.7 13.9 20.8 44.3 101.2 35.4 27.3 25.4 26.1 28.4 30.6
Coefficients are (row-wise by formant):
344.9 -2.6 -6.2 1.4 -2.2 1.9
1948.2 247.1 57.2 0.4 -14.7 -9.5
2545.3 -13.4 39.5 18.7 18 5.1
