S06_selected_tokens_0020 analysis information:
Number of steps:
20
Cutoff frequencies were: 
5000 5158 5316 5474 5632 5789 5947 6105 6263 6421 6579 6737 6895 7053 7211 7368 7526 7684 7842 8000
Number of coefficients for prediction: 
5
Number of formants: 
3
Winner is:
6737 6737 6737
Errors (total,f1,f2,f3): 
217.7 74 14.5 12.1 12 13 12.7 12.4 16.1 14.6 10.9 10.4 10.9 12 12.2 15.3 16.3 15.3 15.9 23.7
1.4 1.4 1.3 1.3 1.3 1.5 1.9 1.4 1.9 1.4 1.2 1.2 1.4 1.5 1.4 2 2.3 2.2 3.3 9.2
88.5 5.6 5.6 5.2 5.3 5.5 5.5 5.9 7.7 5.8 4.5 4.6 4.6 5.1 5.5 6.9 7.6 7.2 6.8 7.1
127.8 67 7.6 5.6 5.4 6 5.3 5.1 6.5 7.4 5.2 4.6 4.9 5.4 5.3 6.4 6.4 5.9 5.8 7.4
Coefficients are (row-wise by formant):
354.9 4.6 -9.4 0.4 -3.9 -0.6
1869.1 22.5 -41.4 16.7 -12.2 6.6
2903.9 -17.7 -21.1 0.8 -3.1 -7.1
