S06_selected_tokens_0060 analysis information:
Number of steps:
20
Cutoff frequencies were: 
5000 5158 5316 5474 5632 5789 5947 6105 6263 6421 6579 6737 6895 7053 7211 7368 7526 7684 7842 8000
Number of coefficients for prediction: 
5
Number of formants: 
3
Winner is:
5158 5158 5158
Errors (total,f1,f2,f3): 
32.6 29.6 30.5 31.7 36.8 34.6 33.5 33.5 90.9 100.9 122.2 135.5 150.9 186.2 190.2 181.7 246.6 250.6 254.3 245.7
7.1 6.7 6.6 6.5 6.7 6.3 6.3 7.3 40.3 40.4 40.8 40.8 40.8 39.9 39.6 40.6 77.3 78.5 79.5 79.8
7.6 7.4 7.5 7.5 8 8 7.6 6.8 13.1 16.6 21.7 23.5 24.9 22.6 23.1 26.6 45.6 47.7 48.8 48.3
17.9 15.5 16.4 17.7 22.1 20.3 19.6 19.4 37.5 43.9 59.7 71.2 85.2 123.7 127.5 114.5 123.7 124.4 126 117.6
Coefficients are (row-wise by formant):
343.8 -10.5 -5.2 -6.9 -10.8 -9.4
1777.8 111.9 47.1 9.3 0.9 -14.8
2497.3 -37.8 6.8 -9.1 -1.5 -19.6
