S06_selected_tokens_0063 analysis information:
Number of steps:
20
Cutoff frequencies were: 
5000 5158 5316 5474 5632 5789 5947 6105 6263 6421 6579 6737 6895 7053 7211 7368 7526 7684 7842 8000
Number of coefficients for prediction: 
5
Number of formants: 
3
Winner is:
5000 5000 5000
Errors (total,f1,f2,f3): 
68.8 98.3 86.5 112.3 150.8 106.1 78.2 155.2 576.1 517.2 429.9 395.5 357.6 150.6 151.3 161.7 162.4 128.1 111.5 101.2
7 5.9 5.9 5.7 5.2 4.7 4.2 10.8 7 7.7 7.2 6.8 4.9 6.1 6.5 6.8 7 6.3 6.3 6.4
36.8 43.3 51.1 76.3 104.7 61.1 44 69.9 260.7 230.1 190.9 160.2 92.4 67.9 79.5 85.6 78.8 70.5 67 57.1
25 49.1 29.5 30.3 40.9 40.3 30 74.5 308.4 279.4 231.8 228.5 260.3 76.6 65.3 69.3 76.6 51.3 38.2 37.7
Coefficients are (row-wise by formant):
331.4 -11.6 -21.9 -14.3 -8.6 -8.1
1401 180.9 154.3 -17.7 55.7 1.4
2385.1 -10.9 65 28.3 20.7 18.1
