S06_selected_tokens_0014 analysis information:
Number of steps:
20
Cutoff frequencies were: 
5000 5158 5316 5474 5632 5789 5947 6105 6263 6421 6579 6737 6895 7053 7211 7368 7526 7684 7842 8000
Number of coefficients for prediction: 
5
Number of formants: 
3
Winner is:
6737 6737 6737
Errors (total,f1,f2,f3): 
84.2 20 17.6 16.6 16 15.9 14.8 15 21.6 18.9 16.1 14 15.4 21 31 334.1 492.8 1383.6 885 775.9
2.8 2.3 2.4 2.9 3.3 3.7 3.3 2.8 3.2 3.1 2.9 3 4.1 6.7 12.8 134.6 205.8 615.6 355 220.4
4.4 4 3.9 4 3.9 4 3.2 3.6 5.2 5.2 4.6 4.4 4.5 4.3 4.2 87.5 134.4 402.2 272 306.7
77 13.7 11.3 9.7 8.8 8.2 8.3 8.6 13.2 10.6 8.6 6.6 6.8 10 14 112 152.6 365.8 258 248.8
Coefficients are (row-wise by formant):
365.8 6.8 -17.5 0.6 -4.2 0.8
1930.2 -38.2 -33.3 5 -6.9 5.4
2896.9 -72.1 -11.2 -10 -15.7 -2.9
