S06_selected_tokens_0102 analysis information:
Number of steps:
20
Cutoff frequencies were: 
5000 5158 5316 5474 5632 5789 5947 6105 6263 6421 6579 6737 6895 7053 7211 7368 7526 7684 7842 8000
Number of coefficients for prediction: 
5
Number of formants: 
3
Winner is:
6895 6895 6895
Errors (total,f1,f2,f3): 
742.6 437.5 444 213.7 111.1 114.4 112.9 97.9 86.2 85.2 113 63.6 58.4 58.7 59.5 69 816 944.4 837.5 415.7
214 135.6 131.5 103.1 78.2 82.2 81.2 67.3 57.3 57.6 87.7 35.5 33.1 33.6 34.6 43.1 229.2 231.5 184.3 48.9
61.9 25.6 32.4 19.2 17.1 17.1 17.1 16.1 14.8 13.6 12.2 10.2 9.7 9.4 8.8 8.6 372.2 362.2 356.1 230.5
466.7 276.3 280.1 91.4 15.8 15.1 14.6 14.5 14.1 14 13.1 17.9 15.6 15.7 16.1 17.3 214.6 350.7 297.1 136.3
Coefficients are (row-wise by formant):
717.3 40.3 -106.8 27.5 -52.1 -1.9
1429.8 -100.4 77.9 -50.2 26.8 -26.5
3098.1 -43.5 -73.6 -18.9 -42.1 -8.4
