S06_selected_tokens_0008 analysis information:
Number of steps:
20
Cutoff frequencies were: 
5000 5158 5316 5474 5632 5789 5947 6105 6263 6421 6579 6737 6895 7053 7211 7368 7526 7684 7842 8000
Number of coefficients for prediction: 
5
Number of formants: 
3
Winner is:
6737 6737 6737
Errors (total,f1,f2,f3): 
418.1 176.3 29.6 25.9 26.3 25.6 26.9 29.6 28 24.8 25.9 24.3 27.9 31.8 35.1 40.6 52.3 58.4 673.2 741.2
2 2.9 4.1 4.4 4.2 3.5 2.3 2.3 2 1.7 1.9 1.8 2 2.8 4.5 8.5 17.1 20.7 242.4 269.3
92.3 16.6 12.1 12.4 12.7 12.8 12.4 12 11.4 11.4 11 11.4 11 11.3 11.8 11.9 11.5 11.8 238.6 282.8
323.8 156.8 13.4 9.1 9.4 9.3 12.2 15.3 14.6 11.7 13 11.1 14.9 17.7 18.8 20.2 23.7 25.9 192.2 189.1
Coefficients are (row-wise by formant):
390.1 -3.8 -14.4 4.2 -4.3 3.8
1639.4 -14.1 -87.6 6 -43.4 12.2
3049.7 74.8 27.8 7.6 -14.3 20
