S06_selected_tokens_0116 analysis information:
Number of steps:
20
Cutoff frequencies were: 
5000 5158 5316 5474 5632 5789 5947 6105 6263 6421 6579 6737 6895 7053 7211 7368 7526 7684 7842 8000
Number of coefficients for prediction: 
5
Number of formants: 
3
Winner is:
7053 7053 7053
Errors (total,f1,f2,f3): 
367.4 232.1 134.7 213.8 212.4 89 47.7 50.7 49.8 49.4 51.9 82.5 46.1 39.4 46.1 50.7 61.3 79.2 209.9 797.8
56.6 56.4 44.9 33 47.5 21.4 22.2 21.3 20.6 21.5 21.7 32.5 26 19 19.2 21.2 26.6 33.3 111.9 182.1
46.5 39.8 17.3 20.6 24 10.3 10.8 15.7 16.2 15.7 18.5 39.3 9.4 6.6 5.5 6.4 12.8 25.7 79.7 420.2
264.3 135.9 72.5 160.2 140.9 57.3 14.7 13.7 13 12.2 11.7 10.7 10.7 13.8 21.4 23.1 21.9 20.2 18.3 195.5
Coefficients are (row-wise by formant):
855 115.9 -93.9 -46.9 -41.1 -4
1428.7 -54 41.8 -1.6 28.4 6.3
3022.9 12.1 -4.7 -25.4 -10.8 5.5
