S06_selected_tokens_0112 analysis information:
Number of steps:
20
Cutoff frequencies were: 
5000 5158 5316 5474 5632 5789 5947 6105 6263 6421 6579 6737 6895 7053 7211 7368 7526 7684 7842 8000
Number of coefficients for prediction: 
5
Number of formants: 
3
Winner is:
7211 7211 7211
Errors (total,f1,f2,f3): 
94.1 142.1 95.2 97.1 90.7 61.8 45.4 47.3 47.9 49.6 49 44.8 44.3 42.9 42.4 44.1 52.7 410.1 607.6 647.5
13.2 16.6 16.9 17.3 20 20.7 21.8 21.9 21.6 21.8 20.8 17.7 17.2 18 19.5 22.7 30.8 117.6 125.1 124.1
9.3 8.9 9 8.7 8.9 8.7 9 9.7 9.7 9.7 9.3 8.7 8.7 9.1 9.4 9.7 10.6 153.5 207.7 268.9
71.6 116.6 69.3 71.1 61.8 32.4 14.6 15.7 16.6 18.1 18.9 18.4 18.4 15.8 13.5 11.7 11.3 139 274.8 254.5
Coefficients are (row-wise by formant):
769.3 -34.6 -161.3 3 -71.6 3.3
1565.3 66.4 63.7 31.9 15.2 24.8
2934.4 -93.5 0 -19.7 -2.6 -7.7
