S06_selected_tokens_0109 analysis information:
Number of steps:
20
Cutoff frequencies were: 
5000 5158 5316 5474 5632 5789 5947 6105 6263 6421 6579 6737 6895 7053 7211 7368 7526 7684 7842 8000
Number of coefficients for prediction: 
5
Number of formants: 
3
Winner is:
7053 7053 7053
Errors (total,f1,f2,f3): 
344.7 134.7 74.7 83.8 77.6 66.8 63 65.1 90.4 88.7 94.7 73.8 39.4 36.6 40.5 41 40.5 50.2 114.5 259.8
18.1 18 15.1 13.8 14.7 15.6 17.2 18.7 20.1 16.3 13.9 12.3 11.3 14.2 16.9 16.9 18.6 24.9 80.4 87.6
68.5 10.5 6.3 6.3 6.3 6.4 6.7 7 7.4 6.3 7.5 7 6.9 7.3 7.3 6.8 6.4 7.7 9.2 82.7
258.1 106.2 53.3 63.7 56.6 44.8 39.1 39.4 62.9 66.1 73.3 54.5 21.2 15.1 16.3 17.3 15.5 17.6 24.9 89.5
Coefficients are (row-wise by formant):
816.3 -22.6 -131.9 -2.1 -34.2 -9.2
1767.2 104.1 28.8 -9.8 -1.3 -6.6
2968.7 -73.3 -42.5 6.1 -14.6 -21.4
