S06_selected_tokens_0038 analysis information:
Number of steps:
20
Cutoff frequencies were: 
5000 5158 5316 5474 5632 5789 5947 6105 6263 6421 6579 6737 6895 7053 7211 7368 7526 7684 7842 8000
Number of coefficients for prediction: 
5
Number of formants: 
3
Winner is:
6263 6263 6263
Errors (total,f1,f2,f3): 
28.7 25.1 24.2 23.5 23.2 23.1 22 22.7 20.6 21.7 22.7 25 34.6 658.1 743.1 566.1 868.6 1138 1097.4 1131.9
4.4 4.7 4.3 4.2 3.4 3 2.3 2.4 1.9 2.1 1.7 2.9 9.9 261.8 243.4 209.2 285.8 339.3 324.9 377.5
13.5 13.3 13.3 13.1 13.3 13.3 12.5 12 12.2 11.9 11.9 12.2 13.3 204 248.2 205.8 342.9 478.9 441.7 426.4
10.8 7.1 6.6 6.2 6.5 6.8 7.2 8.3 6.5 7.7 9.1 9.9 11.4 192.3 251.5 151.1 239.9 319.8 330.8 328
Coefficients are (row-wise by formant):
935 201.3 -729.3 -407.8 122.3 44.4
2178.5 464.8 -569.8 -212.6 49.8 -22.7
3456.9 87.9 -365 -249 28.1 -18.6
