S06_selected_tokens_0066 analysis information:
Number of steps:
20
Cutoff frequencies were: 
5000 5158 5316 5474 5632 5789 5947 6105 6263 6421 6579 6737 6895 7053 7211 7368 7526 7684 7842 8000
Number of coefficients for prediction: 
5
Number of formants: 
3
Winner is:
5000 5000 5000
Errors (total,f1,f2,f3): 
43.8 44.7 50 54.1 57.8 59.1 57.2 54.6 58.7 55.7 63.1 95.9 142.6 161.2 168.9 149.8 156.8 186.6 220.1 323.3
9.7 9.9 10.1 9.8 10 10 10 9.7 10.1 9.7 10.2 9.9 10.5 10.6 11.1 11.4 12.3 13.2 17.2 101.8
18 19.3 20.3 21.3 21.5 22.9 23.7 25.3 26.8 26.6 27.2 34.1 37.1 37 38.7 42.4 48.7 52 63.7 59.5
16.1 15.5 19.6 23 26.3 26.2 23.5 19.6 21.8 19.4 25.7 51.9 95 113.6 119.1 96 95.8 121.4 139.2 162
Coefficients are (row-wise by formant):
314.3 -22.1 -29.5 10.6 -8.7 12.9
1630.8 -118.9 -64.9 -71.1 32.8 -30
2229.6 -101.5 -34.8 23.7 -6.1 3.2
