S06_selected_tokens_0029 analysis information:
Number of steps:
20
Cutoff frequencies were: 
5000 5158 5316 5474 5632 5789 5947 6105 6263 6421 6579 6737 6895 7053 7211 7368 7526 7684 7842 8000
Number of coefficients for prediction: 
5
Number of formants: 
3
Winner is:
5789 5789 5789
Errors (total,f1,f2,f3): 
189.9 212.2 395.2 343.2 71.3 57.8 80.7 120.7 108.6 119.4 125.6 82.5 69.5 161.6 161.7 174 181.1 273.1 302.9 320
6.7 6.5 9.7 5.6 5.4 4.7 4.3 4.8 5.3 6.2 4.9 5.1 5.3 58.1 59.3 61.7 64 112.8 112.5 112.9
65.3 71.3 222.2 186.9 32.7 26.2 23.5 35.5 40.3 41.9 38.7 34.8 23.6 27.2 26.4 28 23.5 36.3 38.1 43.8
117.9 134.4 163.3 150.7 33.2 26.9 52.9 80.4 63 71.3 82 42.6 40.6 76.3 76 84.3 93.6 124 152.3 163.3
Coefficients are (row-wise by formant):
411.3 -32.5 9.6 -17.1 -2.4 -8.4
2261.4 422.9 -239.5 137.8 -5.5 -8.4
2934.3 132.1 119.4 -45 60.7 -13.5
