S06_selected_tokens_0104 analysis information:
Number of steps:
20
Cutoff frequencies were: 
5000 5158 5316 5474 5632 5789 5947 6105 6263 6421 6579 6737 6895 7053 7211 7368 7526 7684 7842 8000
Number of coefficients for prediction: 
5
Number of formants: 
3
Winner is:
7211 7211 7211
Errors (total,f1,f2,f3): 
575 637.9 420.4 265.7 66.6 73.3 80.7 79.9 72.5 60.2 64.5 54.4 45.2 43.3 42.8 44.4 62.8 1001.5 650.4 376.4
66.2 69.8 23.8 35 33.6 43.1 50.9 50.3 41.9 28.6 26.4 20.8 13.7 13.6 15 16.3 33.4 232.1 149.6 105.1
116.8 135.2 41.8 18.3 11.6 13.1 14.5 14.2 12.9 12.5 13.3 10.1 8.2 7.2 7.2 10.1 13.3 500.2 272.1 129
392 432.9 354.8 212.4 21.4 17.1 15.3 15.4 17.7 19.1 24.8 23.5 23.3 22.5 20.6 18 16.1 269.2 228.7 142.3
Coefficients are (row-wise by formant):
721 204.1 -16.6 29.4 -22.5 -3.4
1413.9 -126.3 91.4 -31.8 37.2 -9.1
3136.6 -43.7 -2.7 -16.2 26.6 -19.5
