S06_selected_tokens_0030 analysis information:
Number of steps:
20
Cutoff frequencies were: 
5000 5158 5316 5474 5632 5789 5947 6105 6263 6421 6579 6737 6895 7053 7211 7368 7526 7684 7842 8000
Number of coefficients for prediction: 
5
Number of formants: 
3
Winner is:
5316 5316 5316
Errors (total,f1,f2,f3): 
464.5 467.3 69.1 69.9 70.3 72.1 76.6 79.3 77 80.7 80.7 75.2 80.4 127.7 250.2 217.4 205.4 206.4 208.4 218.4
46 21.4 20.5 19.6 20.3 20.7 22.6 23.5 24.5 24.9 24.6 25.5 26.3 26.4 101.5 90.5 85.9 81.6 82.3 88
177.7 132.9 26.2 25.4 25.9 26.9 28 28.7 28.2 25.4 24.7 25.3 25.8 29.2 70.9 64 62.2 63.8 64.5 67.3
240.8 313 22.4 24.9 24.1 24.5 26 27.1 24.3 30.4 31.4 24.4 28.3 72.1 77.8 62.9 57.3 61 61.6 63.1
Coefficients are (row-wise by formant):
568 -16 8.4 29.7 34.2 35.3
1725.3 185.7 -44 10.2 5.1 26.7
2939.6 -108.2 49.1 -2.3 31.5 -1.9
