S06_selected_tokens_0064 analysis information:
Number of steps:
20
Cutoff frequencies were: 
5000 5158 5316 5474 5632 5789 5947 6105 6263 6421 6579 6737 6895 7053 7211 7368 7526 7684 7842 8000
Number of coefficients for prediction: 
5
Number of formants: 
3
Winner is:
5316 5316 5316
Errors (total,f1,f2,f3): 
34.4 33.1 32.7 32.7 43.4 63 54.1 53.9 76.5 77.7 83.2 93.8 106.5 201.7 267.9 280.5 234.9 315.5 387.9 388.9
6.6 5.8 5.6 5.4 5.4 6.1 5.3 5.4 5.5 5.8 7.1 8.6 12.3 57.6 87.8 94.4 76.5 115.4 140.4 141.3
11.7 11.5 11.3 11.1 11.9 19.8 16.6 19.8 13.3 12.1 13.2 15.7 17.9 44.3 60.4 59.9 47.3 76.2 96.4 96.4
16.1 15.8 15.8 16.2 26.1 37.1 32.2 28.7 57.7 59.8 62.9 69.5 76.3 99.8 119.7 126.2 111.1 123.9 151.1 151.2
Coefficients are (row-wise by formant):
318.9 1 -7.3 5.9 -7.2 4.7
1889.5 215.9 35.9 7 11.9 25.7
2484.7 30.6 84.3 19.6 19.4 5.1
