S06_selected_tokens_0001 analysis information:
Number of steps:
20
Cutoff frequencies were: 
5000 5158 5316 5474 5632 5789 5947 6105 6263 6421 6579 6737 6895 7053 7211 7368 7526 7684 7842 8000
Number of coefficients for prediction: 
5
Number of formants: 
3
Winner is:
6895 6895 6895
Errors (total,f1,f2,f3): 
31.7 34 79.8 87.8 153.4 56 46.2 50.5 55.3 64.1 39.8 27.8 24.5 31.6 46 637.6 680 853.7 723.3 781.6
5.2 5.2 5.6 6.6 7.7 11.7 28.2 35.7 40 40.8 5.1 5.4 6.4 8 12.1 245.7 205.9 333.1 299 314.7
15.3 15.4 26.8 5.9 5.1 4.6 4.4 4.9 5.7 6.6 4.4 6.6 6.7 6.6 6.6 212.3 277.4 299.5 246 281.6
11.2 13.4 47.4 75.3 140.6 39.7 13.6 9.9 9.6 16.7 30.3 15.8 11.4 17 27.3 179.6 196.7 221.1 178.3 185.3
Coefficients are (row-wise by formant):
493.6 66.6 -48.5 -19.1 -11.5 4.9
1834.9 66.6 -4.6 -9.2 -4.2 10.6
2799.1 -47.7 -3.8 -17.3 13.1 21.5
