S06_selected_tokens_0019 analysis information:
Number of steps:
20
Cutoff frequencies were: 
5000 5158 5316 5474 5632 5789 5947 6105 6263 6421 6579 6737 6895 7053 7211 7368 7526 7684 7842 8000
Number of coefficients for prediction: 
5
Number of formants: 
3
Winner is:
8000 8000 8000
Errors (total,f1,f2,f3): 
106.5 198.2 184.6 182.7 63 58.2 64.5 53.8 46.4 41.9 43 34.2 46.1 246.3 529.3 757.2 663.6 336.6 304.4 26.7
7.1 18 15.3 17.7 32.2 35.2 41.4 28 9.8 5.2 4.5 7.8 20.8 131.9 239 295.5 277.1 137.4 123.5 10.3
57.4 65.3 64.1 40 6.8 6.8 6.7 6.9 8 7 6.8 7 7.2 58.2 159.8 242.6 210.7 108.5 96.9 4.7
42 114.9 105.2 125 24 16.2 16.4 18.9 28.6 29.7 31.7 19.4 18.1 56.2 130.5 219.1 175.8 90.7 84 11.7
Coefficients are (row-wise by formant):
391.9 79.5 -91.3 -9.7 24.9 -13.1
1866.7 -11.3 -57.8 -15.2 -7.3 -9.6
2971.8 -107.2 -12.1 -32.2 14.2 -4.9
