S06_selected_tokens_0037 analysis information:
Number of steps:
20
Cutoff frequencies were: 
5000 5158 5316 5474 5632 5789 5947 6105 6263 6421 6579 6737 6895 7053 7211 7368 7526 7684 7842 8000
Number of coefficients for prediction: 
5
Number of formants: 
3
Winner is:
5789 5789 5789
Errors (total,f1,f2,f3): 
151.7 98.2 94.3 84.2 47.4 37.7 54.8 56.4 43.4 48.8 68.5 80.4 80.2 86.5 91.5 220.1 218.3 345.4 352.5 443.4
5.4 5.1 5 5.2 5 4.5 4.4 4 3.5 3.7 4.9 5.9 6 7.8 10.5 72.6 72.2 127.7 127.4 167.5
20.4 16.9 16.9 18.1 18 17.5 18.8 17.5 20.1 22.9 26 25.7 22.1 20.5 19.1 55.4 55.5 88.2 90 114.8
125.9 76.2 72.4 60.9 24.4 15.7 31.6 34.9 19.8 22.2 37.6 48.8 52.1 58.2 61.9 92.1 90.6 129.5 135.1 161.1
Coefficients are (row-wise by formant):
339.9 -29.7 3.2 9.6 -11.6 -5.8
2172.6 276.2 -240.7 18.9 -36.5 -0.2
2894 -74.9 12 -38.6 4 -14.6
