S06_selected_tokens_0083 analysis information:
Number of steps:
20
Cutoff frequencies were: 
5000 5158 5316 5474 5632 5789 5947 6105 6263 6421 6579 6737 6895 7053 7211 7368 7526 7684 7842 8000
Number of coefficients for prediction: 
5
Number of formants: 
3
Winner is:
5316 5316 5316
Errors (total,f1,f2,f3): 
41.7 37.4 31.7 34.7 39.4 42.7 44.9 34.3 38.4 188 632.4 44.8 41.7 47.6 446.2 903.5 713.5 582.3 573.9 460.4
4.5 4.5 4 3.9 4.6 5.5 7.4 10.2 15.6 81.9 276.8 11.5 10.3 19.8 194.5 463 210.2 214.9 200.7 179.4
9.3 9.3 9.9 10.3 10.3 10.5 10.6 11 10.8 51.1 158.2 11.2 10.7 11.4 123.8 160.8 206.1 168.5 186.5 140.4
27.9 23.6 17.8 20.5 24.5 26.7 26.9 13.1 12 55 197.4 22.1 20.7 16.4 127.9 279.7 297.2 198.9 186.7 140.6
Coefficients are (row-wise by formant):
396.1 28.8 24.7 10.6 -1.4 6.3
2090 130.7 -99.4 9.3 -18.1 12.8
2517.4 101.3 -112.4 77.4 -17.5 14.5
