S06_selected_tokens_0017 analysis information:
Number of steps:
20
Cutoff frequencies were: 
5000 5158 5316 5474 5632 5789 5947 6105 6263 6421 6579 6737 6895 7053 7211 7368 7526 7684 7842 8000
Number of coefficients for prediction: 
5
Number of formants: 
3
Winner is:
5474 5474 5474
Errors (total,f1,f2,f3): 
32.2 32.5 27.7 23.9 32.4 385.4 342.8 252.2 64.8 68.5 59.6 65.2 25.9 28.4 27.1 27.4 306.7 403.4 269.4 829.4
6.6 6.3 6.6 5.2 7.3 94 81.9 82.5 55.9 59.8 52 54.5 13.5 16.2 18 19.4 120.9 146.2 87.9 293.1
15.2 17.5 12.7 9.7 11.5 80.8 81.6 80.5 4.6 5 4.9 5.6 4.7 4.5 4 3.9 86.2 123 85.8 239.6
10.4 8.7 8.4 9 13.6 210.6 179.3 89.2 4.3 3.7 2.7 5.1 7.7 7.7 5.1 4.1 99.6 134.2 95.7 296.7
Coefficients are (row-wise by formant):
433.6 53.4 -7.2 5.2 1.1 -7.6
1692.2 -22.2 38.1 -0.2 -26.9 34.4
1855.7 -48 28 -67.6 34.8 -28.7
