S06_selected_tokens_0004 analysis information:
Number of steps:
20
Cutoff frequencies were: 
5000 5158 5316 5474 5632 5789 5947 6105 6263 6421 6579 6737 6895 7053 7211 7368 7526 7684 7842 8000
Number of coefficients for prediction: 
5
Number of formants: 
3
Winner is:
5789 5789 5789
Errors (total,f1,f2,f3): 
16.1 13.7 15.2 23.1 24.4 9.1 12.8 12.7 15.6 27.2 24.1 18.7 21.2 20 32.4 158.6 51.8 38 37 46.3
1.3 1.2 0.9 0.8 0.5 0.5 0.4 0.4 0.4 0.5 0.5 0.6 0.6 0.6 1 45.4 39.2 27.6 25.5 35.4
3.6 3.4 4 3.5 3.5 2.6 2.4 3.4 3 4.6 4.4 6.1 6 7.1 7.4 9.7 6.3 4.8 4.2 4
11.2 9.1 10.3 18.8 20.4 6 10 8.9 12.2 22.1 19.2 12 14.6 12.3 24 103.5 6.3 5.6 7.3 6.9
Coefficients are (row-wise by formant):
334.6 8.9 0 0.4 -1.9 -2.4
1875 -5.6 -24.1 7.1 -0.6 1.8
2544.1 -386.2 61.9 -30.6 -5.7 -16.4
