S06_selected_tokens_0110 analysis information:
Number of steps:
20
Cutoff frequencies were: 
5000 5158 5316 5474 5632 5789 5947 6105 6263 6421 6579 6737 6895 7053 7211 7368 7526 7684 7842 8000
Number of coefficients for prediction: 
5
Number of formants: 
3
Winner is:
6895 6895 6895
Errors (total,f1,f2,f3): 
371.9 263.7 244 225.9 178.4 83.2 43.8 48.8 52.3 45.6 38.7 35 33.4 33.8 35 37.7 45.3 117.5 104.1 393.1
25.8 12.9 14.8 18.9 19.5 21.4 24.9 29.4 33.2 27.6 21.3 18.3 16.7 15.8 15.8 17.7 26 29.8 53.8 85.5
52.8 51.3 33.5 9.7 9.8 9.9 10.8 11.8 11.7 9.3 7.9 8.1 8.4 9.1 9.4 10.2 10.4 48.8 42 216.9
293.3 199.5 195.7 197.3 149.1 51.9 8.1 7.6 7.4 8.7 9.5 8.6 8.3 8.9 9.8 9.8 8.9 38.9 8.3 90.7
Coefficients are (row-wise by formant):
819 -4.2 -70.3 8.3 -21.5 9.5
1399.3 -100.1 41.3 -36.1 1 -18.6
3101 -12.8 -49.2 5.5 -16.9 -5.9
