S06_selected_tokens_0095 analysis information:
Number of steps:
20
Cutoff frequencies were: 
5000 5158 5316 5474 5632 5789 5947 6105 6263 6421 6579 6737 6895 7053 7211 7368 7526 7684 7842 8000
Number of coefficients for prediction: 
5
Number of formants: 
3
Winner is:
5947 5947 5947
Errors (total,f1,f2,f3): 
75.9 64.9 54.5 52.1 44.3 41.2 40.8 46.9 63.8 76 308.3 83.6 60.2 358 292.7 157.8 143.7 655 661.8 1139.5
6.4 6.4 7.2 7.9 8.1 8.5 8.6 8.7 10 17.1 128 25.1 10.3 165.9 149.6 123.7 104.5 311.3 338.3 451.6
23.4 13.3 14.7 14.4 13.8 13.5 13.6 13.8 13.5 13.8 74.9 14.7 12.5 74.7 63.8 10.2 11.2 159 146.8 349.1
46.1 45.2 32.6 29.8 22.4 19.2 18.6 24.4 40.3 45.1 105.4 43.8 37.4 117.4 79.3 23.9 28 184.7 176.7 338.8
Coefficients are (row-wise by formant):
484.7 44.7 -80 5.7 -0.7 4.1
2083.5 70.2 -61.1 -3 -15.7 -5.2
2647.8 39.3 -96.8 13.9 -3.8 -25.8
