S06_selected_tokens_0003 analysis information:
Number of steps:
20
Cutoff frequencies were: 
5000 5158 5316 5474 5632 5789 5947 6105 6263 6421 6579 6737 6895 7053 7211 7368 7526 7684 7842 8000
Number of coefficients for prediction: 
5
Number of formants: 
3
Winner is:
6105 6105 6105
Errors (total,f1,f2,f3): 
188.9 31.4 30.8 32 31.9 31.4 36.9 21.4 23.6 23 24 27.8 156.5 100.2 99.8 304.1 456 562.6 529.4 545.8
7.7 8.9 11.1 13.1 13.5 13.3 15.3 5.7 5.3 5.4 6.4 8.1 55 73.6 67.2 162.5 130.8 197.6 162.8 171.5
86 8 7.4 7.1 6.8 6.6 7.5 6.2 7 7 7.7 8.2 33 10.1 8.8 117.9 169.3 188 205.8 200.4
95.2 14.5 12.3 11.8 11.6 11.5 14.1 9.5 11.3 10.6 9.9 11.5 68.5 16.5 23.8 23.7 155.9 177 160.8 173.9
Coefficients are (row-wise by formant):
519.3 57.6 -26.2 3.1 -12.9 3.8
1761.3 -116.6 -82.9 -18.7 -8.7 -1.7
2643.2 -347.7 -152.7 -42.9 -8.5 -0.7
