S06_selected_tokens_0054 analysis information:
Number of steps:
20
Cutoff frequencies were: 
5000 5158 5316 5474 5632 5789 5947 6105 6263 6421 6579 6737 6895 7053 7211 7368 7526 7684 7842 8000
Number of coefficients for prediction: 
5
Number of formants: 
3
Winner is:
6263 6263 6263
Errors (total,f1,f2,f3): 
58.5 56.8 54.3 51.4 49.7 48.7 48.2 48.1 47.7 50.7 59.2 335.6 705.1 853.1 978.1 1037.2 1097.2 576.3 562.8 421.1
4.6 4.6 4.7 4.5 4.7 4.9 5.3 5.8 5.9 5.8 8.8 86.8 161.6 201.9 211.3 238.4 249.6 195.7 187.5 169.6
28.6 27.9 27.2 27.3 27.1 26.9 26.7 27.3 28.3 29.7 31.6 161.6 309.1 346.2 418.2 423.3 444.8 162.2 163.3 121.4
25.3 24.3 22.4 19.6 17.9 16.9 16.2 15 13.5 15.2 18.8 87.2 234.4 305 348.6 375.5 402.8 218.4 212 130.1
Coefficients are (row-wise by formant):
389.9 78.6 26.6 9.3 -7.7 -6.7
1308.4 14.2 231.6 -15.4 70 -33
2619.7 65.5 -110.5 44.1 -7.5 18.1
