S06_selected_tokens_0105 analysis information:
Number of steps:
20
Cutoff frequencies were: 
5000 5158 5316 5474 5632 5789 5947 6105 6263 6421 6579 6737 6895 7053 7211 7368 7526 7684 7842 8000
Number of coefficients for prediction: 
5
Number of formants: 
3
Winner is:
7368 7368 7368
Errors (total,f1,f2,f3): 
243.8 116.5 127.5 204.1 409.6 182.5 60.1 46.4 47.1 49.7 50.7 49.3 44.3 44.6 41.7 41.1 43.6 53.9 122.2 381.5
13.4 15.3 16.3 16.7 22.3 15 17.1 22.2 25.3 28.8 29.7 21.7 13.1 13.1 13.6 14.4 16.5 25.3 52.9 139.4
71.8 24.1 20.6 20.8 37.1 8.3 7.9 8.1 7.9 8.2 8 8 6.6 7 7.1 7.5 8.3 10.2 31.2 123.3
158.6 77.1 90.6 166.6 350.2 159.2 35.1 16.1 13.9 12.7 13 19.6 24.6 24.5 21 19.2 18.8 18.4 38.1 118.8
Coefficients are (row-wise by formant):
749.6 -40.9 -126.2 -15.1 -30.7 9.6
1731.9 70.1 39.1 18.5 20 6.5
3021.6 41.9 -4.4 -23.2 26.2 2.5
