S06_selected_tokens_0078 analysis information:
Number of steps:
20
Cutoff frequencies were: 
5000 5158 5316 5474 5632 5789 5947 6105 6263 6421 6579 6737 6895 7053 7211 7368 7526 7684 7842 8000
Number of coefficients for prediction: 
5
Number of formants: 
3
Winner is:
5158 5158 5158
Errors (total,f1,f2,f3): 
246 244.3 334.3 332.8 345.8 340.6 357.8 341.7 330.4 327.8 330.8 333.4 344.6 347 354.1 377.4 421 428.8 439.9 435.3
124.7 167.8 183.6 184 184.2 184 191.3 194.1 196.6 199.4 198.8 199.7 207.4 207.5 209.5 211.8 215 217.9 203.5 200.8
60.6 33 54.1 53.6 54.8 53.1 55.9 53.7 56.5 58.9 60 63.5 70.1 73.1 77.4 95.3 101.5 95.2 97.5 95.8
60.7 43.5 96.6 95.2 106.8 103.5 110.6 93.9 77.3 69.5 72 70.2 67.1 66.4 67.2 70.3 104.5 115.7 138.9 138.7
Coefficients are (row-wise by formant):
419.9 167.6 188.1 196.3 184.7 176.7
2117.7 398.5 -55.8 -93.2 68 10
2774.1 283 80.4 -32.1 -61.1 -3.6
