S06_selected_tokens_0097 analysis information:
Number of steps:
20
Cutoff frequencies were: 
5000 5158 5316 5474 5632 5789 5947 6105 6263 6421 6579 6737 6895 7053 7211 7368 7526 7684 7842 8000
Number of coefficients for prediction: 
5
Number of formants: 
3
Winner is:
7053 7053 7053
Errors (total,f1,f2,f3): 
83.4 82.4 71.3 82.3 93 90.7 68.5 62.8 62 181.9 175 389.9 55.9 49.8 55.4 561.8 571.8 526.5 794.2 1158.3
8.1 7.5 7.5 8 8.5 9.3 10.5 12.3 19.2 88.4 100.4 163.8 15.8 13.8 23.9 238.9 222.6 204.4 271.5 459.6
29.7 36.6 31.5 15.6 10.3 9.8 9.7 9.6 9 34 27.2 87.5 8.8 8 7.4 122.8 139.1 128.5 202.4 268
45.6 38.3 32.3 58.7 74.2 71.6 48.3 40.9 33.8 59.5 47.4 138.6 31.3 28 24.1 200.1 210.1 193.6 320.3 430.7
Coefficients are (row-wise by formant):
426.9 29.9 -13.7 -3 16.7 -26.1
2103 111.8 -68.4 -1.4 -26.9 -5.8
2788.9 -45 -34.1 -5.2 -28.4 18.8
