S06_selected_tokens_0073 analysis information:
Number of steps:
20
Cutoff frequencies were: 
5000 5158 5316 5474 5632 5789 5947 6105 6263 6421 6579 6737 6895 7053 7211 7368 7526 7684 7842 8000
Number of coefficients for prediction: 
5
Number of formants: 
3
Winner is:
5474 5474 5474
Errors (total,f1,f2,f3): 
56.3 53.7 52.3 52.2 53.5 55.6 58.7 62.2 57.4 55.2 90.1 94.2 118.5 116.2 109.4 112.2 131.2 182 239.9 377.9
7.1 6.4 6 5.7 5.2 4.3 3.9 3.8 3.8 3.9 4.3 4.6 4.7 5 5.3 5.1 5.7 7.1 10.9 34
20.6 20.7 20.9 20.5 20.9 21.1 19.8 20.1 21 22.2 25.3 28.7 31.4 40.5 45.5 46.6 53.2 71.4 91.9 175.3
28.6 26.6 25.4 26 27.4 30.2 35 38.3 32.6 29.1 60.5 60.9 82.4 70.7 58.6 60.5 72.3 103.5 137.1 168.6
Coefficients are (row-wise by formant):
321.3 -14.5 3.3 -1.2 -2.3 -10.9
1345.9 22.5 162 -25.4 70.4 -55.8
2670.9 -44.2 -48.5 3.3 -36.8 -19.5
