S06_selected_tokens_0002 analysis information:
Number of steps:
20
Cutoff frequencies were: 
5000 5158 5316 5474 5632 5789 5947 6105 6263 6421 6579 6737 6895 7053 7211 7368 7526 7684 7842 8000
Number of coefficients for prediction: 
5
Number of formants: 
3
Winner is:
5947 5947 5947
Errors (total,f1,f2,f3): 
37.3 173.5 9.1 8.9 6.8 7.3 6.5 7.4 8 9 10.9 12.5 14.2 18.3 14.9 19 24.3 28.6 33.6 37.7
1 0.9 0.8 0.9 0.8 1.2 1.3 1.4 1.1 0.9 1.1 0.9 0.8 0.9 1.1 2.1 2.9 3.7 5.8 8.2
33.4 68 2.2 2.1 2.1 1.9 1.8 1.9 2.4 2.2 2.5 2.6 3.4 3.9 3.5 3.2 4.3 4.6 5.3 5.9
2.9 104.6 6.1 5.9 3.9 4.2 3.4 4.1 4.5 5.9 7.3 9 10 13.5 10.3 13.7 17.1 20.3 22.5 23.6
Coefficients are (row-wise by formant):
352.7 9.4 -0.3 3.1 -1.4 1.9
1865.4 73 -6.6 5.5 -1.7 2.3
2877.2 10.3 -19 -9.3 -3.3 1.6
