S06_selected_tokens_0005 analysis information:
Number of steps:
20
Cutoff frequencies were: 
5000 5158 5316 5474 5632 5789 5947 6105 6263 6421 6579 6737 6895 7053 7211 7368 7526 7684 7842 8000
Number of coefficients for prediction: 
5
Number of formants: 
3
Winner is:
6895 6895 6895
Errors (total,f1,f2,f3): 
128.2 255.3 160.1 107 52.7 52.7 51.4 51.1 41.2 35.2 36.6 34.6 32.6 34.3 36.7 40.9 366.4 625.3 1056.9 1217.7
6.4 7.9 10.4 13.7 18.9 22.5 21.9 19.1 11 5.9 6 6.4 6.6 8.1 10.2 12.5 140.1 251.1 368.2 422.7
38.3 23.8 55.8 16.5 15.6 15.2 14.5 15.3 14.8 13.5 12.8 12.7 12.7 13.3 14.1 15.4 105.8 172.7 297.6 336.8
83.5 223.6 93.9 76.8 18.2 15 15 16.7 15.4 15.8 17.8 15.5 13.3 12.9 12.4 13 120.5 201.5 391.1 458.2
Coefficients are (row-wise by formant):
429.9 -6.3 -24.1 -19.3 -15.5 3.8
1869.3 151.6 -11.9 23.3 -13.4 19.1
2921.6 -51.8 -19.2 2.4 -26.7 -13.5
