labels_S03_selected_tokens_0_0_0_6 5170 5220 5236 5235 5235 6674 6673 6673 6750 6749 6749 6749 6788 6787 6787 15148 15147 15147 15234 15233 15233 15304 15303 19224 19223 19223 19294 19293 19293 19338 2084 2083 2083 2226 2344 2343 2343 2343 2343 13398 13397 13397 13397 13397 13397 13397 13397 13397 13454 13453 13453 13453 13502 13501 13501 13501 13501 13501 
labels_S03_selected_tokens_0_6_1_1842 5170 5220 5236 5235 5235 5235 6674 6673 6673 6750 6749 6788 6787 15148 15147 15147 15234 15233 15233 15233 15304 19224 19223 19223 19294 19293 19293 19338 19337 19337 2084 2083 2083 2226 2225 2344 2343 2343 2343 13398 13397 13397 13397 13397 13397 13397 13454 13453 13453 13453 13453 13502 13501 13501 13501 13501 
labels_S03_selected_tokens_100_402_101_3037 2 1 1 8 5 18 16468 16467 16467 16467 16490 16489 16489 16489 16489 16489 16520 16519 16519 16519 16519 1000 1100 1099 1099 1099 1099 1099 1099 1099 1099 1099 1099 1099 1099 1099 1099 1099 1124 1123 5524 5523 5608 5712 10272 10366 10365 10365 10365 10365 10365 10365 10365 10365 10365 10365 10365 10365 10365 10432 10431 10431 15618 15617 15617 15626 15625 15625 15625 15625 15625 15625 15625 15625 15625 15625 15625 15625 15625 15642 15641 15641 15641 15641 15641 15641 15641 15641 
labels_S03_selected_tokens_101_3037_102_2055 2 8 18 17720 17719 17719 17719 17719 17719 17816 17815 17815 17815 17815 17902 17901 17901 1052 1051 1051 1051 1051 1051 1051 1051 1051 1051 1051 1051 1051 1051 1051 1100 1099 1099 1124 1123 5524 5523 5626 5700 5699 2074 2073 2073 2073 2073 2073 2073 2073 2073 2073 2073 2073 2073 2073 2232 2231 2231 2264 2263 2263 18178 18232 18231 18231 18231 18231 18231 18231 18231 18231 18231 18231 18231 18282 18281 18281 18970 18969 19022 19021 19021 19021 19072 93 102 108 
labels_S03_selected_tokens_102_2055_103_1783 2 8 18 17720 17719 17719 17719 17816 17815 17815 17815 17902 17901 17901 1052 1051 1051 1051 1051 1051 1051 1051 1051 1051 1051 1051 1051 1051 1051 1100 1099 1099 1099 1124 1123 1123 5524 5523 5626 5700 2074 2073 2073 2073 2073 2073 2073 2073 2073 2073 2073 2073 2073 2073 2232 2231 2231 2264 2263 18178 18232 18231 18231 18231 18231 18231 18231 18231 18231 18231 18231 18231 18231 18231 18231 18231 18282 18281 18281 18970 18969 18969 18969 19022 19021 19021 19021 19072 19071 19071 19071 19071 93 102 108 
labels_S03_selected_tokens_103_1783_104_0024 3 12 18 18518 18554 18553 18553 18553 18553 18553 18553 18553 18564 18563 18563 18563 18563 1052 1051 1051 1051 1051 1051 1051 1051 1051 1051 1051 1051 1051 1051 1051 1100 1099 1099 1099 1146 19210 19209 19260 19398 19397 19397 19397 19397 19397 19397 7332 7331 7331 7331 7331 7331 7380 7379 7379 7379 7379 7379 7379 7379 7379 7379 7379 7379 7416 7415 5342 5341 5430 5429 5498 5497 5497 5497 5497 5497 93 102 108 
labels_S03_selected_tokens_104_0024_104_9223 18536 18550 18549 18549 18549 18549 18549 18549 18549 18549 18549 18549 18564 18563 18563 18563 18563 18563 1052 1051 1051 1051 1051 1051 1051 1051 1051 1051 1100 1099 1099 1099 1099 1099 1099 1099 1099 1146 19210 19260 19259 19259 19398 19397 19397 19397 19397 7332 7331 7331 7331 7331 7380 7379 7379 7379 7379 7379 7379 7379 7379 7379 7379 7379 7379 7379 7379 7416 7415 7415 5342 5341 5430 5429 5498 5497 5497 5497 5497 5497 5497 5497 5497 5497 93 102 100 100 100 108 
labels_S03_selected_tokens_104_9223_105_7063 18808 18836 18835 18835 18835 18862 18861 18861 18861 18861 1036 1035 1035 1035 1035 1035 1035 1035 1035 1035 1035 1035 1035 1100 1099 1099 1146 1145 19210 19260 19259 19398 19397 19397 19397 19397 19397 7332 7331 7331 7364 7363 7363 7363 7363 7363 7363 7363 7363 7363 7363 7363 7363 7363 7363 7363 7402 7401 7401 7401 22000 21999 22020 22019 22019 22019 22019 22019 22019 22019 22019 22100 22099 22099 22099 22099 
labels_S03_selected_tokens_105_7063_106_5862 18808 18836 18835 18835 18862 18861 18861 18861 18861 1036 1035 1035 1035 1035 1035 1035 1035 1035 1035 1035 1100 1099 1099 1099 1099 1099 1099 1146 19210 19260 19259 19398 19397 19397 19397 19397 7332 7331 7364 7363 7363 7363 7363 7363 7363 7363 7363 7363 7363 7363 7363 7363 7363 7363 7363 7402 7401 7401 7401 7401 21978 21977 21977 22020 22019 22019 22060 22059 22059 22059 22059 22059 93 91 91 91 91 91 91 91 91 91 91 91 102 108 
labels_S03_selected_tokens_106_5862_107_338 4606 4626 4666 4665 4665 1018 1017 1017 1017 1017 1017 1017 1017 1017 1017 1017 1017 1100 1099 1099 1099 1099 1146 1145 19210 19260 19259 19398 19397 19397 19397 7362 7361 7361 7361 7361 7396 7395 7395 7434 7433 7433 7433 7433 7433 11448 11447 11447 11447 11447 11447 11447 11447 11447 11447 11447 11447 11447 11447 11447 11447 11478 11477 11477 11477 11477 11548 11547 11547 11547 93 102 108 
labels_S03_selected_tokens_107_338_108_17 4606 4626 4666 4665 4665 1018 1017 1017 1017 1017 1017 1017 1017 1017 1017 1017 1017 1017 1017 1100 1099 1099 1146 19210 19260 19259 19398 19397 19397 7362 7361 7361 7361 7361 7396 7395 7395 7395 7395 7434 7433 7433 7433 7433 11448 11447 11447 11447 11447 11447 11447 11447 11447 11447 11447 11447 11447 11447 11478 11477 11477 11477 11477 11477 11548 11547 11547 11547 11547 11547 11547 93 91 91 91 91 91 91 91 102 108 
labels_S03_selected_tokens_108_17_109_0897 8906 8918 8917 8917 8922 8921 8921 8921 1016 1015 1015 1015 1015 1015 1015 1015 1015 1015 1100 1099 1099 1099 1144 1143 6186 6185 6228 6254 6253 6253 7308 7307 7307 7307 7307 7396 7395 7450 7449 7449 10318 10317 10317 10317 10317 10317 10317 10402 10401 10401 10401 10401 10401 10452 10451 15680 15679 15696 15695 15695 15695 15695 15695 15695 15695 15695 15695 15695 15728 15727 15727 15727 21998 21997 21997 21997 22054 22053 22053 22053 22053 22053 22053 22053 22053 22053 22053 22100 22099 22099 
labels_S03_selected_tokens_109_0897_110_0498 8906 8918 8917 8922 8921 1016 1015 1015 1015 1015 1015 1015 1100 1099 1099 1099 1099 1099 1099 1099 1144 1143 1143 6186 6185 6228 6227 6254 6253 6253 7308 7307 7307 7307 7307 7396 7395 7395 7395 7450 7449 7449 10318 10317 10317 10317 10317 10317 10317 10402 10401 10401 10452 10451 15680 15679 15696 15695 15695 15695 15695 15695 15695 15695 15695 15695 15695 15695 15695 15728 15727 15727 15727 21984 21983 22054 22053 22053 22053 22053 22053 22053 22053 22053 22060 22059 22059 22059 22059 22059 93 91 102 108 
labels_S03_selected_tokens_10_2858_11_1018 12454 12456 12455 12455 12455 12480 12479 12479 12479 6688 6687 6687 6750 6749 6749 6749 6788 15182 15181 15214 15268 15267 15267 15267 15267 7356 7355 7355 7396 7395 7395 7395 7395 7395 7456 7455 7455 7455 7455 7455 8476 8475 8475 8475 8475 8475 8475 8478 8477 8480 8479 8479 19240 19239 19239 19239 19320 19319 19319 19319 19330 19329 19329 18016 18015 18015 18015 18015 18015 18015 18024 18023 18023 18023 18023 18023 18023 18023 18023 18072 
labels_S03_selected_tokens_110_0498_111_0097 18808 18836 18835 18862 18861 18861 18861 18861 1036 1035 1035 1035 1035 1035 1035 1100 1099 1099 1099 1146 19210 19314 19376 2084 2226 2344 2343 2343 2343 13618 13676 13675 13732 19154 19153 19153 19153 19294 19293 19366 19365 19365 19365 19365 19365 8474 8473 8478 8477 8477 8477 8482 8481 8481 8481 8481 8481 8481 8481 8481 8481 8481 13586 13585 13585 13585 13585 13585 13585 13585 13585 13664 13663 13663 13663 13722 13721 13721 21976 21975 22054 22053 22053 22053 22053 22053 22053 22053 22053 22053 22053 22053 22053 22100 
labels_S03_selected_tokens_111_0097_112_0978 18808 18836 18835 18862 18861 18861 18861 18861 1036 1035 1035 1035 1035 1035 1035 1035 1035 1035 1035 1100 1099 1146 19210 19314 19376 2084 2226 2344 2343 2343 2343 2343 13618 13676 13675 13732 13731 19154 19153 19153 19294 19293 19366 19365 19365 19365 19365 19365 8474 8473 8473 8478 8477 8477 8482 8481 8481 8481 8481 8481 8481 8481 8481 8481 8481 8481 8481 13586 13585 13585 13585 13585 13585 13585 13585 13664 13663 13663 13663 13722 13721 13721 21976 22054 22053 22053 22053 22053 22053 22053 22053 22053 22053 22053 22060 22059 22059 22059 22059 22059 22059 93 91 91 91 102 108 
labels_S03_selected_tokens_112_0978_112_9617 4948 4947 4947 4947 4956 4955 4955 4955 4955 4970 4969 4969 4969 4969 4969 1052 1051 1051 1051 1051 1051 1051 1051 1051 1051 1100 1099 1146 1145 19210 19260 19259 19398 19397 19397 7308 7307 7307 7396 7395 7395 7395 7395 7395 7450 7449 7449 10318 10317 10317 10317 10317 10317 10317 10402 10401 10401 10401 10401 10452 10451 10451 15618 15626 15625 15625 15625 15625 15625 15625 15625 15625 15625 15625 15625 15625 15642 15641 15641 15641 15641 15641 15641 15641 
labels_S03_selected_tokens_112_9617_113_8337 4948 4947 4956 4955 4955 4955 4955 4970 4969 4969 4969 4969 4969 1052 1051 1051 1051 1051 1051 1051 1051 1051 1100 1099 1099 1146 19210 19260 19259 19398 19397 19397 19397 19397 7308 7307 7396 7395 7395 7395 7395 7395 7450 7449 7449 10318 10317 10317 10317 10317 10317 10317 10317 10402 10401 10401 10401 10401 10401 10452 10451 15618 15617 15626 15625 15625 15625 15625 15625 15625 15625 15625 15625 15625 15625 15625 15642 15641 15641 15641 15641 15641 15641 15641 15641 
labels_S03_selected_tokens_113_8337_114_8497 12646 12694 12693 12693 12750 12749 12749 12749 12749 12749 12749 16106 16105 16105 16136 16135 16135 16135 16135 16152 16151 16151 16151 16151 18144 18143 18143 18143 18232 18231 18231 18231 18231 18231 18310 18309 18309 19160 19159 19292 19291 19291 19336 19335 19335 19335 19335 9020 9019 9019 9019 9044 9043 9058 9057 9057 648 650 654 653 653 653 653 653 653 653 653 653 653 653 17292 17291 17291 17291 17291 17291 17291 17291 17291 17291 17291 17420 17419 17419 17419 17462 5342 5341 5430 5429 5498 5497 5497 5497 5497 5497 5497 93 102 108 
labels_S03_selected_tokens_114_8497_115_8258 12646 12694 12693 12693 12750 12749 12749 12749 12749 12749 16106 16105 16105 16136 16135 16135 16135 16152 16151 16151 16151 16151 18144 18143 18143 18143 18143 18143 18143 18143 18143 18143 18232 18231 18310 19160 19159 19292 19336 19335 9020 9044 9043 9043 9058 9057 9057 648 647 650 649 649 649 649 654 653 653 653 653 653 653 653 653 653 17292 17291 17291 17291 17291 17291 17291 17291 17291 17420 17419 17419 17462 17461 5342 5341 5341 5430 5429 5498 5497 5497 5497 5497 5497 5497 93 91 91 91 102 108 
labels_S03_selected_tokens_115_8258_116_7698 8514 8513 8513 8513 8513 8513 8513 8513 8536 8535 8535 8535 8590 8589 8589 8589 1052 1051 1051 1051 1051 1051 1051 1051 1066 1065 1065 1132 1131 1131 18206 18205 18205 18205 18205 18205 18205 18205 18232 18231 18231 18310 19160 19159 19292 19291 19291 19291 19372 19371 19371 4784 4783 4796 4795 4795 4824 4823 4823 4823 3682 3684 3688 3687 3687 3687 3687 3687 3687 3687 3687 3687 13406 13405 13405 13405 13405 13405 13405 13405 13405 13405 13405 13454 13453 13453 13453 13453 13502 13501 13501 13501 
labels_S03_selected_tokens_116_7698_117_7779 8514 8536 8535 8535 8535 8590 8589 8589 1052 1051 1051 1051 1051 1051 1051 1051 1051 1066 1065 1065 1132 1131 1131 1131 18206 18205 18205 18205 18205 18205 18205 18232 18231 18231 18231 18231 18231 18310 19160 19292 19291 19291 19372 19371 19371 4784 4783 4796 4795 4824 4823 4823 3682 3684 3688 3687 3687 3687 3687 3687 3687 3687 3687 3687 13406 13405 13405 13405 13405 13405 13405 13405 13405 13405 13405 13405 13405 13405 13405 13405 13454 13453 13453 13453 13453 13453 13453 13502 13501 13501 13501 13501 13501 13501 13501 13501 13501 13501 13501 
labels_S03_selected_tokens_117_7779_118_7941 13248 13247 13247 13247 13247 13247 13247 13247 13276 13275 13275 13352 13351 13351 13351 1002 1001 1001 1001 1001 1001 1001 1001 1001 1001 1001 1001 1001 1001 1066 1065 1065 1132 1131 1131 1131 18206 18205 18205 18205 18205 18232 18231 18231 18231 18231 18310 18309 18309 19208 19207 19278 19277 19277 19277 19360 19359 19359 19359 19359 13576 13575 13668 13667 13667 13694 13693 13693 11442 11441 11441 11441 11441 11441 11441 11441 11441 11441 11441 11441 11441 11441 11441 11441 11441 11478 11477 11477 11477 11477 11477 11477 11548 11547 11547 11547 11547 93 102 108 
labels_S03_selected_tokens_118_7941_119_7941 13248 13276 13275 13275 13275 13352 13351 13351 13351 13351 1002 1001 1001 1001 1001 1001 1001 1001 1001 1001 1001 1001 1066 1065 1065 1132 1131 1131 1131 18206 18205 18205 18205 18205 18205 18205 18205 18205 18232 18231 18231 18231 18310 19208 19207 19207 19207 19207 19278 19360 19359 19359 19359 13576 13575 13668 13667 13694 13693 13693 13693 11442 11441 11441 11441 11441 11441 11441 11441 11441 11441 11441 11441 11441 11441 11441 11441 11441 11441 11441 11441 11478 11477 11477 11477 11477 11477 11477 11548 11547 11547 11547 11547 11547 11547 93 102 108 
labels_S03_selected_tokens_119_7941_120_7061 16960 16959 16959 16962 16961 16998 16997 16997 16997 6710 6709 6709 6709 6758 6757 6757 6757 6774 6773 6773 18128 18127 18127 18127 18127 18127 18232 18231 18231 18231 18231 18310 18309 19160 19159 19316 19315 19315 19315 19315 19388 19387 19387 8714 8713 8713 8713 8713 8748 8747 8747 8776 2082 2224 2342 2341 2341 13398 13397 13397 13397 13397 13397 13397 13397 13397 13397 13397 13397 13397 13397 13397 13397 13397 13397 13397 13397 13397 13454 13453 13453 13453 13502 13501 13501 13501 13501 13501 13501 
labels_S03_selected_tokens_11_1018_11_9605 12454 12456 12455 12455 12455 12455 12480 12479 12479 12479 6688 6687 6687 6750 6788 6787 15182 15214 15268 15267 15267 15267 15267 15267 7356 7355 7355 7355 7396 7395 7395 7395 7395 7456 7455 7455 7455 7455 8476 8475 8475 8475 8475 8478 8477 8477 8477 8477 8477 8477 8480 8479 8479 19240 19239 19239 19320 19319 19330 19329 17960 17959 17959 17959 17959 17959 17959 17959 17959 17959 17959 17959 17959 18024 18023 18023 18023 18023 18023 18072 93 91 102 108 
labels_S03_selected_tokens_11_9605_12_8006 2 8 18 17720 17719 17719 17719 17719 17719 17816 17815 17815 17815 17815 17918 17917 6672 6671 6750 6749 6749 6788 6787 6787 15148 15147 15147 15234 15233 15304 19224 19223 19294 19293 19293 19293 19338 19337 19337 19337 2136 2176 2340 14358 14357 14357 14396 14395 14470 2026 2025 2025 2025 2164 2163 2354 2353 2353 15162 15161 15161 15234 15304 19170 19169 19320 19330 19329 19329 18016 18015 18015 18015 18015 18015 18024 18023 18023 18023 18023 18072 18071 
labels_S03_selected_tokens_120_7061_121_5141 16960 16962 16961 16998 16997 16997 6710 6758 6757 6757 6757 6757 6757 6757 6774 6773 6773 18128 18127 18127 18127 18127 18127 18127 18127 18127 18127 18232 18231 18231 18231 18310 19160 19316 19315 19388 8714 8748 8747 8747 8776 2082 2081 2224 2342 2341 13398 13397 13397 13397 13397 13397 13397 13397 13397 13397 13397 13397 13397 13397 13397 13397 13397 13397 13397 13397 13397 13397 13454 13453 13453 13453 13502 13501 13501 13501 13501 13501 13501 
labels_S03_selected_tokens_121_5141_122_4741 3 12 18 17720 17719 17719 17719 17719 17719 17719 17834 17833 17833 17833 17833 17914 17913 3504 3503 3503 3503 3503 3503 3503 3526 3525 3525 3548 3547 3547 3547 8718 8717 8717 8717 8717 8738 8737 8737 8794 19244 19243 19292 19291 19291 19291 19291 19372 19371 19371 19371 19371 4784 4796 4824 4823 4823 4823 3682 3681 3684 3688 3687 3687 3687 3687 3687 3687 3687 3687 3687 3687 3687 3687 3687 3687 3687 3687 3687 3687 13406 13454 13453 13453 13453 13453 13502 13501 13501 13501 13501 13501 13501 13501 
labels_S03_selected_tokens_122_4741_123_3465 17796 17795 17795 17795 17795 17795 17795 17795 17834 17833 17833 17833 17833 17833 17914 17913 3504 3503 3503 3503 3503 3503 3526 3525 3548 3547 3547 3547 8718 8717 8717 8717 8717 8738 8737 8737 8737 8794 8793 19244 19292 19372 19371 4784 4796 4795 4824 4823 4823 4823 3682 3684 3688 3687 3687 3687 3687 3687 3687 3687 3687 3687 3687 13406 13405 13405 13405 13405 13405 13405 13405 13454 13453 13453 13453 13453 13453 13453 13453 13502 13501 13501 13501 13501 13501 
labels_S03_selected_tokens_123_3465_124_3066 20720 20719 20719 20719 20719 20719 20719 20719 20734 20733 20733 20782 20781 20781 20781 1052 1051 1051 1051 1051 1051 1051 1051 1051 1051 1051 1051 1051 1066 1065 1065 1132 1131 1131 18206 18205 18205 18205 18205 18205 18205 18232 18231 18231 18231 18310 18309 19208 19278 19277 19277 19360 19359 19359 13576 13575 13575 13575 13575 13668 13667 13694 13693 13693 11442 11441 11441 11441 11441 11441 11441 11441 11441 11441 11441 11441 11441 11441 11441 11441 11478 11477 11477 11477 11477 11477 11548 11547 11547 11547 11547 93 102 108 
labels_S03_selected_tokens_124_3066_125_2186 20720 20719 20719 20719 20719 20719 20719 20719 20719 20734 20733 20733 20782 20781 20781 20781 1052 1051 1051 1051 1051 1066 1065 1065 1065 1065 1065 1065 1065 1065 1132 1131 1131 1131 18206 18205 18205 18205 18205 18205 18205 18205 18232 18310 19208 19207 19207 19278 19360 19359 19359 13576 13668 13667 13667 13694 13693 13693 11442 11441 11441 11441 11441 11441 11441 11441 11441 11441 11441 11441 11441 11441 11441 11441 11478 11477 11477 11477 11477 11477 11548 11547 11547 11547 11547 11547 93 102 108 
labels_S03_selected_tokens_125_2186_126_2664 21112 21111 21111 21111 21111 21111 21122 21121 21121 21121 21210 21209 21209 21209 8226 8225 8225 8274 8273 8273 8273 8292 8291 8291 8291 8291 18154 18153 18153 18153 18153 18232 18231 18231 18231 18231 18231 18231 18310 18309 19208 19278 19277 19277 19277 19277 19360 19359 13604 13603 13603 13684 13683 13683 13714 13713 13713 13713 4558 4557 4557 4557 4557 4557 4557 4557 4557 4557 4557 4557 4557 4557 4564 4563 4563 4572 4571 4571 4571 4571 4571 4571 4571 4571 4571 4571 14962 14961 14961 14970 14969 14969 14969 14969 14969 14969 15076 15075 15075 15075 15075 15075 15075 
labels_S03_selected_tokens_126_2664_127_2824 21112 21111 21111 21122 21121 21121 21210 21209 21209 8226 8225 8225 8225 8274 8273 8273 8273 8273 8292 8291 8291 8291 18154 18153 18153 18153 18153 18153 18232 18231 18231 18231 18231 18231 18310 19208 19207 19207 19207 19278 19360 13604 13603 13603 13684 13714 13713 13713 13713 13713 4558 4557 4557 4557 4557 4557 4557 4557 4564 4563 4563 4563 4563 4572 4571 4571 4571 4571 4571 4571 4571 4571 4571 4571 4571 4571 4571 14876 14875 14875 14875 14875 14875 14875 14875 14875 14970 14969 14969 14969 15076 15075 15075 15075 15075 15075 15075 93 102 108 
labels_S03_selected_tokens_127_2824_128_4185 16960 16959 16959 16962 16961 16998 16997 16997 16997 6710 6709 6758 6757 6757 6757 6774 6773 6773 18128 18127 18127 18127 18127 18127 18127 18232 18231 18231 18231 18310 18309 18309 19208 19278 19277 19360 19359 19359 13552 13634 13633 13633 13696 13695 2032 2031 2031 2031 2192 2191 2191 2350 2349 18184 18183 18183 18183 18183 18183 18183 18252 18251 18251 18314 18313 18313 18313 15108 15107 15216 15294 15293 2052 2051 2051 2051 2051 2051 2051 2051 2051 2192 2191 2350 2349 17992 17991 17991 17991 17991 17991 17991 17991 17991 17991 17991 17991 17991 18024 18023 18023 18023 18023 18023 18023 18023 18023 18023 18023 18023 18072 18071 
labels_S03_selected_tokens_128_4185_129_5865 16960 16959 16959 16959 16959 16962 16961 16961 16961 16998 16997 6710 6709 6709 6709 6709 6758 6757 6774 6773 6773 18128 18127 18127 18127 18127 18127 18127 18127 18232 18231 18231 18310 19208 19207 19278 19360 19359 19359 13552 13634 13633 13696 13695 2032 2031 2031 2031 2031 2192 2191 2350 2349 18184 18183 18183 18183 18183 18183 18252 18251 18251 18314 18313 18313 18313 15108 15107 15216 15294 15293 2052 2051 2051 2051 2051 2051 2051 2051 2051 2051 2192 2191 2350 2349 17930 17929 17929 17929 17929 17929 17929 17929 17929 17929 17929 17929 17929 17929 17929 17929 17929 17929 17929 17929 17929 17929 17929 17929 18024 18023 18072 93 102 108 
labels_S03_selected_tokens_129_5865_130_7305 21112 21148 21147 21147 21147 21147 21147 21196 21195 10980 10979 11022 11021 11021 11021 11092 11091 11091 11091 18164 18163 18163 18163 18232 18231 18231 18231 18231 18231 18231 18231 18231 18231 18231 18310 18309 18309 19160 19316 19315 19315 19315 19315 19388 19387 19387 8714 8713 8713 8713 8748 8747 8776 2082 2081 2224 2342 13618 13617 13617 13617 13617 13617 13617 13670 13669 13710 13709 15118 15117 15117 15117 15244 15314 15313 15313 2052 2051 2051 2051 2051 2051 2051 2051 2051 2051 2192 2191 2191 2350 2349 17992 17991 17991 17991 17991 17991 17991 18024 18023 18023 18023 18023 18023 18023 18023 18023 18023 18023 18023 18023 18072 
labels_S03_selected_tokens_12_8006_13_6408 17796 17795 17795 17795 17816 17815 17815 17815 17815 17815 17918 17917 17917 6672 6671 6750 6788 6787 6787 15148 15147 15234 15233 15233 15304 19224 19223 19294 19293 19293 19293 19338 19337 19337 2136 2176 2340 14358 14357 14357 14396 14395 14470 2026 2025 2025 2025 2025 2164 2163 2163 2354 2353 15162 15161 15234 15233 15304 15303 19170 19320 19319 19319 19319 19330 19329 19329 18016 18015 18015 18015 18015 18015 18015 18015 18024 18023 18023 18023 18023 18023 18072 
labels_S03_selected_tokens_130_7305_131_9545 21112 21111 21148 21147 21147 21196 21195 10980 10979 11022 11021 11021 11021 11092 11091 11091 11091 18164 18163 18163 18163 18232 18231 18231 18231 18231 18231 18231 18231 18231 18231 18231 18231 18231 18231 18310 19160 19316 19388 8714 8713 8713 8748 8747 8776 2082 2081 2224 2342 13618 13617 13617 13617 13617 13617 13617 13617 13670 13669 13669 13710 15118 15117 15117 15117 15117 15244 15314 15313 15313 2052 2051 2051 2051 2051 2051 2051 2051 2051 2051 2051 2051 2192 2191 2350 2349 2349 17930 17929 17929 17929 17929 17929 17929 17929 17929 17929 17929 17929 17929 17929 18024 18023 18023 18023 18023 18023 18023 18023 18072 18071 93 102 100 100 100 100 100 100 108 
labels_S03_selected_tokens_131_9545_133_0825 16960 16959 16959 16959 16959 16959 16959 16990 16989 16989 17026 10956 10955 10955 10955 10955 11030 11029 11092 11091 11091 18164 18163 18163 18163 18163 18232 18231 18231 18231 18231 18310 18309 19208 19207 19278 19368 19367 19367 19367 21372 21371 21371 21371 21424 21423 21466 21465 21465 21465 648 650 649 649 649 649 649 652 651 651 651 5040 5039 5039 5039 5039 5039 5039 5056 5055 5055 5062 5061 5061 5061 10304 10303 10303 10303 10303 10303 10303 10303 10303 10303 10303 10303 10303 10303 10392 10391 10438 10437 22010 22009 22009 22054 22053 22053 22053 22053 22053 22053 22053 22053 22053 22053 22053 22100 22099 22099 
labels_S03_selected_tokens_133_0825_134_23437641723356 16960 16959 16959 16959 16959 16959 16959 16990 16989 17026 17025 17025 10956 10955 10955 11030 11029 11092 11091 11091 18164 18163 18163 18163 18163 18232 18231 18231 18231 18231 18231 18310 19208 19207 19207 19278 19368 21372 21371 21424 21423 21423 21466 21465 21465 21465 648 650 649 649 649 652 651 651 651 5040 5039 5039 5039 5039 5039 5039 5039 5056 5055 5055 5062 5061 5061 5061 5061 10304 10303 10303 10303 10303 10303 10303 10303 10303 10303 10303 10303 10303 10392 10391 10391 10438 21994 21993 21993 21993 22054 22053 22053 22053 22053 22053 22053 22053 22053 22053 22053 22053 22053 22060 22059 22059 22059 22059 93 102 108 
labels_S03_selected_tokens_13_6408_14_4888 20720 20719 20719 20719 20719 20719 20734 20733 20756 20755 20755 6706 6705 6705 6750 6749 6749 6749 6788 6787 6787 15182 15181 15214 15213 15314 15313 15313 15313 15313 15313 15313 15313 2078 2077 2077 2244 2334 13606 13605 13688 13687 13750 13749 13749 8476 8475 8475 8475 8475 8475 8478 8477 8477 8477 8477 8480 8479 8479 19240 19239 19239 19239 19239 19320 19319 19330 19329 19329 19329 19329 19329 19329 19329 19329 18016 18024 18023 18023 18023 18023 18023 18072 
labels_S03_selected_tokens_14_4888_15_3453 20720 20719 20719 20719 20719 20719 20734 20756 20755 20755 6706 6705 6705 6705 6750 6788 6787 6787 15182 15181 15214 15213 15314 15313 15313 15313 15313 15313 15313 15313 2078 2077 2077 2244 2334 13606 13605 13688 13687 13750 13749 13749 13749 8476 8475 8475 8475 8478 8477 8477 8477 8477 8477 8477 8480 8479 8479 8479 19240 19239 19239 19239 19320 19319 19319 19330 19329 19329 18016 18015 18015 18015 18015 18015 18015 18024 18023 18023 18023 18023 18072 18071 18071 18071 
labels_S03_selected_tokens_15_3453_16_2242 8514 8513 8513 8513 8513 8513 8513 8513 8513 8530 8529 8529 8529 8586 8585 12140 12139 12139 12194 12193 12246 12245 12245 12245 12245 12245 12245 13616 13615 13615 13615 13615 13686 13685 13754 5514 5513 5620 5619 5688 5687 21374 21373 21373 21422 21421 21421 21474 21473 21473 21473 21473 7910 7912 7911 7911 7911 7911 7911 7911 7911 7911 7914 7913 7913 7913 7913 12792 12791 12791 12791 12791 12791 12791 12822 12821 12821 12821 12852 12851 12851 12851 12851 93 102 108 
labels_S03_selected_tokens_16_2242_17_106 8514 8513 8513 8513 8513 8513 8513 8513 8513 8513 8530 8529 8529 8586 8585 12140 12139 12194 12246 12245 12245 12245 12245 13616 13615 13615 13615 13615 13615 13615 13615 13686 13685 13685 13754 5514 5513 5513 5620 5688 5687 5687 21374 21373 21373 21373 21373 21373 21422 21474 21473 21473 21473 21473 7910 7912 7911 7911 7911 7911 7911 7914 7913 7913 7913 7913 12792 12791 12791 12791 12791 12791 12791 12791 12822 12821 12821 12821 12821 12852 12851 12851 12851 93 102 108 
labels_S03_selected_tokens_17_106_17_85 17796 17795 17795 17795 17795 17795 17795 17795 17795 17795 17826 17825 17825 17825 17825 17874 17873 17873 12144 12143 12194 12193 12193 12193 12193 12193 12193 12193 12246 12245 12245 12245 12245 12245 12245 12245 13614 13613 13656 13740 13739 10324 10323 10323 10323 10402 10401 10401 10401 10452 10451 10451 10451 15618 15617 15617 15626 15625 15625 15625 15625 15625 15625 15625 15625 15625 15642 15641 15641 15641 15641 15641 
labels_S03_selected_tokens_17_85_18_666 17796 17795 17795 17795 17795 17795 17795 17795 17795 17795 17826 17825 17825 17825 17874 17873 17873 12144 12194 12193 12193 12246 12245 12245 12245 12245 12245 12245 12245 13614 13613 13613 13613 13613 13613 13656 13655 13740 13739 10324 10323 10323 10323 10402 10401 10401 10401 10401 10401 10452 15612 15611 15611 15611 15626 15625 15625 15625 15625 15625 15625 15625 15625 15625 15625 15625 15625 15642 15641 15641 15641 15641 15641 15641 15641 93 91 102 108 107 
labels_S03_selected_tokens_18_666_19_4019 9150 9204 9203 9203 9203 9203 9203 9288 9287 9287 12128 12127 12178 12177 12177 12177 12177 12177 12246 12245 12245 12245 12245 12245 12245 13564 13563 13563 13672 13671 13716 13715 13715 13715 13715 13715 7334 7333 7333 7333 7333 7333 7364 7363 7363 7363 7363 7363 7363 7363 7363 7402 7401 7401 7401 22000 21999 21999 22020 22019 22019 22019 22019 22019 22019 22019 22019 22019 22019 22100 22099 22099 
labels_S03_selected_tokens_19_4019_20_1539 9150 9204 9203 9203 9203 9288 12128 12127 12178 12246 12245 12245 12245 12245 12245 12245 12245 13564 13563 13563 13563 13563 13672 13671 13671 13716 13715 13715 13715 13715 13715 13715 13715 7334 7333 7333 7333 7333 7333 7333 7333 7333 7364 7363 7363 7363 7363 7402 7401 7401 7401 21978 21977 22020 22019 22019 22019 22019 22019 22019 22019 22019 22019 22019 22019 22060 22059 22059 22059 22059 93 102 108 
labels_S03_selected_tokens_1_1842_1_9442 8514 8513 8513 8513 8513 8513 8513 8513 8554 8553 8558 17314 17313 17368 17486 17485 6646 6645 6645 6645 6645 6760 6788 6787 15146 15145 15145 15145 15145 15145 15238 15308 5520 5572 5571 5658 5657 13552 13634 13633 13633 13696 13695 13695 2032 2031 2031 2031 2031 2031 2192 2191 2350 2349 2349 17992 17991 17991 17991 17991 18024 18023 18023 18023 18023 18023 18023 18023 18023 18023 18023 18023 18072 18071 
labels_S03_selected_tokens_1_9442_2_8192 8514 8513 8513 8513 8513 8513 8513 8513 8554 8553 8553 8553 8553 8553 8558 8557 17314 17368 17367 17486 17485 6646 6645 6645 6760 6788 6787 15146 15145 15145 15145 15145 15238 15237 15237 15308 5520 5572 5571 5658 5657 13552 13634 13633 13633 13696 13695 13695 2032 2031 2031 2031 2031 2031 2192 2191 2350 2349 2349 17930 17929 17929 17929 17929 17929 17929 17929 17929 17929 17929 17929 17929 17929 17929 17929 17929 17929 17929 18024 18023 18023 18072 18071 93 102 108 
labels_S03_selected_tokens_20_1539_20_9779 3 12 18 13964 14036 14035 14035 14100 14099 12126 12125 12194 12193 12193 12193 12246 12245 12245 12245 12245 12245 12245 13616 13615 13615 13615 13676 13732 13731 19154 19153 19153 19153 19294 19293 19386 19385 19385 19385 19385 19385 19385 4560 4559 4559 4559 4559 4559 4559 4559 4559 4564 4563 4563 4563 4563 4563 4572 4571 4571 4571 4571 4571 14194 14193 14193 14193 14193 14193 14193 14210 14209 14209 14209 14209 14258 14257 14257 14257 14257 
labels_S03_selected_tokens_20_9779_21_8339 3 12 18 13964 14036 14035 14035 14035 14100 12126 12194 12193 12246 12245 12245 12245 12245 12245 13616 13615 13615 13615 13615 13615 13615 13676 13675 13732 13731 19154 19153 19153 19294 19293 19293 19386 19385 19385 19385 19385 19385 19385 4560 4559 4559 4559 4559 4559 4559 4559 4559 4559 4564 4563 4563 4563 4563 4572 4571 4571 4571 4571 4571 14194 14193 14193 14193 14193 14193 14193 14193 14210 14209 14209 14209 14209 14258 14257 14257 14257 14257 14257 14257 14257 
labels_S03_selected_tokens_21_8339_22_5215 16468 16502 16544 16543 16543 16543 16543 16543 16543 16543 16543 12138 12137 12137 12194 12193 12193 12193 12193 12246 12245 12245 12245 12245 12245 12245 13614 13613 13613 13656 13655 13740 13739 10324 10323 10323 10323 10402 10401 10401 10401 10401 10401 10401 10452 10451 10451 15618 15617 15617 15626 15625 15625 15625 15625 15625 15625 15625 15625 15642 15641 15641 15641 15641 15641 15641 15641 
labels_S03_selected_tokens_22_5215_23_2654 16468 16502 16501 16501 16501 16501 16544 12138 12137 12194 12193 12246 12245 12245 12245 12245 12245 12245 12245 13614 13613 13613 13613 13613 13656 13655 13740 13739 13739 13739 10324 10323 10323 10323 10402 10401 10401 10401 10401 10401 10401 10401 10452 15612 15611 15611 15626 15625 15625 15625 15625 15625 15625 15625 15625 15625 15625 15625 15642 15641 15641 15641 15641 15641 15641 15641 15641 93 91 91 102 108 
labels_S03_selected_tokens_23_2654_24_1055 21112 21111 21148 21147 21147 21190 21189 21189 12120 12119 12119 12194 12193 12193 12246 12245 12245 12245 12245 12245 12245 13616 13615 13615 13615 13676 13732 13731 13731 13731 5046 5045 5045 5045 5056 5055 5055 5055 5055 5055 5070 5069 5069 5069 5069 5069 6934 6938 6937 6937 6948 6947 6947 6947 6947 6947 6947 6947 6947 6947 6947 6947 6947 6947 6947 6947 6947 6947 17104 17156 17155 17155 17155 17155 17212 17211 17211 17211 17211 17211 17211 17211 
labels_S03_selected_tokens_24_1055_24_8575 21112 21148 21190 21189 21189 12120 12119 12194 12246 12245 12245 13616 13615 13615 13615 13615 13615 13615 13615 13676 13675 13732 13731 13731 5046 5045 5045 5045 5056 5055 5055 5055 5055 5070 5069 5069 5069 5069 5069 6934 6938 6937 6948 6947 6947 6947 6947 6947 6947 6947 6947 6947 6947 6947 6947 17104 17103 17103 17156 17155 17155 17155 17155 17155 17212 17211 17211 17211 17211 17211 17211 17211 17211 
labels_S03_selected_tokens_24_8575_25_6256 21112 21111 21148 21147 21147 21190 21189 21189 12120 12119 12119 12119 12194 12193 12246 12245 12245 12245 12245 12245 12245 13616 13615 13615 13615 13686 13754 5514 5513 5513 5624 5623 5676 5675 10272 10271 10271 10366 10365 10365 10365 10365 10365 10365 10365 10365 10432 15612 15611 15611 15611 15611 15611 15626 15625 15625 15625 15625 15625 15625 15625 15625 15642 15641 15641 15641 15641 15641 15641 15641 93 91 102 108 107 
labels_S03_selected_tokens_25_6256_26_4254 21112 21111 21148 21147 21190 21189 21189 12120 12119 12194 12246 13616 13615 13615 13615 13615 13615 13615 13615 13615 13615 13686 13685 13754 5514 5513 5513 5513 5624 5623 5623 5676 5675 5675 10272 10366 10365 10365 10365 10365 10365 10365 10365 10365 10365 10365 10365 10365 10365 10432 10431 15618 15617 15626 15625 15625 15625 15625 15625 15625 15625 15625 15625 15625 15625 15642 15641 15641 15641 15641 15641 15641 15641 15641 15641 15641 15641 15641 
labels_S03_selected_tokens_26_4254_27_4935 2 8 18 17720 17719 17719 17719 17719 17719 17719 17719 17820 17819 17819 17819 17819 17819 17819 17916 17915 17915 19222 19221 19278 19277 19374 19373 19373 19373 12138 12137 12194 12193 12193 12193 12246 12245 12245 12245 12245 12245 12245 13616 13615 13615 13615 13652 13651 13651 13651 13651 13744 13743 21366 21365 21394 21393 21393 21472 21471 21471 21471 7910 7912 7911 7911 7911 7911 7911 7911 7911 7911 7914 7913 7913 7913 7913 12934 12933 12933 12933 12933 12933 12933 12946 12945 12945 12992 12991 17980 17979 17979 17979 17979 17979 17979 18024 18023 18023 18023 18023 18023 18023 18023 18072 
labels_S03_selected_tokens_27_4935_28_5735 17796 17795 17795 17795 17795 17795 17795 17795 17795 17795 17820 17819 17819 17916 19222 19221 19221 19278 19277 19277 19374 19373 12138 12194 12246 12245 12245 12245 12245 12245 12245 12245 13616 13615 13615 13615 13615 13615 13615 13652 13651 13651 13651 13651 13744 13743 13743 21366 21365 21365 21394 21393 21472 21471 21471 21471 7910 7912 7911 7911 7911 7911 7911 7911 7911 7911 7914 7913 7913 7913 12934 12933 12933 12933 12933 12933 12946 12945 12945 12945 12992 12991 17926 17925 17925 17925 17925 17925 17925 17925 17925 17925 17925 17925 17925 18024 18023 18023 18023 18023 18023 18072 18071 93 102 108 
labels_S03_selected_tokens_28_5735_29_2958 5170 5216 5274 12134 12133 12133 12133 12194 12193 12193 12193 12193 12193 12246 12245 12245 12245 12245 12245 13564 13563 13563 13672 13716 13715 13715 13715 13715 13715 13715 7326 7325 7390 7389 7389 7418 7417 7417 7417 7417 7417 18646 18645 18645 18645 18645 18664 18663 18663 18663 18684 18683 18683 11282 11286 11285 11285 11285 11285 11285 11285 11285 11292 11291 11291 16568 16567 16567 16624 16660 
labels_S03_selected_tokens_29_2958_29_984 5170 5216 5274 5273 12134 12133 12133 12194 12193 12246 12245 12245 12245 12245 12245 12245 12245 13564 13563 13563 13672 13671 13716 13715 13715 13715 13715 13715 13715 13715 7326 7390 7389 7389 7418 7417 7417 7417 7417 7417 18646 18645 18645 18645 18645 18664 18663 18663 18684 18683 18683 18683 11282 11286 11285 11285 11285 11285 11285 11292 11291 11291 16568 16567 16567 16624 16660 
labels_S03_selected_tokens_29_984_30_84 21112 21111 21148 21147 21147 21190 21189 21189 21189 12120 12119 12119 12194 12193 12246 12245 12245 12245 12245 12245 12245 13616 13615 13615 13615 13615 13678 13677 13706 4774 4773 4773 4800 4799 4814 4813 4813 4813 6934 6938 6937 6948 6947 17320 17319 17319 17319 17319 17319 17319 17319 17319 17319 17412 17411 17411 17468 17467 17467 17467 17467 17467 17467 15818 15817 15817 15817 15817 15817 15817 15824 15823 15823 15828 15827 15827 15827 15827 15827 15827 15827 93 102 108 
labels_S03_selected_tokens_2_8192_3_5712 12454 12453 12456 12455 12455 12480 12479 12479 12479 6688 6687 6687 6687 6746 6745 6745 6768 6767 14322 14321 14321 14321 14390 14389 14389 14389 14424 14423 14423 18138 18137 18137 18137 18137 18137 18232 18231 18231 18310 18309 19238 19310 19309 19309 19392 19391 19391 16306 16305 16305 16305 16305 16305 16305 16308 16307 16307 16307 16307 16312 16311 14942 14941 14941 14970 14969 14969 14969 14969 14969 15076 15075 15075 
labels_S03_selected_tokens_30_84_31_6642 21112 21111 21148 21147 21190 21189 21189 12120 12119 12194 12246 12245 12245 12245 13616 13615 13615 13615 13615 13615 13678 13677 13677 13706 13705 4774 4773 4773 4800 4799 4814 4813 4813 6934 6933 6938 6948 6947 6947 6947 6947 17320 17319 17319 17319 17319 17412 17411 17411 17411 17411 17411 17468 17467 17467 17467 17467 17467 15818 15817 15817 15817 15817 15817 15824 15823 15823 15828 15827 15827 15827 15827 15827 15827 15827 93 91 91 102 108 
labels_S03_selected_tokens_31_6642_32_5622 8514 8513 8513 8513 8513 8513 8513 8513 8536 8535 8535 8535 8535 8564 8563 6672 6671 6756 6755 6755 6792 6791 6791 6791 6186 6228 6227 6254 6253 6253 6253 7358 7366 7365 7365 7365 7408 7407 21384 21383 21392 21391 21478 21477 21477 21477 8476 8475 8475 8475 8478 8477 8477 8477 8477 8477 8477 8477 8480 8479 8479 18940 18939 18939 18939 18939 18939 18939 18939 18939 18939 19068 19067 19067 19067 19067 19144 19143 19143 19143 19143 19143 19143 93 91 91 102 108 
labels_S03_selected_tokens_32_5622_33_3222 8514 8513 8513 8513 8513 8536 8535 8535 8535 8564 8563 8563 6672 6671 6756 6755 6755 6755 6755 6792 6186 6228 6254 6253 7358 7357 7357 7366 7365 7365 7365 7408 7407 21384 21383 21383 21392 21391 21478 21477 21477 8476 8475 8475 8475 8475 8478 8477 8477 8477 8477 8477 8477 8480 8479 8479 18940 18939 18939 18939 18939 18939 18939 18939 19068 19067 19067 19067 19144 19143 19143 93 102 108 
labels_S03_selected_tokens_33_3222_33_9701 13248 13247 13276 13275 13275 13340 13339 13339 13339 6650 6649 6649 6649 6649 6649 6756 6792 6791 6186 6185 6185 6228 6254 6253 6253 7360 7359 7359 7359 7359 7359 7396 7395 7395 7395 7395 7434 7433 7433 7433 7433 11448 11447 11447 11447 11447 11447 11447 11447 11447 11447 11447 11478 11477 11477 11477 11548 11547 11547 11547 93 102 108 
labels_S03_selected_tokens_33_9701_34_6021 13248 13247 13247 13247 13247 13276 13275 13275 13340 13339 13339 6650 6649 6649 6649 6649 6756 6755 6792 6186 6228 6254 7360 7359 7359 7359 7359 7359 7359 7396 7395 7395 7395 7395 7434 7433 7433 7433 7433 11448 11447 11447 11447 11447 11447 11447 11447 11447 11447 11478 11477 11477 11477 11477 11548 11547 11547 11547 93 102 108 
labels_S03_selected_tokens_34_6021_35_2382 3 12 18 13964 14042 14041 14041 14098 14097 2984 2983 3046 3045 3045 3045 3060 3059 6186 6185 6228 6227 6254 6253 6253 6253 7358 7357 7390 7418 7417 7417 7417 7417 18646 18645 18645 18664 18663 18663 18663 18684 18683 18683 11282 11286 11285 11285 11285 11285 11285 11292 11291 11291 16568 16567 16567 16567 16567 16567 16624 16623 16660 
labels_S03_selected_tokens_35_2382_35_8222 14022 14070 14069 14069 14069 14069 14069 14069 14098 14097 2984 2983 2983 2983 3046 3045 3060 6186 6228 6227 6254 7358 7357 7357 7357 7390 7389 7389 7418 7417 7417 7417 7417 18646 18645 18664 18663 18663 18663 18684 18683 18683 18683 11282 11286 11285 11285 11285 11285 11285 11292 11291 16568 16567 16624 16660 
labels_S03_selected_tokens_35_8222_36_6681 21112 21111 21152 21151 21151 21151 21151 21151 21180 21179 21179 21179 21179 21179 7780 7779 7779 7802 7801 7801 7820 7819 7819 7819 7819 7819 7819 6196 6212 6211 6272 6271 11592 11591 11591 11618 11617 11617 11617 11617 11617 11617 11694 11693 11693 11693 11693 11693 2022 2021 2021 2250 2249 2249 2350 2349 18178 18177 18232 18231 18231 18231 18231 18231 18231 18231 18231 18231 18231 18282 18281 18970 18969 19022 19021 19021 19021 19072 19071 19071 93 102 108 
labels_S03_selected_tokens_36_6681_37_5001 21112 21152 21151 21151 21151 21151 21151 21180 21179 21179 21179 21179 7780 7779 7779 7779 7779 7802 7820 7819 7819 7819 6196 6212 6272 11592 11591 11591 11591 11591 11618 11617 11617 11617 11694 11693 11693 2022 2021 2021 2021 2021 2021 2021 2021 2021 2250 2249 2350 2349 2349 2349 18178 18232 18231 18231 18231 18231 18231 18231 18231 18231 18231 18231 18231 18231 18231 18231 18282 18970 18969 19022 19021 19021 19072 19071 19071 19071 93 102 108 
labels_S03_selected_tokens_37_5001_38_2361 2722 2721 2721 2721 2721 2721 2772 2771 2771 2771 2771 2771 2771 2771 2786 2785 6186 6185 6228 6227 6254 6253 6253 6253 7358 7398 7397 7397 7448 7447 15112 15111 15214 15213 15314 15313 2052 2051 2051 2051 2051 2051 2051 2192 2191 2191 2350 2349 2349 17930 17929 17929 17929 17929 17929 17929 17929 17929 17929 17929 17929 17929 17929 17929 17929 17929 17929 18024 18072 93 102 108 
labels_S03_selected_tokens_38_2361_38_9961 2722 2721 2721 2721 2721 2721 2721 2772 2771 2771 2771 2771 2786 2785 6186 6228 6254 7358 7357 7357 7398 7397 7397 7397 7448 7447 7447 15112 15111 15214 15314 15313 2052 2051 2051 2051 2051 2051 2051 2051 2051 2192 2191 2350 2349 17930 17929 17929 17929 17929 17929 17929 17929 17929 17929 17929 17929 17929 17929 17929 17929 17929 17929 18024 18023 18023 18023 18072 18071 18071 18071 93 102 108 
labels_S03_selected_tokens_38_9961_39_6442 9136 9135 9216 9215 9215 9215 9215 9286 9285 9285 9285 6696 6756 6755 6755 6792 6791 6791 6791 6186 6185 6228 6227 6254 6253 6253 6253 7300 7299 7299 7299 7299 7299 7299 7299 7299 7364 7363 7363 7363 7363 7363 7402 7401 7401 22000 21999 21999 22020 22019 22019 22019 22019 22019 22019 22019 22019 22019 22019 22100 22099 22099 22099 
labels_S03_selected_tokens_39_6442_40_3082 9136 9135 9135 9216 9215 9215 9215 9286 9285 9285 9285 6696 6756 6755 6755 6755 6755 6792 6791 6186 6228 6254 6253 7300 7299 7299 7299 7299 7299 7299 7299 7299 7364 7363 7363 7363 7363 7363 7363 7402 7401 7401 7401 22000 21999 22020 22019 22019 22019 22019 22019 22019 22019 22019 22019 22019 22019 22019 22019 22019 22100 22099 22099 22099 
labels_S03_selected_tokens_3_5712_4_4541 12454 12456 12455 12455 12455 12480 12479 12479 6688 6687 6687 6687 6746 6745 6768 6767 14322 14321 14321 14321 14390 14389 14389 14424 14423 14423 14423 18138 18137 18137 18137 18137 18232 18231 18231 18310 18309 19238 19237 19310 19309 19309 19392 19391 19391 19391 16306 16305 16305 16305 16305 16305 16305 16305 16305 16305 16308 16307 16312 14878 14877 14877 14877 14877 14877 14877 14877 14877 14970 14969 14969 14969 15076 15075 15075 15075 15075 15075 15075 15075 15075 15075 93 91 102 108 
labels_S03_selected_tokens_40_3082_41_0922 3 12 18 13184 13270 13269 13352 13351 13351 13351 13351 13351 13351 1002 1001 1001 1001 1001 1001 1001 1001 1001 1001 1001 1001 1100 1099 1144 1143 1143 6186 6185 6228 6227 6254 6253 6253 6253 7300 7299 7299 7299 7299 7299 7299 7364 7363 7363 7363 7363 7363 7363 7363 7363 7363 7363 7363 7363 7402 7401 7401 7401 22000 21999 21999 22020 22019 22019 22019 22019 22019 22019 22019 22019 22019 22100 
labels_S03_selected_tokens_41_0922_42_0282 3 12 18 13184 13183 13183 13183 13183 13183 13270 13269 13269 13269 13269 13269 13352 13351 13351 13351 13351 1002 1001 1001 1001 1001 1001 1001 1001 1001 1001 1001 1100 1099 1099 1099 1144 1143 6186 6228 6254 6253 7300 7299 7299 7299 7299 7299 7299 7364 7363 7363 7363 7363 7363 7363 7363 7363 7363 7363 7363 7363 7363 7363 7363 7363 7363 7363 7402 7401 21978 21977 21977 22020 22019 22019 22019 22019 22019 22019 22019 22019 22019 22060 22059 22059 22059 22059 22059 22059 93 102 108 
labels_S03_selected_tokens_42_0282_42_6602 3 12 18 2686 2685 2685 2685 2772 2771 2771 2771 2771 2771 2771 2771 2771 2786 2785 2785 6186 6185 6185 6228 6227 6254 6253 6253 6253 7300 7299 7299 7299 7299 7299 7299 7299 7380 7379 7379 7379 7379 7379 7379 7379 7379 7379 7379 7416 7415 7415 5342 5341 5341 5430 5429 5498 5497 5497 93 102 108 
labels_S03_selected_tokens_42_6602_43_2682 3 12 18 2686 2685 2685 2685 2772 2771 2771 2771 2771 2771 2771 2771 2786 2785 6186 6185 6228 6227 6254 7300 7299 7299 7299 7299 7299 7380 7379 7379 7379 7379 7379 7379 7379 7379 7379 7379 7379 7379 7379 7416 7415 5342 5341 5341 5430 5498 5497 5497 5497 5497 5497 5497 93 91 102 108 
labels_S03_selected_tokens_43_2682_43_9899 2 8 18 8498 8497 8497 8497 8540 8539 8539 8578 8577 8577 474 473 518 517 517 517 517 517 517 517 517 517 517 517 517 517 540 539 539 539 6186 6185 6228 6227 6254 6253 6253 7300 7299 7299 7299 7299 7299 7299 7380 7379 7379 7379 7379 7379 7379 7379 7379 7379 7379 7379 7379 7416 5342 5341 5430 5429 5498 5497 93 102 108 
labels_S03_selected_tokens_43_9899_44_8148 3 12 10 10 10 10 10 10 10 18 8498 8497 8540 8539 8539 8578 8577 8577 474 473 518 517 517 517 517 517 517 517 517 517 517 517 517 540 539 539 539 539 6186 6228 6254 7300 7299 7299 7299 7380 7379 7379 7379 7379 7379 7379 7379 7379 7379 7379 7379 7379 7379 7379 7379 7379 7379 7379 7416 7415 5342 5341 5341 5341 5430 5429 5498 5497 5497 5497 5497 93 102 108 
labels_S03_selected_tokens_44_8148_45_5349 21112 21162 21161 21161 21161 21161 21161 21161 21161 21161 21161 21161 21168 21167 6702 6701 6701 6701 6701 6701 6756 6755 6755 6792 6791 6791 6186 6185 6185 6228 6227 6254 6253 6253 6253 7300 7299 7299 7299 7299 7299 7299 7299 7299 7380 7379 7379 7379 7379 7379 7379 7379 7379 7379 7379 7379 7379 7379 7379 7379 7416 7415 5342 5341 5430 5429 5498 93 102 108 
labels_S03_selected_tokens_45_5349_46_2229 21112 21111 21162 21161 21161 21168 21167 21167 6702 6701 6701 6701 6701 6701 6701 6756 6755 6755 6755 6755 6792 6791 6186 6228 6254 6253 7300 7299 7299 7299 7299 7380 7379 7379 7379 7379 7379 7379 7379 7379 7379 7379 7379 7379 7379 7379 7379 7379 7379 7379 7379 7416 7415 5342 5341 5430 5429 5498 5497 5497 5497 5497 5497 5497 93 102 108 
labels_S03_selected_tokens_46_2229_47_0389 12646 12694 12693 12693 12693 12693 12693 12750 12749 12749 12749 12749 16106 16105 16105 16105 16105 16105 16105 16105 16105 16105 16105 16105 16105 16105 16136 16135 16135 16135 16170 16169 16169 5534 5608 5607 5712 10272 10366 10365 10365 10365 10365 10365 10365 10365 10365 10365 10365 10365 10365 10365 10432 15612 15611 15611 15611 15626 15625 15625 15625 15625 15625 15625 15625 15625 15625 15642 15641 15641 15641 15641 15641 15641 15641 15641 93 91 102 108 
labels_S03_selected_tokens_47_0389_47_8149 12646 12694 12693 12693 12693 12750 12749 12749 12749 12749 12749 12749 16106 16136 16135 16135 16135 16135 16135 16135 16135 16135 16135 16135 16135 16135 16170 16169 16169 16169 5534 5533 5533 5608 5607 5712 5711 10272 10366 10365 10365 10365 10365 10365 10365 10365 10365 10365 10365 10432 10431 10431 15618 15617 15626 15625 15625 15625 15625 15625 15625 15625 15625 15625 15642 15641 15641 15641 15641 15641 15641 15641 15641 15641 15641 15641 
labels_S03_selected_tokens_47_8149_48_5669 8906 8908 8907 8934 8933 8933 8933 16106 16105 16105 16105 16105 16105 16105 16105 16105 16105 16105 16105 16105 16105 16105 16105 16136 16135 16135 16135 16170 16169 16169 16169 5534 5608 5607 5712 10328 10327 10327 10327 10327 10327 10327 10327 10327 10327 10327 10327 10327 10327 10327 10327 10327 10327 10327 10327 10327 10352 10351 10436 10435 5350 5349 5349 5349 5349 5349 5349 5349 5349 5430 5429 5429 5500 
labels_S03_selected_tokens_48_5669_49_3589 8906 8908 8907 8934 8933 8933 16106 16105 16105 16105 16105 16105 16105 16136 16135 16135 16135 16135 16135 16135 16135 16135 16135 16135 16135 16135 16135 16170 16169 16169 16169 16169 5534 5533 5608 5607 5712 10328 10327 10327 10327 10327 10327 10327 10327 10327 10327 10327 10327 10327 10327 10327 10327 10327 10327 10327 10327 10352 10436 10435 5350 5349 5349 5349 5349 5349 5349 5430 5498 5497 5497 5497 5497 5497 93 102 108 
labels_S03_selected_tokens_49_3589_50_2149 9136 9135 9135 9135 9135 9216 9215 9215 9296 9295 9295 16080 16079 16108 16107 16107 16107 16107 16107 16107 16107 16107 16107 16107 16107 16107 16107 16107 16146 16145 16145 22122 22121 22121 22121 22188 22187 22187 22187 22236 22235 22235 22235 10250 10249 10249 10249 10249 10249 10249 10249 10249 10249 10249 10249 10249 10249 10249 10249 10346 10345 10345 10410 10409 10409 22010 22009 22054 22053 22053 22053 22053 22053 22053 22053 22053 22053 22053 22053 22053 22100 22099 22099 22099 
labels_S03_selected_tokens_4_4541_5_0381 3 12 18 13184 13270 13269 13269 13340 13339 13339 6650 6649 6649 6649 6649 6720 6768 6767 6767 14342 14341 14341 14341 14341 14396 14470 2026 2025 2025 2025 2025 2025 2025 2025 2025 2025 2164 2354 2353 2353 14956 14955 14955 14955 14955 14955 14970 14969 14969 14969 14969 14969 14969 15076 15075 15075 
labels_S03_selected_tokens_50_2149_51_079 9136 9216 9215 9215 9215 9296 9295 9295 9295 9295 16080 16079 16108 16107 16107 16107 16107 16107 16107 16107 16107 16107 16107 16107 16107 16107 16146 16145 16145 16145 16145 22122 22121 22121 22188 22187 22187 22187 22187 22187 22236 22235 22235 10250 10249 10249 10249 10249 10249 10249 10249 10249 10249 10249 10249 10249 10249 10249 10346 10345 10410 10409 10409 22010 22054 22053 22053 22053 22053 22053 22053 22053 22053 22053 22053 22053 22053 22053 22100 22099 22099 22099 22099 22099 
labels_S03_selected_tokens_51_079_51_9514 3 12 18 13964 13963 14042 14041 14041 14130 14129 14129 16086 16085 16085 16085 16085 16085 16085 16085 16085 16085 16085 16136 16135 16135 16135 16135 16135 16135 16135 16135 16135 16135 16170 16169 16169 5534 5626 5625 5625 5700 2074 2073 2073 2073 2073 2073 2073 2073 2073 2073 2073 2208 2207 2207 2340 2339 2339 14190 14189 14189 14189 14189 14189 14189 14189 14210 14209 14209 14209 14209 14209 14209 14209 14209 14258 14257 14257 14257 14257 14257 14257 14257 14257 14257 
labels_S03_selected_tokens_51_9514_52_7914 3 12 18 13964 14042 14041 14041 14041 14130 14129 14129 16086 16085 16085 16136 16135 16135 16135 16135 16135 16135 16135 16135 16135 16135 16135 16135 16135 16170 16169 16169 16169 16169 5534 5533 5626 5625 5700 2074 2073 2073 2073 2073 2073 2073 2073 2073 2073 2208 2207 2207 2207 2340 2339 2339 14190 14189 14189 14189 14189 14189 14189 14189 14189 14189 14189 14189 14210 14209 14209 14209 14258 14257 14257 14257 14257 14257 14257 14257 14257 14257 14257 
labels_S03_selected_tokens_52_7914_53_7434 16468 16467 16467 16467 16467 16514 16513 16513 16513 16513 16560 16559 16559 16559 16090 16089 16089 16089 16089 16089 16089 16089 16089 16108 16107 16107 16107 16107 16107 16107 16107 16107 16107 16107 16107 16146 16145 16145 16145 22122 22121 22121 22192 22191 22191 22191 22228 22227 22227 22227 7332 7331 7331 7331 7331 7331 7331 7331 7331 7331 7364 7363 7363 7363 7363 7363 7363 7363 7363 7363 7363 7363 7363 7402 7401 22000 21999 21999 21999 22020 22019 22019 22019 22019 22019 22019 22019 22019 22100 22099 22099 22099 22099 
labels_S03_selected_tokens_53_7434_54_6554 16468 16514 16513 16513 16513 16513 16560 16559 16559 16559 16090 16089 16089 16108 16107 16107 16107 16107 16107 16107 16107 16107 16107 16107 16107 16107 16107 16146 16145 16145 16145 16145 16145 16145 22122 22121 22121 22192 22191 22228 22227 22227 22227 22227 7332 7331 7331 7331 7331 7331 7331 7331 7331 7331 7364 7363 7363 7363 7363 7363 7363 7363 7363 7363 7363 7402 7401 7401 7401 22000 21999 21999 22020 22019 22019 22019 22019 22019 22019 22019 22019 22019 22019 22019 22019 22100 22099 22099 22099 
labels_S03_selected_tokens_54_6554_55_5035 16960 16959 16959 16988 16987 16987 16987 17030 17029 17029 17029 17029 16098 16097 16097 16097 16097 16097 16097 16097 16097 16097 16097 16097 16136 16168 16167 16167 4790 4789 4789 4806 4805 4805 4850 4849 4849 4849 648 650 649 649 649 649 649 649 649 649 649 649 649 649 649 649 649 652 651 651 651 18950 18949 18949 18949 18949 18949 18949 18949 18949 18949 19068 19067 19067 19067 19144 19143 19143 19143 19143 19143 19143 93 102 108 
labels_S03_selected_tokens_55_5035_56_3805 16960 16959 16959 16988 16987 16987 17030 17029 17029 16098 16097 16097 16097 16097 16097 16097 16136 16135 16135 16135 16135 16168 16167 16167 16167 4790 4789 4806 4805 4805 4805 4850 4849 4849 648 650 649 649 649 649 649 649 649 649 649 649 649 649 649 652 651 651 651 651 651 18950 18949 18949 18949 18949 18949 18949 18949 18949 18949 18949 18949 19068 19067 19067 19067 19144 19143 19143 19143 19143 19143 19143 19143 19143 19143 19143 19143 93 102 108 
labels_S03_selected_tokens_56_3805_57_3004 3 12 18 17720 17719 17719 17719 17719 17834 17833 17833 17833 17833 17914 17913 16084 16083 16120 16119 16119 16119 16119 16119 16119 16119 16119 16119 16119 16119 16119 16119 16119 16119 16166 16165 16165 16165 12538 12537 12537 12540 12539 12539 12548 12547 12547 12547 7324 7323 7323 7323 7323 7323 7323 7323 7323 7323 7323 7398 7397 7397 7397 7397 7397 7397 7397 7448 7447 7447 7447 14892 14891 14970 14969 14969 14969 14969 14969 14969 14969 14969 15076 15075 15075 15075 15075 15075 15075 15075 15075 
labels_S03_selected_tokens_57_3004_58_172 17796 17834 17833 17833 17833 17833 17833 17833 17833 17833 17914 17913 17913 16084 16083 16083 16083 16120 16119 16119 16119 16119 16119 16119 16119 16119 16119 16119 16119 16166 16165 16165 16165 16165 16165 12538 12537 12540 12539 12539 12548 12547 12547 12547 7324 7323 7323 7323 7323 7323 7323 7323 7323 7323 7398 7397 7397 7397 7397 7397 7397 7448 7447 7447 14892 14891 14891 14891 14891 14970 14969 14969 14969 14969 14969 14969 15076 15075 15075 15075 15075 15075 15075 15075 15075 
labels_S03_selected_tokens_58_172_58_9559 3 12 18 17720 17719 17719 17719 17719 17719 17719 17719 17834 17833 17833 17833 17833 17914 17913 16084 16083 16083 16083 16083 16083 16083 16083 16083 16083 16083 16083 16083 16083 16120 16119 16119 16170 16169 16169 16169 5534 5626 5625 5708 5707 1766 1765 1765 1765 1765 1846 1845 1845 1845 1845 1845 1845 1845 1845 1845 1845 1845 1845 1845 1845 1845 1845 1845 1845 1998 1997 1997 1997 1997 1997 1997 1997 
labels_S03_selected_tokens_58_9559_59_7398 4 16 18 17720 17719 17719 17834 17833 17833 17833 17833 17833 17833 17914 17913 17913 16084 16083 16083 16083 16083 16083 16120 16119 16119 16119 16119 16119 16119 16119 16119 16119 16119 16170 16169 16169 16169 5534 5533 5626 5625 5708 1766 1765 1765 1765 1765 1765 1765 1765 1765 1765 1846 1845 1845 1845 1845 1845 1845 1845 1845 1845 1845 1845 1998 1997 1997 1997 1997 1997 1997 1997 1997 1997 1997 1997 
labels_S03_selected_tokens_59_7398_60_492 16468 16467 16467 16514 16513 16513 16560 16559 16559 16559 16090 16089 16089 16089 16089 16089 16089 16089 16089 16136 16135 16135 16135 16170 16169 5534 5584 5583 5650 5649 11592 11591 11591 11591 11591 11618 11617 11617 11694 11693 2126 2125 2125 2125 2125 2125 2125 2125 2125 2125 2125 2246 2245 2245 2340 2339 2339 14190 14189 14189 14189 14210 14209 14209 14209 14209 14209 14209 14209 14258 14257 14257 14257 
labels_S03_selected_tokens_5_0381_5_6299 13248 13276 13275 13275 13275 13275 13340 13339 13339 6650 6649 6649 6720 6719 6768 6767 14342 14341 14341 14341 14341 14396 14470 2026 2025 2025 2025 2025 2025 2025 2025 2025 2164 2163 2354 2353 2353 14956 14955 14955 14970 14969 14969 14969 14969 14969 14969 14969 14969 14969 15076 15075 15075 15075 15075 15075 15075 
labels_S03_selected_tokens_5_6299_6_4585 3 12 18 17720 17719 17719 17719 17830 17829 17829 17878 17877 16686 16685 16748 16747 16758 16757 16757 6670 6750 6749 6749 6749 6749 6749 6749 6788 6787 15146 15145 15145 15145 15145 15145 15238 15308 5536 5535 5624 5623 5648 5647 7332 7331 7331 7331 7331 7331 7331 7331 7331 7331 7331 7364 7363 7363 7363 7363 7363 7402 7401 7401 22000 21999 21999 21999 22020 22019 22019 22019 22019 22019 22019 22019 22019 22019 22100 22099 22099 22099 
labels_S03_selected_tokens_60_492_61_2439 16468 16514 16513 16513 16513 16513 16513 16560 16559 16559 16559 16559 16090 16089 16136 16135 16135 16135 16135 16135 16135 16170 16169 16169 16169 5534 5533 5584 5650 11592 11591 11591 11591 11591 11618 11617 11617 11617 11694 11693 2126 2125 2125 2125 2125 2125 2125 2125 2125 2246 2245 2245 2245 2340 2339 14190 14189 14189 14189 14189 14210 14209 14209 14209 14209 14209 14209 14209 14258 14257 14257 14257 14257 
labels_S03_selected_tokens_61_2439_62_3 3 12 10 10 10 10 10 10 10 10 10 18 17720 17719 17719 17719 17719 17719 17719 17719 17719 17834 17833 17833 17833 17833 17914 17913 16084 16083 16083 16083 16083 16083 16083 16083 16083 16083 16120 16168 16167 16167 16167 4790 4804 4803 4803 4842 4841 4841 7358 7398 7397 7397 7397 7397 7397 7448 7447 7447 15112 15111 15214 15213 15314 2052 2051 2051 2051 2051 2051 2051 2051 2051 2051 2192 2191 2191 2350 2349 17992 17991 17991 17991 17991 17991 17991 17991 17991 17991 17991 18024 18023 18023 18023 18023 18023 18023 18023 18023 18023 18023 18072 18071 
labels_S03_selected_tokens_62_3_63_2278 3 12 18 17720 17719 17719 17719 17834 17833 17833 17833 17833 17833 17914 17913 17913 16084 16083 16083 16120 16119 16119 16119 16119 16119 16168 16167 16167 16167 16167 4790 4789 4804 4803 4803 4842 4841 4841 7358 7357 7398 7397 7397 7397 7448 7447 15112 15111 15214 15314 15313 2052 2051 2051 2051 2051 2051 2051 2051 2051 2192 2191 2191 2350 2349 17930 17929 17929 17929 17929 17929 17929 17929 17929 17929 17929 17929 17929 18024 18023 18023 18023 18023 18072 18071 18071 18071 93 102 100 108 
labels_S03_selected_tokens_63_2278_63_9477 12646 12690 12689 12689 12689 12689 12689 12689 12736 12735 12735 12735 20466 20465 20465 20500 20499 20499 20499 20499 20499 20499 20499 20499 20499 20499 20499 20499 20499 20499 20532 20531 20531 5552 5626 5625 5690 5689 5689 15818 15817 15817 15817 15817 15817 15817 15817 15817 15817 15817 15817 15824 15823 15823 15823 15823 15823 15823 15823 15823 15823 15823 15828 15827 15827 15827 15827 93 102 108 
labels_S03_selected_tokens_63_9477_64_6837 12646 12690 12689 12689 12689 12689 12689 12689 12689 12689 12689 12736 12735 20466 20465 20465 20500 20499 20499 20499 20499 20499 20499 20499 20499 20499 20499 20499 20499 20499 20532 5552 5626 5625 5690 5689 15818 15817 15817 15817 15817 15817 15817 15817 15817 15817 15817 15817 15817 15817 15817 15824 15823 15823 15823 15823 15823 15823 15823 15823 15823 15828 15827 15827 15827 15827 15827 15827 15827 93 102 108 
labels_S03_selected_tokens_64_6837_65_2997 3 12 18 13964 14036 14090 14089 14089 20450 20449 20449 20449 20449 20449 20500 20499 20499 20499 20499 20499 20499 20499 20532 20531 20531 20531 5552 5584 5583 5650 5649 11472 11471 11471 11471 11471 11471 11471 11471 11471 11471 11471 11471 11471 11471 11471 11471 11471 11471 11478 11477 11477 11548 11547 11547 11547 11547 93 102 108 
labels_S03_selected_tokens_65_2997_65_9957 14022 14062 14090 20450 20500 20532 5552 5584 5650 11472 11471 11471 11471 11471 11471 11471 11471 11471 11471 11471 11471 11471 11471 11471 11471 11471 11471 11471 11471 11471 11471 11471 11471 11471 11471 11471 11471 11471 11471 11471 11471 11471 11471 11471 11471 11471 11471 11471 11471 11471 11471 11471 11471 11478 11477 11477 11477 11548 11547 11547 11547 11547 11547 11547 11547 93 102 108 
labels_S03_selected_tokens_65_9957_66_6436 14646 14645 14778 14777 14777 14860 14859 14859 14859 20438 20437 20437 20437 20437 20500 20499 20499 20499 20499 20499 20499 20499 20499 20532 20531 5552 5551 5626 5700 2016 2015 2015 2226 2344 2343 2343 2343 2343 2343 13398 13397 13397 13397 13397 13397 13397 13397 13397 13397 13397 13397 13397 13454 13453 13453 13453 13453 13502 13501 13501 13501 13501 13501 
labels_S03_selected_tokens_66_6436_67_2996 14646 14645 14778 14777 14777 14777 14860 14859 14859 14859 14859 14859 20438 20437 20437 20437 20437 20437 20437 20437 20437 20437 20437 20437 20437 20437 20437 20500 20499 20532 5552 5626 5625 5700 2016 2015 2015 2015 2226 2344 2343 2343 2343 2343 2343 13398 13397 13397 13397 13397 13397 13397 13397 13454 13453 13453 13453 13453 13453 13502 13501 13501 13501 13501 
labels_S03_selected_tokens_67_2996_68_0756 16960 16959 16959 16959 16959 16959 16959 16959 16990 16989 16989 16989 17008 17007 17007 17007 20444 20443 20443 20443 20443 20500 20532 20531 20531 20531 20531 5548 5588 5698 5697 5697 15090 15089 15089 15089 15089 15202 15201 15294 15293 2052 2051 2051 2051 2051 2051 2051 2051 2051 2192 2191 2350 2349 2349 17930 17929 17929 17929 17929 17929 17929 17929 17929 17929 17929 17929 17929 17929 17929 17929 18024 18072 93 102 108 
labels_S03_selected_tokens_68_0756_68_8758 16960 16959 16990 16989 16989 17008 17007 20444 20443 20443 20443 20443 20443 20443 20443 20443 20443 20443 20500 20532 20531 20531 5548 5547 5547 5588 5587 5698 5697 5697 15090 15089 15089 15202 15201 15294 15293 2052 2051 2051 2051 2051 2051 2051 2051 2051 2051 2192 2191 2350 2349 2349 17930 17929 17929 17929 17929 17929 17929 17929 17929 17929 17929 17929 17929 17929 17929 17929 18024 18023 18023 18023 18023 18023 18072 93 102 108 
labels_S03_selected_tokens_68_8758_69_6357 4606 4622 4648 4647 17336 17335 17335 17382 17436 17435 17435 17435 17435 17435 17435 20444 20443 20443 20443 20443 20443 20443 20443 20443 20500 20499 20532 20531 20531 5552 5551 5608 5712 10272 10366 10365 10365 10365 10365 10365 10432 15612 15611 15611 15611 15611 15611 15611 15611 15611 15611 15611 15611 15611 15626 15625 15625 15625 15625 15625 15625 15625 15625 15625 15625 15642 15641 15641 15641 15641 15641 93 102 108 
labels_S03_selected_tokens_69_6357_70_4201 4606 4622 4648 4647 17336 17382 17381 17381 17436 17435 17435 17435 17435 20444 20443 20443 20443 20443 20443 20443 20443 20443 20443 20443 20443 20500 20499 20499 20532 20531 5552 5551 5608 5712 5711 10272 10366 10365 10365 10365 10365 10365 10365 10365 10365 10365 10365 10365 10365 10432 15612 15611 15611 15611 15611 15626 15625 15625 15625 15625 15625 15625 15642 15641 15641 15641 15641 15641 15641 15641 15641 93 91 91 102 108 
labels_S03_selected_tokens_6_4585_7_3016 3 12 18 17720 17719 17830 17829 17829 17829 17878 17877 16686 16748 16747 16758 16757 16757 16757 6670 6750 6749 6749 6749 6749 6788 6787 6787 15146 15145 15145 15145 15145 15145 15145 15238 15308 5536 5535 5624 5623 5648 5647 5647 7332 7331 7331 7331 7331 7331 7331 7331 7331 7331 7364 7363 7363 7363 7363 7363 7363 7402 7401 7401 22000 21999 21999 22020 22019 22019 22019 22019 22019 22019 22019 22019 22019 22019 22100 22099 22099 22099 22099 
labels_S03_selected_tokens_70_4201_71_2281 16468 16482 16481 16481 16546 16545 16545 16545 16545 16545 17330 17329 17382 17381 17381 17436 17435 17435 20444 20443 20443 20443 20443 20443 20443 20443 20443 20500 20499 20499 20499 20499 20532 20531 5552 5608 5712 10328 10327 10327 10327 10327 10327 10327 10327 10327 10327 10372 10371 10371 10371 10424 10423 10423 18592 18591 18604 18603 18603 18603 18603 18603 18603 18603 18603 18603 18603 18603 18603 18603 18603 18603 18603 18603 18603 18624 18623 18623 18623 
labels_S03_selected_tokens_71_2281_72_1401 16468 16482 16546 16545 16545 16545 16545 16545 17330 17329 17329 17329 17382 17381 17436 20444 20443 20443 20443 20443 20443 20443 20443 20443 20443 20443 20443 20443 20443 20443 20500 20499 20532 20531 5552 5551 5608 5607 5712 10328 10327 10327 10327 10327 10327 10327 10327 10327 10327 10327 10372 10371 10424 10423 10423 18592 18591 18591 18591 18604 18603 18603 18603 18603 18603 18603 18603 18603 18603 18603 18603 18603 18603 18603 18603 18603 18603 18624 18623 18623 18623 18623 18623 18623 18623 18623 18623 18623 18623 
labels_S03_selected_tokens_72_1401_73_0362 3 12 18 17720 17719 17719 17719 17719 17719 17719 17719 17719 17820 17819 17819 17916 17915 19222 19221 19278 19277 19277 19394 20454 20453 20453 20453 20453 20453 20453 20453 20453 20500 20499 20499 20499 20499 20532 20531 5552 5626 5625 5700 5699 2030 2029 2180 2179 2179 2179 2179 2179 2348 15162 15161 15161 15161 15161 15161 15161 15234 15304 15303 19170 19320 19319 19319 19330 19329 19329 19329 19329 18016 18015 18015 18015 18015 18015 18015 18015 18024 18023 18023 18023 18023 18023 18072 18071 
labels_S03_selected_tokens_73_0362_73_7722 17796 17820 17916 19222 19278 19394 20454 20453 20453 20453 20453 20453 20453 20453 20453 20453 20453 20453 20453 20453 20453 20453 20500 20499 20532 5552 5626 5625 5700 2030 2029 2029 2029 2029 2029 2180 2179 2179 2179 2348 2347 15162 15161 15161 15161 15234 15233 15304 19170 19320 19319 19330 19329 18016 18024 18023 18023 18023 18023 18023 18023 18023 18023 18023 18023 18023 18023 18023 18072 18071 18071 18071 
labels_S03_selected_tokens_73_7722_74_7035 2 8 18 17720 17719 17719 17719 17719 17719 17719 17719 17719 17719 17719 17719 17719 17719 17719 17719 17719 17822 17821 17821 17821 17864 17863 17863 12898 12897 12897 12897 12897 12950 13018 13017 13017 13017 20466 20465 20465 20500 20499 20499 20499 20499 20499 20499 20499 20499 20499 20499 20499 20499 20499 20499 20520 20519 20519 19240 19288 19287 19358 19357 10328 10327 10327 10327 10327 10327 10327 10327 10327 10327 10327 10327 10327 10327 10352 10351 10436 5350 5349 5349 5430 5429 5498 5497 5497 93 102 108 
labels_S03_selected_tokens_74_7035_75_7397 2 8 18 17 17 17720 17719 17719 17719 17719 17719 17719 17719 17719 17719 17719 17719 17719 17719 17719 17719 17822 17821 17821 17821 17864 17863 12898 12897 12897 12950 12949 12949 12949 12949 12949 13018 20466 20465 20465 20465 20500 20499 20499 20499 20499 20499 20499 20499 20499 20499 20499 20499 20499 20499 20499 20520 19240 19239 19288 19287 19358 10328 10327 10327 10327 10327 10327 10327 10327 10327 10327 10327 10327 10327 10327 10327 10327 10352 10351 10436 5350 5349 5430 5429 5429 5498 5497 5497 5497 5497 5497 5497 5497 5497 5497 5497 5497 5497 93 102 108 
labels_S03_selected_tokens_75_7397_76_5957 4 16 18 17720 17719 17719 17719 17719 17860 17859 17859 17859 17859 17859 17859 17859 17859 17859 17912 17911 17911 20460 20459 20459 20459 20459 20459 20459 20459 20500 20544 20543 20543 6204 6203 6234 6233 6282 10272 10271 10366 10365 10365 10365 10432 10431 15680 15679 15686 15685 15702 15701 15701 15701 15701 13626 13625 13625 13666 13758 13757 13757 11442 11441 11441 11441 11441 11441 11441 11441 11441 11441 11441 11441 11478 11477 11477 11477 11477 11548 11547 93 102 108 
labels_S03_selected_tokens_76_5957_77_5234 3 12 10 18 17720 17719 17719 17719 17719 17719 17719 17719 17860 17859 17859 17859 17859 17912 17911 17911 20460 20459 20459 20459 20459 20459 20459 20459 20459 20459 20459 20459 20500 20499 20544 6204 6203 6203 6234 6282 10272 10271 10366 10365 10365 10365 10432 10431 15680 15679 15686 15685 15685 15702 15701 15701 15701 15701 15701 13626 13666 13758 13757 13757 11442 11441 11441 11441 11441 11441 11441 11441 11441 11441 11441 11441 11441 11478 11477 11477 11477 11477 11477 11548 11547 11547 11547 11547 93 102 108 
labels_S03_selected_tokens_77_5234_78_5751 2 8 18 17720 17719 17719 17719 17719 17719 17719 17719 17719 17719 17719 17719 17719 17719 17719 17719 17820 17819 17819 17819 17916 17915 17915 17915 19222 19221 19278 19277 19277 19394 20454 20453 20453 20453 20453 20453 20453 20453 20453 20500 20499 20499 20499 20499 20532 5552 5584 5583 5650 11592 11591 11591 11591 11591 11618 11617 11617 11617 11617 11694 11693 11693 11693 11693 11693 11693 2022 2021 2021 2021 2021 2250 2249 2249 2350 2349 17930 17929 17929 17929 17929 17929 17929 17929 17929 17929 17929 17929 17929 17929 17929 17929 17929 17929 17929 18024 18072 93 102 108 
labels_S03_selected_tokens_78_5751_79_7219 2 8 18 17 17720 17719 17719 17719 17719 17719 17719 17719 17820 17819 17819 17819 17819 17819 17819 17819 17819 17916 17915 19222 19221 19221 19221 19278 19277 19277 19394 20454 20453 20453 20453 20453 20453 20453 20453 20453 20453 20453 20453 20453 20500 20499 20532 5552 5584 5583 5650 5649 11592 11591 11591 11591 11591 11591 11618 11617 11617 11617 11694 11693 11693 11693 11693 11693 11693 11693 2022 2021 2021 2021 2021 2250 2249 2249 2350 2349 17930 17929 17929 17929 17929 17929 17929 17929 17929 17929 17929 17929 17929 17929 17929 17929 17929 17929 17929 17929 17929 18024 18023 18023 18023 18072 18071 18071 18071 18071 93 102 108 
labels_S03_selected_tokens_79_7219_80_4659 12646 12666 12665 12665 12665 12665 12665 12754 12753 12753 1012 1011 1011 1011 1011 1011 1011 1011 1011 1011 1090 1089 1089 1089 1089 1128 1127 1127 15164 15242 15241 15248 15247 5558 5557 5602 5650 5649 5649 11592 11591 11591 11591 11591 11591 11591 11591 11591 11591 11591 11591 11591 11591 11591 11642 11641 11641 11641 11641 11650 5312 5311 5430 5498 5497 5497 5497 5497 5497 93 102 108 
labels_S03_selected_tokens_7_3016_8_0617 18808 18836 18835 18835 18862 18861 18861 6696 6695 6695 6695 6750 6749 6749 6749 6788 6787 6787 15146 15145 15145 15145 15145 15145 15145 15238 15308 5566 5565 5624 5656 5655 2030 2029 2029 2180 2179 2179 2179 2179 2179 2179 2348 15104 15103 15103 15103 15103 15200 15199 15199 15199 15199 15199 15199 15199 15264 15263 15263 15263 22004 22003 22054 22053 22053 22053 22053 22053 22053 22053 22053 22100 22099 22099 
labels_S03_selected_tokens_80_4659_81_2899 12646 12645 12645 12645 12645 12645 12666 12665 12665 12665 12665 12754 12753 12753 12753 1012 1011 1011 1011 1011 1011 1011 1011 1011 1011 1011 1011 1011 1090 1089 1128 1127 1127 15164 15163 15242 15248 15247 15247 5558 5557 5602 5601 5650 5649 11592 11591 11591 11591 11591 11591 11591 11591 11591 11591 11591 11591 11591 11591 11642 11641 11641 11641 11650 5312 5311 5430 5429 5498 5497 5497 5497 5497 5497 5497 93 102 100 100 108 
labels_S03_selected_tokens_81_2899_82_034 4948 4947 4956 4955 4955 4955 4955 4955 4970 4969 4969 4969 4969 4969 4969 1048 1047 1047 1090 1089 1089 1089 1089 1089 1089 1089 1089 1089 1089 1128 1127 15166 15165 15214 15213 15314 15313 2078 2077 2244 2243 2334 2333 2333 2333 2333 13618 13617 13617 13617 13617 13617 13617 13617 13617 13617 13686 13754 13753 5304 5303 5303 5303 5366 5365 5432 5431 5431 5431 93 102 108 
labels_S03_selected_tokens_82_034_82_786 4948 4947 4947 4947 4956 4955 4955 4955 4955 4955 4955 4955 4970 4969 4969 4969 4969 1048 1047 1047 1047 1047 1090 1089 1089 1089 1089 1089 1089 1089 1128 1127 1127 1127 15166 15214 15213 15213 15314 15313 2078 2244 2243 2334 2333 2333 2333 13618 13617 13617 13617 13617 13617 13617 13617 13686 13685 13754 13753 5304 5303 5303 5303 5366 5365 5432 5431 5431 5431 5431 93 102 108 
labels_S03_selected_tokens_82_786_83_49 5170 5220 5236 5235 5235 1048 1047 1047 1047 1047 1047 1047 1047 1047 1090 1089 1089 1089 1128 1127 15184 15183 15192 15191 15300 15299 15299 15299 15299 18170 18169 18169 18169 18169 18169 18169 18224 18223 18223 18223 18298 18297 18297 18297 7170 7169 7169 7169 7169 7169 7169 7169 7169 7169 7169 7169 7169 7204 7203 7203 7203 7203 7203 7240 7239 93 102 108 
labels_S03_selected_tokens_83_49_84_2259 5170 5220 5236 5235 5235 1048 1047 1047 1047 1047 1047 1047 1047 1047 1047 1047 1047 1090 1089 1089 1128 1127 1127 15184 15183 15192 15191 15191 15300 15299 15299 18170 18169 18169 18169 18169 18169 18224 18223 18223 18223 18223 18298 18297 18297 18297 18297 7170 7169 7169 7169 7169 7169 7169 7169 7169 7169 7204 7203 7203 7203 7203 7203 7240 7239 7239 7239 7239 7239 93 102 108 
labels_S03_selected_tokens_84_2259_84_9697 8514 8536 8535 8535 8535 8590 8589 1048 1047 1047 1047 1047 1047 1047 1047 1047 1047 1090 1089 1089 1089 1128 1127 1127 15184 15183 15192 15191 15191 15300 15299 15299 15299 18170 18169 18169 18169 18169 18169 18169 18218 18217 18217 18217 18268 18267 18267 11472 11471 11471 11471 11471 11471 11471 11471 11471 11471 11471 11471 11471 11471 11471 11478 11477 11477 11477 11548 11547 11547 93 102 108 
labels_S03_selected_tokens_84_9697_85_7137 8514 8513 8513 8536 8535 8535 8535 8590 8589 1048 1047 1047 1047 1047 1047 1047 1047 1047 1047 1047 1047 1090 1089 1128 1127 15184 15183 15183 15192 15191 15300 15299 15299 15299 15299 18170 18169 18169 18169 18169 18218 18217 18217 18217 18268 18267 18267 11472 11471 11471 11471 11471 11471 11471 11471 11471 11471 11478 11477 11477 11477 11548 11547 11547 11547 11547 11547 11547 11547 93 102 108 
labels_S03_selected_tokens_85_7137_86_5617 18808 18836 18835 18862 18861 18861 18861 18861 18861 18861 18861 18861 1048 1047 1047 1047 1047 1047 1090 1089 1089 1089 1089 1089 1128 1127 1127 15184 15183 15234 15233 15304 19200 19199 19199 19266 19265 19265 19265 19350 19349 19349 19349 17332 17331 17422 17476 17475 2134 2133 2133 2133 2133 2133 2133 2133 2133 2133 2133 2246 2245 2340 2339 14346 14345 14345 14390 14389 14389 14389 14424 14423 14423 22004 22003 22003 22054 22053 22053 22053 22053 22053 22100 
labels_S03_selected_tokens_86_5617_87_5136 18808 18836 18835 18835 18835 18835 18862 18861 18861 18861 1048 1047 1047 1047 1047 1047 1047 1047 1047 1090 1089 1089 1089 1128 1127 1127 1127 15184 15234 15233 15304 19200 19199 19199 19199 19266 19265 19265 19265 19265 19350 19349 19349 19349 17332 17331 17422 17476 17475 2134 2133 2133 2133 2133 2133 2133 2133 2133 2133 2246 2245 2245 2340 14346 14345 14345 14390 14389 14389 14389 14424 14423 14423 14423 22004 22003 22003 22054 22053 22053 22053 22053 22053 22053 22053 22053 22053 22053 22100 22099 22099 22099 22099 
labels_S03_selected_tokens_87_5136_88_3617 20720 20719 20719 20719 20719 20719 20719 20719 20719 20734 20733 20733 20782 20781 20781 1048 1047 1047 1047 1047 1047 1047 1047 1047 1047 1090 1089 1089 1089 1089 1089 1089 1089 1089 1128 1127 15166 15165 15214 15213 15266 15265 10320 10319 10319 10319 10319 10319 10319 10319 10319 10319 10319 10319 10372 10371 10424 10423 10423 18592 18591 18591 18591 18591 18591 18591 18604 18603 18603 18603 18603 18603 18603 18603 18603 18603 18603 18603 18603 18624 18623 18623 18623 
labels_S03_selected_tokens_88_3617_89_2497 20720 20719 20719 20719 20719 20734 20733 20733 20782 1048 1047 1047 1047 1047 1047 1047 1047 1047 1047 1047 1047 1047 1047 1047 1047 1090 1089 1089 1089 1089 1089 1089 1089 1089 1128 1127 15166 15165 15214 15266 15265 10320 10319 10319 10319 10319 10319 10319 10319 10319 10319 10372 10371 10424 10423 10423 18592 18591 18591 18591 18604 18603 18603 18603 18603 18603 18603 18603 18603 18603 18603 18603 18603 18603 18603 18603 18603 18603 18624 18623 18623 18623 18623 18623 18623 18623 18623 
labels_S03_selected_tokens_89_2497_90_1057 14022 14074 14073 14073 14073 14126 14125 14125 14125 998 997 997 997 997 997 997 997 997 997 997 997 1090 1089 1128 1127 15166 15165 15214 15213 15266 10320 10319 10319 10319 10319 10319 10394 10414 10413 10413 12536 12535 12535 12535 12542 12541 12541 12568 12567 12567 7170 7169 7169 7169 7169 7169 7169 7169 7169 7169 7169 7169 7169 7169 7169 7169 7204 7203 7203 7203 7203 7203 7203 7203 7240 7239 7239 7239 7239 7239 7239 93 102 108 
labels_S03_selected_tokens_8_0617_8_9338 18808 18836 18835 18835 18862 18861 18861 18861 18861 6696 6695 6750 6749 6749 6788 6787 6787 15146 15145 15145 15145 15145 15145 15145 15145 15238 15308 5566 5565 5624 5623 5656 2030 2029 2029 2029 2029 2180 2179 2179 2179 2179 2348 2347 15104 15103 15103 15103 15200 15199 15199 15199 15199 15199 15199 15199 15199 15199 15199 15199 15199 15264 15263 15263 21988 21987 21987 22054 22053 22053 22053 22053 22053 22053 22053 22053 22060 22059 22059 22059 22059 22059 93 102 108 
labels_S03_selected_tokens_8_9338_9_6297 20720 20719 20719 20719 20719 20719 20719 20734 20733 20756 20755 6706 6705 6705 6750 6749 6749 6749 6749 6749 6788 6787 15148 15147 15147 15147 15218 15217 15217 15276 15275 5042 5041 5041 5041 5056 5055 5055 5060 5059 5059 5059 7170 7169 7169 7169 7169 7169 7169 7169 7169 7169 7169 7169 7169 7204 7203 7203 7203 7203 7203 7240 7239 7239 7239 93 102 108 
labels_S03_selected_tokens_90_1057_90_9617 14022 14074 14073 14073 14073 14073 14073 14073 14126 14125 14125 998 997 997 997 997 997 997 997 997 997 997 1090 1089 1089 1089 1089 1089 1089 1089 1128 1127 15166 15165 15214 15213 15266 10320 10319 10319 10319 10394 10414 10413 10413 12536 12535 12535 12535 12542 12541 12541 12568 12567 12567 7170 7169 7169 7169 7169 7169 7169 7169 7169 7169 7204 7203 7203 7203 7203 7203 7203 7203 7203 7203 7240 7239 7239 7239 7239 7239 93 102 108 
labels_S03_selected_tokens_90_9617_91_9857 16960 16959 16959 16959 16959 16959 16959 16962 16961 16961 16998 16997 16997 1038 1037 1037 1037 1037 1037 1037 1090 1089 1089 1089 1089 1089 1128 1127 1127 1127 15164 15242 15241 15248 15247 5566 5565 5624 5623 5656 5655 2074 2073 2073 2073 2073 2208 2207 2207 2340 2339 14358 14400 14399 14460 15150 15149 15149 15244 15243 15314 15313 2052 2051 2051 2051 2051 2051 2051 2051 2051 2192 2191 2191 2350 2349 17930 17929 17929 17929 17929 17929 17929 17929 17929 17929 17929 17929 17929 17929 17929 17929 17929 17929 18024 18023 18072 93 102 108 
labels_S03_selected_tokens_91_9857_93_0257 16960 16959 16959 16959 16959 16959 16959 16959 16962 16961 16961 16998 16997 16997 1038 1037 1037 1037 1037 1037 1037 1037 1037 1090 1089 1089 1089 1089 1089 1128 1127 1127 15164 15242 15248 15247 15247 15247 5566 5624 5623 5656 5655 2074 2073 2073 2073 2073 2208 2207 2340 14358 14400 14460 15150 15149 15149 15149 15149 15244 15243 15314 15313 2052 2051 2051 2051 2051 2051 2051 2051 2051 2192 2191 2350 2349 2349 17930 17929 17929 17929 17929 17929 17929 17929 17929 17929 17929 17929 17929 17929 17929 17929 18024 18023 18023 18023 18023 18072 93 102 108 
labels_S03_selected_tokens_93_0257_93_8737 4606 4626 4666 1048 1047 1047 1047 1047 1047 1047 1047 1047 1047 1090 1089 1089 1089 1089 1089 1128 1127 1127 15164 15242 15248 5566 5565 5624 5623 5656 2074 2073 2242 2241 2241 2241 2292 2291 19216 19215 19215 19266 19265 19265 19265 19265 19265 19350 19349 19349 19349 17332 17331 17380 17379 17379 17379 17440 17439 17439 17439 11448 11447 11447 11447 11447 11447 11447 11447 11447 11447 11447 11447 11478 11477 11477 11477 11548 11547 11547 93 102 108 
labels_S03_selected_tokens_93_8737_94_7379 4606 4626 4666 1048 1047 1047 1047 1047 1047 1047 1047 1047 1047 1047 1047 1090 1089 1089 1128 1127 1127 15164 15163 15242 15248 5566 5565 5624 5623 5656 2074 2242 2241 2241 2292 2291 2291 19216 19215 19215 19215 19215 19266 19265 19265 19265 19265 19265 19265 19265 19350 17332 17331 17331 17380 17379 17379 17379 17440 17439 11448 11447 11447 11447 11447 11447 11447 11447 11447 11447 11447 11478 11477 11477 11477 11548 11547 11547 11547 11547 11547 93 102 108 
labels_S03_selected_tokens_94_7379_95_5859 17796 17795 17795 17795 17795 17795 17795 17816 17815 17815 17815 17902 17901 17901 1048 1047 1047 1047 1047 1047 1047 1047 1047 1090 1089 1089 1089 1089 1089 1089 1089 1089 1128 1127 1127 15166 15165 15214 15213 15314 2104 2103 2103 2103 2103 2202 2201 2292 19216 19280 19346 11472 11471 11471 11471 11471 11471 11471 11471 11471 11471 11471 11471 11471 11471 11471 11471 11478 11477 11477 11477 11477 11548 11547 11547 11547 11547 11547 11547 11547 93 102 108 
labels_S03_selected_tokens_95_5859_96_4019 17796 17795 17795 17795 17795 17795 17795 17795 17795 17795 17795 17795 17816 17815 17815 17815 17902 17901 17901 1048 1047 1047 1047 1047 1047 1047 1047 1047 1047 1047 1090 1089 1089 1089 1089 1089 1128 1127 1127 15166 15165 15214 15213 15314 2104 2103 2103 2103 2103 2202 2292 19216 19280 19346 19345 11472 11471 11471 11471 11471 11471 11471 11471 11471 11471 11471 11471 11471 11478 11477 11477 11477 11548 11547 11547 11547 11547 93 102 108 
labels_S03_selected_tokens_96_4019_97_1938 4606 4626 4666 4665 1018 1017 1017 1017 1017 1017 1017 1017 1017 1017 1017 1017 1017 1017 1017 1017 1017 1100 1099 1099 1099 1146 19210 19314 19376 19375 2084 2226 2225 2344 2343 2343 2343 2343 13558 13557 13557 13557 13557 13557 13557 13557 13557 13557 13557 13557 13557 13557 13557 13557 13557 13557 13664 13663 13722 13721 13721 21976 21975 22054 22053 22053 22053 22053 22053 22053 22053 22053 22053 22100 22099 22099 22099 
labels_S03_selected_tokens_97_1938_98_0099 4606 4626 4666 4665 1018 1017 1017 1017 1017 1017 1017 1017 1017 1017 1017 1017 1017 1017 1017 1017 1017 1100 1099 1099 1099 1146 19210 19209 19314 19376 2084 2226 2225 2344 2343 2343 2343 2343 13558 13557 13557 13557 13557 13557 13557 13557 13557 13557 13557 13557 13557 13664 13663 13663 13663 13722 13721 21976 21975 21975 22054 22053 22053 22053 22053 22053 22053 22053 22053 22053 22053 22060 22059 22059 22059 22059 22059 93 102 108 
labels_S03_selected_tokens_98_0099_98_8499 14022 14074 14073 14073 14073 14073 14073 14073 14073 14073 14073 14073 14073 14126 14125 14125 1028 1027 1027 1027 1027 1027 1027 1027 1027 1027 1027 1027 1027 1027 1027 1027 1027 1027 1027 1027 1100 1099 1124 5524 5523 5523 5626 5700 2030 2029 2029 2029 2029 2029 2029 2029 2029 2029 2029 2180 2179 2179 2179 2348 2347 14882 14881 14881 14881 14881 14881 14881 14881 14881 14881 14881 14881 14970 14969 14969 15076 15075 15075 93 102 108 
labels_S03_selected_tokens_98_8499_99_594 14022 14074 14073 14073 14073 14126 14125 14125 1028 1027 1027 1027 1027 1027 1027 1027 1027 1027 1027 1027 1027 1027 1027 1027 1027 1100 1099 1099 1099 1124 1123 5524 5523 5626 5700 2030 2029 2029 2029 2029 2029 2029 2029 2029 2029 2029 2180 2179 2348 2347 2347 14882 14881 14881 14881 14881 14881 14881 14881 14881 14881 14970 14969 14969 14969 15076 15075 15075 15075 93 102 108 
labels_S03_selected_tokens_99_594_100_402 16468 16490 16489 16489 16489 16489 16489 16489 16489 16489 16520 16519 16519 16519 16519 1000 999 999 999 999 999 999 999 999 999 999 999 1100 1099 1099 1099 1099 1124 5524 5608 5712 10272 10366 10365 10365 10365 10365 10365 10365 10365 10365 10365 10365 10365 10365 10365 10365 10432 10431 15618 15617 15617 15626 15625 15625 15625 15625 15625 15625 15625 15625 15625 15625 15625 15625 15642 15641 15641 15641 15641 15641 15641 15641 15641 
labels_S03_selected_tokens_9_6297_10_2858 20720 20719 20719 20719 20719 20719 20734 20733 20756 20755 6706 6705 6705 6750 6749 6749 6788 6787 6787 15148 15147 15147 15147 15218 15217 15217 15276 15275 15275 5042 5041 5041 5056 5055 5055 5055 5060 5059 5059 5059 5059 7170 7169 7169 7169 7169 7169 7169 7169 7169 7169 7204 7203 7203 7203 7203 7203 7240 7239 7239 7239 93 102 108 
