labels_S03_selected_tokens_0_0_0_6
0 0 15 15 4.382026634673881
0 0 21 21 4.382026634673881
0 0 23 23 4.382026634673881
0 0 33 33 4.382026634673881
0 0 63 63 4.382026634673881
0 0 70 70 4.382026634673881
0 0 74 74 4.382026634673881
0 0 24 24 4.382026634673881
0 0 56 56 4.382026634673881
0 0 73 73 4.382026634673881
0 -0.0

labels_S03_selected_tokens_0_6_1_1842
0 0 15 15 4.382026634673881
0 0 21 21 4.382026634673881
0 0 23 23 4.382026634673881
0 0 33 33 4.382026634673881
0 0 63 63 4.382026634673881
0 0 70 70 4.382026634673881
0 0 74 74 4.382026634673881
0 0 24 24 4.382026634673881
0 0 56 56 4.382026634673881
0 0 73 73 4.382026634673881
0 -0.0

labels_S03_selected_tokens_100_402_101_3037
0 0 43 43 -0.0
0 0 15 15 4.382026634673881
0 0 21 21 4.382026634673881
0 0 23 23 4.382026634673881
0 0 33 33 4.382026634673881
0 0 63 63 4.382026634673881
0 0 70 70 4.382026634673881
0 0 74 74 4.382026634673881
0 0 24 24 4.382026634673881
0 0 56 56 4.382026634673881
0 0 73 73 4.382026634673881
0 -0.0

labels_S03_selected_tokens_101_3037_102_2055
0 0 53 53 -0.0
0 0 15 15 4.382026634673881
0 0 21 21 4.382026634673881
0 0 23 23 4.382026634673881
0 0 33 33 4.382026634673881
0 0 63 63 4.382026634673881
0 0 70 70 4.382026634673881
0 0 74 74 4.382026634673881
0 0 24 24 4.382026634673881
0 0 56 56 4.382026634673881
0 0 73 73 4.382026634673881
0 -0.0

labels_S03_selected_tokens_102_2055_103_1783
0 0 53 53 -0.0
0 0 15 15 4.382026634673881
0 0 21 21 4.382026634673881
0 0 23 23 4.382026634673881
0 0 33 33 4.382026634673881
0 0 63 63 4.382026634673881
0 0 70 70 4.382026634673881
0 0 74 74 4.382026634673881
0 0 24 24 4.382026634673881
0 0 56 56 4.382026634673881
0 0 73 73 4.382026634673881
0 -0.0

labels_S03_selected_tokens_103_1783_104_0024
0 0 57 57 -0.0
0 0 15 15 4.382026634673881
0 0 21 21 4.382026634673881
0 0 23 23 4.382026634673881
0 0 33 33 4.382026634673881
0 0 63 63 4.382026634673881
0 0 70 70 4.382026634673881
0 0 74 74 4.382026634673881
0 0 24 24 4.382026634673881
0 0 56 56 4.382026634673881
0 0 73 73 4.382026634673881
0 -0.0

labels_S03_selected_tokens_104_0024_104_9223
0 0 57 57 -0.0
0 0 15 15 4.382026634673881
0 0 21 21 4.382026634673881
0 0 23 23 4.382026634673881
0 0 33 33 4.382026634673881
0 0 63 63 4.382026634673881
0 0 70 70 4.382026634673881
0 0 74 74 4.382026634673881
0 0 24 24 4.382026634673881
0 0 56 56 4.382026634673881
0 0 73 73 4.382026634673881
0 -0.0

labels_S03_selected_tokens_104_9223_105_7063
0 0 68 68 -0.0
0 0 15 15 4.382026634673881
0 0 21 21 4.382026634673881
0 0 23 23 4.382026634673881
0 0 33 33 4.382026634673881
0 0 63 63 4.382026634673881
0 0 70 70 4.382026634673881
0 0 74 74 4.382026634673881
0 0 24 24 4.382026634673881
0 0 56 56 4.382026634673881
0 0 73 73 4.382026634673881
0 -0.0

labels_S03_selected_tokens_105_7063_106_5862
0 0 68 68 -0.0
0 0 15 15 4.382026634673881
0 0 21 21 4.382026634673881
0 0 23 23 4.382026634673881
0 0 33 33 4.382026634673881
0 0 63 63 4.382026634673881
0 0 70 70 4.382026634673881
0 0 74 74 4.382026634673881
0 0 24 24 4.382026634673881
0 0 56 56 4.382026634673881
0 0 73 73 4.382026634673881
0 -0.0

labels_S03_selected_tokens_106_5862_107_338
0 0 4 4 -0.0
0 0 15 15 4.382026634673881
0 0 21 21 4.382026634673881
0 0 23 23 4.382026634673881
0 0 33 33 4.382026634673881
0 0 63 63 4.382026634673881
0 0 70 70 4.382026634673881
0 0 74 74 4.382026634673881
0 0 24 24 4.382026634673881
0 0 56 56 4.382026634673881
0 0 73 73 4.382026634673881
0 -0.0

labels_S03_selected_tokens_107_338_108_17
0 0 4 4 -0.0
0 0 15 15 4.382026634673881
0 0 21 21 4.382026634673881
0 0 23 23 4.382026634673881
0 0 33 33 4.382026634673881
0 0 63 63 4.382026634673881
0 0 70 70 4.382026634673881
0 0 74 74 4.382026634673881
0 0 24 24 4.382026634673881
0 0 56 56 4.382026634673881
0 0 73 73 4.382026634673881
0 -0.0

labels_S03_selected_tokens_108_17_109_0897
0 0 22 22 -0.0
0 0 15 15 4.382026634673881
0 0 21 21 4.382026634673881
0 0 23 23 4.382026634673881
0 0 33 33 4.382026634673881
0 0 63 63 4.382026634673881
0 0 70 70 4.382026634673881
0 0 74 74 4.382026634673881
0 0 24 24 4.382026634673881
0 0 56 56 4.382026634673881
0 0 73 73 4.382026634673881
0 -0.0

labels_S03_selected_tokens_109_0897_110_0498
0 0 22 22 -0.0
0 0 15 15 4.382026634673881
0 0 21 21 4.382026634673881
0 0 23 23 4.382026634673881
0 0 33 33 4.382026634673881
0 0 63 63 4.382026634673881
0 0 70 70 4.382026634673881
0 0 74 74 4.382026634673881
0 0 24 24 4.382026634673881
0 0 56 56 4.382026634673881
0 0 73 73 4.382026634673881
0 -0.0

labels_S03_selected_tokens_10_2858_11_1018
0 0 24 24 4.382026634673881
0 0 15 15 4.382026634673881
0 0 21 21 4.382026634673881
0 0 23 23 4.382026634673881
0 0 33 33 4.382026634673881
0 0 63 63 4.382026634673881
0 0 70 70 4.382026634673881
0 0 74 74 4.382026634673881
0 0 56 56 4.382026634673881
0 0 73 73 4.382026634673881
0 -0.0

labels_S03_selected_tokens_110_0498_111_0097
0 0 69 69 -0.0
0 0 15 15 4.382026634673881
0 0 21 21 4.382026634673881
0 0 23 23 4.382026634673881
0 0 33 33 4.382026634673881
0 0 63 63 4.382026634673881
0 0 70 70 4.382026634673881
0 0 74 74 4.382026634673881
0 0 24 24 4.382026634673881
0 0 56 56 4.382026634673881
0 0 73 73 4.382026634673881
0 -0.0

labels_S03_selected_tokens_111_0097_112_0978
0 0 69 69 -0.0
0 0 15 15 4.382026634673881
0 0 21 21 4.382026634673881
0 0 23 23 4.382026634673881
0 0 33 33 4.382026634673881
0 0 63 63 4.382026634673881
0 0 70 70 4.382026634673881
0 0 74 74 4.382026634673881
0 0 24 24 4.382026634673881
0 0 56 56 4.382026634673881
0 0 73 73 4.382026634673881
0 -0.0

labels_S03_selected_tokens_112_0978_112_9617
0 0 10 10 -0.0
0 0 15 15 4.382026634673881
0 0 21 21 4.382026634673881
0 0 23 23 4.382026634673881
0 0 33 33 4.382026634673881
0 0 63 63 4.382026634673881
0 0 70 70 4.382026634673881
0 0 74 74 4.382026634673881
0 0 24 24 4.382026634673881
0 0 56 56 4.382026634673881
0 0 73 73 4.382026634673881
0 -0.0

labels_S03_selected_tokens_112_9617_113_8337
0 0 10 10 -0.0
0 0 15 15 4.382026634673881
0 0 21 21 4.382026634673881
0 0 23 23 4.382026634673881
0 0 33 33 4.382026634673881
0 0 63 63 4.382026634673881
0 0 70 70 4.382026634673881
0 0 74 74 4.382026634673881
0 0 24 24 4.382026634673881
0 0 56 56 4.382026634673881
0 0 73 73 4.382026634673881
0 -0.0

labels_S03_selected_tokens_113_8337_114_8497
0 0 11 11 -0.0
0 0 15 15 4.382026634673881
0 0 21 21 4.382026634673881
0 0 23 23 4.382026634673881
0 0 33 33 4.382026634673881
0 0 63 63 4.382026634673881
0 0 70 70 4.382026634673881
0 0 74 74 4.382026634673881
0 0 24 24 4.382026634673881
0 0 56 56 4.382026634673881
0 0 73 73 4.382026634673881
0 -0.0

labels_S03_selected_tokens_114_8497_115_8258
0 0 11 11 -0.0
0 0 15 15 4.382026634673881
0 0 21 21 4.382026634673881
0 0 23 23 4.382026634673881
0 0 33 33 4.382026634673881
0 0 63 63 4.382026634673881
0 0 70 70 4.382026634673881
0 0 74 74 4.382026634673881
0 0 24 24 4.382026634673881
0 0 56 56 4.382026634673881
0 0 73 73 4.382026634673881
0 -0.0

labels_S03_selected_tokens_115_8258_116_7698
0 0 17 17 -0.0
0 0 15 15 4.382026634673881
0 0 21 21 4.382026634673881
0 0 23 23 4.382026634673881
0 0 33 33 4.382026634673881
0 0 63 63 4.382026634673881
0 0 70 70 4.382026634673881
0 0 74 74 4.382026634673881
0 0 24 24 4.382026634673881
0 0 56 56 4.382026634673881
0 0 73 73 4.382026634673881
0 -0.0

labels_S03_selected_tokens_116_7698_117_7779
0 0 17 17 -0.0
0 0 15 15 4.382026634673881
0 0 21 21 4.382026634673881
0 0 23 23 4.382026634673881
0 0 33 33 4.382026634673881
0 0 63 63 4.382026634673881
0 0 70 70 4.382026634673881
0 0 74 74 4.382026634673881
0 0 24 24 4.382026634673881
0 0 56 56 4.382026634673881
0 0 73 73 4.382026634673881
0 -0.0

labels_S03_selected_tokens_117_7779_118_7941
0 0 30 30 -0.0
0 0 15 15 4.382026634673881
0 0 21 21 4.382026634673881
0 0 23 23 4.382026634673881
0 0 33 33 4.382026634673881
0 0 63 63 4.382026634673881
0 0 70 70 4.382026634673881
0 0 74 74 4.382026634673881
0 0 24 24 4.382026634673881
0 0 56 56 4.382026634673881
0 0 73 73 4.382026634673881
0 -0.0

labels_S03_selected_tokens_118_7941_119_7941
0 0 30 30 -0.0
0 0 15 15 4.382026634673881
0 0 21 21 4.382026634673881
0 0 23 23 4.382026634673881
0 0 33 33 4.382026634673881
0 0 63 63 4.382026634673881
0 0 70 70 4.382026634673881
0 0 74 74 4.382026634673881
0 0 24 24 4.382026634673881
0 0 56 56 4.382026634673881
0 0 73 73 4.382026634673881
0 -0.0

labels_S03_selected_tokens_119_7941_120_7061
0 0 49 49 -0.0
0 0 15 15 4.382026634673881
0 0 21 21 4.382026634673881
0 0 23 23 4.382026634673881
0 0 33 33 4.382026634673881
0 0 63 63 4.382026634673881
0 0 70 70 4.382026634673881
0 0 74 74 4.382026634673881
0 0 24 24 4.382026634673881
0 0 56 56 4.382026634673881
0 0 73 73 4.382026634673881
0 -0.0

labels_S03_selected_tokens_11_1018_11_9605
0 0 24 24 4.382026634673881
0 0 15 15 4.382026634673881
0 0 21 21 4.382026634673881
0 0 23 23 4.382026634673881
0 0 33 33 4.382026634673881
0 0 63 63 4.382026634673881
0 0 70 70 4.382026634673881
0 0 74 74 4.382026634673881
0 0 56 56 4.382026634673881
0 0 73 73 4.382026634673881
0 -0.0

labels_S03_selected_tokens_11_9605_12_8006
0 0 56 56 4.382026634673881
0 0 15 15 4.382026634673881
0 0 21 21 4.382026634673881
0 0 23 23 4.382026634673881
0 0 33 33 4.382026634673881
0 0 63 63 4.382026634673881
0 0 70 70 4.382026634673881
0 0 74 74 4.382026634673881
0 0 24 24 4.382026634673881
0 0 73 73 4.382026634673881
0 -0.0

labels_S03_selected_tokens_120_7061_121_5141
0 0 49 49 -0.0
0 0 15 15 4.382026634673881
0 0 21 21 4.382026634673881
0 0 23 23 4.382026634673881
0 0 33 33 4.382026634673881
0 0 63 63 4.382026634673881
0 0 70 70 4.382026634673881
0 0 74 74 4.382026634673881
0 0 24 24 4.382026634673881
0 0 56 56 4.382026634673881
0 0 73 73 4.382026634673881
0 -0.0

labels_S03_selected_tokens_121_5141_122_4741
0 0 60 60 -0.0
0 0 15 15 4.382026634673881
0 0 21 21 4.382026634673881
0 0 23 23 4.382026634673881
0 0 33 33 4.382026634673881
0 0 63 63 4.382026634673881
0 0 70 70 4.382026634673881
0 0 74 74 4.382026634673881
0 0 24 24 4.382026634673881
0 0 56 56 4.382026634673881
0 0 73 73 4.382026634673881
0 -0.0

labels_S03_selected_tokens_122_4741_123_3465
0 0 60 60 -0.0
0 0 15 15 4.382026634673881
0 0 21 21 4.382026634673881
0 0 23 23 4.382026634673881
0 0 33 33 4.382026634673881
0 0 63 63 4.382026634673881
0 0 70 70 4.382026634673881
0 0 74 74 4.382026634673881
0 0 24 24 4.382026634673881
0 0 56 56 4.382026634673881
0 0 73 73 4.382026634673881
0 -0.0

labels_S03_selected_tokens_123_3465_124_3066
0 0 72 72 -0.0
0 0 15 15 4.382026634673881
0 0 21 21 4.382026634673881
0 0 23 23 4.382026634673881
0 0 33 33 4.382026634673881
0 0 63 63 4.382026634673881
0 0 70 70 4.382026634673881
0 0 74 74 4.382026634673881
0 0 24 24 4.382026634673881
0 0 56 56 4.382026634673881
0 0 73 73 4.382026634673881
0 -0.0

labels_S03_selected_tokens_124_3066_125_2186
0 0 72 72 -0.0
0 0 15 15 4.382026634673881
0 0 21 21 4.382026634673881
0 0 23 23 4.382026634673881
0 0 33 33 4.382026634673881
0 0 63 63 4.382026634673881
0 0 70 70 4.382026634673881
0 0 74 74 4.382026634673881
0 0 24 24 4.382026634673881
0 0 56 56 4.382026634673881
0 0 73 73 4.382026634673881
0 -0.0

labels_S03_selected_tokens_125_2186_126_2664
0 0 75 75 -0.0
0 0 15 15 4.382026634673881
0 0 21 21 4.382026634673881
0 0 23 23 4.382026634673881
0 0 33 33 4.382026634673881
0 0 63 63 4.382026634673881
0 0 70 70 4.382026634673881
0 0 74 74 4.382026634673881
0 0 24 24 4.382026634673881
0 0 56 56 4.382026634673881
0 0 73 73 4.382026634673881
0 -0.0

labels_S03_selected_tokens_126_2664_127_2824
0 0 75 75 -0.0
0 0 15 15 4.382026634673881
0 0 21 21 4.382026634673881
0 0 23 23 4.382026634673881
0 0 33 33 4.382026634673881
0 0 63 63 4.382026634673881
0 0 70 70 4.382026634673881
0 0 74 74 4.382026634673881
0 0 24 24 4.382026634673881
0 0 56 56 4.382026634673881
0 0 73 73 4.382026634673881
0 -0.0

labels_S03_selected_tokens_127_2824_128_4185
0 0 50 50 -0.0
0 0 15 15 4.382026634673881
0 0 21 21 4.382026634673881
0 0 23 23 4.382026634673881
0 0 33 33 4.382026634673881
0 0 63 63 4.382026634673881
0 0 70 70 4.382026634673881
0 0 74 74 4.382026634673881
0 0 24 24 4.382026634673881
0 0 56 56 4.382026634673881
0 0 73 73 4.382026634673881
0 -0.0

labels_S03_selected_tokens_128_4185_129_5865
0 0 50 50 -0.0
0 0 15 15 4.382026634673881
0 0 21 21 4.382026634673881
0 0 23 23 4.382026634673881
0 0 33 33 4.382026634673881
0 0 63 63 4.382026634673881
0 0 70 70 4.382026634673881
0 0 74 74 4.382026634673881
0 0 24 24 4.382026634673881
0 0 56 56 4.382026634673881
0 0 73 73 4.382026634673881
0 -0.0

labels_S03_selected_tokens_129_5865_130_7305
0 0 80 80 -0.0
0 0 15 15 4.382026634673881
0 0 21 21 4.382026634673881
0 0 23 23 4.382026634673881
0 0 33 33 4.382026634673881
0 0 63 63 4.382026634673881
0 0 70 70 4.382026634673881
0 0 74 74 4.382026634673881
0 0 24 24 4.382026634673881
0 0 56 56 4.382026634673881
0 0 73 73 4.382026634673881
0 -0.0

labels_S03_selected_tokens_12_8006_13_6408
0 0 56 56 4.382026634673881
0 0 15 15 4.382026634673881
0 0 21 21 4.382026634673881
0 0 23 23 4.382026634673881
0 0 33 33 4.382026634673881
0 0 63 63 4.382026634673881
0 0 70 70 4.382026634673881
0 0 74 74 4.382026634673881
0 0 24 24 4.382026634673881
0 0 73 73 4.382026634673881
0 -0.0

labels_S03_selected_tokens_130_7305_131_9545
0 0 80 80 -0.0
0 0 15 15 4.382026634673881
0 0 21 21 4.382026634673881
0 0 23 23 4.382026634673881
0 0 33 33 4.382026634673881
0 0 63 63 4.382026634673881
0 0 70 70 4.382026634673881
0 0 74 74 4.382026634673881
0 0 24 24 4.382026634673881
0 0 56 56 4.382026634673881
0 0 73 73 4.382026634673881
0 -0.0

labels_S03_selected_tokens_131_9545_133_0825
0 0 82 82 -0.0
0 0 15 15 4.382026634673881
0 0 21 21 4.382026634673881
0 0 23 23 4.382026634673881
0 0 33 33 4.382026634673881
0 0 63 63 4.382026634673881
0 0 70 70 4.382026634673881
0 0 74 74 4.382026634673881
0 0 24 24 4.382026634673881
0 0 56 56 4.382026634673881
0 0 73 73 4.382026634673881
0 -0.0

labels_S03_selected_tokens_133_0825_134_23437641723356
0 0 82 82 -0.0
0 0 15 15 4.382026634673881
0 0 21 21 4.382026634673881
0 0 23 23 4.382026634673881
0 0 33 33 4.382026634673881
0 0 63 63 4.382026634673881
0 0 70 70 4.382026634673881
0 0 74 74 4.382026634673881
0 0 24 24 4.382026634673881
0 0 56 56 4.382026634673881
0 0 73 73 4.382026634673881
0 -0.0

labels_S03_selected_tokens_13_6408_14_4888
0 0 73 73 4.382026634673881
0 0 15 15 4.382026634673881
0 0 21 21 4.382026634673881
0 0 23 23 4.382026634673881
0 0 33 33 4.382026634673881
0 0 63 63 4.382026634673881
0 0 70 70 4.382026634673881
0 0 74 74 4.382026634673881
0 0 24 24 4.382026634673881
0 0 56 56 4.382026634673881
0 -0.0

labels_S03_selected_tokens_14_4888_15_3453
0 0 73 73 4.382026634673881
0 0 15 15 4.382026634673881
0 0 21 21 4.382026634673881
0 0 23 23 4.382026634673881
0 0 33 33 4.382026634673881
0 0 63 63 4.382026634673881
0 0 70 70 4.382026634673881
0 0 74 74 4.382026634673881
0 0 24 24 4.382026634673881
0 0 56 56 4.382026634673881
0 -0.0

labels_S03_selected_tokens_15_3453_16_2242
0 0 20 20 -0.0
0 0 15 15 4.382026634673881
0 0 21 21 4.382026634673881
0 0 23 23 4.382026634673881
0 0 33 33 4.382026634673881
0 0 63 63 4.382026634673881
0 0 70 70 4.382026634673881
0 0 74 74 4.382026634673881
0 0 24 24 4.382026634673881
0 0 56 56 4.382026634673881
0 0 73 73 4.382026634673881
0 -0.0

labels_S03_selected_tokens_16_2242_17_106
0 0 20 20 -0.0
0 0 15 15 4.382026634673881
0 0 21 21 4.382026634673881
0 0 23 23 4.382026634673881
0 0 33 33 4.382026634673881
0 0 63 63 4.382026634673881
0 0 70 70 4.382026634673881
0 0 74 74 4.382026634673881
0 0 24 24 4.382026634673881
0 0 56 56 4.382026634673881
0 0 73 73 4.382026634673881
0 -0.0

labels_S03_selected_tokens_17_106_17_85
0 0 8 8 -0.0
0 0 15 15 4.382026634673881
0 0 21 21 4.382026634673881
0 0 23 23 4.382026634673881
0 0 33 33 4.382026634673881
0 0 63 63 4.382026634673881
0 0 70 70 4.382026634673881
0 0 74 74 4.382026634673881
0 0 24 24 4.382026634673881
0 0 56 56 4.382026634673881
0 0 73 73 4.382026634673881
0 -0.0

labels_S03_selected_tokens_17_85_18_666
0 0 8 8 -0.0
0 0 15 15 4.382026634673881
0 0 21 21 4.382026634673881
0 0 23 23 4.382026634673881
0 0 33 33 4.382026634673881
0 0 63 63 4.382026634673881
0 0 70 70 4.382026634673881
0 0 74 74 4.382026634673881
0 0 24 24 4.382026634673881
0 0 56 56 4.382026634673881
0 0 73 73 4.382026634673881
0 -0.0

labels_S03_selected_tokens_18_666_19_4019
0 0 26 26 -0.0
0 0 15 15 4.382026634673881
0 0 21 21 4.382026634673881
0 0 23 23 4.382026634673881
0 0 33 33 4.382026634673881
0 0 63 63 4.382026634673881
0 0 70 70 4.382026634673881
0 0 74 74 4.382026634673881
0 0 24 24 4.382026634673881
0 0 56 56 4.382026634673881
0 0 73 73 4.382026634673881
0 -0.0

labels_S03_selected_tokens_19_4019_20_1539
0 0 26 26 -0.0
0 0 15 15 4.382026634673881
0 0 21 21 4.382026634673881
0 0 23 23 4.382026634673881
0 0 33 33 4.382026634673881
0 0 63 63 4.382026634673881
0 0 70 70 4.382026634673881
0 0 74 74 4.382026634673881
0 0 24 24 4.382026634673881
0 0 56 56 4.382026634673881
0 0 73 73 4.382026634673881
0 -0.0

labels_S03_selected_tokens_1_1842_1_9442
0 0 21 21 4.382026634673881
0 0 15 15 4.382026634673881
0 0 23 23 4.382026634673881
0 0 33 33 4.382026634673881
0 0 63 63 4.382026634673881
0 0 70 70 4.382026634673881
0 0 74 74 4.382026634673881
0 0 24 24 4.382026634673881
0 0 56 56 4.382026634673881
0 0 73 73 4.382026634673881
0 -0.0

labels_S03_selected_tokens_1_9442_2_8192
0 0 21 21 4.382026634673881
0 0 15 15 4.382026634673881
0 0 23 23 4.382026634673881
0 0 33 33 4.382026634673881
0 0 63 63 4.382026634673881
0 0 70 70 4.382026634673881
0 0 74 74 4.382026634673881
0 0 24 24 4.382026634673881
0 0 56 56 4.382026634673881
0 0 73 73 4.382026634673881
0 -0.0

labels_S03_selected_tokens_20_1539_20_9779
0 0 36 36 -0.0
0 0 15 15 4.382026634673881
0 0 21 21 4.382026634673881
0 0 23 23 4.382026634673881
0 0 33 33 4.382026634673881
0 0 63 63 4.382026634673881
0 0 70 70 4.382026634673881
0 0 74 74 4.382026634673881
0 0 24 24 4.382026634673881
0 0 56 56 4.382026634673881
0 0 73 73 4.382026634673881
0 -0.0

labels_S03_selected_tokens_20_9779_21_8339
0 0 36 36 -0.0
0 0 15 15 4.382026634673881
0 0 21 21 4.382026634673881
0 0 23 23 4.382026634673881
0 0 33 33 4.382026634673881
0 0 63 63 4.382026634673881
0 0 70 70 4.382026634673881
0 0 74 74 4.382026634673881
0 0 24 24 4.382026634673881
0 0 56 56 4.382026634673881
0 0 73 73 4.382026634673881
0 -0.0

labels_S03_selected_tokens_21_8339_22_5215
0 0 44 44 -0.0
0 0 15 15 4.382026634673881
0 0 21 21 4.382026634673881
0 0 23 23 4.382026634673881
0 0 33 33 4.382026634673881
0 0 63 63 4.382026634673881
0 0 70 70 4.382026634673881
0 0 74 74 4.382026634673881
0 0 24 24 4.382026634673881
0 0 56 56 4.382026634673881
0 0 73 73 4.382026634673881
0 -0.0

labels_S03_selected_tokens_22_5215_23_2654
0 0 44 44 -0.0
0 0 15 15 4.382026634673881
0 0 21 21 4.382026634673881
0 0 23 23 4.382026634673881
0 0 33 33 4.382026634673881
0 0 63 63 4.382026634673881
0 0 70 70 4.382026634673881
0 0 74 74 4.382026634673881
0 0 24 24 4.382026634673881
0 0 56 56 4.382026634673881
0 0 73 73 4.382026634673881
0 -0.0

labels_S03_selected_tokens_23_2654_24_1055
0 0 78 78 -0.0
0 0 15 15 4.382026634673881
0 0 21 21 4.382026634673881
0 0 23 23 4.382026634673881
0 0 33 33 4.382026634673881
0 0 63 63 4.382026634673881
0 0 70 70 4.382026634673881
0 0 74 74 4.382026634673881
0 0 24 24 4.382026634673881
0 0 56 56 4.382026634673881
0 0 73 73 4.382026634673881
0 -0.0

labels_S03_selected_tokens_24_1055_24_8575
0 0 78 78 -0.0
0 0 15 15 4.382026634673881
0 0 21 21 4.382026634673881
0 0 23 23 4.382026634673881
0 0 33 33 4.382026634673881
0 0 63 63 4.382026634673881
0 0 70 70 4.382026634673881
0 0 74 74 4.382026634673881
0 0 24 24 4.382026634673881
0 0 56 56 4.382026634673881
0 0 73 73 4.382026634673881
0 -0.0

labels_S03_selected_tokens_24_8575_25_6256
0 0 79 79 -0.0
0 0 15 15 4.382026634673881
0 0 21 21 4.382026634673881
0 0 23 23 4.382026634673881
0 0 33 33 4.382026634673881
0 0 63 63 4.382026634673881
0 0 70 70 4.382026634673881
0 0 74 74 4.382026634673881
0 0 24 24 4.382026634673881
0 0 56 56 4.382026634673881
0 0 73 73 4.382026634673881
0 -0.0

labels_S03_selected_tokens_25_6256_26_4254
0 0 79 79 -0.0
0 0 15 15 4.382026634673881
0 0 21 21 4.382026634673881
0 0 23 23 4.382026634673881
0 0 33 33 4.382026634673881
0 0 63 63 4.382026634673881
0 0 70 70 4.382026634673881
0 0 74 74 4.382026634673881
0 0 24 24 4.382026634673881
0 0 56 56 4.382026634673881
0 0 73 73 4.382026634673881
0 -0.0

labels_S03_selected_tokens_26_4254_27_4935
0 0 64 64 -0.0
0 0 15 15 4.382026634673881
0 0 21 21 4.382026634673881
0 0 23 23 4.382026634673881
0 0 33 33 4.382026634673881
0 0 63 63 4.382026634673881
0 0 70 70 4.382026634673881
0 0 74 74 4.382026634673881
0 0 24 24 4.382026634673881
0 0 56 56 4.382026634673881
0 0 73 73 4.382026634673881
0 -0.0

labels_S03_selected_tokens_27_4935_28_5735
0 0 64 64 -0.0
0 0 15 15 4.382026634673881
0 0 21 21 4.382026634673881
0 0 23 23 4.382026634673881
0 0 33 33 4.382026634673881
0 0 63 63 4.382026634673881
0 0 70 70 4.382026634673881
0 0 74 74 4.382026634673881
0 0 24 24 4.382026634673881
0 0 56 56 4.382026634673881
0 0 73 73 4.382026634673881
0 -0.0

labels_S03_selected_tokens_28_5735_29_2958
0 0 14 14 -0.0
0 0 15 15 4.382026634673881
0 0 21 21 4.382026634673881
0 0 23 23 4.382026634673881
0 0 33 33 4.382026634673881
0 0 63 63 4.382026634673881
0 0 70 70 4.382026634673881
0 0 74 74 4.382026634673881
0 0 24 24 4.382026634673881
0 0 56 56 4.382026634673881
0 0 73 73 4.382026634673881
0 -0.0

labels_S03_selected_tokens_29_2958_29_984
0 0 14 14 -0.0
0 0 15 15 4.382026634673881
0 0 21 21 4.382026634673881
0 0 23 23 4.382026634673881
0 0 33 33 4.382026634673881
0 0 63 63 4.382026634673881
0 0 70 70 4.382026634673881
0 0 74 74 4.382026634673881
0 0 24 24 4.382026634673881
0 0 56 56 4.382026634673881
0 0 73 73 4.382026634673881
0 -0.0

labels_S03_selected_tokens_29_984_30_84
0 0 77 77 -0.0
0 0 15 15 4.382026634673881
0 0 21 21 4.382026634673881
0 0 23 23 4.382026634673881
0 0 33 33 4.382026634673881
0 0 63 63 4.382026634673881
0 0 70 70 4.382026634673881
0 0 74 74 4.382026634673881
0 0 24 24 4.382026634673881
0 0 56 56 4.382026634673881
0 0 73 73 4.382026634673881
0 -0.0

labels_S03_selected_tokens_2_8192_3_5712
0 0 23 23 4.382026634673881
0 0 15 15 4.382026634673881
0 0 21 21 4.382026634673881
0 0 33 33 4.382026634673881
0 0 63 63 4.382026634673881
0 0 70 70 4.382026634673881
0 0 74 74 4.382026634673881
0 0 24 24 4.382026634673881
0 0 56 56 4.382026634673881
0 0 73 73 4.382026634673881
0 -0.0

labels_S03_selected_tokens_30_84_31_6642
0 0 77 77 -0.0
0 0 15 15 4.382026634673881
0 0 21 21 4.382026634673881
0 0 23 23 4.382026634673881
0 0 33 33 4.382026634673881
0 0 63 63 4.382026634673881
0 0 70 70 4.382026634673881
0 0 74 74 4.382026634673881
0 0 24 24 4.382026634673881
0 0 56 56 4.382026634673881
0 0 73 73 4.382026634673881
0 -0.0

labels_S03_selected_tokens_31_6642_32_5622
0 0 19 19 -0.0
0 0 15 15 4.382026634673881
0 0 21 21 4.382026634673881
0 0 23 23 4.382026634673881
0 0 33 33 4.382026634673881
0 0 63 63 4.382026634673881
0 0 70 70 4.382026634673881
0 0 74 74 4.382026634673881
0 0 24 24 4.382026634673881
0 0 56 56 4.382026634673881
0 0 73 73 4.382026634673881
0 -0.0

labels_S03_selected_tokens_32_5622_33_3222
0 0 19 19 -0.0
0 0 15 15 4.382026634673881
0 0 21 21 4.382026634673881
0 0 23 23 4.382026634673881
0 0 33 33 4.382026634673881
0 0 63 63 4.382026634673881
0 0 70 70 4.382026634673881
0 0 74 74 4.382026634673881
0 0 24 24 4.382026634673881
0 0 56 56 4.382026634673881
0 0 73 73 4.382026634673881
0 -0.0

labels_S03_selected_tokens_33_3222_33_9701
0 0 32 32 -0.0
0 0 15 15 4.382026634673881
0 0 21 21 4.382026634673881
0 0 23 23 4.382026634673881
0 0 33 33 4.382026634673881
0 0 63 63 4.382026634673881
0 0 70 70 4.382026634673881
0 0 74 74 4.382026634673881
0 0 24 24 4.382026634673881
0 0 56 56 4.382026634673881
0 0 73 73 4.382026634673881
0 -0.0

labels_S03_selected_tokens_33_9701_34_6021
0 0 32 32 -0.0
0 0 15 15 4.382026634673881
0 0 21 21 4.382026634673881
0 0 23 23 4.382026634673881
0 0 33 33 4.382026634673881
0 0 63 63 4.382026634673881
0 0 70 70 4.382026634673881
0 0 74 74 4.382026634673881
0 0 24 24 4.382026634673881
0 0 56 56 4.382026634673881
0 0 73 73 4.382026634673881
0 -0.0

labels_S03_selected_tokens_34_6021_35_2382
0 0 39 39 -0.0
0 0 15 15 4.382026634673881
0 0 21 21 4.382026634673881
0 0 23 23 4.382026634673881
0 0 33 33 4.382026634673881
0 0 63 63 4.382026634673881
0 0 70 70 4.382026634673881
0 0 74 74 4.382026634673881
0 0 24 24 4.382026634673881
0 0 56 56 4.382026634673881
0 0 73 73 4.382026634673881
0 -0.0

labels_S03_selected_tokens_35_2382_35_8222
0 0 39 39 -0.0
0 0 15 15 4.382026634673881
0 0 21 21 4.382026634673881
0 0 23 23 4.382026634673881
0 0 33 33 4.382026634673881
0 0 63 63 4.382026634673881
0 0 70 70 4.382026634673881
0 0 74 74 4.382026634673881
0 0 24 24 4.382026634673881
0 0 56 56 4.382026634673881
0 0 73 73 4.382026634673881
0 -0.0

labels_S03_selected_tokens_35_8222_36_6681
0 0 81 81 -0.0
0 0 15 15 4.382026634673881
0 0 21 21 4.382026634673881
0 0 23 23 4.382026634673881
0 0 33 33 4.382026634673881
0 0 63 63 4.382026634673881
0 0 70 70 4.382026634673881
0 0 74 74 4.382026634673881
0 0 24 24 4.382026634673881
0 0 56 56 4.382026634673881
0 0 73 73 4.382026634673881
0 -0.0

labels_S03_selected_tokens_36_6681_37_5001
0 0 81 81 -0.0
0 0 15 15 4.382026634673881
0 0 21 21 4.382026634673881
0 0 23 23 4.382026634673881
0 0 33 33 4.382026634673881
0 0 63 63 4.382026634673881
0 0 70 70 4.382026634673881
0 0 74 74 4.382026634673881
0 0 24 24 4.382026634673881
0 0 56 56 4.382026634673881
0 0 73 73 4.382026634673881
0 -0.0

labels_S03_selected_tokens_37_5001_38_2361
0 0 42 42 -0.0
0 0 15 15 4.382026634673881
0 0 21 21 4.382026634673881
0 0 23 23 4.382026634673881
0 0 33 33 4.382026634673881
0 0 63 63 4.382026634673881
0 0 70 70 4.382026634673881
0 0 74 74 4.382026634673881
0 0 24 24 4.382026634673881
0 0 56 56 4.382026634673881
0 0 73 73 4.382026634673881
0 -0.0

labels_S03_selected_tokens_38_2361_38_9961
0 0 42 42 -0.0
0 0 15 15 4.382026634673881
0 0 21 21 4.382026634673881
0 0 23 23 4.382026634673881
0 0 33 33 4.382026634673881
0 0 63 63 4.382026634673881
0 0 70 70 4.382026634673881
0 0 74 74 4.382026634673881
0 0 24 24 4.382026634673881
0 0 56 56 4.382026634673881
0 0 73 73 4.382026634673881
0 -0.0

labels_S03_selected_tokens_38_9961_39_6442
0 0 27 27 -0.0
0 0 15 15 4.382026634673881
0 0 21 21 4.382026634673881
0 0 23 23 4.382026634673881
0 0 33 33 4.382026634673881
0 0 63 63 4.382026634673881
0 0 70 70 4.382026634673881
0 0 74 74 4.382026634673881
0 0 24 24 4.382026634673881
0 0 56 56 4.382026634673881
0 0 73 73 4.382026634673881
0 -0.0

labels_S03_selected_tokens_39_6442_40_3082
0 0 27 27 -0.0
0 0 15 15 4.382026634673881
0 0 21 21 4.382026634673881
0 0 23 23 4.382026634673881
0 0 33 33 4.382026634673881
0 0 63 63 4.382026634673881
0 0 70 70 4.382026634673881
0 0 74 74 4.382026634673881
0 0 24 24 4.382026634673881
0 0 56 56 4.382026634673881
0 0 73 73 4.382026634673881
0 -0.0

labels_S03_selected_tokens_3_5712_4_4541
0 0 23 23 4.382026634673881
0 0 15 15 4.382026634673881
0 0 21 21 4.382026634673881
0 0 33 33 4.382026634673881
0 0 63 63 4.382026634673881
0 0 70 70 4.382026634673881
0 0 74 74 4.382026634673881
0 0 24 24 4.382026634673881
0 0 56 56 4.382026634673881
0 0 73 73 4.382026634673881
0 -0.0

labels_S03_selected_tokens_40_3082_41_0922
0 0 31 31 -0.0
0 0 15 15 4.382026634673881
0 0 21 21 4.382026634673881
0 0 23 23 4.382026634673881
0 0 33 33 4.382026634673881
0 0 63 63 4.382026634673881
0 0 70 70 4.382026634673881
0 0 74 74 4.382026634673881
0 0 24 24 4.382026634673881
0 0 56 56 4.382026634673881
0 0 73 73 4.382026634673881
0 -0.0

labels_S03_selected_tokens_41_0922_42_0282
0 0 31 31 -0.0
0 0 15 15 4.382026634673881
0 0 21 21 4.382026634673881
0 0 23 23 4.382026634673881
0 0 33 33 4.382026634673881
0 0 63 63 4.382026634673881
0 0 70 70 4.382026634673881
0 0 74 74 4.382026634673881
0 0 24 24 4.382026634673881
0 0 56 56 4.382026634673881
0 0 73 73 4.382026634673881
0 -0.0

labels_S03_selected_tokens_42_0282_42_6602
0 0 41 41 -0.0
0 0 15 15 4.382026634673881
0 0 21 21 4.382026634673881
0 0 23 23 4.382026634673881
0 0 33 33 4.382026634673881
0 0 63 63 4.382026634673881
0 0 70 70 4.382026634673881
0 0 74 74 4.382026634673881
0 0 24 24 4.382026634673881
0 0 56 56 4.382026634673881
0 0 73 73 4.382026634673881
0 -0.0

labels_S03_selected_tokens_42_6602_43_2682
0 0 41 41 -0.0
0 0 15 15 4.382026634673881
0 0 21 21 4.382026634673881
0 0 23 23 4.382026634673881
0 0 33 33 4.382026634673881
0 0 63 63 4.382026634673881
0 0 70 70 4.382026634673881
0 0 74 74 4.382026634673881
0 0 24 24 4.382026634673881
0 0 56 56 4.382026634673881
0 0 73 73 4.382026634673881
0 -0.0

labels_S03_selected_tokens_43_2682_43_9899
0 0 18 18 -0.0
0 0 15 15 4.382026634673881
0 0 21 21 4.382026634673881
0 0 23 23 4.382026634673881
0 0 33 33 4.382026634673881
0 0 63 63 4.382026634673881
0 0 70 70 4.382026634673881
0 0 74 74 4.382026634673881
0 0 24 24 4.382026634673881
0 0 56 56 4.382026634673881
0 0 73 73 4.382026634673881
0 -0.0

labels_S03_selected_tokens_43_9899_44_8148
0 0 18 18 -0.0
0 0 15 15 4.382026634673881
0 0 21 21 4.382026634673881
0 0 23 23 4.382026634673881
0 0 33 33 4.382026634673881
0 0 63 63 4.382026634673881
0 0 70 70 4.382026634673881
0 0 74 74 4.382026634673881
0 0 24 24 4.382026634673881
0 0 56 56 4.382026634673881
0 0 73 73 4.382026634673881
0 -0.0

labels_S03_selected_tokens_44_8148_45_5349
0 0 76 76 -0.0
0 0 15 15 4.382026634673881
0 0 21 21 4.382026634673881
0 0 23 23 4.382026634673881
0 0 33 33 4.382026634673881
0 0 63 63 4.382026634673881
0 0 70 70 4.382026634673881
0 0 74 74 4.382026634673881
0 0 24 24 4.382026634673881
0 0 56 56 4.382026634673881
0 0 73 73 4.382026634673881
0 -0.0

labels_S03_selected_tokens_45_5349_46_2229
0 0 76 76 -0.0
0 0 15 15 4.382026634673881
0 0 21 21 4.382026634673881
0 0 23 23 4.382026634673881
0 0 33 33 4.382026634673881
0 0 63 63 4.382026634673881
0 0 70 70 4.382026634673881
0 0 74 74 4.382026634673881
0 0 24 24 4.382026634673881
0 0 56 56 4.382026634673881
0 0 73 73 4.382026634673881
0 -0.0

labels_S03_selected_tokens_46_2229_47_0389
0 0 12 12 -0.0
0 0 15 15 4.382026634673881
0 0 21 21 4.382026634673881
0 0 23 23 4.382026634673881
0 0 33 33 4.382026634673881
0 0 63 63 4.382026634673881
0 0 70 70 4.382026634673881
0 0 74 74 4.382026634673881
0 0 24 24 4.382026634673881
0 0 56 56 4.382026634673881
0 0 73 73 4.382026634673881
0 -0.0

labels_S03_selected_tokens_47_0389_47_8149
0 0 12 12 -0.0
0 0 15 15 4.382026634673881
0 0 21 21 4.382026634673881
0 0 23 23 4.382026634673881
0 0 33 33 4.382026634673881
0 0 63 63 4.382026634673881
0 0 70 70 4.382026634673881
0 0 74 74 4.382026634673881
0 0 24 24 4.382026634673881
0 0 56 56 4.382026634673881
0 0 73 73 4.382026634673881
0 -0.0

labels_S03_selected_tokens_47_8149_48_5669
0 0 25 25 -0.0
0 0 15 15 4.382026634673881
0 0 21 21 4.382026634673881
0 0 23 23 4.382026634673881
0 0 33 33 4.382026634673881
0 0 63 63 4.382026634673881
0 0 70 70 4.382026634673881
0 0 74 74 4.382026634673881
0 0 24 24 4.382026634673881
0 0 56 56 4.382026634673881
0 0 73 73 4.382026634673881
0 -0.0

labels_S03_selected_tokens_48_5669_49_3589
0 0 25 25 -0.0
0 0 15 15 4.382026634673881
0 0 21 21 4.382026634673881
0 0 23 23 4.382026634673881
0 0 33 33 4.382026634673881
0 0 63 63 4.382026634673881
0 0 70 70 4.382026634673881
0 0 74 74 4.382026634673881
0 0 24 24 4.382026634673881
0 0 56 56 4.382026634673881
0 0 73 73 4.382026634673881
0 -0.0

labels_S03_selected_tokens_49_3589_50_2149
0 0 28 28 -0.0
0 0 15 15 4.382026634673881
0 0 21 21 4.382026634673881
0 0 23 23 4.382026634673881
0 0 33 33 4.382026634673881
0 0 63 63 4.382026634673881
0 0 70 70 4.382026634673881
0 0 74 74 4.382026634673881
0 0 24 24 4.382026634673881
0 0 56 56 4.382026634673881
0 0 73 73 4.382026634673881
0 -0.0

labels_S03_selected_tokens_4_4541_5_0381
0 0 33 33 4.382026634673881
0 0 15 15 4.382026634673881
0 0 21 21 4.382026634673881
0 0 23 23 4.382026634673881
0 0 63 63 4.382026634673881
0 0 70 70 4.382026634673881
0 0 74 74 4.382026634673881
0 0 24 24 4.382026634673881
0 0 56 56 4.382026634673881
0 0 73 73 4.382026634673881
0 -0.0

labels_S03_selected_tokens_50_2149_51_079
0 0 28 28 -0.0
0 0 15 15 4.382026634673881
0 0 21 21 4.382026634673881
0 0 23 23 4.382026634673881
0 0 33 33 4.382026634673881
0 0 63 63 4.382026634673881
0 0 70 70 4.382026634673881
0 0 74 74 4.382026634673881
0 0 24 24 4.382026634673881
0 0 56 56 4.382026634673881
0 0 73 73 4.382026634673881
0 -0.0

labels_S03_selected_tokens_51_079_51_9514
0 0 37 37 -0.0
0 0 15 15 4.382026634673881
0 0 21 21 4.382026634673881
0 0 23 23 4.382026634673881
0 0 33 33 4.382026634673881
0 0 63 63 4.382026634673881
0 0 70 70 4.382026634673881
0 0 74 74 4.382026634673881
0 0 24 24 4.382026634673881
0 0 56 56 4.382026634673881
0 0 73 73 4.382026634673881
0 -0.0

labels_S03_selected_tokens_51_9514_52_7914
0 0 37 37 -0.0
0 0 15 15 4.382026634673881
0 0 21 21 4.382026634673881
0 0 23 23 4.382026634673881
0 0 33 33 4.382026634673881
0 0 63 63 4.382026634673881
0 0 70 70 4.382026634673881
0 0 74 74 4.382026634673881
0 0 24 24 4.382026634673881
0 0 56 56 4.382026634673881
0 0 73 73 4.382026634673881
0 -0.0

labels_S03_selected_tokens_52_7914_53_7434
0 0 46 46 -0.0
0 0 15 15 4.382026634673881
0 0 21 21 4.382026634673881
0 0 23 23 4.382026634673881
0 0 33 33 4.382026634673881
0 0 63 63 4.382026634673881
0 0 70 70 4.382026634673881
0 0 74 74 4.382026634673881
0 0 24 24 4.382026634673881
0 0 56 56 4.382026634673881
0 0 73 73 4.382026634673881
0 -0.0

labels_S03_selected_tokens_53_7434_54_6554
0 0 46 46 -0.0
0 0 15 15 4.382026634673881
0 0 21 21 4.382026634673881
0 0 23 23 4.382026634673881
0 0 33 33 4.382026634673881
0 0 63 63 4.382026634673881
0 0 70 70 4.382026634673881
0 0 74 74 4.382026634673881
0 0 24 24 4.382026634673881
0 0 56 56 4.382026634673881
0 0 73 73 4.382026634673881
0 -0.0

labels_S03_selected_tokens_54_6554_55_5035
0 0 51 51 -0.0
0 0 15 15 4.382026634673881
0 0 21 21 4.382026634673881
0 0 23 23 4.382026634673881
0 0 33 33 4.382026634673881
0 0 63 63 4.382026634673881
0 0 70 70 4.382026634673881
0 0 74 74 4.382026634673881
0 0 24 24 4.382026634673881
0 0 56 56 4.382026634673881
0 0 73 73 4.382026634673881
0 -0.0

labels_S03_selected_tokens_55_5035_56_3805
0 0 51 51 -0.0
0 0 15 15 4.382026634673881
0 0 21 21 4.382026634673881
0 0 23 23 4.382026634673881
0 0 33 33 4.382026634673881
0 0 63 63 4.382026634673881
0 0 70 70 4.382026634673881
0 0 74 74 4.382026634673881
0 0 24 24 4.382026634673881
0 0 56 56 4.382026634673881
0 0 73 73 4.382026634673881
0 -0.0

labels_S03_selected_tokens_56_3805_57_3004
0 0 61 61 -0.0
0 0 15 15 4.382026634673881
0 0 21 21 4.382026634673881
0 0 23 23 4.382026634673881
0 0 33 33 4.382026634673881
0 0 63 63 4.382026634673881
0 0 70 70 4.382026634673881
0 0 74 74 4.382026634673881
0 0 24 24 4.382026634673881
0 0 56 56 4.382026634673881
0 0 73 73 4.382026634673881
0 -0.0

labels_S03_selected_tokens_57_3004_58_172
0 0 61 61 -0.0
0 0 15 15 4.382026634673881
0 0 21 21 4.382026634673881
0 0 23 23 4.382026634673881
0 0 33 33 4.382026634673881
0 0 63 63 4.382026634673881
0 0 70 70 4.382026634673881
0 0 74 74 4.382026634673881
0 0 24 24 4.382026634673881
0 0 56 56 4.382026634673881
0 0 73 73 4.382026634673881
0 -0.0

labels_S03_selected_tokens_58_172_58_9559
0 0 59 59 -0.0
0 0 15 15 4.382026634673881
0 0 21 21 4.382026634673881
0 0 23 23 4.382026634673881
0 0 33 33 4.382026634673881
0 0 63 63 4.382026634673881
0 0 70 70 4.382026634673881
0 0 74 74 4.382026634673881
0 0 24 24 4.382026634673881
0 0 56 56 4.382026634673881
0 0 73 73 4.382026634673881
0 -0.0

labels_S03_selected_tokens_58_9559_59_7398
0 0 59 59 -0.0
0 0 15 15 4.382026634673881
0 0 21 21 4.382026634673881
0 0 23 23 4.382026634673881
0 0 33 33 4.382026634673881
0 0 63 63 4.382026634673881
0 0 70 70 4.382026634673881
0 0 74 74 4.382026634673881
0 0 24 24 4.382026634673881
0 0 56 56 4.382026634673881
0 0 73 73 4.382026634673881
0 -0.0

labels_S03_selected_tokens_59_7398_60_492
0 0 45 45 -0.0
0 0 15 15 4.382026634673881
0 0 21 21 4.382026634673881
0 0 23 23 4.382026634673881
0 0 33 33 4.382026634673881
0 0 63 63 4.382026634673881
0 0 70 70 4.382026634673881
0 0 74 74 4.382026634673881
0 0 24 24 4.382026634673881
0 0 56 56 4.382026634673881
0 0 73 73 4.382026634673881
0 -0.0

labels_S03_selected_tokens_5_0381_5_6299
0 0 33 33 4.382026634673881
0 0 15 15 4.382026634673881
0 0 21 21 4.382026634673881
0 0 23 23 4.382026634673881
0 0 63 63 4.382026634673881
0 0 70 70 4.382026634673881
0 0 74 74 4.382026634673881
0 0 24 24 4.382026634673881
0 0 56 56 4.382026634673881
0 0 73 73 4.382026634673881
0 -0.0

labels_S03_selected_tokens_5_6299_6_4585
0 0 63 63 4.382026634673881
0 0 15 15 4.382026634673881
0 0 21 21 4.382026634673881
0 0 23 23 4.382026634673881
0 0 33 33 4.382026634673881
0 0 70 70 4.382026634673881
0 0 74 74 4.382026634673881
0 0 24 24 4.382026634673881
0 0 56 56 4.382026634673881
0 0 73 73 4.382026634673881
0 -0.0

labels_S03_selected_tokens_60_492_61_2439
0 0 45 45 -0.0
0 0 15 15 4.382026634673881
0 0 21 21 4.382026634673881
0 0 23 23 4.382026634673881
0 0 33 33 4.382026634673881
0 0 63 63 4.382026634673881
0 0 70 70 4.382026634673881
0 0 74 74 4.382026634673881
0 0 24 24 4.382026634673881
0 0 56 56 4.382026634673881
0 0 73 73 4.382026634673881
0 -0.0

labels_S03_selected_tokens_61_2439_62_3
0 0 58 58 -0.0
0 0 15 15 4.382026634673881
0 0 21 21 4.382026634673881
0 0 23 23 4.382026634673881
0 0 33 33 4.382026634673881
0 0 63 63 4.382026634673881
0 0 70 70 4.382026634673881
0 0 74 74 4.382026634673881
0 0 24 24 4.382026634673881
0 0 56 56 4.382026634673881
0 0 73 73 4.382026634673881
0 -0.0

labels_S03_selected_tokens_62_3_63_2278
0 0 58 58 -0.0
0 0 15 15 4.382026634673881
0 0 21 21 4.382026634673881
0 0 23 23 4.382026634673881
0 0 33 33 4.382026634673881
0 0 63 63 4.382026634673881
0 0 70 70 4.382026634673881
0 0 74 74 4.382026634673881
0 0 24 24 4.382026634673881
0 0 56 56 4.382026634673881
0 0 73 73 4.382026634673881
0 -0.0

labels_S03_selected_tokens_63_2278_63_9477
0 0 29 29 -0.0
0 0 15 15 4.382026634673881
0 0 21 21 4.382026634673881
0 0 23 23 4.382026634673881
0 0 33 33 4.382026634673881
0 0 63 63 4.382026634673881
0 0 70 70 4.382026634673881
0 0 74 74 4.382026634673881
0 0 24 24 4.382026634673881
0 0 56 56 4.382026634673881
0 0 73 73 4.382026634673881
0 -0.0

labels_S03_selected_tokens_63_9477_64_6837
0 0 29 29 -0.0
0 0 15 15 4.382026634673881
0 0 21 21 4.382026634673881
0 0 23 23 4.382026634673881
0 0 33 33 4.382026634673881
0 0 63 63 4.382026634673881
0 0 70 70 4.382026634673881
0 0 74 74 4.382026634673881
0 0 24 24 4.382026634673881
0 0 56 56 4.382026634673881
0 0 73 73 4.382026634673881
0 -0.0

labels_S03_selected_tokens_64_6837_65_2997
0 0 38 38 -0.0
0 0 15 15 4.382026634673881
0 0 21 21 4.382026634673881
0 0 23 23 4.382026634673881
0 0 33 33 4.382026634673881
0 0 63 63 4.382026634673881
0 0 70 70 4.382026634673881
0 0 74 74 4.382026634673881
0 0 24 24 4.382026634673881
0 0 56 56 4.382026634673881
0 0 73 73 4.382026634673881
0 -0.0

labels_S03_selected_tokens_65_2997_65_9957
0 0 38 38 -0.0
0 0 15 15 4.382026634673881
0 0 21 21 4.382026634673881
0 0 23 23 4.382026634673881
0 0 33 33 4.382026634673881
0 0 63 63 4.382026634673881
0 0 70 70 4.382026634673881
0 0 74 74 4.382026634673881
0 0 24 24 4.382026634673881
0 0 56 56 4.382026634673881
0 0 73 73 4.382026634673881
0 -0.0

labels_S03_selected_tokens_65_9957_66_6436
0 0 40 40 -0.0
0 0 15 15 4.382026634673881
0 0 21 21 4.382026634673881
0 0 23 23 4.382026634673881
0 0 33 33 4.382026634673881
0 0 63 63 4.382026634673881
0 0 70 70 4.382026634673881
0 0 74 74 4.382026634673881
0 0 24 24 4.382026634673881
0 0 56 56 4.382026634673881
0 0 73 73 4.382026634673881
0 -0.0

labels_S03_selected_tokens_66_6436_67_2996
0 0 40 40 -0.0
0 0 15 15 4.382026634673881
0 0 21 21 4.382026634673881
0 0 23 23 4.382026634673881
0 0 33 33 4.382026634673881
0 0 63 63 4.382026634673881
0 0 70 70 4.382026634673881
0 0 74 74 4.382026634673881
0 0 24 24 4.382026634673881
0 0 56 56 4.382026634673881
0 0 73 73 4.382026634673881
0 -0.0

labels_S03_selected_tokens_67_2996_68_0756
0 0 52 52 -0.0
0 0 15 15 4.382026634673881
0 0 21 21 4.382026634673881
0 0 23 23 4.382026634673881
0 0 33 33 4.382026634673881
0 0 63 63 4.382026634673881
0 0 70 70 4.382026634673881
0 0 74 74 4.382026634673881
0 0 24 24 4.382026634673881
0 0 56 56 4.382026634673881
0 0 73 73 4.382026634673881
0 -0.0

labels_S03_selected_tokens_68_0756_68_8758
0 0 52 52 -0.0
0 0 15 15 4.382026634673881
0 0 21 21 4.382026634673881
0 0 23 23 4.382026634673881
0 0 33 33 4.382026634673881
0 0 63 63 4.382026634673881
0 0 70 70 4.382026634673881
0 0 74 74 4.382026634673881
0 0 24 24 4.382026634673881
0 0 56 56 4.382026634673881
0 0 73 73 4.382026634673881
0 -0.0

labels_S03_selected_tokens_68_8758_69_6357
0 0 6 6 -0.0
0 0 15 15 4.382026634673881
0 0 21 21 4.382026634673881
0 0 23 23 4.382026634673881
0 0 33 33 4.382026634673881
0 0 63 63 4.382026634673881
0 0 70 70 4.382026634673881
0 0 74 74 4.382026634673881
0 0 24 24 4.382026634673881
0 0 56 56 4.382026634673881
0 0 73 73 4.382026634673881
0 -0.0

labels_S03_selected_tokens_69_6357_70_4201
0 0 6 6 -0.0
0 0 15 15 4.382026634673881
0 0 21 21 4.382026634673881
0 0 23 23 4.382026634673881
0 0 33 33 4.382026634673881
0 0 63 63 4.382026634673881
0 0 70 70 4.382026634673881
0 0 74 74 4.382026634673881
0 0 24 24 4.382026634673881
0 0 56 56 4.382026634673881
0 0 73 73 4.382026634673881
0 -0.0

labels_S03_selected_tokens_6_4585_7_3016
0 0 63 63 4.382026634673881
0 0 15 15 4.382026634673881
0 0 21 21 4.382026634673881
0 0 23 23 4.382026634673881
0 0 33 33 4.382026634673881
0 0 70 70 4.382026634673881
0 0 74 74 4.382026634673881
0 0 24 24 4.382026634673881
0 0 56 56 4.382026634673881
0 0 73 73 4.382026634673881
0 -0.0

labels_S03_selected_tokens_70_4201_71_2281
0 0 47 47 -0.0
0 0 15 15 4.382026634673881
0 0 21 21 4.382026634673881
0 0 23 23 4.382026634673881
0 0 33 33 4.382026634673881
0 0 63 63 4.382026634673881
0 0 70 70 4.382026634673881
0 0 74 74 4.382026634673881
0 0 24 24 4.382026634673881
0 0 56 56 4.382026634673881
0 0 73 73 4.382026634673881
0 -0.0

labels_S03_selected_tokens_71_2281_72_1401
0 0 47 47 -0.0
0 0 15 15 4.382026634673881
0 0 21 21 4.382026634673881
0 0 23 23 4.382026634673881
0 0 33 33 4.382026634673881
0 0 63 63 4.382026634673881
0 0 70 70 4.382026634673881
0 0 74 74 4.382026634673881
0 0 24 24 4.382026634673881
0 0 56 56 4.382026634673881
0 0 73 73 4.382026634673881
0 -0.0

labels_S03_selected_tokens_72_1401_73_0362
0 0 65 65 -0.0
0 0 15 15 4.382026634673881
0 0 21 21 4.382026634673881
0 0 23 23 4.382026634673881
0 0 33 33 4.382026634673881
0 0 63 63 4.382026634673881
0 0 70 70 4.382026634673881
0 0 74 74 4.382026634673881
0 0 24 24 4.382026634673881
0 0 56 56 4.382026634673881
0 0 73 73 4.382026634673881
0 -0.0

labels_S03_selected_tokens_73_0362_73_7722
0 0 65 65 -0.0
0 0 15 15 4.382026634673881
0 0 21 21 4.382026634673881
0 0 23 23 4.382026634673881
0 0 33 33 4.382026634673881
0 0 63 63 4.382026634673881
0 0 70 70 4.382026634673881
0 0 74 74 4.382026634673881
0 0 24 24 4.382026634673881
0 0 56 56 4.382026634673881
0 0 73 73 4.382026634673881
0 -0.0

labels_S03_selected_tokens_73_7722_74_7035
0 0 55 55 -0.0
0 0 15 15 4.382026634673881
0 0 21 21 4.382026634673881
0 0 23 23 4.382026634673881
0 0 33 33 4.382026634673881
0 0 63 63 4.382026634673881
0 0 70 70 4.382026634673881
0 0 74 74 4.382026634673881
0 0 24 24 4.382026634673881
0 0 56 56 4.382026634673881
0 0 73 73 4.382026634673881
0 -0.0

labels_S03_selected_tokens_74_7035_75_7397
0 0 55 55 -0.0
0 0 15 15 4.382026634673881
0 0 21 21 4.382026634673881
0 0 23 23 4.382026634673881
0 0 33 33 4.382026634673881
0 0 63 63 4.382026634673881
0 0 70 70 4.382026634673881
0 0 74 74 4.382026634673881
0 0 24 24 4.382026634673881
0 0 56 56 4.382026634673881
0 0 73 73 4.382026634673881
0 -0.0

labels_S03_selected_tokens_75_7397_76_5957
0 0 62 62 -0.0
0 0 15 15 4.382026634673881
0 0 21 21 4.382026634673881
0 0 23 23 4.382026634673881
0 0 33 33 4.382026634673881
0 0 63 63 4.382026634673881
0 0 70 70 4.382026634673881
0 0 74 74 4.382026634673881
0 0 24 24 4.382026634673881
0 0 56 56 4.382026634673881
0 0 73 73 4.382026634673881
0 -0.0

labels_S03_selected_tokens_76_5957_77_5234
0 0 62 62 -0.0
0 0 15 15 4.382026634673881
0 0 21 21 4.382026634673881
0 0 23 23 4.382026634673881
0 0 33 33 4.382026634673881
0 0 63 63 4.382026634673881
0 0 70 70 4.382026634673881
0 0 74 74 4.382026634673881
0 0 24 24 4.382026634673881
0 0 56 56 4.382026634673881
0 0 73 73 4.382026634673881
0 -0.0

labels_S03_selected_tokens_77_5234_78_5751
0 0 66 66 -0.0
0 0 15 15 4.382026634673881
0 0 21 21 4.382026634673881
0 0 23 23 4.382026634673881
0 0 33 33 4.382026634673881
0 0 63 63 4.382026634673881
0 0 70 70 4.382026634673881
0 0 74 74 4.382026634673881
0 0 24 24 4.382026634673881
0 0 56 56 4.382026634673881
0 0 73 73 4.382026634673881
0 -0.0

labels_S03_selected_tokens_78_5751_79_7219
0 0 66 66 -0.0
0 0 15 15 4.382026634673881
0 0 21 21 4.382026634673881
0 0 23 23 4.382026634673881
0 0 33 33 4.382026634673881
0 0 63 63 4.382026634673881
0 0 70 70 4.382026634673881
0 0 74 74 4.382026634673881
0 0 24 24 4.382026634673881
0 0 56 56 4.382026634673881
0 0 73 73 4.382026634673881
0 -0.0

labels_S03_selected_tokens_79_7219_80_4659
0 0 7 7 -0.0
0 0 15 15 4.382026634673881
0 0 21 21 4.382026634673881
0 0 23 23 4.382026634673881
0 0 33 33 4.382026634673881
0 0 63 63 4.382026634673881
0 0 70 70 4.382026634673881
0 0 74 74 4.382026634673881
0 0 24 24 4.382026634673881
0 0 56 56 4.382026634673881
0 0 73 73 4.382026634673881
0 -0.0

labels_S03_selected_tokens_7_3016_8_0617
0 0 70 70 4.382026634673881
0 0 15 15 4.382026634673881
0 0 21 21 4.382026634673881
0 0 23 23 4.382026634673881
0 0 33 33 4.382026634673881
0 0 63 63 4.382026634673881
0 0 74 74 4.382026634673881
0 0 24 24 4.382026634673881
0 0 56 56 4.382026634673881
0 0 73 73 4.382026634673881
0 -0.0

labels_S03_selected_tokens_80_4659_81_2899
0 0 7 7 -0.0
0 0 15 15 4.382026634673881
0 0 21 21 4.382026634673881
0 0 23 23 4.382026634673881
0 0 33 33 4.382026634673881
0 0 63 63 4.382026634673881
0 0 70 70 4.382026634673881
0 0 74 74 4.382026634673881
0 0 24 24 4.382026634673881
0 0 56 56 4.382026634673881
0 0 73 73 4.382026634673881
0 -0.0

labels_S03_selected_tokens_81_2899_82_034
0 0 9 9 -0.0
0 0 15 15 4.382026634673881
0 0 21 21 4.382026634673881
0 0 23 23 4.382026634673881
0 0 33 33 4.382026634673881
0 0 63 63 4.382026634673881
0 0 70 70 4.382026634673881
0 0 74 74 4.382026634673881
0 0 24 24 4.382026634673881
0 0 56 56 4.382026634673881
0 0 73 73 4.382026634673881
0 -0.0

labels_S03_selected_tokens_82_034_82_786
0 0 9 9 -0.0
0 0 15 15 4.382026634673881
0 0 21 21 4.382026634673881
0 0 23 23 4.382026634673881
0 0 33 33 4.382026634673881
0 0 63 63 4.382026634673881
0 0 70 70 4.382026634673881
0 0 74 74 4.382026634673881
0 0 24 24 4.382026634673881
0 0 56 56 4.382026634673881
0 0 73 73 4.382026634673881
0 -0.0

labels_S03_selected_tokens_82_786_83_49
0 0 13 13 -0.0
0 0 15 15 4.382026634673881
0 0 21 21 4.382026634673881
0 0 23 23 4.382026634673881
0 0 33 33 4.382026634673881
0 0 63 63 4.382026634673881
0 0 70 70 4.382026634673881
0 0 74 74 4.382026634673881
0 0 24 24 4.382026634673881
0 0 56 56 4.382026634673881
0 0 73 73 4.382026634673881
0 -0.0

labels_S03_selected_tokens_83_49_84_2259
0 0 13 13 -0.0
0 0 15 15 4.382026634673881
0 0 21 21 4.382026634673881
0 0 23 23 4.382026634673881
0 0 33 33 4.382026634673881
0 0 63 63 4.382026634673881
0 0 70 70 4.382026634673881
0 0 74 74 4.382026634673881
0 0 24 24 4.382026634673881
0 0 56 56 4.382026634673881
0 0 73 73 4.382026634673881
0 -0.0

labels_S03_selected_tokens_84_2259_84_9697
0 0 16 16 -0.0
0 0 15 15 4.382026634673881
0 0 21 21 4.382026634673881
0 0 23 23 4.382026634673881
0 0 33 33 4.382026634673881
0 0 63 63 4.382026634673881
0 0 70 70 4.382026634673881
0 0 74 74 4.382026634673881
0 0 24 24 4.382026634673881
0 0 56 56 4.382026634673881
0 0 73 73 4.382026634673881
0 -0.0

labels_S03_selected_tokens_84_9697_85_7137
0 0 16 16 -0.0
0 0 15 15 4.382026634673881
0 0 21 21 4.382026634673881
0 0 23 23 4.382026634673881
0 0 33 33 4.382026634673881
0 0 63 63 4.382026634673881
0 0 70 70 4.382026634673881
0 0 74 74 4.382026634673881
0 0 24 24 4.382026634673881
0 0 56 56 4.382026634673881
0 0 73 73 4.382026634673881
0 -0.0

labels_S03_selected_tokens_85_7137_86_5617
0 0 67 67 -0.0
0 0 15 15 4.382026634673881
0 0 21 21 4.382026634673881
0 0 23 23 4.382026634673881
0 0 33 33 4.382026634673881
0 0 63 63 4.382026634673881
0 0 70 70 4.382026634673881
0 0 74 74 4.382026634673881
0 0 24 24 4.382026634673881
0 0 56 56 4.382026634673881
0 0 73 73 4.382026634673881
0 -0.0

labels_S03_selected_tokens_86_5617_87_5136
0 0 67 67 -0.0
0 0 15 15 4.382026634673881
0 0 21 21 4.382026634673881
0 0 23 23 4.382026634673881
0 0 33 33 4.382026634673881
0 0 63 63 4.382026634673881
0 0 70 70 4.382026634673881
0 0 74 74 4.382026634673881
0 0 24 24 4.382026634673881
0 0 56 56 4.382026634673881
0 0 73 73 4.382026634673881
0 -0.0

labels_S03_selected_tokens_87_5136_88_3617
0 0 71 71 -0.0
0 0 15 15 4.382026634673881
0 0 21 21 4.382026634673881
0 0 23 23 4.382026634673881
0 0 33 33 4.382026634673881
0 0 63 63 4.382026634673881
0 0 70 70 4.382026634673881
0 0 74 74 4.382026634673881
0 0 24 24 4.382026634673881
0 0 56 56 4.382026634673881
0 0 73 73 4.382026634673881
0 -0.0

labels_S03_selected_tokens_88_3617_89_2497
0 0 71 71 -0.0
0 0 15 15 4.382026634673881
0 0 21 21 4.382026634673881
0 0 23 23 4.382026634673881
0 0 33 33 4.382026634673881
0 0 63 63 4.382026634673881
0 0 70 70 4.382026634673881
0 0 74 74 4.382026634673881
0 0 24 24 4.382026634673881
0 0 56 56 4.382026634673881
0 0 73 73 4.382026634673881
0 -0.0

labels_S03_selected_tokens_89_2497_90_1057
0 0 35 35 -0.0
0 0 15 15 4.382026634673881
0 0 21 21 4.382026634673881
0 0 23 23 4.382026634673881
0 0 33 33 4.382026634673881
0 0 63 63 4.382026634673881
0 0 70 70 4.382026634673881
0 0 74 74 4.382026634673881
0 0 24 24 4.382026634673881
0 0 56 56 4.382026634673881
0 0 73 73 4.382026634673881
0 -0.0

labels_S03_selected_tokens_8_0617_8_9338
0 0 70 70 4.382026634673881
0 0 15 15 4.382026634673881
0 0 21 21 4.382026634673881
0 0 23 23 4.382026634673881
0 0 33 33 4.382026634673881
0 0 63 63 4.382026634673881
0 0 74 74 4.382026634673881
0 0 24 24 4.382026634673881
0 0 56 56 4.382026634673881
0 0 73 73 4.382026634673881
0 -0.0

labels_S03_selected_tokens_8_9338_9_6297
0 0 74 74 4.382026634673881
0 0 15 15 4.382026634673881
0 0 21 21 4.382026634673881
0 0 23 23 4.382026634673881
0 0 33 33 4.382026634673881
0 0 63 63 4.382026634673881
0 0 70 70 4.382026634673881
0 0 24 24 4.382026634673881
0 0 56 56 4.382026634673881
0 0 73 73 4.382026634673881
0 -0.0

labels_S03_selected_tokens_90_1057_90_9617
0 0 35 35 -0.0
0 0 15 15 4.382026634673881
0 0 21 21 4.382026634673881
0 0 23 23 4.382026634673881
0 0 33 33 4.382026634673881
0 0 63 63 4.382026634673881
0 0 70 70 4.382026634673881
0 0 74 74 4.382026634673881
0 0 24 24 4.382026634673881
0 0 56 56 4.382026634673881
0 0 73 73 4.382026634673881
0 -0.0

labels_S03_selected_tokens_90_9617_91_9857
0 0 48 48 -0.0
0 0 15 15 4.382026634673881
0 0 21 21 4.382026634673881
0 0 23 23 4.382026634673881
0 0 33 33 4.382026634673881
0 0 63 63 4.382026634673881
0 0 70 70 4.382026634673881
0 0 74 74 4.382026634673881
0 0 24 24 4.382026634673881
0 0 56 56 4.382026634673881
0 0 73 73 4.382026634673881
0 -0.0

labels_S03_selected_tokens_91_9857_93_0257
0 0 48 48 -0.0
0 0 15 15 4.382026634673881
0 0 21 21 4.382026634673881
0 0 23 23 4.382026634673881
0 0 33 33 4.382026634673881
0 0 63 63 4.382026634673881
0 0 70 70 4.382026634673881
0 0 74 74 4.382026634673881
0 0 24 24 4.382026634673881
0 0 56 56 4.382026634673881
0 0 73 73 4.382026634673881
0 -0.0

labels_S03_selected_tokens_93_0257_93_8737
0 0 3 3 -0.0
0 0 15 15 4.382026634673881
0 0 21 21 4.382026634673881
0 0 23 23 4.382026634673881
0 0 33 33 4.382026634673881
0 0 63 63 4.382026634673881
0 0 70 70 4.382026634673881
0 0 74 74 4.382026634673881
0 0 24 24 4.382026634673881
0 0 56 56 4.382026634673881
0 0 73 73 4.382026634673881
0 -0.0

labels_S03_selected_tokens_93_8737_94_7379
0 0 3 3 -0.0
0 0 15 15 4.382026634673881
0 0 21 21 4.382026634673881
0 0 23 23 4.382026634673881
0 0 33 33 4.382026634673881
0 0 63 63 4.382026634673881
0 0 70 70 4.382026634673881
0 0 74 74 4.382026634673881
0 0 24 24 4.382026634673881
0 0 56 56 4.382026634673881
0 0 73 73 4.382026634673881
0 -0.0

labels_S03_selected_tokens_94_7379_95_5859
0 0 54 54 -0.0
0 0 15 15 4.382026634673881
0 0 21 21 4.382026634673881
0 0 23 23 4.382026634673881
0 0 33 33 4.382026634673881
0 0 63 63 4.382026634673881
0 0 70 70 4.382026634673881
0 0 74 74 4.382026634673881
0 0 24 24 4.382026634673881
0 0 56 56 4.382026634673881
0 0 73 73 4.382026634673881
0 -0.0

labels_S03_selected_tokens_95_5859_96_4019
0 0 54 54 -0.0
0 0 15 15 4.382026634673881
0 0 21 21 4.382026634673881
0 0 23 23 4.382026634673881
0 0 33 33 4.382026634673881
0 0 63 63 4.382026634673881
0 0 70 70 4.382026634673881
0 0 74 74 4.382026634673881
0 0 24 24 4.382026634673881
0 0 56 56 4.382026634673881
0 0 73 73 4.382026634673881
0 -0.0

labels_S03_selected_tokens_96_4019_97_1938
0 0 5 5 -0.0
0 0 15 15 4.382026634673881
0 0 21 21 4.382026634673881
0 0 23 23 4.382026634673881
0 0 33 33 4.382026634673881
0 0 63 63 4.382026634673881
0 0 70 70 4.382026634673881
0 0 74 74 4.382026634673881
0 0 24 24 4.382026634673881
0 0 56 56 4.382026634673881
0 0 73 73 4.382026634673881
0 -0.0

labels_S03_selected_tokens_97_1938_98_0099
0 0 5 5 -0.0
0 0 15 15 4.382026634673881
0 0 21 21 4.382026634673881
0 0 23 23 4.382026634673881
0 0 33 33 4.382026634673881
0 0 63 63 4.382026634673881
0 0 70 70 4.382026634673881
0 0 74 74 4.382026634673881
0 0 24 24 4.382026634673881
0 0 56 56 4.382026634673881
0 0 73 73 4.382026634673881
0 -0.0

labels_S03_selected_tokens_98_0099_98_8499
0 0 34 34 -0.0
0 0 15 15 4.382026634673881
0 0 21 21 4.382026634673881
0 0 23 23 4.382026634673881
0 0 33 33 4.382026634673881
0 0 63 63 4.382026634673881
0 0 70 70 4.382026634673881
0 0 74 74 4.382026634673881
0 0 24 24 4.382026634673881
0 0 56 56 4.382026634673881
0 0 73 73 4.382026634673881
0 -0.0

labels_S03_selected_tokens_98_8499_99_594
0 0 34 34 -0.0
0 0 15 15 4.382026634673881
0 0 21 21 4.382026634673881
0 0 23 23 4.382026634673881
0 0 33 33 4.382026634673881
0 0 63 63 4.382026634673881
0 0 70 70 4.382026634673881
0 0 74 74 4.382026634673881
0 0 24 24 4.382026634673881
0 0 56 56 4.382026634673881
0 0 73 73 4.382026634673881
0 -0.0

labels_S03_selected_tokens_99_594_100_402
0 0 43 43 -0.0
0 0 15 15 4.382026634673881
0 0 21 21 4.382026634673881
0 0 23 23 4.382026634673881
0 0 33 33 4.382026634673881
0 0 63 63 4.382026634673881
0 0 70 70 4.382026634673881
0 0 74 74 4.382026634673881
0 0 24 24 4.382026634673881
0 0 56 56 4.382026634673881
0 0 73 73 4.382026634673881
0 -0.0

labels_S03_selected_tokens_9_6297_10_2858
0 0 74 74 4.382026634673881
0 0 15 15 4.382026634673881
0 0 21 21 4.382026634673881
0 0 23 23 4.382026634673881
0 0 33 33 4.382026634673881
0 0 63 63 4.382026634673881
0 0 70 70 4.382026634673881
0 0 24 24 4.382026634673881
0 0 56 56 4.382026634673881
0 0 73 73 4.382026634673881
0 -0.0

