labels_S18_selected_tokens_0_0_0_5996
0 0 15 15 4.382026634673881
0 0 21 21 4.382026634673881
0 0 23 23 4.382026634673881
0 0 33 33 4.382026634673881
0 0 63 63 4.382026634673881
0 0 70 70 4.382026634673881
0 0 74 74 4.382026634673881
0 0 24 24 4.382026634673881
0 0 56 56 4.382026634673881
0 0 73 73 4.382026634673881
0 -0.0

labels_S18_selected_tokens_0_5996_1_1998
0 0 15 15 4.382026634673881
0 0 21 21 4.382026634673881
0 0 23 23 4.382026634673881
0 0 33 33 4.382026634673881
0 0 63 63 4.382026634673881
0 0 70 70 4.382026634673881
0 0 74 74 4.382026634673881
0 0 24 24 4.382026634673881
0 0 56 56 4.382026634673881
0 0 73 73 4.382026634673881
0 -0.0

labels_S18_selected_tokens_100_6641_101_4482
0 0 5 5 -0.0
0 0 15 15 4.382026634673881
0 0 21 21 4.382026634673881
0 0 23 23 4.382026634673881
0 0 33 33 4.382026634673881
0 0 63 63 4.382026634673881
0 0 70 70 4.382026634673881
0 0 74 74 4.382026634673881
0 0 24 24 4.382026634673881
0 0 56 56 4.382026634673881
0 0 73 73 4.382026634673881
0 -0.0

labels_S18_selected_tokens_101_4482_102_2001
0 0 34 34 -0.0
0 0 15 15 4.382026634673881
0 0 21 21 4.382026634673881
0 0 23 23 4.382026634673881
0 0 33 33 4.382026634673881
0 0 63 63 4.382026634673881
0 0 70 70 4.382026634673881
0 0 74 74 4.382026634673881
0 0 24 24 4.382026634673881
0 0 56 56 4.382026634673881
0 0 73 73 4.382026634673881
0 -0.0

labels_S18_selected_tokens_102_2001_102_936
0 0 34 34 -0.0
0 0 15 15 4.382026634673881
0 0 21 21 4.382026634673881
0 0 23 23 4.382026634673881
0 0 33 33 4.382026634673881
0 0 63 63 4.382026634673881
0 0 70 70 4.382026634673881
0 0 74 74 4.382026634673881
0 0 24 24 4.382026634673881
0 0 56 56 4.382026634673881
0 0 73 73 4.382026634673881
0 -0.0

labels_S18_selected_tokens_102_936_103_6367
0 0 43 43 -0.0
0 0 15 15 4.382026634673881
0 0 21 21 4.382026634673881
0 0 23 23 4.382026634673881
0 0 33 33 4.382026634673881
0 0 63 63 4.382026634673881
0 0 70 70 4.382026634673881
0 0 74 74 4.382026634673881
0 0 24 24 4.382026634673881
0 0 56 56 4.382026634673881
0 0 73 73 4.382026634673881
0 -0.0

labels_S18_selected_tokens_103_6367_104_3105
0 0 43 43 -0.0
0 0 15 15 4.382026634673881
0 0 21 21 4.382026634673881
0 0 23 23 4.382026634673881
0 0 33 33 4.382026634673881
0 0 63 63 4.382026634673881
0 0 70 70 4.382026634673881
0 0 74 74 4.382026634673881
0 0 24 24 4.382026634673881
0 0 56 56 4.382026634673881
0 0 73 73 4.382026634673881
0 -0.0

labels_S18_selected_tokens_104_3105_105_2264
0 0 53 53 -0.0
0 0 15 15 4.382026634673881
0 0 21 21 4.382026634673881
0 0 23 23 4.382026634673881
0 0 33 33 4.382026634673881
0 0 63 63 4.382026634673881
0 0 70 70 4.382026634673881
0 0 74 74 4.382026634673881
0 0 24 24 4.382026634673881
0 0 56 56 4.382026634673881
0 0 73 73 4.382026634673881
0 -0.0

labels_S18_selected_tokens_105_2264_106_1997
0 0 53 53 -0.0
0 0 15 15 4.382026634673881
0 0 21 21 4.382026634673881
0 0 23 23 4.382026634673881
0 0 33 33 4.382026634673881
0 0 63 63 4.382026634673881
0 0 70 70 4.382026634673881
0 0 74 74 4.382026634673881
0 0 24 24 4.382026634673881
0 0 56 56 4.382026634673881
0 0 73 73 4.382026634673881
0 -0.0

labels_S18_selected_tokens_106_1997_107_0158
0 0 57 57 -0.0
0 0 15 15 4.382026634673881
0 0 21 21 4.382026634673881
0 0 23 23 4.382026634673881
0 0 33 33 4.382026634673881
0 0 63 63 4.382026634673881
0 0 70 70 4.382026634673881
0 0 74 74 4.382026634673881
0 0 24 24 4.382026634673881
0 0 56 56 4.382026634673881
0 0 73 73 4.382026634673881
0 -0.0

labels_S18_selected_tokens_107_0158_107_8101
0 0 57 57 -0.0
0 0 15 15 4.382026634673881
0 0 21 21 4.382026634673881
0 0 23 23 4.382026634673881
0 0 33 33 4.382026634673881
0 0 63 63 4.382026634673881
0 0 70 70 4.382026634673881
0 0 74 74 4.382026634673881
0 0 24 24 4.382026634673881
0 0 56 56 4.382026634673881
0 0 73 73 4.382026634673881
0 -0.0

labels_S18_selected_tokens_107_8101_108_6373
0 0 68 68 -0.0
0 0 15 15 4.382026634673881
0 0 21 21 4.382026634673881
0 0 23 23 4.382026634673881
0 0 33 33 4.382026634673881
0 0 63 63 4.382026634673881
0 0 70 70 4.382026634673881
0 0 74 74 4.382026634673881
0 0 24 24 4.382026634673881
0 0 56 56 4.382026634673881
0 0 73 73 4.382026634673881
0 -0.0

labels_S18_selected_tokens_108_6373_109_3919
0 0 68 68 -0.0
0 0 15 15 4.382026634673881
0 0 21 21 4.382026634673881
0 0 23 23 4.382026634673881
0 0 33 33 4.382026634673881
0 0 63 63 4.382026634673881
0 0 70 70 4.382026634673881
0 0 74 74 4.382026634673881
0 0 24 24 4.382026634673881
0 0 56 56 4.382026634673881
0 0 73 73 4.382026634673881
0 -0.0

labels_S18_selected_tokens_109_3919_110_1641
0 0 4 4 -0.0
0 0 15 15 4.382026634673881
0 0 21 21 4.382026634673881
0 0 23 23 4.382026634673881
0 0 33 33 4.382026634673881
0 0 63 63 4.382026634673881
0 0 70 70 4.382026634673881
0 0 74 74 4.382026634673881
0 0 24 24 4.382026634673881
0 0 56 56 4.382026634673881
0 0 73 73 4.382026634673881
0 -0.0

labels_S18_selected_tokens_10_3515_11_0872
0 0 74 74 4.382026634673881
0 0 15 15 4.382026634673881
0 0 21 21 4.382026634673881
0 0 23 23 4.382026634673881
0 0 33 33 4.382026634673881
0 0 63 63 4.382026634673881
0 0 70 70 4.382026634673881
0 0 24 24 4.382026634673881
0 0 56 56 4.382026634673881
0 0 73 73 4.382026634673881
0 -0.0

labels_S18_selected_tokens_110_1641_110_8205
0 0 4 4 -0.0
0 0 15 15 4.382026634673881
0 0 21 21 4.382026634673881
0 0 23 23 4.382026634673881
0 0 33 33 4.382026634673881
0 0 63 63 4.382026634673881
0 0 70 70 4.382026634673881
0 0 74 74 4.382026634673881
0 0 24 24 4.382026634673881
0 0 56 56 4.382026634673881
0 0 73 73 4.382026634673881
0 -0.0

labels_S18_selected_tokens_110_8205_111_753
0 0 22 22 -0.0
0 0 15 15 4.382026634673881
0 0 21 21 4.382026634673881
0 0 23 23 4.382026634673881
0 0 33 33 4.382026634673881
0 0 63 63 4.382026634673881
0 0 70 70 4.382026634673881
0 0 74 74 4.382026634673881
0 0 24 24 4.382026634673881
0 0 56 56 4.382026634673881
0 0 73 73 4.382026634673881
0 -0.0

labels_S18_selected_tokens_111_753_112_66
0 0 22 22 -0.0
0 0 15 15 4.382026634673881
0 0 21 21 4.382026634673881
0 0 23 23 4.382026634673881
0 0 33 33 4.382026634673881
0 0 63 63 4.382026634673881
0 0 70 70 4.382026634673881
0 0 74 74 4.382026634673881
0 0 24 24 4.382026634673881
0 0 56 56 4.382026634673881
0 0 73 73 4.382026634673881
0 -0.0

labels_S18_selected_tokens_112_66_113_652
0 0 69 69 -0.0
0 0 15 15 4.382026634673881
0 0 21 21 4.382026634673881
0 0 23 23 4.382026634673881
0 0 33 33 4.382026634673881
0 0 63 63 4.382026634673881
0 0 70 70 4.382026634673881
0 0 74 74 4.382026634673881
0 0 24 24 4.382026634673881
0 0 56 56 4.382026634673881
0 0 73 73 4.382026634673881
0 -0.0

labels_S18_selected_tokens_113_652_114_6549
0 0 69 69 -0.0
0 0 15 15 4.382026634673881
0 0 21 21 4.382026634673881
0 0 23 23 4.382026634673881
0 0 33 33 4.382026634673881
0 0 63 63 4.382026634673881
0 0 70 70 4.382026634673881
0 0 74 74 4.382026634673881
0 0 24 24 4.382026634673881
0 0 56 56 4.382026634673881
0 0 73 73 4.382026634673881
0 -0.0

labels_S18_selected_tokens_114_6549_115_4843
0 0 10 10 -0.0
0 0 15 15 4.382026634673881
0 0 21 21 4.382026634673881
0 0 23 23 4.382026634673881
0 0 33 33 4.382026634673881
0 0 63 63 4.382026634673881
0 0 70 70 4.382026634673881
0 0 74 74 4.382026634673881
0 0 24 24 4.382026634673881
0 0 56 56 4.382026634673881
0 0 73 73 4.382026634673881
0 -0.0

labels_S18_selected_tokens_115_4843_116_2854
0 0 10 10 -0.0
0 0 15 15 4.382026634673881
0 0 21 21 4.382026634673881
0 0 23 23 4.382026634673881
0 0 33 33 4.382026634673881
0 0 63 63 4.382026634673881
0 0 70 70 4.382026634673881
0 0 74 74 4.382026634673881
0 0 24 24 4.382026634673881
0 0 56 56 4.382026634673881
0 0 73 73 4.382026634673881
0 -0.0

labels_S18_selected_tokens_116_2854_117_2378
0 0 11 11 -0.0
0 0 15 15 4.382026634673881
0 0 21 21 4.382026634673881
0 0 23 23 4.382026634673881
0 0 33 33 4.382026634673881
0 0 63 63 4.382026634673881
0 0 70 70 4.382026634673881
0 0 74 74 4.382026634673881
0 0 24 24 4.382026634673881
0 0 56 56 4.382026634673881
0 0 73 73 4.382026634673881
0 -0.0

labels_S18_selected_tokens_117_2378_118_0795
0 0 11 11 -0.0
0 0 15 15 4.382026634673881
0 0 21 21 4.382026634673881
0 0 23 23 4.382026634673881
0 0 33 33 4.382026634673881
0 0 63 63 4.382026634673881
0 0 70 70 4.382026634673881
0 0 74 74 4.382026634673881
0 0 24 24 4.382026634673881
0 0 56 56 4.382026634673881
0 0 73 73 4.382026634673881
0 -0.0

labels_S18_selected_tokens_118_0795_119_0236
0 0 17 17 -0.0
0 0 15 15 4.382026634673881
0 0 21 21 4.382026634673881
0 0 23 23 4.382026634673881
0 0 33 33 4.382026634673881
0 0 63 63 4.382026634673881
0 0 70 70 4.382026634673881
0 0 74 74 4.382026634673881
0 0 24 24 4.382026634673881
0 0 56 56 4.382026634673881
0 0 73 73 4.382026634673881
0 -0.0

labels_S18_selected_tokens_119_0236_119_7832
0 0 17 17 -0.0
0 0 15 15 4.382026634673881
0 0 21 21 4.382026634673881
0 0 23 23 4.382026634673881
0 0 33 33 4.382026634673881
0 0 63 63 4.382026634673881
0 0 70 70 4.382026634673881
0 0 74 74 4.382026634673881
0 0 24 24 4.382026634673881
0 0 56 56 4.382026634673881
0 0 73 73 4.382026634673881
0 -0.0

labels_S18_selected_tokens_119_7832_120_6952
0 0 30 30 -0.0
0 0 15 15 4.382026634673881
0 0 21 21 4.382026634673881
0 0 23 23 4.382026634673881
0 0 33 33 4.382026634673881
0 0 63 63 4.382026634673881
0 0 70 70 4.382026634673881
0 0 74 74 4.382026634673881
0 0 24 24 4.382026634673881
0 0 56 56 4.382026634673881
0 0 73 73 4.382026634673881
0 -0.0

labels_S18_selected_tokens_11_0872_11_8794
0 0 24 24 4.382026634673881
0 0 15 15 4.382026634673881
0 0 21 21 4.382026634673881
0 0 23 23 4.382026634673881
0 0 33 33 4.382026634673881
0 0 63 63 4.382026634673881
0 0 70 70 4.382026634673881
0 0 74 74 4.382026634673881
0 0 56 56 4.382026634673881
0 0 73 73 4.382026634673881
0 -0.0

labels_S18_selected_tokens_11_8794_12_7683
0 0 24 24 4.382026634673881
0 0 15 15 4.382026634673881
0 0 21 21 4.382026634673881
0 0 23 23 4.382026634673881
0 0 33 33 4.382026634673881
0 0 63 63 4.382026634673881
0 0 70 70 4.382026634673881
0 0 74 74 4.382026634673881
0 0 56 56 4.382026634673881
0 0 73 73 4.382026634673881
0 -0.0

labels_S18_selected_tokens_120_6952_121_4548
0 0 30 30 -0.0
0 0 15 15 4.382026634673881
0 0 21 21 4.382026634673881
0 0 23 23 4.382026634673881
0 0 33 33 4.382026634673881
0 0 63 63 4.382026634673881
0 0 70 70 4.382026634673881
0 0 74 74 4.382026634673881
0 0 24 24 4.382026634673881
0 0 56 56 4.382026634673881
0 0 73 73 4.382026634673881
0 -0.0

labels_S18_selected_tokens_121_4548_122_3345
0 0 49 49 -0.0
0 0 15 15 4.382026634673881
0 0 21 21 4.382026634673881
0 0 23 23 4.382026634673881
0 0 33 33 4.382026634673881
0 0 63 63 4.382026634673881
0 0 70 70 4.382026634673881
0 0 74 74 4.382026634673881
0 0 24 24 4.382026634673881
0 0 56 56 4.382026634673881
0 0 73 73 4.382026634673881
0 -0.0

labels_S18_selected_tokens_122_3345_123_1077
0 0 49 49 -0.0
0 0 15 15 4.382026634673881
0 0 21 21 4.382026634673881
0 0 23 23 4.382026634673881
0 0 33 33 4.382026634673881
0 0 63 63 4.382026634673881
0 0 70 70 4.382026634673881
0 0 74 74 4.382026634673881
0 0 24 24 4.382026634673881
0 0 56 56 4.382026634673881
0 0 73 73 4.382026634673881
0 -0.0

labels_S18_selected_tokens_123_1077_124_1007
0 0 60 60 -0.0
0 0 15 15 4.382026634673881
0 0 21 21 4.382026634673881
0 0 23 23 4.382026634673881
0 0 33 33 4.382026634673881
0 0 63 63 4.382026634673881
0 0 70 70 4.382026634673881
0 0 74 74 4.382026634673881
0 0 24 24 4.382026634673881
0 0 56 56 4.382026634673881
0 0 73 73 4.382026634673881
0 -0.0

labels_S18_selected_tokens_124_1007_125_0792
0 0 60 60 -0.0
0 0 15 15 4.382026634673881
0 0 21 21 4.382026634673881
0 0 23 23 4.382026634673881
0 0 33 33 4.382026634673881
0 0 63 63 4.382026634673881
0 0 70 70 4.382026634673881
0 0 74 74 4.382026634673881
0 0 24 24 4.382026634673881
0 0 56 56 4.382026634673881
0 0 73 73 4.382026634673881
0 -0.0

labels_S18_selected_tokens_125_0792_126_0713
0 0 72 72 -0.0
0 0 15 15 4.382026634673881
0 0 21 21 4.382026634673881
0 0 23 23 4.382026634673881
0 0 33 33 4.382026634673881
0 0 63 63 4.382026634673881
0 0 70 70 4.382026634673881
0 0 74 74 4.382026634673881
0 0 24 24 4.382026634673881
0 0 56 56 4.382026634673881
0 0 73 73 4.382026634673881
0 -0.0

labels_S18_selected_tokens_126_0713_126_8786
0 0 72 72 -0.0
0 0 15 15 4.382026634673881
0 0 21 21 4.382026634673881
0 0 23 23 4.382026634673881
0 0 33 33 4.382026634673881
0 0 63 63 4.382026634673881
0 0 70 70 4.382026634673881
0 0 74 74 4.382026634673881
0 0 24 24 4.382026634673881
0 0 56 56 4.382026634673881
0 0 73 73 4.382026634673881
0 -0.0

labels_S18_selected_tokens_126_8786_127_9272
0 0 75 75 -0.0
0 0 15 15 4.382026634673881
0 0 21 21 4.382026634673881
0 0 23 23 4.382026634673881
0 0 33 33 4.382026634673881
0 0 63 63 4.382026634673881
0 0 70 70 4.382026634673881
0 0 74 74 4.382026634673881
0 0 24 24 4.382026634673881
0 0 56 56 4.382026634673881
0 0 73 73 4.382026634673881
0 -0.0

labels_S18_selected_tokens_127_9272_128_8551
0 0 75 75 -0.0
0 0 15 15 4.382026634673881
0 0 21 21 4.382026634673881
0 0 23 23 4.382026634673881
0 0 33 33 4.382026634673881
0 0 63 63 4.382026634673881
0 0 70 70 4.382026634673881
0 0 74 74 4.382026634673881
0 0 24 24 4.382026634673881
0 0 56 56 4.382026634673881
0 0 73 73 4.382026634673881
0 -0.0

labels_S18_selected_tokens_128_8551_129_9709
0 0 50 50 -0.0
0 0 15 15 4.382026634673881
0 0 21 21 4.382026634673881
0 0 23 23 4.382026634673881
0 0 33 33 4.382026634673881
0 0 63 63 4.382026634673881
0 0 70 70 4.382026634673881
0 0 74 74 4.382026634673881
0 0 24 24 4.382026634673881
0 0 56 56 4.382026634673881
0 0 73 73 4.382026634673881
0 -0.0

labels_S18_selected_tokens_129_9709_131_0833
0 0 50 50 -0.0
0 0 15 15 4.382026634673881
0 0 21 21 4.382026634673881
0 0 23 23 4.382026634673881
0 0 33 33 4.382026634673881
0 0 63 63 4.382026634673881
0 0 70 70 4.382026634673881
0 0 74 74 4.382026634673881
0 0 24 24 4.382026634673881
0 0 56 56 4.382026634673881
0 0 73 73 4.382026634673881
0 -0.0

labels_S18_selected_tokens_12_7683_13_7388
0 0 56 56 4.382026634673881
0 0 15 15 4.382026634673881
0 0 21 21 4.382026634673881
0 0 23 23 4.382026634673881
0 0 33 33 4.382026634673881
0 0 63 63 4.382026634673881
0 0 70 70 4.382026634673881
0 0 74 74 4.382026634673881
0 0 24 24 4.382026634673881
0 0 73 73 4.382026634673881
0 -0.0

labels_S18_selected_tokens_131_0833_132_0958
0 0 80 80 -0.0
0 0 15 15 4.382026634673881
0 0 21 21 4.382026634673881
0 0 23 23 4.382026634673881
0 0 33 33 4.382026634673881
0 0 63 63 4.382026634673881
0 0 70 70 4.382026634673881
0 0 74 74 4.382026634673881
0 0 24 24 4.382026634673881
0 0 56 56 4.382026634673881
0 0 73 73 4.382026634673881
0 -0.0

labels_S18_selected_tokens_132_0958_133_2405
0 0 80 80 -0.0
0 0 15 15 4.382026634673881
0 0 21 21 4.382026634673881
0 0 23 23 4.382026634673881
0 0 33 33 4.382026634673881
0 0 63 63 4.382026634673881
0 0 70 70 4.382026634673881
0 0 74 74 4.382026634673881
0 0 24 24 4.382026634673881
0 0 56 56 4.382026634673881
0 0 73 73 4.382026634673881
0 -0.0

labels_S18_selected_tokens_133_2405_134_4251
0 0 82 82 -0.0
0 0 15 15 4.382026634673881
0 0 21 21 4.382026634673881
0 0 23 23 4.382026634673881
0 0 33 33 4.382026634673881
0 0 63 63 4.382026634673881
0 0 70 70 4.382026634673881
0 0 74 74 4.382026634673881
0 0 24 24 4.382026634673881
0 0 56 56 4.382026634673881
0 0 73 73 4.382026634673881
0 -0.0

labels_S18_selected_tokens_134_4251_135_4353
0 0 82 82 -0.0
0 0 15 15 4.382026634673881
0 0 21 21 4.382026634673881
0 0 23 23 4.382026634673881
0 0 33 33 4.382026634673881
0 0 63 63 4.382026634673881
0 0 70 70 4.382026634673881
0 0 74 74 4.382026634673881
0 0 24 24 4.382026634673881
0 0 56 56 4.382026634673881
0 0 73 73 4.382026634673881
0 -0.0

labels_S18_selected_tokens_13_7388_14_6683
0 0 56 56 4.382026634673881
0 0 15 15 4.382026634673881
0 0 21 21 4.382026634673881
0 0 23 23 4.382026634673881
0 0 33 33 4.382026634673881
0 0 63 63 4.382026634673881
0 0 70 70 4.382026634673881
0 0 74 74 4.382026634673881
0 0 24 24 4.382026634673881
0 0 73 73 4.382026634673881
0 -0.0

labels_S18_selected_tokens_14_6683_15_5387
0 0 73 73 4.382026634673881
0 0 15 15 4.382026634673881
0 0 21 21 4.382026634673881
0 0 23 23 4.382026634673881
0 0 33 33 4.382026634673881
0 0 63 63 4.382026634673881
0 0 70 70 4.382026634673881
0 0 74 74 4.382026634673881
0 0 24 24 4.382026634673881
0 0 56 56 4.382026634673881
0 -0.0

labels_S18_selected_tokens_15_5387_16_5375
0 0 73 73 4.382026634673881
0 0 15 15 4.382026634673881
0 0 21 21 4.382026634673881
0 0 23 23 4.382026634673881
0 0 33 33 4.382026634673881
0 0 63 63 4.382026634673881
0 0 70 70 4.382026634673881
0 0 74 74 4.382026634673881
0 0 24 24 4.382026634673881
0 0 56 56 4.382026634673881
0 -0.0

labels_S18_selected_tokens_16_5375_17_5326
0 0 20 20 -0.0
0 0 15 15 4.382026634673881
0 0 21 21 4.382026634673881
0 0 23 23 4.382026634673881
0 0 33 33 4.382026634673881
0 0 63 63 4.382026634673881
0 0 70 70 4.382026634673881
0 0 74 74 4.382026634673881
0 0 24 24 4.382026634673881
0 0 56 56 4.382026634673881
0 0 73 73 4.382026634673881
0 -0.0

labels_S18_selected_tokens_17_5326_18_5216
0 0 20 20 -0.0
0 0 15 15 4.382026634673881
0 0 21 21 4.382026634673881
0 0 23 23 4.382026634673881
0 0 33 33 4.382026634673881
0 0 63 63 4.382026634673881
0 0 70 70 4.382026634673881
0 0 74 74 4.382026634673881
0 0 24 24 4.382026634673881
0 0 56 56 4.382026634673881
0 0 73 73 4.382026634673881
0 -0.0

labels_S18_selected_tokens_18_5216_19_3222
0 0 8 8 -0.0
0 0 15 15 4.382026634673881
0 0 21 21 4.382026634673881
0 0 23 23 4.382026634673881
0 0 33 33 4.382026634673881
0 0 63 63 4.382026634673881
0 0 70 70 4.382026634673881
0 0 74 74 4.382026634673881
0 0 24 24 4.382026634673881
0 0 56 56 4.382026634673881
0 0 73 73 4.382026634673881
0 -0.0

labels_S18_selected_tokens_19_3222_20_106
0 0 8 8 -0.0
0 0 15 15 4.382026634673881
0 0 21 21 4.382026634673881
0 0 23 23 4.382026634673881
0 0 33 33 4.382026634673881
0 0 63 63 4.382026634673881
0 0 70 70 4.382026634673881
0 0 74 74 4.382026634673881
0 0 24 24 4.382026634673881
0 0 56 56 4.382026634673881
0 0 73 73 4.382026634673881
0 -0.0

labels_S18_selected_tokens_1_1998_2_0236
0 0 21 21 4.382026634673881
0 0 15 15 4.382026634673881
0 0 23 23 4.382026634673881
0 0 33 33 4.382026634673881
0 0 63 63 4.382026634673881
0 0 70 70 4.382026634673881
0 0 74 74 4.382026634673881
0 0 24 24 4.382026634673881
0 0 56 56 4.382026634673881
0 0 73 73 4.382026634673881
0 -0.0

labels_S18_selected_tokens_20_106_20_8834
0 0 26 26 -0.0
0 0 15 15 4.382026634673881
0 0 21 21 4.382026634673881
0 0 23 23 4.382026634673881
0 0 33 33 4.382026634673881
0 0 63 63 4.382026634673881
0 0 70 70 4.382026634673881
0 0 74 74 4.382026634673881
0 0 24 24 4.382026634673881
0 0 56 56 4.382026634673881
0 0 73 73 4.382026634673881
0 -0.0

labels_S18_selected_tokens_20_8834_21_6821
0 0 26 26 -0.0
0 0 15 15 4.382026634673881
0 0 21 21 4.382026634673881
0 0 23 23 4.382026634673881
0 0 33 33 4.382026634673881
0 0 63 63 4.382026634673881
0 0 70 70 4.382026634673881
0 0 74 74 4.382026634673881
0 0 24 24 4.382026634673881
0 0 56 56 4.382026634673881
0 0 73 73 4.382026634673881
0 -0.0

labels_S18_selected_tokens_21_6821_22_5343
0 0 36 36 -0.0
0 0 15 15 4.382026634673881
0 0 21 21 4.382026634673881
0 0 23 23 4.382026634673881
0 0 33 33 4.382026634673881
0 0 63 63 4.382026634673881
0 0 70 70 4.382026634673881
0 0 74 74 4.382026634673881
0 0 24 24 4.382026634673881
0 0 56 56 4.382026634673881
0 0 73 73 4.382026634673881
0 -0.0

labels_S18_selected_tokens_22_5343_23_4127
0 0 36 36 -0.0
0 0 15 15 4.382026634673881
0 0 21 21 4.382026634673881
0 0 23 23 4.382026634673881
0 0 33 33 4.382026634673881
0 0 63 63 4.382026634673881
0 0 70 70 4.382026634673881
0 0 74 74 4.382026634673881
0 0 24 24 4.382026634673881
0 0 56 56 4.382026634673881
0 0 73 73 4.382026634673881
0 -0.0

labels_S18_selected_tokens_23_4127_24_1218
0 0 44 44 -0.0
0 0 15 15 4.382026634673881
0 0 21 21 4.382026634673881
0 0 23 23 4.382026634673881
0 0 33 33 4.382026634673881
0 0 63 63 4.382026634673881
0 0 70 70 4.382026634673881
0 0 74 74 4.382026634673881
0 0 24 24 4.382026634673881
0 0 56 56 4.382026634673881
0 0 73 73 4.382026634673881
0 -0.0

labels_S18_selected_tokens_24_1218_24_7696
0 0 44 44 -0.0
0 0 15 15 4.382026634673881
0 0 21 21 4.382026634673881
0 0 23 23 4.382026634673881
0 0 33 33 4.382026634673881
0 0 63 63 4.382026634673881
0 0 70 70 4.382026634673881
0 0 74 74 4.382026634673881
0 0 24 24 4.382026634673881
0 0 56 56 4.382026634673881
0 0 73 73 4.382026634673881
0 -0.0

labels_S18_selected_tokens_24_7696_25_6639
0 0 78 78 -0.0
0 0 15 15 4.382026634673881
0 0 21 21 4.382026634673881
0 0 23 23 4.382026634673881
0 0 33 33 4.382026634673881
0 0 63 63 4.382026634673881
0 0 70 70 4.382026634673881
0 0 74 74 4.382026634673881
0 0 24 24 4.382026634673881
0 0 56 56 4.382026634673881
0 0 73 73 4.382026634673881
0 -0.0

labels_S18_selected_tokens_25_6639_26_5732
0 0 78 78 -0.0
0 0 15 15 4.382026634673881
0 0 21 21 4.382026634673881
0 0 23 23 4.382026634673881
0 0 33 33 4.382026634673881
0 0 63 63 4.382026634673881
0 0 70 70 4.382026634673881
0 0 74 74 4.382026634673881
0 0 24 24 4.382026634673881
0 0 56 56 4.382026634673881
0 0 73 73 4.382026634673881
0 -0.0

labels_S18_selected_tokens_26_5732_27_3183
0 0 79 79 -0.0
0 0 15 15 4.382026634673881
0 0 21 21 4.382026634673881
0 0 23 23 4.382026634673881
0 0 33 33 4.382026634673881
0 0 63 63 4.382026634673881
0 0 70 70 4.382026634673881
0 0 74 74 4.382026634673881
0 0 24 24 4.382026634673881
0 0 56 56 4.382026634673881
0 0 73 73 4.382026634673881
0 -0.0

labels_S18_selected_tokens_27_3183_28_1276
0 0 79 79 -0.0
0 0 15 15 4.382026634673881
0 0 21 21 4.382026634673881
0 0 23 23 4.382026634673881
0 0 33 33 4.382026634673881
0 0 63 63 4.382026634673881
0 0 70 70 4.382026634673881
0 0 74 74 4.382026634673881
0 0 24 24 4.382026634673881
0 0 56 56 4.382026634673881
0 0 73 73 4.382026634673881
0 -0.0

labels_S18_selected_tokens_28_1276_29_1643
0 0 64 64 -0.0
0 0 15 15 4.382026634673881
0 0 21 21 4.382026634673881
0 0 23 23 4.382026634673881
0 0 33 33 4.382026634673881
0 0 63 63 4.382026634673881
0 0 70 70 4.382026634673881
0 0 74 74 4.382026634673881
0 0 24 24 4.382026634673881
0 0 56 56 4.382026634673881
0 0 73 73 4.382026634673881
0 -0.0

labels_S18_selected_tokens_29_1643_30_2592
0 0 64 64 -0.0
0 0 15 15 4.382026634673881
0 0 21 21 4.382026634673881
0 0 23 23 4.382026634673881
0 0 33 33 4.382026634673881
0 0 63 63 4.382026634673881
0 0 70 70 4.382026634673881
0 0 74 74 4.382026634673881
0 0 24 24 4.382026634673881
0 0 56 56 4.382026634673881
0 0 73 73 4.382026634673881
0 -0.0

labels_S18_selected_tokens_2_0236_2_8796
0 0 21 21 4.382026634673881
0 0 15 15 4.382026634673881
0 0 23 23 4.382026634673881
0 0 33 33 4.382026634673881
0 0 63 63 4.382026634673881
0 0 70 70 4.382026634673881
0 0 74 74 4.382026634673881
0 0 24 24 4.382026634673881
0 0 56 56 4.382026634673881
0 0 73 73 4.382026634673881
0 -0.0

labels_S18_selected_tokens_2_8796_3_758
0 0 23 23 4.382026634673881
0 0 15 15 4.382026634673881
0 0 21 21 4.382026634673881
0 0 33 33 4.382026634673881
0 0 63 63 4.382026634673881
0 0 70 70 4.382026634673881
0 0 74 74 4.382026634673881
0 0 24 24 4.382026634673881
0 0 56 56 4.382026634673881
0 0 73 73 4.382026634673881
0 -0.0

labels_S18_selected_tokens_30_2592_30_9235
0 0 14 14 -0.0
0 0 15 15 4.382026634673881
0 0 21 21 4.382026634673881
0 0 23 23 4.382026634673881
0 0 33 33 4.382026634673881
0 0 63 63 4.382026634673881
0 0 70 70 4.382026634673881
0 0 74 74 4.382026634673881
0 0 24 24 4.382026634673881
0 0 56 56 4.382026634673881
0 0 73 73 4.382026634673881
0 -0.0

labels_S18_selected_tokens_30_9235_31_5565
0 0 14 14 -0.0
0 0 15 15 4.382026634673881
0 0 21 21 4.382026634673881
0 0 23 23 4.382026634673881
0 0 33 33 4.382026634673881
0 0 63 63 4.382026634673881
0 0 70 70 4.382026634673881
0 0 74 74 4.382026634673881
0 0 24 24 4.382026634673881
0 0 56 56 4.382026634673881
0 0 73 73 4.382026634673881
0 -0.0

labels_S18_selected_tokens_31_5565_32_4627
0 0 77 77 -0.0
0 0 15 15 4.382026634673881
0 0 21 21 4.382026634673881
0 0 23 23 4.382026634673881
0 0 33 33 4.382026634673881
0 0 63 63 4.382026634673881
0 0 70 70 4.382026634673881
0 0 74 74 4.382026634673881
0 0 24 24 4.382026634673881
0 0 56 56 4.382026634673881
0 0 73 73 4.382026634673881
0 -0.0

labels_S18_selected_tokens_32_4627_33_4142
0 0 77 77 -0.0
0 0 15 15 4.382026634673881
0 0 21 21 4.382026634673881
0 0 23 23 4.382026634673881
0 0 33 33 4.382026634673881
0 0 63 63 4.382026634673881
0 0 70 70 4.382026634673881
0 0 74 74 4.382026634673881
0 0 24 24 4.382026634673881
0 0 56 56 4.382026634673881
0 0 73 73 4.382026634673881
0 -0.0

labels_S18_selected_tokens_33_4142_34_118
0 0 19 19 -0.0
0 0 15 15 4.382026634673881
0 0 21 21 4.382026634673881
0 0 23 23 4.382026634673881
0 0 33 33 4.382026634673881
0 0 63 63 4.382026634673881
0 0 70 70 4.382026634673881
0 0 74 74 4.382026634673881
0 0 24 24 4.382026634673881
0 0 56 56 4.382026634673881
0 0 73 73 4.382026634673881
0 -0.0

labels_S18_selected_tokens_34_118_34_7578
0 0 19 19 -0.0
0 0 15 15 4.382026634673881
0 0 21 21 4.382026634673881
0 0 23 23 4.382026634673881
0 0 33 33 4.382026634673881
0 0 63 63 4.382026634673881
0 0 70 70 4.382026634673881
0 0 74 74 4.382026634673881
0 0 24 24 4.382026634673881
0 0 56 56 4.382026634673881
0 0 73 73 4.382026634673881
0 -0.0

labels_S18_selected_tokens_34_7578_35_6207
0 0 32 32 -0.0
0 0 15 15 4.382026634673881
0 0 21 21 4.382026634673881
0 0 23 23 4.382026634673881
0 0 33 33 4.382026634673881
0 0 63 63 4.382026634673881
0 0 70 70 4.382026634673881
0 0 74 74 4.382026634673881
0 0 24 24 4.382026634673881
0 0 56 56 4.382026634673881
0 0 73 73 4.382026634673881
0 -0.0

labels_S18_selected_tokens_35_6207_36_3313
0 0 32 32 -0.0
0 0 15 15 4.382026634673881
0 0 21 21 4.382026634673881
0 0 23 23 4.382026634673881
0 0 33 33 4.382026634673881
0 0 63 63 4.382026634673881
0 0 70 70 4.382026634673881
0 0 74 74 4.382026634673881
0 0 24 24 4.382026634673881
0 0 56 56 4.382026634673881
0 0 73 73 4.382026634673881
0 -0.0

labels_S18_selected_tokens_36_3313_37_091
0 0 39 39 -0.0
0 0 15 15 4.382026634673881
0 0 21 21 4.382026634673881
0 0 23 23 4.382026634673881
0 0 33 33 4.382026634673881
0 0 63 63 4.382026634673881
0 0 70 70 4.382026634673881
0 0 74 74 4.382026634673881
0 0 24 24 4.382026634673881
0 0 56 56 4.382026634673881
0 0 73 73 4.382026634673881
0 -0.0

labels_S18_selected_tokens_37_091_37_8143
0 0 39 39 -0.0
0 0 15 15 4.382026634673881
0 0 21 21 4.382026634673881
0 0 23 23 4.382026634673881
0 0 33 33 4.382026634673881
0 0 63 63 4.382026634673881
0 0 70 70 4.382026634673881
0 0 74 74 4.382026634673881
0 0 24 24 4.382026634673881
0 0 56 56 4.382026634673881
0 0 73 73 4.382026634673881
0 -0.0

labels_S18_selected_tokens_37_8143_38_7034
0 0 81 81 -0.0
0 0 15 15 4.382026634673881
0 0 21 21 4.382026634673881
0 0 23 23 4.382026634673881
0 0 33 33 4.382026634673881
0 0 63 63 4.382026634673881
0 0 70 70 4.382026634673881
0 0 74 74 4.382026634673881
0 0 24 24 4.382026634673881
0 0 56 56 4.382026634673881
0 0 73 73 4.382026634673881
0 -0.0

labels_S18_selected_tokens_38_7034_39_5995
0 0 81 81 -0.0
0 0 15 15 4.382026634673881
0 0 21 21 4.382026634673881
0 0 23 23 4.382026634673881
0 0 33 33 4.382026634673881
0 0 63 63 4.382026634673881
0 0 70 70 4.382026634673881
0 0 74 74 4.382026634673881
0 0 24 24 4.382026634673881
0 0 56 56 4.382026634673881
0 0 73 73 4.382026634673881
0 -0.0

labels_S18_selected_tokens_39_5995_40_3828
0 0 42 42 -0.0
0 0 15 15 4.382026634673881
0 0 21 21 4.382026634673881
0 0 23 23 4.382026634673881
0 0 33 33 4.382026634673881
0 0 63 63 4.382026634673881
0 0 70 70 4.382026634673881
0 0 74 74 4.382026634673881
0 0 24 24 4.382026634673881
0 0 56 56 4.382026634673881
0 0 73 73 4.382026634673881
0 -0.0

labels_S18_selected_tokens_3_758_4_5384
0 0 23 23 4.382026634673881
0 0 15 15 4.382026634673881
0 0 21 21 4.382026634673881
0 0 33 33 4.382026634673881
0 0 63 63 4.382026634673881
0 0 70 70 4.382026634673881
0 0 74 74 4.382026634673881
0 0 24 24 4.382026634673881
0 0 56 56 4.382026634673881
0 0 73 73 4.382026634673881
0 -0.0

labels_S18_selected_tokens_40_3828_41_2312
0 0 42 42 -0.0
0 0 15 15 4.382026634673881
0 0 21 21 4.382026634673881
0 0 23 23 4.382026634673881
0 0 33 33 4.382026634673881
0 0 63 63 4.382026634673881
0 0 70 70 4.382026634673881
0 0 74 74 4.382026634673881
0 0 24 24 4.382026634673881
0 0 56 56 4.382026634673881
0 0 73 73 4.382026634673881
0 -0.0

labels_S18_selected_tokens_41_2312_41_9561
0 0 27 27 -0.0
0 0 15 15 4.382026634673881
0 0 21 21 4.382026634673881
0 0 23 23 4.382026634673881
0 0 33 33 4.382026634673881
0 0 63 63 4.382026634673881
0 0 70 70 4.382026634673881
0 0 74 74 4.382026634673881
0 0 24 24 4.382026634673881
0 0 56 56 4.382026634673881
0 0 73 73 4.382026634673881
0 -0.0

labels_S18_selected_tokens_41_9561_42_7482
0 0 27 27 -0.0
0 0 15 15 4.382026634673881
0 0 21 21 4.382026634673881
0 0 23 23 4.382026634673881
0 0 33 33 4.382026634673881
0 0 63 63 4.382026634673881
0 0 70 70 4.382026634673881
0 0 74 74 4.382026634673881
0 0 24 24 4.382026634673881
0 0 56 56 4.382026634673881
0 0 73 73 4.382026634673881
0 -0.0

labels_S18_selected_tokens_42_7482_43_6916
0 0 31 31 -0.0
0 0 15 15 4.382026634673881
0 0 21 21 4.382026634673881
0 0 23 23 4.382026634673881
0 0 33 33 4.382026634673881
0 0 63 63 4.382026634673881
0 0 70 70 4.382026634673881
0 0 74 74 4.382026634673881
0 0 24 24 4.382026634673881
0 0 56 56 4.382026634673881
0 0 73 73 4.382026634673881
0 -0.0

labels_S18_selected_tokens_43_6916_44_4995
0 0 31 31 -0.0
0 0 15 15 4.382026634673881
0 0 21 21 4.382026634673881
0 0 23 23 4.382026634673881
0 0 33 33 4.382026634673881
0 0 63 63 4.382026634673881
0 0 70 70 4.382026634673881
0 0 74 74 4.382026634673881
0 0 24 24 4.382026634673881
0 0 56 56 4.382026634673881
0 0 73 73 4.382026634673881
0 -0.0

labels_S18_selected_tokens_44_4995_45_1724
0 0 41 41 -0.0
0 0 15 15 4.382026634673881
0 0 21 21 4.382026634673881
0 0 23 23 4.382026634673881
0 0 33 33 4.382026634673881
0 0 63 63 4.382026634673881
0 0 70 70 4.382026634673881
0 0 74 74 4.382026634673881
0 0 24 24 4.382026634673881
0 0 56 56 4.382026634673881
0 0 73 73 4.382026634673881
0 -0.0

labels_S18_selected_tokens_45_1724_45_8037
0 0 41 41 -0.0
0 0 15 15 4.382026634673881
0 0 21 21 4.382026634673881
0 0 23 23 4.382026634673881
0 0 33 33 4.382026634673881
0 0 63 63 4.382026634673881
0 0 70 70 4.382026634673881
0 0 74 74 4.382026634673881
0 0 24 24 4.382026634673881
0 0 56 56 4.382026634673881
0 0 73 73 4.382026634673881
0 -0.0

labels_S18_selected_tokens_45_8037_46_58
0 0 18 18 -0.0
0 0 15 15 4.382026634673881
0 0 21 21 4.382026634673881
0 0 23 23 4.382026634673881
0 0 33 33 4.382026634673881
0 0 63 63 4.382026634673881
0 0 70 70 4.382026634673881
0 0 74 74 4.382026634673881
0 0 24 24 4.382026634673881
0 0 56 56 4.382026634673881
0 0 73 73 4.382026634673881
0 -0.0

labels_S18_selected_tokens_46_58_47_228
0 0 18 18 -0.0
0 0 15 15 4.382026634673881
0 0 21 21 4.382026634673881
0 0 23 23 4.382026634673881
0 0 33 33 4.382026634673881
0 0 63 63 4.382026634673881
0 0 70 70 4.382026634673881
0 0 74 74 4.382026634673881
0 0 24 24 4.382026634673881
0 0 56 56 4.382026634673881
0 0 73 73 4.382026634673881
0 -0.0

labels_S18_selected_tokens_47_228_47_9076
0 0 76 76 -0.0
0 0 15 15 4.382026634673881
0 0 21 21 4.382026634673881
0 0 23 23 4.382026634673881
0 0 33 33 4.382026634673881
0 0 63 63 4.382026634673881
0 0 70 70 4.382026634673881
0 0 74 74 4.382026634673881
0 0 24 24 4.382026634673881
0 0 56 56 4.382026634673881
0 0 73 73 4.382026634673881
0 -0.0

labels_S18_selected_tokens_47_9076_48_5802
0 0 76 76 -0.0
0 0 15 15 4.382026634673881
0 0 21 21 4.382026634673881
0 0 23 23 4.382026634673881
0 0 33 33 4.382026634673881
0 0 63 63 4.382026634673881
0 0 70 70 4.382026634673881
0 0 74 74 4.382026634673881
0 0 24 24 4.382026634673881
0 0 56 56 4.382026634673881
0 0 73 73 4.382026634673881
0 -0.0

labels_S18_selected_tokens_48_5802_49_2846
0 0 12 12 -0.0
0 0 15 15 4.382026634673881
0 0 21 21 4.382026634673881
0 0 23 23 4.382026634673881
0 0 33 33 4.382026634673881
0 0 63 63 4.382026634673881
0 0 70 70 4.382026634673881
0 0 74 74 4.382026634673881
0 0 24 24 4.382026634673881
0 0 56 56 4.382026634673881
0 0 73 73 4.382026634673881
0 -0.0

labels_S18_selected_tokens_49_2846_49_9798
0 0 12 12 -0.0
0 0 15 15 4.382026634673881
0 0 21 21 4.382026634673881
0 0 23 23 4.382026634673881
0 0 33 33 4.382026634673881
0 0 63 63 4.382026634673881
0 0 70 70 4.382026634673881
0 0 74 74 4.382026634673881
0 0 24 24 4.382026634673881
0 0 56 56 4.382026634673881
0 0 73 73 4.382026634673881
0 -0.0

labels_S18_selected_tokens_49_9798_50_6669
0 0 25 25 -0.0
0 0 15 15 4.382026634673881
0 0 21 21 4.382026634673881
0 0 23 23 4.382026634673881
0 0 33 33 4.382026634673881
0 0 63 63 4.382026634673881
0 0 70 70 4.382026634673881
0 0 74 74 4.382026634673881
0 0 24 24 4.382026634673881
0 0 56 56 4.382026634673881
0 0 73 73 4.382026634673881
0 -0.0

labels_S18_selected_tokens_4_5384_5_2586
0 0 33 33 4.382026634673881
0 0 15 15 4.382026634673881
0 0 21 21 4.382026634673881
0 0 23 23 4.382026634673881
0 0 63 63 4.382026634673881
0 0 70 70 4.382026634673881
0 0 74 74 4.382026634673881
0 0 24 24 4.382026634673881
0 0 56 56 4.382026634673881
0 0 73 73 4.382026634673881
0 -0.0

labels_S18_selected_tokens_50_6669_51_2723
0 0 25 25 -0.0
0 0 15 15 4.382026634673881
0 0 21 21 4.382026634673881
0 0 23 23 4.382026634673881
0 0 33 33 4.382026634673881
0 0 63 63 4.382026634673881
0 0 70 70 4.382026634673881
0 0 74 74 4.382026634673881
0 0 24 24 4.382026634673881
0 0 56 56 4.382026634673881
0 0 73 73 4.382026634673881
0 -0.0

labels_S18_selected_tokens_51_2723_52_1122
0 0 28 28 -0.0
0 0 15 15 4.382026634673881
0 0 21 21 4.382026634673881
0 0 23 23 4.382026634673881
0 0 33 33 4.382026634673881
0 0 63 63 4.382026634673881
0 0 70 70 4.382026634673881
0 0 74 74 4.382026634673881
0 0 24 24 4.382026634673881
0 0 56 56 4.382026634673881
0 0 73 73 4.382026634673881
0 -0.0

labels_S18_selected_tokens_52_1122_53_0401
0 0 28 28 -0.0
0 0 15 15 4.382026634673881
0 0 21 21 4.382026634673881
0 0 23 23 4.382026634673881
0 0 33 33 4.382026634673881
0 0 63 63 4.382026634673881
0 0 70 70 4.382026634673881
0 0 74 74 4.382026634673881
0 0 24 24 4.382026634673881
0 0 56 56 4.382026634673881
0 0 73 73 4.382026634673881
0 -0.0

labels_S18_selected_tokens_53_0401_53_832
0 0 37 37 -0.0
0 0 15 15 4.382026634673881
0 0 21 21 4.382026634673881
0 0 23 23 4.382026634673881
0 0 33 33 4.382026634673881
0 0 63 63 4.382026634673881
0 0 70 70 4.382026634673881
0 0 74 74 4.382026634673881
0 0 24 24 4.382026634673881
0 0 56 56 4.382026634673881
0 0 73 73 4.382026634673881
0 -0.0

labels_S18_selected_tokens_53_832_54_5464
0 0 37 37 -0.0
0 0 15 15 4.382026634673881
0 0 21 21 4.382026634673881
0 0 23 23 4.382026634673881
0 0 33 33 4.382026634673881
0 0 63 63 4.382026634673881
0 0 70 70 4.382026634673881
0 0 74 74 4.382026634673881
0 0 24 24 4.382026634673881
0 0 56 56 4.382026634673881
0 0 73 73 4.382026634673881
0 -0.0

labels_S18_selected_tokens_54_5464_55_4833
0 0 46 46 -0.0
0 0 15 15 4.382026634673881
0 0 21 21 4.382026634673881
0 0 23 23 4.382026634673881
0 0 33 33 4.382026634673881
0 0 63 63 4.382026634673881
0 0 70 70 4.382026634673881
0 0 74 74 4.382026634673881
0 0 24 24 4.382026634673881
0 0 56 56 4.382026634673881
0 0 73 73 4.382026634673881
0 -0.0

labels_S18_selected_tokens_55_4833_56_44
0 0 46 46 -0.0
0 0 15 15 4.382026634673881
0 0 21 21 4.382026634673881
0 0 23 23 4.382026634673881
0 0 33 33 4.382026634673881
0 0 63 63 4.382026634673881
0 0 70 70 4.382026634673881
0 0 74 74 4.382026634673881
0 0 24 24 4.382026634673881
0 0 56 56 4.382026634673881
0 0 73 73 4.382026634673881
0 -0.0

labels_S18_selected_tokens_56_44_57_1382
0 0 51 51 -0.0
0 0 15 15 4.382026634673881
0 0 21 21 4.382026634673881
0 0 23 23 4.382026634673881
0 0 33 33 4.382026634673881
0 0 63 63 4.382026634673881
0 0 70 70 4.382026634673881
0 0 74 74 4.382026634673881
0 0 24 24 4.382026634673881
0 0 56 56 4.382026634673881
0 0 73 73 4.382026634673881
0 -0.0

labels_S18_selected_tokens_57_1382_57_7948
0 0 51 51 -0.0
0 0 15 15 4.382026634673881
0 0 21 21 4.382026634673881
0 0 23 23 4.382026634673881
0 0 33 33 4.382026634673881
0 0 63 63 4.382026634673881
0 0 70 70 4.382026634673881
0 0 74 74 4.382026634673881
0 0 24 24 4.382026634673881
0 0 56 56 4.382026634673881
0 0 73 73 4.382026634673881
0 -0.0

labels_S18_selected_tokens_57_7948_58_7076
0 0 61 61 -0.0
0 0 15 15 4.382026634673881
0 0 21 21 4.382026634673881
0 0 23 23 4.382026634673881
0 0 33 33 4.382026634673881
0 0 63 63 4.382026634673881
0 0 70 70 4.382026634673881
0 0 74 74 4.382026634673881
0 0 24 24 4.382026634673881
0 0 56 56 4.382026634673881
0 0 73 73 4.382026634673881
0 -0.0

labels_S18_selected_tokens_58_7076_59_7043
0 0 61 61 -0.0
0 0 15 15 4.382026634673881
0 0 21 21 4.382026634673881
0 0 23 23 4.382026634673881
0 0 33 33 4.382026634673881
0 0 63 63 4.382026634673881
0 0 70 70 4.382026634673881
0 0 74 74 4.382026634673881
0 0 24 24 4.382026634673881
0 0 56 56 4.382026634673881
0 0 73 73 4.382026634673881
0 -0.0

labels_S18_selected_tokens_59_7043_60_432
0 0 59 59 -0.0
0 0 15 15 4.382026634673881
0 0 21 21 4.382026634673881
0 0 23 23 4.382026634673881
0 0 33 33 4.382026634673881
0 0 63 63 4.382026634673881
0 0 70 70 4.382026634673881
0 0 74 74 4.382026634673881
0 0 24 24 4.382026634673881
0 0 56 56 4.382026634673881
0 0 73 73 4.382026634673881
0 -0.0

labels_S18_selected_tokens_5_2586_5_8752
0 0 33 33 4.382026634673881
0 0 15 15 4.382026634673881
0 0 21 21 4.382026634673881
0 0 23 23 4.382026634673881
0 0 63 63 4.382026634673881
0 0 70 70 4.382026634673881
0 0 74 74 4.382026634673881
0 0 24 24 4.382026634673881
0 0 56 56 4.382026634673881
0 0 73 73 4.382026634673881
0 -0.0

labels_S18_selected_tokens_5_8752_6_9315
0 0 63 63 4.382026634673881
0 0 15 15 4.382026634673881
0 0 21 21 4.382026634673881
0 0 23 23 4.382026634673881
0 0 33 33 4.382026634673881
0 0 70 70 4.382026634673881
0 0 74 74 4.382026634673881
0 0 24 24 4.382026634673881
0 0 56 56 4.382026634673881
0 0 73 73 4.382026634673881
0 -0.0

labels_S18_selected_tokens_60_432_61_1862
0 0 59 59 -0.0
0 0 15 15 4.382026634673881
0 0 21 21 4.382026634673881
0 0 23 23 4.382026634673881
0 0 33 33 4.382026634673881
0 0 63 63 4.382026634673881
0 0 70 70 4.382026634673881
0 0 74 74 4.382026634673881
0 0 24 24 4.382026634673881
0 0 56 56 4.382026634673881
0 0 73 73 4.382026634673881
0 -0.0

labels_S18_selected_tokens_61_1862_61_9677
0 0 45 45 -0.0
0 0 15 15 4.382026634673881
0 0 21 21 4.382026634673881
0 0 23 23 4.382026634673881
0 0 33 33 4.382026634673881
0 0 63 63 4.382026634673881
0 0 70 70 4.382026634673881
0 0 74 74 4.382026634673881
0 0 24 24 4.382026634673881
0 0 56 56 4.382026634673881
0 0 73 73 4.382026634673881
0 -0.0

labels_S18_selected_tokens_61_9677_62_74
0 0 45 45 -0.0
0 0 15 15 4.382026634673881
0 0 21 21 4.382026634673881
0 0 23 23 4.382026634673881
0 0 33 33 4.382026634673881
0 0 63 63 4.382026634673881
0 0 70 70 4.382026634673881
0 0 74 74 4.382026634673881
0 0 24 24 4.382026634673881
0 0 56 56 4.382026634673881
0 0 73 73 4.382026634673881
0 -0.0

labels_S18_selected_tokens_62_74_63_7401
0 0 58 58 -0.0
0 0 15 15 4.382026634673881
0 0 21 21 4.382026634673881
0 0 23 23 4.382026634673881
0 0 33 33 4.382026634673881
0 0 63 63 4.382026634673881
0 0 70 70 4.382026634673881
0 0 74 74 4.382026634673881
0 0 24 24 4.382026634673881
0 0 56 56 4.382026634673881
0 0 73 73 4.382026634673881
0 -0.0

labels_S18_selected_tokens_63_7401_64_7809
0 0 58 58 -0.0
0 0 15 15 4.382026634673881
0 0 21 21 4.382026634673881
0 0 23 23 4.382026634673881
0 0 33 33 4.382026634673881
0 0 63 63 4.382026634673881
0 0 70 70 4.382026634673881
0 0 74 74 4.382026634673881
0 0 24 24 4.382026634673881
0 0 56 56 4.382026634673881
0 0 73 73 4.382026634673881
0 -0.0

labels_S18_selected_tokens_64_7809_65_4549
0 0 29 29 -0.0
0 0 15 15 4.382026634673881
0 0 21 21 4.382026634673881
0 0 23 23 4.382026634673881
0 0 33 33 4.382026634673881
0 0 63 63 4.382026634673881
0 0 70 70 4.382026634673881
0 0 74 74 4.382026634673881
0 0 24 24 4.382026634673881
0 0 56 56 4.382026634673881
0 0 73 73 4.382026634673881
0 -0.0

labels_S18_selected_tokens_65_4549_66_0867
0 0 29 29 -0.0
0 0 15 15 4.382026634673881
0 0 21 21 4.382026634673881
0 0 23 23 4.382026634673881
0 0 33 33 4.382026634673881
0 0 63 63 4.382026634673881
0 0 70 70 4.382026634673881
0 0 74 74 4.382026634673881
0 0 24 24 4.382026634673881
0 0 56 56 4.382026634673881
0 0 73 73 4.382026634673881
0 -0.0

labels_S18_selected_tokens_66_0867_66_8356
0 0 38 38 -0.0
0 0 15 15 4.382026634673881
0 0 21 21 4.382026634673881
0 0 23 23 4.382026634673881
0 0 33 33 4.382026634673881
0 0 63 63 4.382026634673881
0 0 70 70 4.382026634673881
0 0 74 74 4.382026634673881
0 0 24 24 4.382026634673881
0 0 56 56 4.382026634673881
0 0 73 73 4.382026634673881
0 -0.0

labels_S18_selected_tokens_66_8356_67_5286
0 0 38 38 -0.0
0 0 15 15 4.382026634673881
0 0 21 21 4.382026634673881
0 0 23 23 4.382026634673881
0 0 33 33 4.382026634673881
0 0 63 63 4.382026634673881
0 0 70 70 4.382026634673881
0 0 74 74 4.382026634673881
0 0 24 24 4.382026634673881
0 0 56 56 4.382026634673881
0 0 73 73 4.382026634673881
0 -0.0

labels_S18_selected_tokens_67_5286_68_3051
0 0 40 40 -0.0
0 0 15 15 4.382026634673881
0 0 21 21 4.382026634673881
0 0 23 23 4.382026634673881
0 0 33 33 4.382026634673881
0 0 63 63 4.382026634673881
0 0 70 70 4.382026634673881
0 0 74 74 4.382026634673881
0 0 24 24 4.382026634673881
0 0 56 56 4.382026634673881
0 0 73 73 4.382026634673881
0 -0.0

labels_S18_selected_tokens_68_3051_69_0097
0 0 40 40 -0.0
0 0 15 15 4.382026634673881
0 0 21 21 4.382026634673881
0 0 23 23 4.382026634673881
0 0 33 33 4.382026634673881
0 0 63 63 4.382026634673881
0 0 70 70 4.382026634673881
0 0 74 74 4.382026634673881
0 0 24 24 4.382026634673881
0 0 56 56 4.382026634673881
0 0 73 73 4.382026634673881
0 -0.0

labels_S18_selected_tokens_69_0097_69_9089
0 0 52 52 -0.0
0 0 15 15 4.382026634673881
0 0 21 21 4.382026634673881
0 0 23 23 4.382026634673881
0 0 33 33 4.382026634673881
0 0 63 63 4.382026634673881
0 0 70 70 4.382026634673881
0 0 74 74 4.382026634673881
0 0 24 24 4.382026634673881
0 0 56 56 4.382026634673881
0 0 73 73 4.382026634673881
0 -0.0

labels_S18_selected_tokens_69_9089_70_9447
0 0 52 52 -0.0
0 0 15 15 4.382026634673881
0 0 21 21 4.382026634673881
0 0 23 23 4.382026634673881
0 0 33 33 4.382026634673881
0 0 63 63 4.382026634673881
0 0 70 70 4.382026634673881
0 0 74 74 4.382026634673881
0 0 24 24 4.382026634673881
0 0 56 56 4.382026634673881
0 0 73 73 4.382026634673881
0 -0.0

labels_S18_selected_tokens_6_9315_7_9679
0 0 63 63 4.382026634673881
0 0 15 15 4.382026634673881
0 0 21 21 4.382026634673881
0 0 23 23 4.382026634673881
0 0 33 33 4.382026634673881
0 0 70 70 4.382026634673881
0 0 74 74 4.382026634673881
0 0 24 24 4.382026634673881
0 0 56 56 4.382026634673881
0 0 73 73 4.382026634673881
0 -0.0

labels_S18_selected_tokens_70_9447_71_7528
0 0 6 6 -0.0
0 0 15 15 4.382026634673881
0 0 21 21 4.382026634673881
0 0 23 23 4.382026634673881
0 0 33 33 4.382026634673881
0 0 63 63 4.382026634673881
0 0 70 70 4.382026634673881
0 0 74 74 4.382026634673881
0 0 24 24 4.382026634673881
0 0 56 56 4.382026634673881
0 0 73 73 4.382026634673881
0 -0.0

labels_S18_selected_tokens_71_7528_72_4693
0 0 6 6 -0.0
0 0 15 15 4.382026634673881
0 0 21 21 4.382026634673881
0 0 23 23 4.382026634673881
0 0 33 33 4.382026634673881
0 0 63 63 4.382026634673881
0 0 70 70 4.382026634673881
0 0 74 74 4.382026634673881
0 0 24 24 4.382026634673881
0 0 56 56 4.382026634673881
0 0 73 73 4.382026634673881
0 -0.0

labels_S18_selected_tokens_72_4693_73_3447
0 0 47 47 -0.0
0 0 15 15 4.382026634673881
0 0 21 21 4.382026634673881
0 0 23 23 4.382026634673881
0 0 33 33 4.382026634673881
0 0 63 63 4.382026634673881
0 0 70 70 4.382026634673881
0 0 74 74 4.382026634673881
0 0 24 24 4.382026634673881
0 0 56 56 4.382026634673881
0 0 73 73 4.382026634673881
0 -0.0

labels_S18_selected_tokens_73_3447_74_2271
0 0 47 47 -0.0
0 0 15 15 4.382026634673881
0 0 21 21 4.382026634673881
0 0 23 23 4.382026634673881
0 0 33 33 4.382026634673881
0 0 63 63 4.382026634673881
0 0 70 70 4.382026634673881
0 0 74 74 4.382026634673881
0 0 24 24 4.382026634673881
0 0 56 56 4.382026634673881
0 0 73 73 4.382026634673881
0 -0.0

labels_S18_selected_tokens_74_2271_75_2937
0 0 65 65 -0.0
0 0 15 15 4.382026634673881
0 0 21 21 4.382026634673881
0 0 23 23 4.382026634673881
0 0 33 33 4.382026634673881
0 0 63 63 4.382026634673881
0 0 70 70 4.382026634673881
0 0 74 74 4.382026634673881
0 0 24 24 4.382026634673881
0 0 56 56 4.382026634673881
0 0 73 73 4.382026634673881
0 -0.0

labels_S18_selected_tokens_75_2937_76_4614
0 0 65 65 -0.0
0 0 15 15 4.382026634673881
0 0 21 21 4.382026634673881
0 0 23 23 4.382026634673881
0 0 33 33 4.382026634673881
0 0 63 63 4.382026634673881
0 0 70 70 4.382026634673881
0 0 74 74 4.382026634673881
0 0 24 24 4.382026634673881
0 0 56 56 4.382026634673881
0 0 73 73 4.382026634673881
0 -0.0

labels_S18_selected_tokens_76_4614_77_3879
0 0 55 55 -0.0
0 0 15 15 4.382026634673881
0 0 21 21 4.382026634673881
0 0 23 23 4.382026634673881
0 0 33 33 4.382026634673881
0 0 63 63 4.382026634673881
0 0 70 70 4.382026634673881
0 0 74 74 4.382026634673881
0 0 24 24 4.382026634673881
0 0 56 56 4.382026634673881
0 0 73 73 4.382026634673881
0 -0.0

labels_S18_selected_tokens_77_3879_78_2844
0 0 55 55 -0.0
0 0 15 15 4.382026634673881
0 0 21 21 4.382026634673881
0 0 23 23 4.382026634673881
0 0 33 33 4.382026634673881
0 0 63 63 4.382026634673881
0 0 70 70 4.382026634673881
0 0 74 74 4.382026634673881
0 0 24 24 4.382026634673881
0 0 56 56 4.382026634673881
0 0 73 73 4.382026634673881
0 -0.0

labels_S18_selected_tokens_78_2844_79_3333
0 0 62 62 -0.0
0 0 15 15 4.382026634673881
0 0 21 21 4.382026634673881
0 0 23 23 4.382026634673881
0 0 33 33 4.382026634673881
0 0 63 63 4.382026634673881
0 0 70 70 4.382026634673881
0 0 74 74 4.382026634673881
0 0 24 24 4.382026634673881
0 0 56 56 4.382026634673881
0 0 73 73 4.382026634673881
0 -0.0

labels_S18_selected_tokens_79_3333_80_3492
0 0 62 62 -0.0
0 0 15 15 4.382026634673881
0 0 21 21 4.382026634673881
0 0 23 23 4.382026634673881
0 0 33 33 4.382026634673881
0 0 63 63 4.382026634673881
0 0 70 70 4.382026634673881
0 0 74 74 4.382026634673881
0 0 24 24 4.382026634673881
0 0 56 56 4.382026634673881
0 0 73 73 4.382026634673881
0 -0.0

labels_S18_selected_tokens_7_9679_8_7677
0 0 70 70 4.382026634673881
0 0 15 15 4.382026634673881
0 0 21 21 4.382026634673881
0 0 23 23 4.382026634673881
0 0 33 33 4.382026634673881
0 0 63 63 4.382026634673881
0 0 74 74 4.382026634673881
0 0 24 24 4.382026634673881
0 0 56 56 4.382026634673881
0 0 73 73 4.382026634673881
0 -0.0

labels_S18_selected_tokens_80_3492_81_464
0 0 66 66 -0.0
0 0 15 15 4.382026634673881
0 0 21 21 4.382026634673881
0 0 23 23 4.382026634673881
0 0 33 33 4.382026634673881
0 0 63 63 4.382026634673881
0 0 70 70 4.382026634673881
0 0 74 74 4.382026634673881
0 0 24 24 4.382026634673881
0 0 56 56 4.382026634673881
0 0 73 73 4.382026634673881
0 -0.0

labels_S18_selected_tokens_81_464_82_5573
0 0 66 66 -0.0
0 0 15 15 4.382026634673881
0 0 21 21 4.382026634673881
0 0 23 23 4.382026634673881
0 0 33 33 4.382026634673881
0 0 63 63 4.382026634673881
0 0 70 70 4.382026634673881
0 0 74 74 4.382026634673881
0 0 24 24 4.382026634673881
0 0 56 56 4.382026634673881
0 0 73 73 4.382026634673881
0 -0.0

labels_S18_selected_tokens_82_5573_83_3796
0 0 7 7 -0.0
0 0 15 15 4.382026634673881
0 0 21 21 4.382026634673881
0 0 23 23 4.382026634673881
0 0 33 33 4.382026634673881
0 0 63 63 4.382026634673881
0 0 70 70 4.382026634673881
0 0 74 74 4.382026634673881
0 0 24 24 4.382026634673881
0 0 56 56 4.382026634673881
0 0 73 73 4.382026634673881
0 -0.0

labels_S18_selected_tokens_83_3796_84_1984
0 0 7 7 -0.0
0 0 15 15 4.382026634673881
0 0 21 21 4.382026634673881
0 0 23 23 4.382026634673881
0 0 33 33 4.382026634673881
0 0 63 63 4.382026634673881
0 0 70 70 4.382026634673881
0 0 74 74 4.382026634673881
0 0 24 24 4.382026634673881
0 0 56 56 4.382026634673881
0 0 73 73 4.382026634673881
0 -0.0

labels_S18_selected_tokens_84_1984_84_927
0 0 9 9 -0.0
0 0 15 15 4.382026634673881
0 0 21 21 4.382026634673881
0 0 23 23 4.382026634673881
0 0 33 33 4.382026634673881
0 0 63 63 4.382026634673881
0 0 70 70 4.382026634673881
0 0 74 74 4.382026634673881
0 0 24 24 4.382026634673881
0 0 56 56 4.382026634673881
0 0 73 73 4.382026634673881
0 -0.0

labels_S18_selected_tokens_84_927_85_6508
0 0 9 9 -0.0
0 0 15 15 4.382026634673881
0 0 21 21 4.382026634673881
0 0 23 23 4.382026634673881
0 0 33 33 4.382026634673881
0 0 63 63 4.382026634673881
0 0 70 70 4.382026634673881
0 0 74 74 4.382026634673881
0 0 24 24 4.382026634673881
0 0 56 56 4.382026634673881
0 0 73 73 4.382026634673881
0 -0.0

labels_S18_selected_tokens_85_6508_86_4738
0 0 13 13 -0.0
0 0 15 15 4.382026634673881
0 0 21 21 4.382026634673881
0 0 23 23 4.382026634673881
0 0 33 33 4.382026634673881
0 0 63 63 4.382026634673881
0 0 70 70 4.382026634673881
0 0 74 74 4.382026634673881
0 0 24 24 4.382026634673881
0 0 56 56 4.382026634673881
0 0 73 73 4.382026634673881
0 -0.0

labels_S18_selected_tokens_86_4738_87_3058
0 0 13 13 -0.0
0 0 15 15 4.382026634673881
0 0 21 21 4.382026634673881
0 0 23 23 4.382026634673881
0 0 33 33 4.382026634673881
0 0 63 63 4.382026634673881
0 0 70 70 4.382026634673881
0 0 74 74 4.382026634673881
0 0 24 24 4.382026634673881
0 0 56 56 4.382026634673881
0 0 73 73 4.382026634673881
0 -0.0

labels_S18_selected_tokens_87_3058_88_2371
0 0 16 16 -0.0
0 0 15 15 4.382026634673881
0 0 21 21 4.382026634673881
0 0 23 23 4.382026634673881
0 0 33 33 4.382026634673881
0 0 63 63 4.382026634673881
0 0 70 70 4.382026634673881
0 0 74 74 4.382026634673881
0 0 24 24 4.382026634673881
0 0 56 56 4.382026634673881
0 0 73 73 4.382026634673881
0 -0.0

labels_S18_selected_tokens_88_2371_89_1046
0 0 16 16 -0.0
0 0 15 15 4.382026634673881
0 0 21 21 4.382026634673881
0 0 23 23 4.382026634673881
0 0 33 33 4.382026634673881
0 0 63 63 4.382026634673881
0 0 70 70 4.382026634673881
0 0 74 74 4.382026634673881
0 0 24 24 4.382026634673881
0 0 56 56 4.382026634673881
0 0 73 73 4.382026634673881
0 -0.0

labels_S18_selected_tokens_89_1046_90_0365
0 0 67 67 -0.0
0 0 15 15 4.382026634673881
0 0 21 21 4.382026634673881
0 0 23 23 4.382026634673881
0 0 33 33 4.382026634673881
0 0 63 63 4.382026634673881
0 0 70 70 4.382026634673881
0 0 74 74 4.382026634673881
0 0 24 24 4.382026634673881
0 0 56 56 4.382026634673881
0 0 73 73 4.382026634673881
0 -0.0

labels_S18_selected_tokens_8_7677_9_5998
0 0 70 70 4.382026634673881
0 0 15 15 4.382026634673881
0 0 21 21 4.382026634673881
0 0 23 23 4.382026634673881
0 0 33 33 4.382026634673881
0 0 63 63 4.382026634673881
0 0 74 74 4.382026634673881
0 0 24 24 4.382026634673881
0 0 56 56 4.382026634673881
0 0 73 73 4.382026634673881
0 -0.0

labels_S18_selected_tokens_90_0365_90_9739
0 0 67 67 -0.0
0 0 15 15 4.382026634673881
0 0 21 21 4.382026634673881
0 0 23 23 4.382026634673881
0 0 33 33 4.382026634673881
0 0 63 63 4.382026634673881
0 0 70 70 4.382026634673881
0 0 74 74 4.382026634673881
0 0 24 24 4.382026634673881
0 0 56 56 4.382026634673881
0 0 73 73 4.382026634673881
0 -0.0

labels_S18_selected_tokens_90_9739_91_7368
0 0 71 71 -0.0
0 0 15 15 4.382026634673881
0 0 21 21 4.382026634673881
0 0 23 23 4.382026634673881
0 0 33 33 4.382026634673881
0 0 63 63 4.382026634673881
0 0 70 70 4.382026634673881
0 0 74 74 4.382026634673881
0 0 24 24 4.382026634673881
0 0 56 56 4.382026634673881
0 0 73 73 4.382026634673881
0 -0.0

labels_S18_selected_tokens_91_7368_92_6888
0 0 71 71 -0.0
0 0 15 15 4.382026634673881
0 0 21 21 4.382026634673881
0 0 23 23 4.382026634673881
0 0 33 33 4.382026634673881
0 0 63 63 4.382026634673881
0 0 70 70 4.382026634673881
0 0 74 74 4.382026634673881
0 0 24 24 4.382026634673881
0 0 56 56 4.382026634673881
0 0 73 73 4.382026634673881
0 -0.0

labels_S18_selected_tokens_92_6888_93_5282
0 0 35 35 -0.0
0 0 15 15 4.382026634673881
0 0 21 21 4.382026634673881
0 0 23 23 4.382026634673881
0 0 33 33 4.382026634673881
0 0 63 63 4.382026634673881
0 0 70 70 4.382026634673881
0 0 74 74 4.382026634673881
0 0 24 24 4.382026634673881
0 0 56 56 4.382026634673881
0 0 73 73 4.382026634673881
0 -0.0

labels_S18_selected_tokens_93_5282_94_3356
0 0 35 35 -0.0
0 0 15 15 4.382026634673881
0 0 21 21 4.382026634673881
0 0 23 23 4.382026634673881
0 0 33 33 4.382026634673881
0 0 63 63 4.382026634673881
0 0 70 70 4.382026634673881
0 0 74 74 4.382026634673881
0 0 24 24 4.382026634673881
0 0 56 56 4.382026634673881
0 0 73 73 4.382026634673881
0 -0.0

labels_S18_selected_tokens_94_3356_95_3132
0 0 48 48 -0.0
0 0 15 15 4.382026634673881
0 0 21 21 4.382026634673881
0 0 23 23 4.382026634673881
0 0 33 33 4.382026634673881
0 0 63 63 4.382026634673881
0 0 70 70 4.382026634673881
0 0 74 74 4.382026634673881
0 0 24 24 4.382026634673881
0 0 56 56 4.382026634673881
0 0 73 73 4.382026634673881
0 -0.0

labels_S18_selected_tokens_95_3132_96_4506
0 0 48 48 -0.0
0 0 15 15 4.382026634673881
0 0 21 21 4.382026634673881
0 0 23 23 4.382026634673881
0 0 33 33 4.382026634673881
0 0 63 63 4.382026634673881
0 0 70 70 4.382026634673881
0 0 74 74 4.382026634673881
0 0 24 24 4.382026634673881
0 0 56 56 4.382026634673881
0 0 73 73 4.382026634673881
0 -0.0

labels_S18_selected_tokens_96_4506_97_2861
0 0 3 3 -0.0
0 0 15 15 4.382026634673881
0 0 21 21 4.382026634673881
0 0 23 23 4.382026634673881
0 0 33 33 4.382026634673881
0 0 63 63 4.382026634673881
0 0 70 70 4.382026634673881
0 0 74 74 4.382026634673881
0 0 24 24 4.382026634673881
0 0 56 56 4.382026634673881
0 0 73 73 4.382026634673881
0 -0.0

labels_S18_selected_tokens_97_2861_98_119
0 0 3 3 -0.0
0 0 15 15 4.382026634673881
0 0 21 21 4.382026634673881
0 0 23 23 4.382026634673881
0 0 33 33 4.382026634673881
0 0 63 63 4.382026634673881
0 0 70 70 4.382026634673881
0 0 74 74 4.382026634673881
0 0 24 24 4.382026634673881
0 0 56 56 4.382026634673881
0 0 73 73 4.382026634673881
0 -0.0

labels_S18_selected_tokens_98_119_98_9837
0 0 54 54 -0.0
0 0 15 15 4.382026634673881
0 0 21 21 4.382026634673881
0 0 23 23 4.382026634673881
0 0 33 33 4.382026634673881
0 0 63 63 4.382026634673881
0 0 70 70 4.382026634673881
0 0 74 74 4.382026634673881
0 0 24 24 4.382026634673881
0 0 56 56 4.382026634673881
0 0 73 73 4.382026634673881
0 -0.0

labels_S18_selected_tokens_98_9837_99_8349
0 0 54 54 -0.0
0 0 15 15 4.382026634673881
0 0 21 21 4.382026634673881
0 0 23 23 4.382026634673881
0 0 33 33 4.382026634673881
0 0 63 63 4.382026634673881
0 0 70 70 4.382026634673881
0 0 74 74 4.382026634673881
0 0 24 24 4.382026634673881
0 0 56 56 4.382026634673881
0 0 73 73 4.382026634673881
0 -0.0

labels_S18_selected_tokens_99_8349_100_6641
0 0 5 5 -0.0
0 0 15 15 4.382026634673881
0 0 21 21 4.382026634673881
0 0 23 23 4.382026634673881
0 0 33 33 4.382026634673881
0 0 63 63 4.382026634673881
0 0 70 70 4.382026634673881
0 0 74 74 4.382026634673881
0 0 24 24 4.382026634673881
0 0 56 56 4.382026634673881
0 0 73 73 4.382026634673881
0 -0.0

labels_S18_selected_tokens_9_5998_10_3515
0 0 74 74 4.382026634673881
0 0 15 15 4.382026634673881
0 0 21 21 4.382026634673881
0 0 23 23 4.382026634673881
0 0 33 33 4.382026634673881
0 0 63 63 4.382026634673881
0 0 70 70 4.382026634673881
0 0 24 24 4.382026634673881
0 0 56 56 4.382026634673881
0 0 73 73 4.382026634673881
0 -0.0

