Regression analysis information for: S18_selected_tokens_0107
number of formants: 3
number of coefficients: 5
10.2 49 24.8
807.1 -98.2 -71.9 6.1 -32 8.4
1923.4 186.7 -66.6 -68.1 -60.6 -90.1
2192.6 88.7 -41.5 77 -127.2 10
9.2 30.1 55.2
811.3 -98.6 -71.7 3.9 -32.1 8.7
1963.5 216.8 -96.6 -89 -21.2 -26.2
2324.4 22.7 -52.8 -38 -99.1 -3.8
8 22.4 73.8
817.4 -99.1 -68.3 2 -30.2 9.3
1975.7 234.4 -61.7 -57.4 -5.7 -16.3
2475.6 -88.4 -42.6 -144.4 0.8 -34.8
7.8 10.1 45.8
820.9 -99.2 -66.9 1.2 -28 10.1
1990.7 253.8 -34.6 -35.4 10 -5.7
2546.6 -109.2 -43.2 -140.4 10.2 -26.6
8.4 9.1 52.8
819 -101.3 -67.2 3.4 -25.5 10.9
1999 261.6 -32.6 -42.7 6 -10.3
2564.3 -114.7 -35.8 -130.9 67.1 20.6
8.2 9.9 60.1
815.5 -101.7 -64.7 5.5 -24.6 11.2
1996.8 266.5 -34.6 -54.5 7.3 -1.2
2473.9 -128.4 45.9 -122.3 83.1 42
9.7 14.7 46.3
815.5 -103.7 -66.9 9.5 -26.8 12.4
1997.5 259.3 -40.4 -45.1 7.8 9.2
2513.3 -229.1 38.8 -47.2 78.8 22.3
10.2 7.7 39.6
821.6 -103.6 -64.1 12.3 -27.7 13.7
2004.3 253.6 -39.9 -31 -0.3 1.1
2611.9 -192.4 27.4 2 73.1 38
11.3 7.8 29.4
829.8 -103 -63.8 16.6 -30.7 14.2
2020.7 244.9 -42.2 -29.7 -6.6 -5.5
2761.4 -15.1 78.5 13.1 67.3 31.5
11.1 6.2 8.9
841.6 -99.9 -60.1 19.6 -32.2 13.3
2036.8 238.8 -42.8 -29.6 -8.2 -9.3
2854.9 78.5 55.9 -75 -21.7 -0.2
9.8 5.1 9.6
851.6 -96.1 -55.1 20.3 -32.4 12.2
2047.7 236.5 -41.8 -28.7 -8.3 -11.8
2864.6 72.6 53.1 -67.6 -14.5 -0.3
9 5.4 10.9
852.3 -93.7 -56.9 17.4 -33.6 9.9
2049.1 240.6 -43.9 -31 -7.9 -14.4
2868.5 78.3 49.6 -70.6 -13.4 -2.6
9.4 5.9 11.7
848.9 -96.3 -63 15.2 -36.2 9.1
2047.6 240.6 -47.5 -34.6 -8.9 -15
2869 78.8 44.7 -75.3 -15.4 -2.9
8.8 5.7 11.2
849.4 -98.1 -61.3 13.1 -34.6 10.3
2047.5 239.3 -46.7 -35.4 -8 -12.9
2867.1 79.5 44.1 -79 -13.9 -0.1
8.9 5.1 10.1
849.6 -101 -60.8 12.5 -33.6 10.8
2048.3 233.9 -45.5 -36.8 -5.8 -12.4
2867.3 70.4 44.9 -80.1 -10.1 1.5
8.8 4.8 9.3
852.6 -105.1 -59.2 12 -33.1 11.1
2053.7 225.8 -43.3 -38.2 -3.4 -12.5
2875.9 57.5 45.7 -80.3 -5.8 3.7
9.1 5.2 10.1
857.4 -110.8 -58.9 11.3 -33.9 10.7
2064.2 216.1 -41.5 -42.4 -0.9 -14
2895.8 44.9 43.3 -83.7 -3.9 7.1
8.7 5.6 12.6
868 -120.1 -55.5 9.6 -33.9 10.4
2082.2 202.7 -39.3 -45.5 2.6 -15.9
2926.5 33 34.9 -86.1 -1.4 13.2
8.9 5.9 18.1
884.7 -133.2 -49.6 7.7 -34.2 10.8
2108.5 185.7 -36 -46.5 6.8 -18.4
2969.4 22.2 19 -84.8 2.7 20.5
12.4 8 28.1
903.2 -153.7 -50.2 6.8 -39.7 9.7
2139.8 163 -35.2 -45.6 5.6 -18.5
3023.4 4.7 -11 -69.2 -1.1 30.2
winner is: 16
