Regression analysis information for: S18_selected_tokens_0008
number of formants: 3
number of coefficients: 5
5.3 12.8 10.2
547.6 -69.1 -42.7 -2.1 -12.5 -5.9
1926.5 -205.5 -131.1 -27.5 -23.3 -6.3
3001.8 -63.4 -62.9 -13 -17.7 0.4
4.9 11.7 7.3
557.8 -61.7 -43.3 -1.6 -10.9 -5
1933.2 -197.8 -122.9 -25.8 -20.8 -5.9
2985 -76.7 -61.1 -11 -14.6 3.5
7.1 11.5 3.6
548.7 -42.4 -52 1.8 -12.3 -3.8
1937.1 -198 -121.6 -25.8 -20.1 -6
2995.6 -81.5 -50 -11.3 -9.8 2.6
5.3 12.9 71.3
515.9 -36.5 -43.1 -2.6 -14.1 -6
1932.7 -207.9 -132.8 -28.4 -23.3 -7.1
2995.1 -9.1 -110.5 50 -67.3 61.9
5.4 12.6 19.1
500.3 -37.2 -31.9 -5.5 -10.4 -2.8
1925 -216.4 -136.4 -28.2 -21.6 -6.3
3035 -82.6 -90.5 -48.3 -50.9 -30.8
5 13 14.8
497.2 -36.1 -25.6 -6.4 -11.2 -3.4
1920.6 -215.1 -125.7 -24.9 -21.5 -7.3
3040.4 -75 -83.3 -26.7 -24.1 -9.3
4.5 12.3 6.4
500.6 -32.3 -22.4 -6.6 -10.2 -3.4
1930.6 -202.1 -115.6 -25.1 -20.4 -6.9
3060.3 -36.5 -41.6 -2.5 -9.3 0.2
4.3 11.4 4.1
502.7 -29.8 -23.1 -6.9 -10.5 -3.5
1938.3 -194.5 -115.2 -25.7 -19.4 -5.8
3080.4 -10.8 -26.9 2.4 -4.8 6.2
4.9 11.4 6.5
502.1 -29.2 -26.5 -7.8 -12.3 -3.7
1938.7 -192.6 -121.1 -26.5 -20.2 -5
3093.5 7.4 -22.4 3.9 -2 9.3
4.8 11.1 7.5
502.4 -28.6 -28 -7.8 -12.5 -3.5
1940.7 -189.9 -125.6 -26.7 -20.1 -4.4
3098.8 14.8 -28.9 2.6 -2.9 9.7
4.2 10.8 10.2
504.6 -27.7 -26.3 -6.9 -11.3 -3.3
1947.9 -185.9 -124.2 -25.6 -19.1 -4.3
3103.8 12.8 -35.7 2.5 -5.1 9.7
4.4 11.2 11.7
505.5 -28 -26.8 -7 -11.5 -3.5
1951.8 -184.3 -125.9 -24.8 -18.1 -3.9
3111.5 19.5 -36.5 5.5 -2.7 11.6
5.6 11.1 14
504.5 -30.9 -30.2 -8.3 -13.6 -4.4
1954.6 -189 -129.8 -23.8 -19 -2.6
3128.4 28 -27.4 12.8 1.3 15.9
6.9 11.7 14.4
502.8 -33.8 -33.8 -10.3 -15.4 -6.1
1965 -193.1 -129.7 -23.3 -17.8 -2.5
3154 30.2 -16.7 18.7 7.5 17.4
7 13.3 11.6
495.3 -30 -39.6 -11.3 -15.8 -8.8
1983.8 -199.2 -127.7 -23.6 -15.4 -3.2
3189 17.2 -11.4 19.1 10 14.1
9 16 9.7
445.5 4.2 -73.5 -8.3 -16.8 -24.5
2002.6 -214 -136.4 -25.3 -12.7 -3.8
3247.6 -1 -4.8 18 16.8 13.3
241.9 207.6 109.1
926.1 -705.1 707.2 -43.3 28.3 300.4
2519.7 -630.2 518.9 21 133.6 270.8
3491.3 -70.7 179.6 99.6 60.9 122
41 183.2 140.8
1961.6 -213 -244.6 -21.9 37.7 -51.1
3176.4 307.7 -156.8 141.6 -59.2 -207
3794.3 166.9 -42.2 11.4 -40.9 -57
58.2 81.9 47.6
1825.6 -217.1 -168.6 11.6 -25.7 -88
2775 150.3 85.6 35.6 -11.7 141.4
3655.4 52.9 62.1 67.8 76.8 62.6
36.5 65.7 31.9
1777.3 -220.7 -131.5 -7.8 -38.8 -49.3
2812.4 97.1 51.4 55.8 16.9 122.5
3676.1 35.6 25.2 29.6 37.5 32.4
winner is: 8
