Regression analysis information for: S18_selected_tokens_0097
number of formants: 3
number of coefficients: 5
8.2 2.9 88.3
841.2 -45.4 -100.4 0.6 -17 2
2088 29.3 -9.6 -18.8 5.1 0.3
2501.9 -90.9 129.2 -18.1 -9.2 -72.8
8.4 2.2 60.2
847 -44.3 -99.6 2.3 -18.3 3.4
2081.2 25.4 -6.1 -18 4.5 0.2
2750.5 -34.2 65.6 7.4 79.4 -25.6
9 2.2 52.2
850 -45.4 -101.7 3 -18.9 3.2
2079.5 23.7 -4.5 -16.6 3.7 -0.3
2874.9 -92.8 -6 -35.2 44.7 -46.2
9.3 2.2 33.1
856.5 -46.2 -100.4 3.9 -19.8 4.4
2081.7 24.2 -4.3 -14.7 3.2 -0.6
2870.4 -123.2 43.4 -44.2 36.8 -30.2
9.2 2.3 22
858.6 -48.2 -99.8 4 -19.1 4
2085.7 24.5 -5.1 -13.9 2.6 -0.7
2885.7 -125.4 41.7 -37.8 16.1 -13.5
9 2.6 13.5
858 -49.8 -98.7 1.9 -17.5 3.8
2088 23.6 -5.3 -13.7 2.8 -0.5
2903.3 -131.6 36.3 -25.8 2.1 -5.1
9 2.1 12.2
854.5 -51.5 -99.6 -0.6 -15.7 2.6
2086.3 19.7 -5.4 -15.2 3.7 1.1
2912.7 -154.1 34.7 -17.4 -1.9 7.2
8.4 1.5 10.8
854.5 -49 -98.2 -1.3 -16 2.1
2083.8 18.8 -3.6 -17.3 3.4 0.6
2911.4 -173.4 46.7 -18.9 -7.4 21.3
8 2.1 7.5
856.1 -48.5 -98 -0.8 -16.3 1.6
2085.9 20.1 -2.1 -16.7 3.7 -1.6
2909.2 -166.8 55.4 -23.2 -2.3 11.8
7.8 2.7 6.9
856.7 -44.9 -104.2 2.9 -20.6 3.5
2093.3 24.7 -4.5 -15.9 1.3 -3.1
2928.3 -160.9 57.1 -30.8 -2.1 -1.1
8.2 4.3 16.5
861 -38.4 -108.6 7.4 -25.7 7
2100.6 35.2 -12.3 -11.3 -3.5 -1.6
2940.6 -130.1 34.7 -16.6 -17.6 8.4
8.7 4 13.8
862.7 -34.7 -113.2 8.6 -26 5.4
2107.3 44.3 -16.3 -9 -2.9 -3.5
2942.4 -90.6 9.4 -2.7 -18.7 -1.7
9.1 3.5 13.1
868.7 -33.7 -111.9 7.9 -25.5 4
2118.2 49 -13.3 -9.8 -0.1 -5.9
2977.1 -108 41.5 -29.1 8.3 -24.6
9.4 4 8.8
880 -37.2 -104.5 6.5 -26.3 4
2132.2 47.4 -5.6 -10.7 0 -7.1
3011.7 -123.1 64.4 -30.9 1 -12.3
9.7 5.3 12.9
889.5 -46.8 -101.9 6.5 -30 6.4
2146.3 40.5 -1.6 -10.4 -2.7 -4.6
3038.9 -137.9 70.3 -27.4 -9.4 -3.6
10.6 6.1 13.1
901 -58.8 -100.2 8.5 -34 11.3
2158.2 32.7 -4.1 -8.1 -3.8 -1.9
3058.6 -148.6 62.7 -22.4 -10.7 0.4
11.9 6.7 13.3
908.7 -63.3 -104.3 13.5 -37.9 15.9
2166.8 30.7 -10.6 -3.9 -3.5 0.7
3074 -152.5 51.4 -16.6 -8.3 3.9
11.6 6.6 13
915.6 -61 -106.9 15.4 -37.2 16.6
2174.2 34.4 -16.2 -1.5 -1.2 1.3
3087.1 -145.2 42.4 -13.6 -3.2 5.8
11.1 6 12.5
916.9 -55.2 -114 16 -35.9 13.6
2180.5 42.8 -19.7 -0.8 1.2 0.4
3098.8 -133.6 36.2 -12.6 -0.8 5
11 5.5 11.5
923.8 -50.1 -113.6 14.4 -34.3 12.7
2188.4 51.7 -20.1 -0.9 3.4 -0.4
3110.4 -117.4 34 -13.6 3.5 3.6
winner is: 10
