Regression analysis information for: S18_selected_tokens_0042
number of formants: 3
number of coefficients: 5
4.5 11.8 12.6
501.5 61 19.5 1 4.4 9.3
1008.9 -26.2 144.2 -48.6 46 -16.8
2568.5 39.1 -19.9 -10.3 8.3 11.6
4 12.7 14.8
497.5 61.8 16.8 -3.6 6.2 7.6
1009 -30.1 145.8 -54 48.6 -19.7
2575.5 43.4 -21.7 -10.2 6.4 15.4
2.6 12.5 14.9
491.5 59.1 13.8 -5.1 3.1 3.6
1002.2 -27.1 140.4 -50.9 47.9 -20.4
2573 42 -12.8 -19.7 14.5 15.8
1.4 13 14.4
489.5 58.5 11.1 -5.9 1.4 2.2
1002.8 -30 140.7 -53.2 46.9 -22.6
2560.5 41.9 -15.4 -21.5 16.1 14
1.2 11.9 14.9
490.7 58.9 10.3 -5.5 0.9 1.4
1001 -24.9 137.2 -49.9 45.6 -20.9
2566.4 45.1 -25.2 -14.4 11.3 4.8
1.8 11.8 17
494.4 59.2 11.3 -5.5 0.7 1.1
1003.9 -25.8 139.5 -51.2 45.5 -21.3
2592.4 37.4 -24.4 -8.9 4.4 5.4
2.5 13.1 17.6
499.5 60.3 12.9 -5.8 -0.3 1.3
1009.3 -31.8 145.6 -56.2 46.2 -23.6
2622.3 30.7 -22.9 -2.3 -7.5 12.4
3.6 14.7 14.3
505.7 60.9 14 -4.7 -1.7 1.4
1007.6 -29.6 145.6 -56.3 48.7 -24
2658.5 17.5 -27.5 14.9 -20.8 14.6
5.2 16.9 19.8
510.4 61.7 12.7 -2.8 -5.7 2.5
1006.6 -30.3 150.1 -63.9 53 -26.9
2688 2.5 -50.8 51.3 -48.5 8.6
6.9 16.8 25.2
516.1 74.8 16.9 -10.7 -8.2 4.2
993.1 -27.8 151.9 -65.3 54.7 -18.8
2737.9 8.1 -87.7 79 -53.1 -14.9
15.7 29.7 42.6
538.9 125.7 43.5 -49.7 -56.8 -1.3
949.9 -90.1 151.4 -45.9 84.1 2.2
2794 48.9 -105.7 59.4 -55.3 -10.1
57.2 21.5 51.7
489.5 79.8 58.3 -54.6 -82.3 26.7
915.8 -108 149 -27.1 89.7 -18.1
2836.5 63.5 -106.7 24.2 -64.9 12.7
151 702 355
577.5 39.7 5.8 -94.3 3.6 63.5
1465.3 80.7 -25.2 -275 303 85.4
3156.9 175.2 -201.3 -110.5 36.9 75.4
162 660.6 339.5
598.7 31.2 43.2 -192.7 58.9 78.4
1595.4 -63.5 -79.4 -435.2 379 259.7
3232.6 57.1 -205.8 -184.3 96.2 154.3
141.2 663.9 320.7
740.7 -122.7 104.4 -83.1 57.4 83.6
2116.5 -385.4 -10.1 209.3 175.2 308.2
3519.1 -85.9 -112.1 123.7 50.3 186.4
36.9 309.9 128.2
841.3 -47 105.4 44.6 85.8 -27.1
2527 -2.3 -77.3 478.2 214.7 -138.1
3733.7 121.2 -106.2 266 72.4 -7.9
25.8 86 42
854.2 -32 90.9 16 72.7 -13.7
2651.1 162.3 -225.5 27.6 3 -4.6
3766.7 159.2 -144.1 116.5 3.2 41.1
14.4 31.4 37.9
865.3 -24.9 89.5 -2.2 59.7 -13.8
2614.4 142.8 -179 -18.7 -29.7 33.1
3751 155.4 -132 108.7 -14.9 47.6
14.5 19.6 34
865.6 -24 89 -2.6 60.6 -13.6
2609.6 96.6 -136.9 11.8 -32.2 32.1
3752.5 144.1 -121.3 115.2 -18.4 42.2
15.8 21.7 37.6
866.2 -25.2 90.2 -3.6 62.6 -14.1
2657.9 66.1 -136.4 43.8 -55.3 34.2
3756 161.7 -132.2 125.7 -14 31.9
winner is: 5
