Regression analysis information for: S18_selected_tokens_0025
number of formants: 3
number of coefficients: 5
2.7 108 15.6
408.4 -53.9 12.1 -12.7 2.9 -8.6
2240.2 352.9 -451.6 -143 -193.3 -107.8
2844.4 -47.1 -36.5 -95.1 -21.6 -11.2
2.2 86.7 32.8
408.6 -54.1 12.9 -10.8 3.5 -7
2254.6 361.9 -429.5 -122.8 -174.2 -86.4
2876.9 -16 -68.6 -128.6 -26.8 -15.4
2.3 106 59.6
407.4 -52.6 12.3 -9.2 3 -6.5
2255.5 380.7 -385 -89.1 -179.4 -100.4
2814.1 -67.6 10.9 -60.7 -58.3 -59.6
2.4 37.4 51.4
404.9 -50.1 9.2 -8.1 2.4 -6.3
2249.6 406.8 -332.6 35.6 -3.9 56
2806 -68.7 74.8 21.8 29.6 8.4
2.4 22.7 45.8
404.7 -48.4 7.9 -7.7 2.2 -6.5
2333 547.8 -276.7 25.1 -41.2 29.1
2856 -40 -9.6 -21.3 92.7 62.2
2.4 16.9 31.1
405.9 -47.9 7.5 -7.7 2.1 -6.4
2339.8 553.1 -268.4 44.7 -32.4 27
3066.1 257.6 38 -98.9 7.7 33.2
2.5 15.8 12
407.7 -48.8 7.6 -8.4 1.9 -6.5
2346 543.5 -274 51.2 -30.7 24.8
3094 271.4 52 -79.9 2.3 1
2.7 14.9 10.4
409.4 -50.7 8.1 -9 1.9 -6.8
2355.4 535.9 -276.2 55.4 -30.6 22.8
3110.1 256.3 49.4 -74.8 6.1 -0.6
2.5 15 8.8
410.5 -51.1 9.1 -8.6 2.7 -6.9
2366.8 520.9 -272 59 -31.4 21.8
3119.4 243.1 48.8 -68.2 6.2 -3.5
2.6 16.2 6.7
411.1 -51.2 8.7 -8.4 2.8 -7.6
2373.5 515.7 -273.7 61.4 -32.9 19.2
3129.5 234 45.3 -66.4 5.2 -8.3
3.2 17.7 6.3
411.1 -51.4 7.3 -8.7 2.2 -8.7
2375.6 522.7 -280.9 64.1 -34.1 16.2
3142.8 233.7 41.6 -66.5 4.6 -11.4
3.3 18 7
411.1 -50.4 6.5 -8.3 2.4 -9.2
2383.2 526.3 -283.1 67.2 -33.9 14.6
3156.3 239.7 36.6 -64.4 6.2 -13
3.2 18.4 7.2
410.1 -46.6 5 -6 2.3 -8.6
2396.5 526.3 -279.6 71.1 -33.6 16.2
3171 248.8 33.6 -61.9 9.2 -12.9
4.1 20.5 8
405.5 -38.6 -1.6 -0.3 -1.2 -6.9
2403.5 535.3 -283.4 76.5 -36.5 19.5
3187.1 257 32.1 -63.1 11.7 -11.4
11.2 22.9 10.2
386.2 -4.4 -30.1 23.3 -16.8 2.4
2407.3 547.7 -293.9 86.9 -44.6 26
3202.6 261.8 27.4 -63.3 10.8 -8.5
113.3 101.4 86.7
528.6 -285.4 223.3 -181.9 129.1 -79.3
2623.3 151.3 60.4 -205.4 178 -121.4
3365.6 -12.8 267.3 -256.9 151.8 -83
169.4 72.9 95.6
634.1 -471.3 327.9 -162.5 5.9 107.5
2719 14.4 136 -193.5 103.1 -4.9
3471.6 -147.6 337.4 -242 73.4 44.3
166.7 56.3 87.1
717 -608.2 329.4 -0.1 -212.8 243.7
2777.8 -35.2 118.2 -111.3 10.1 50
3564.9 -218 320.4 -150.4 -37.2 130.5
522.5 137 138
982.7 -645.6 -117.4 3.1 42.5 473.2
2878.8 -4.1 -45.9 -115.1 121.5 95.2
3692.2 -210.6 180.1 -116.1 6 177.7
236.1 99 56.1
1696.6 -586.2 -1192.4 -108.8 175.9 295
3111.9 109.3 -374.5 -251.1 227.1 86.3
3896 -185.3 -42.3 -33.9 5.2 19.5
winner is: 10
