Regression analysis information for: S18_selected_tokens_0090
number of formants: 3
number of coefficients: 5
16.1 189.6 30.1
605 -224.1 -85.5 16.7 9.6 -13.3
1727.7 -633.6 -479.7 184.9 295 46.9
2874.9 8.8 -56.4 47 -9.3 -1.2
42.8 260.7 67.7
627.2 -188 -80.6 8.3 8.9 0.6
1879.4 -485.3 -566 38 367.3 355.1
2964.1 47.6 -93.4 7.1 37.4 75.5
33.7 118.5 37.9
685.4 -65.1 -6.3 24.7 6.1 10.2
2429.5 395.1 -189.3 -79.6 -14.6 20.7
3150.2 244.6 -7.1 -22.9 -44.7 5.7
9.7 8.3 15
696.3 -18.9 22.9 24.4 -3.7 12.1
2497.8 511.5 -107.8 -30.1 -2.3 15.5
3197.4 234.9 35.1 -9.3 -37 -1.9
11.1 63 103.2
688.8 -8.7 37 22.6 -17.3 9.3
2461.5 525.1 -53.7 -68.5 -47.2 69.6
3037.1 408.8 76.3 -119 -60.7 110.8
11.3 63 63.9
685.4 -7.3 44.4 24.9 -24.1 3.3
2464.7 516.4 -67.8 -46.3 -55.5 37.2
3061.8 341.1 120.3 -133.9 -90.6 152.5
11.8 10.9 21.2
686.5 -10.2 47.1 26.7 -24.9 1.2
2495.6 510.3 -122.3 -32.2 1.4 15.7
3190.1 229.2 3.1 -2.1 -38.7 12.2
11.9 10.4 11
687.2 -18.6 46.6 28.9 -22.7 0.4
2500.2 508.2 -114.9 -32.6 3.4 16.6
3199.3 227.8 15.5 -8 -21.2 -4.2
13.7 10.5 9.7
669.9 -49.9 46.3 40.6 -12.1 4.8
2509 510.4 -108.1 -33 5.4 17.1
3218.3 239.7 28.8 -14.5 -20.3 -8.5
13.8 10.4 8.7
641.2 -101.7 24.7 33.5 -15.5 1.2
2517.4 514.9 -101 -31.5 10.3 19.5
3236.9 251.2 44.2 -12.7 -13.6 -6.9
5.4 8 11.8
612.5 -149.6 1.1 24.4 -17.1 -6.8
2524.2 519.5 -95.4 -29.6 12.1 20.3
3250.8 268.8 53.5 -14.1 -15.8 -11.8
4.9 6.7 17
604.1 -161.8 -0.3 24.4 -19.5 -9.2
2527.4 524.7 -90.3 -29.2 12.2 24
3257.2 281.5 66.8 -12.2 -19.5 -8.1
4.8 6.6 16.1
602.2 -165.2 1.7 24.2 -19.1 -8.2
2526.9 524.8 -84.3 -31.7 9.9 26.6
3253.9 280.1 81.8 -15.6 -25.6 -6.3
4.9 6.1 14.1
603.4 -168 2.2 24.7 -18.2 -7.8
2529.2 521.7 -83.6 -31.6 10.4 25.4
3259.2 273.4 84.9 -14.9 -24.9 -9.8
5.1 6.4 13.1
605.2 -171.9 2.2 25.4 -17.9 -7.3
2534.2 518 -84.5 -30.1 12.3 24.8
3271.7 264.8 84.2 -12 -22.5 -8.8
6.5 7.7 16.2
606.3 -177.3 0.3 26.1 -19.8 -7.8
2539.3 516.7 -87.6 -28.4 16.4 25.5
3285.3 253 81.4 -5.6 -14.1 -1.3
6.6 8.7 17.6
609 -181.4 1.3 26.8 -20 -7.8
2544.5 508.4 -91.3 -26.3 19.9 24.9
3292.2 225.5 72.7 -0.1 -6.2 2
6.5 10.6 13.6
611.9 -184.7 2.9 27.5 -20.7 -7.4
2547.1 496.2 -97.7 -25.4 21.3 22.6
3294.9 190.6 57.7 1.2 -5.6 -1
6.5 12 11.6
614.2 -187.7 5.1 27.5 -21.9 -6.8
2553.6 489.8 -103.1 -24.7 22.8 21.1
3313.4 180.3 50.2 0.6 -7.3 -2.9
6.2 13.2 12.2
613.8 -192.2 9.5 26.8 -24 -6.2
2568.8 493.8 -107.1 -24.1 27 21.4
3353.5 195.4 47.5 -4.4 -6.8 -2.2
winner is: 15
