Regression analysis information for: S18_selected_tokens_0062
number of formants: 3
number of coefficients: 5
7 25.1 13.7
352 -24.4 -20.6 -8.2 -15.2 -2.7
2184.9 287.9 -16.9 -73.3 -41.3 -48
2592.5 81 42.9 66.8 49.4 47.7
6.5 21.9 13.4
350.7 -25.4 -17.7 -8.5 -14.9 -3.4
2193.9 297.7 -8.6 -60.6 -30.4 -39
2603.6 85.8 41.4 61.4 42.5 42.7
6.5 28.8 17.6
348.1 -26.5 -16 -8.5 -15.1 -2.8
2203.3 315 3.6 -57 -22.6 -34.5
2610.3 92 43.2 52.7 35.1 35.1
6.7 23.6 17.6
346.6 -27.4 -17 -7.6 -16 -2.6
2207.1 319.2 5.8 -56.8 -21.3 -32.4
2611.1 94.1 44.6 57.9 34.4 38
7.8 17.5 20.2
345.1 -28.7 -18.3 -8.8 -17.6 -3.9
2208.4 340.3 22.5 -47.4 -9.5 -17.9
2600.5 96.7 55.1 67 51.8 50.6
87.4 27.4 42.9
381.9 43.6 55.1 63.1 54.7 66.8
2218.4 360.3 46.8 -26.6 10.3 4.3
2619.3 137.4 99.7 107.8 81 75.5
88.8 30.8 49.3
382.7 44.5 56.4 64.2 56 67.8
2224.1 365.2 57.7 -17.9 17.6 9.9
2627.5 148.4 121.1 133.1 103 90.8
89.1 33.8 49.6
383.5 44.2 56.3 63.9 56 67.5
2235.5 359.4 58.2 -9 27 13.5
2658.1 170.1 130.6 131.6 92.6 81.4
9.9 25.5 17.1
347 -32.1 -19.2 -11.8 -19.3 -7.8
2249.8 332.5 36.2 -7.2 17.9 4.8
2683.7 147.2 89.7 83.7 30.4 34
10.5 27.7 24.8
348 -33.4 -20.2 -12.1 -20.5 -8.3
2275.2 313.1 24.6 9.2 14.5 7.7
2735.6 151.5 74.5 79 -0.8 32.8
88.6 36.2 59.7
386.1 40.9 53.9 63.7 53.2 66.4
2306.7 308.4 26.8 34.7 22.1 23.6
2818.1 195.2 86.4 113.3 -4.6 71.8
89.2 35.2 62.9
385.7 39.5 53.6 64.1 52.3 66
2327.3 297.7 23.7 46.1 22.6 31.7
2877.1 203.6 73.1 118.2 -24 89.7
90.6 35.5 68.6
386 40.7 57.8 66.4 54.5 66.7
2340.9 290.7 24.2 53.7 24.7 39.6
2921 214.4 75.6 123.8 -24.8 110.9
91.1 36.1 72.8
383.7 38.4 57 65.3 52.6 64.9
2346.6 294.7 28.1 56.7 31.1 43.6
2939.3 238.9 88.9 131.2 -8.2 125.4
162.2 52.7 121.6
420.4 112.7 130.9 139.3 124 135.5
2357.5 315.6 53.7 69.7 54.9 61.5
2978.1 322.1 169.6 190.2 60.5 181.3
166 55.7 118
411.4 105.8 123.7 139.7 119.8 138.5
2370.6 315 63.2 73.9 64.8 63.6
3019.7 358.2 188.3 197.4 60.5 179.8
197.3 69.9 137.9
424.1 162.4 161.6 182.4 125.6 142.6
2398.9 324.6 86.7 89.7 78 60.5
3087.3 422.4 226.2 223.3 61.7 174.8
405 121.5 217.1
635.8 231.5 574 191.5 383.2 41.4
2480.2 350.9 196.9 105.6 140.2 29.9
3255.5 503 429.5 234.9 164.6 110.8
421 125.3 196.4
782.4 238.4 888.1 160.8 517.7 -56.8
2543.2 385.9 266.4 128.6 158.8 6.8
3385 571.6 557 253.1 208.7 83.4
401 123.5 158.6
964.2 567.6 1028.7 169.9 364.4 -347.2
2635.4 505.4 310.9 134.5 95 -103.9
3515 720.3 590.9 274.9 149.7 -30
winner is: 2
