Regression analysis information for: S18_selected_tokens_0040
number of formants: 3
number of coefficients: 5
1.7 11.4 7.6
501.2 -76.7 -14.8 0 -2.6 -0.8
1639.1 24.7 -117.4 -6.2 -48.7 -8.7
2862.8 -180.1 85.9 -35.1 1.3 -5.6
1.6 12 7.3
497.6 -83.8 -11.8 2.9 -1.5 -0.2
1643.6 19.8 -111 -5.2 -48.3 -7.1
2873.3 -148.9 77.6 -34.9 3.1 -4.4
1.7 11.1 9.5
492.8 -83.3 -8.6 2.5 -0.6 -0.2
1637.8 17.9 -108.6 -3.9 -47.6 -7.7
2883.2 -157.5 73 -30.8 1.2 -5.1
1.4 10 9.1
492 -82.2 -8.4 2.3 -0.5 0.4
1632 20.7 -112.9 -6.2 -48.1 -8.3
2875 -173.4 83.3 -27.8 -2.2 -5.8
1.4 10 8.4
492.9 -80.1 -9.2 1.7 0 0.7
1633.9 26.7 -114.4 -7.3 -46.1 -7.9
2882.3 -158.4 79.1 -41.8 -0.3 1.9
1.6 10.8 7.7
495.1 -79.4 -9.9 1.3 0.3 0.9
1639.9 28.2 -115.5 -8.3 -45.3 -6.8
2899.1 -143.6 65.8 -48.5 1.7 3.3
1.7 12.2 7.3
498.1 -78.9 -10.3 0.4 0.7 1
1651.3 29 -110.4 -7.3 -44 -4.5
2917.9 -135.8 54.9 -49.8 0.1 2.3
1.9 13.2 7.7
500.1 -80.5 -10.6 0.4 0.7 0.7
1656.8 24.9 -110.8 -7.9 -44.5 -4.5
2931.8 -143.5 48.1 -48.9 -2.7 -1.3
1.9 13.3 7.7
502 -83.1 -10.9 1.4 0.6 0.3
1658.3 19.8 -115.8 -8.4 -46.9 -6.3
2946.7 -154.1 45.8 -42.5 -6.6 -6.4
2 14.1 9.8
504.3 -85.7 -10.7 2.2 0.8 0.5
1666.8 17.3 -115.1 -7.3 -48.3 -5.7
2968.3 -154.4 41.4 -38.8 -11.5 -8.6
2.4 15.2 12.8
505.5 -89.8 -9.5 3.8 2.4 1.1
1680.6 16.9 -108.7 -4.4 -47.6 -2.8
2992.2 -148.7 35.9 -35.6 -14.2 -9.1
4 16.1 15.7
502.1 -99.5 -6.4 7.8 4.8 1
1689 14.5 -108.9 -3.3 -47.9 -1
3016.3 -146.9 30.1 -34.3 -13.8 -8.1
9.4 16.7 18.8
489.2 -120.1 1.9 18.9 9.1 -1.6
1689.9 11 -116.6 -2.8 -51.4 -0.6
3040.3 -149.5 24.6 -34.1 -13.5 -5.6
20.9 18.7 20.8
460.9 -157 19.7 41.9 15.1 -13.5
1688.7 12.2 -122 2.1 -56.1 1.6
3058.5 -150.4 22.2 -34.9 -12.5 -2.5
247.1 210.8 251.5
603.3 -31 -164.8 -362.1 -231.6 82.3
1851.8 196 -283.2 -316.8 -258.2 97.9
3250.5 27.8 -136.1 -368.7 -210.3 87.6
135.8 110.5 131.4
1037.7 678.1 99.5 -358.4 -158.7 202.2
2259.4 925.1 -111.6 -207.2 -123.3 189.5
3751.5 719.1 73.5 -307.6 -59.6 171.6
152 252 134.6
1396.9 317.5 -246.9 -145.5 165.9 -202.4
2878.6 79 -45.7 -255.5 297.3 -261.1
4198.5 277.5 -123.7 -183.3 226.3 -115.1
29 48.6 41
1471.6 130.5 -227.5 -11.8 -47.8 -46.3
2999.1 -217 -17.1 -38.8 -38.4 0.2
4226.2 161.9 -73 -74.3 32.9 62.3
24 25 25.6
1454.7 127.2 -213.4 -21.3 -43.3 -41.5
2933 -196.3 22.7 -75.2 -13.2 14.5
4134.6 169.6 -0.6 -71.5 45.5 35.6
23.3 21.6 20.7
1455.1 125.3 -210.3 -20.4 -43.2 -41.1
2930.7 -195 27.2 -69.3 -11.5 12.1
4142.1 153.3 -2 -55.1 39.9 33.2
winner is: 5
