Regression analysis information for: S18_selected_tokens_0119
number of formants: 3
number of coefficients: 5
7.4 7.8 22.7
847.4 -31.4 -69.4 -12.4 -24.1 6.7
1824.1 192.8 82.8 17.6 19.9 12
2579.9 -4.7 160.4 12.9 70.2 6.6
6.5 7.1 20
852.2 -30.2 -66.5 -12.4 -23.5 4.9
1828.9 187.4 76.6 16.3 18.5 9.9
2628.5 -2.9 156.6 15.7 60.1 16.3
6.3 6.4 13.8
854.4 -29.2 -65.6 -11.9 -23 4.1
1834.8 187.2 74.1 15.9 18.1 7.9
2649.4 3.6 133.9 15 38.6 15.9
6.1 6.2 21.7
854.9 -27.5 -65.3 -11 -22.6 3.7
1836.7 190.3 73 17 18 5
2655.7 21.5 116.9 21.6 31.5 -0.6
6.5 6.2 16.5
853.1 -25.8 -65.4 -11.6 -22.7 4.6
1832 197.5 75.5 14.8 19 6.8
2644.8 36.2 139.2 -0.6 56.7 -19.6
7.2 5.8 12.5
850.8 -27.4 -68.2 -11.4 -23.6 6.1
1832 198.3 78.9 15.8 20 10.3
2641.6 23.6 163.7 2.1 62.3 6
7.1 6.4 11.1
852.8 -29.5 -69.2 -12.1 -24.7 6.4
1839.3 190.8 74.5 14.8 17.9 14.2
2662.5 11.3 133.7 13.7 40.9 27.6
7.1 5.9 11.8
857.2 -31.4 -70.3 -12.9 -26.2 6.1
1854 183.4 67.2 12.9 14.7 15.7
2698.9 7.7 100 11.8 24.8 27.7
7.1 5 10.8
864.8 -32.7 -71.9 -13.4 -27.6 4.9
1876.8 178.2 56.9 11.8 13.2 14.4
2744.4 14.7 72.1 4.3 15.2 17.3
6.7 3.2 8
874.7 -31.8 -73.6 -14.1 -28.9 2.4
1901.4 178.7 48.1 11.1 12.9 10.5
2784.2 32.1 62.5 -1 7.9 6.1
5.6 2.5 5.7
885.9 -27.4 -71.1 -15.6 -29.5 -1.8
1919.3 181.9 43.8 9.8 13.4 5.8
2810.9 49 62.3 -3.4 4.2 -2.6
5.5 2.2 4.8
892.3 -21.8 -68.6 -16.9 -30.5 -4.9
1930.3 189.1 45.8 8 14.2 2.2
2828 64.1 67.8 -4.5 3.8 -7.8
5.6 1.7 4.4
894.6 -17.4 -66.2 -15.7 -31.1 -5.1
1933.5 195.3 48.9 9.6 13.5 2.6
2834 74.7 73.3 -2 3.3 -8
5.6 2.1 3.5
895.4 -15.2 -63.2 -14.4 -30.4 -4.3
1934.2 198 54.3 10.7 13.7 3.8
2835.4 80.1 81.7 0.6 4.2 -6.3
5.7 2.5 4.8
896 -16.5 -62.2 -14.4 -30.1 -4.3
1935.5 194.9 56.6 11 14.2 4
2836.3 75.9 84.5 1 4.8 -6
6.4 3.2 4.6
898.1 -19.1 -63.8 -13.8 -30.3 -3.1
1944.5 192.1 58.4 12 15 5.8
2848 71.8 87.1 2.8 6 -2.4
6.3 4.1 5.6
904.9 -22.4 -62.9 -13.5 -30.3 -3.2
1957.1 184.9 57.7 12.8 15.7 8
2863.7 65.3 87.3 3.1 6.3 0.4
6.5 6 7.4
915.4 -27.7 -61.9 -13.3 -31 -3.6
1975.3 175.6 56 14 15.7 11
2884.6 58.7 87.9 2.8 5.6 3.4
6.8 10 10.4
930.6 -36.5 -61.4 -13.2 -32.6 -4.7
2000.3 161.7 52.4 16.2 14.3 16
2909.8 50.2 88.4 1.1 3.8 7.5
6.9 17.7 17.2
952.2 -50.3 -61.4 -13.6 -34.6 -8
2037.1 138.8 45.3 22.3 9.9 24.4
2940.9 37.2 91.2 -2.5 0 15.6
winner is: 14
