Regression analysis information for: S18_selected_tokens_0102
number of formants: 3
number of coefficients: 5
10.7 6.7 52.1
927.7 -11.7 -53.2 -9.2 -25.6 -2.4
1584.6 1.3 51.9 20 4.2 6.7
2479.9 55.6 212.8 46.1 -4.2 -35.6
11 6.1 69
930.1 -11.3 -54.1 -9.2 -25.4 -1.4
1590 1.5 51.5 19.8 4.6 8.4
2570.6 -0.2 198.4 23.8 -30.9 6.9
9.9 4.7 58
931 -11.8 -53.8 -8.9 -23.5 -2
1589.6 0.1 49.9 20.3 7.7 8.3
2536 11.5 145.9 50.5 22.5 -3.2
10.5 5.4 38.8
930.4 -10.3 -57.2 -7.3 -24.1 -0.9
1587.3 3.4 43.5 23.7 7.1 10.4
2514.9 77.1 54.3 110.1 21.8 21.2
11.3 6.5 39.9
930.3 -11.5 -61.1 -7.3 -26.4 -0.7
1589.8 1 40.3 22.7 3.2 9.5
2608 23.5 51.9 111.4 -13 10.7
11.4 7.5 35.6
936.4 -13.3 -63.4 -8.7 -26.5 -1.1
1601.9 -2.7 38 19.3 0.9 9.4
2777.3 -29.3 -2.6 -1.4 -27 18.7
10.7 7.5 11.5
945.9 -15.4 -66.1 -10.6 -26.5 -2.9
1620.1 -6.1 37 15.3 -1.3 7.1
2794 -68.9 31.2 -33.3 3.5 -10.6
9 5.7 7.3
956.4 -16.7 -65 -13.7 -24.5 -5.7
1635.7 -7.8 38.6 10.5 -0.6 4.3
2809.7 -74.9 34.1 -34.8 8.7 -13.5
8.6 4.3 7.4
960.7 -16.5 -68.1 -15.3 -24.4 -6.7
1645.4 -4.9 38.8 9.1 -0.7 2.7
2821.5 -76.5 31.4 -35.3 8.2 -13.4
8.4 2.9 9
962.1 -15.3 -67.3 -15.9 -22.6 -7.5
1647.8 -1.6 41.1 8.9 2.4 1.5
2824.7 -71.9 31.8 -36.1 12.1 -14.7
9.3 3.1 8.4
964.3 -13 -63.7 -14 -21.5 -7.1
1649.5 2 45.2 12.7 4.6 3.4
2826.7 -65.5 38 -30.8 15.7 -11.1
9.9 3.7 7.9
967.2 -12.6 -62.9 -12 -20.9 -6.4
1654.7 3.3 48.5 16.5 5.8 5.5
2835.2 -68.1 42.2 -25 17.4 -7.5
10.7 5.2 7.8
970 -13.4 -65.6 -9.9 -22.1 -5.3
1661.9 3.7 49.9 20 4.4 7.7
2848.2 -75.9 42.9 -21 14.9 -4.5
10.5 5.6 8
977.9 -14.4 -65.3 -9.6 -21.8 -5.9
1670.2 1.6 50.5 19.9 3.5 8.6
2864.9 -80.6 40.7 -19.1 12.6 -0.8
10.5 6.4 9.5
986.7 -16.1 -68.4 -10.7 -22.3 -6.8
1680.4 -0.2 50.1 18.3 1.3 8.5
2885 -88.4 36.4 -22.4 10 -0.1
10.2 7.5 12.5
1001 -18.8 -72.9 -12.3 -22.5 -8.6
1694.6 -2 50.6 17.2 -1.9 9.3
2913 -98.8 31.7 -25.3 6.9 1.6
9.8 10.7 18.5
1020.7 -23.8 -81.3 -15.1 -22.4 -11.4
1712.5 -3.3 50.1 17.6 -8.3 12.2
2947.7 -114.6 24.5 -28.5 1.7 5
8.7 17 27.2
1051.1 -32.1 -88.1 -20 -18.8 -17.6
1735.5 -5.7 48 19.4 -17.7 18.5
2991.2 -135.3 16.7 -30.7 -3.3 10.9
12.9 29.6 41.8
1092.4 -45.2 -89 -27.4 -9.9 -29
1770.1 -12.6 40.3 24.7 -30.8 28.4
3049.6 -171 10.1 -32.2 -7 19.1
16.7 50.7 71.7
1130.2 -57 -90.3 -30.8 -3.8 -34.4
1849.2 -67.1 50 8.1 -15.4 11.1
3142.9 -267.5 13.1 -38.9 -11.5 34.5
winner is: 9
