Regression analysis information for: S18_selected_tokens_0016
number of formants: 3
number of coefficients: 5
1.8 1.7 2.1
604.3 -92.2 -6.1 -4.6 -14.4 -0.2
2154.1 50.9 -10.5 8.8 -5.7 3.9
2842 -24.2 6.2 20.4 -1.3 -3.5
2.1 1.7 2.2
600.4 -92.7 -7.4 -4.7 -14.8 -0.6
2157.6 50.1 -10.4 8.7 -5.4 4.1
2848.6 -22.7 4.8 20.4 -0.1 -2.4
2.4 1.7 2.1
594 -91.4 -9 -5.1 -14.1 -0.5
2161.4 48.8 -10.2 8.7 -5.4 4.1
2858.4 -22.7 3.5 20.9 0.4 -2.2
2.6 2 1.6
585.8 -89.1 -9.9 -5.1 -11.8 -0.6
2164.4 44.8 -8.7 8.5 -5.2 3.8
2869.2 -24 2.6 20.3 0.3 -2
3.5 2.5 2.1
576.6 -84.1 -14.2 -4.9 -12.9 1.3
2162.1 39.7 -9 7.3 -6.5 3.2
2872.5 -34.4 0.8 20.2 -0.5 -4.9
3.1 3.3 4.6
566.5 -75.1 -20.7 -2.7 -12.2 1.3
2151 43.9 -9.1 7.8 -5.5 3.5
2858.4 -49.4 8.3 21.7 -1 -5.7
2.5 1.8 2.9
566.8 -69.8 -19.9 -3 -11.5 1
2146.3 52.3 -9.8 7.3 -5.1 5.3
2847.8 -34.8 13.1 16.1 -0.5 -0.2
2.6 1.9 2.1
569.2 -68.8 -21.3 -2.8 -11.3 0.9
2153.6 58.3 -14.8 8.7 -2.7 6
2864.7 -17.5 0.9 19.3 7.1 1.5
2.9 2.2 2.2
571 -70 -25.9 -2.1 -12.2 1.5
2166.2 65.9 -21.2 12.3 -1.9 7.1
2894.5 1 -10.8 26.8 11.5 3
3 2.4 2.8
574.3 -72.1 -28.8 -2.8 -12.3 1.2
2181.8 68.1 -24.3 13.3 -0.8 6.5
2926.6 12.1 -18.3 29.2 14.1 1.2
2.9 2 2.4
578.4 -75.5 -30 -5.3 -12 0.2
2198.5 64 -24.6 11 0 5.5
2957.9 13.7 -22.9 25.5 15 -0.4
2.7 1.6 2.2
578.9 -84.2 -33.1 -8.3 -13 -0.1
2213.4 56.1 -18.5 8.3 0.7 4.1
2984.3 7.2 -13.9 22.7 15.2 -2.7
3 1.6 2.3
576.1 -97.5 -38.4 -10.6 -14.2 1.8
2227.2 45.6 -8.3 4 -0.5 3.9
3007.5 -4.3 2.1 17.4 10 -3.7
3.4 2.1 2.5
575 -108.9 -42 -12.5 -15 3.1
2241.8 31.5 -1.2 2.3 -4.4 5.7
3030.5 -20.8 9.6 16.5 1.3 -0.5
3 2.9 3
573 -117.3 -41.7 -10.3 -11.5 4.4
2257.7 21.2 -4.2 2.3 -10 8.4
3057.2 -31 0.3 15.8 -8.4 3.9
4.1 2.5 4
541.3 -161.6 -54.7 3.1 4.8 16.6
2274.6 22.4 -14.9 4.8 -13.7 9.5
3088 -23.2 -18.8 16.5 -15.7 4.2
171.3 67 59.9
1106.7 837.8 551.2 140.8 -194.6 -246.4
2532.9 433.8 205.6 44.6 -102.8 -94.1
3340 363.6 177.6 54.5 -95.9 -89.8
178 75.4 68.6
1226.4 974 440.5 -157.1 -342.1 -99.2
2598.4 456.3 105.8 -93.4 -151.8 -19.6
3406.5 386.6 86.2 -62.2 -131.5 -18.1
172.6 58.8 58.4
1467.7 1085.2 -6.3 -424.7 25.3 275.4
2665.2 387.5 -165 -209.9 10.1 120.7
3501.3 394.5 -104.8 -140.6 19.1 101.5
188.1 87.5 57.8
1653.4 1002.4 -442.9 -181.6 284.7 -64.6
2715.8 291.8 -310.3 -70.2 106.6 -18.1
3565.6 350.4 -240.4 -37.7 101.5 -27.2
winner is: 1
