Regression analysis information for: S18_selected_tokens_0055
number of formants: 3
number of coefficients: 5
8.1 5.7 24
553.2 76.9 -39.7 -31.8 -13.9 -6.1
1764.2 135.9 -23.9 -41 -1.2 -17.5
2709.5 203.9 -51.3 15.2 -18.5 11.6
8.3 5.5 20.6
556 79.5 -39.6 -31.8 -13.5 -6.6
1766.7 134.1 -23.7 -40.7 -0.4 -17.6
2705.4 197.4 -38.5 26 -15.2 12
8.3 5.2 20.4
556.8 81.9 -38.7 -31.7 -13.7 -7.6
1768.4 136.1 -24.4 -41.6 0.8 -18.7
2704.6 187.2 -42.5 27.2 -13 13.5
7.7 5.1 21.2
555 81.2 -37.2 -31 -14.4 -7.7
1768.3 139 -24.5 -41.6 0.3 -19.2
2710.2 191.6 -48.8 25 -12.5 13.9
7.4 4.9 19.4
552.7 78.6 -36.1 -29.9 -13.6 -7.1
1764.9 140.5 -24.6 -39.3 -0.5 -18.8
2717.5 203.6 -48.5 20.6 -12.6 11.1
7.3 6.3 18.2
550.9 76.1 -37.9 -30.5 -14.5 -7.1
1762.9 134.8 -25 -40.5 -0.9 -19.8
2717.9 207.2 -47.3 21 -15.6 10.6
7 7.7 15.4
551.4 75.5 -37.6 -30.5 -14.3 -7.2
1765 130 -22.2 -41.4 0.3 -20.8
2718.7 195.8 -41.5 18 -14 7.3
6.5 8.5 11.4
553.6 75.9 -35.8 -29.9 -13.4 -7.2
1770.4 127.1 -18.3 -41.1 0.6 -20.2
2725 181.7 -32.4 15.1 -10.9 6.1
6.4 8.8 9.9
555.7 75.5 -34.6 -29.5 -13 -7.5
1778.6 120.6 -11.4 -41.8 1.5 -20.6
2736.1 167 -21.5 15.6 -9.1 4.7
6.6 6.4 11.3
559.7 74.4 -34.3 -29.3 -12.9 -7.1
1795 108.3 -5.6 -43.7 0.1 -17
2761.6 146.6 -17.2 15.9 -10.8 7.2
7.3 7.3 15.4
563.7 72.7 -36.2 -29.6 -14.1 -6.2
1814.2 94.3 -2.7 -45.5 -4.8 -10.5
2788.1 131.7 -21.2 19.2 -18.8 13
7.6 10.5 17.8
568.3 71.9 -37.7 -29.6 -14.8 -5.5
1831.1 84.5 -3 -45.6 -10.4 -4.6
2810.1 120.6 -26 21.2 -25.1 16.8
7.9 12.2 19.2
571.7 72.1 -39.4 -29.7 -15.5 -5.2
1843.6 79.4 -5.2 -44.6 -15.4 -0.6
2825.3 115.7 -32 23.9 -30.1 18.6
7.6 10.8 16.6
574.7 73.9 -38.8 -29.5 -14.5 -5.5
1850.5 81.6 -6.3 -44.4 -15.1 -1.2
2834.7 115.3 -32.9 22.1 -27.1 15.6
7.3 8.8 13.4
575 75.3 -38.2 -30.1 -14.8 -6.2
1850.2 87 -4.4 -46.9 -12.4 -5.7
2835.1 119.6 -28.2 17.4 -23.3 10.8
8.3 9.1 10.2
575.3 74.4 -40.1 -31 -16.2 -6.2
1858.9 77 3 -52.8 -7.9 -9
2846.2 107.5 -17.2 9.3 -14.9 3.1
10.4 13.6 10
577.1 77.1 -41.2 -30.2 -18 -4.7
1879.6 54.6 22 -65.5 0.7 -16.8
2860.6 99.8 -12.7 7.6 -12.9 0.3
35.9 19.1 48.4
597 36.7 -1.9 -76.9 20.6 -45.4
1909.4 16.2 51.9 -88.6 11.6 -24
2882.5 77.3 13.4 -27.6 25.7 -42.5
51.3 28.2 92.2
609.1 -2.7 38.7 -139.7 60.9 -85.1
1927.3 -1.9 66.5 -105.6 14.7 -24.7
2874.3 103 20.9 -77.7 93.3 -113
163.4 108.2 149.9
801.9 -210.5 145 24.6 -74.4 76.5
2100.7 -166.9 148.7 48.8 -110.5 131.7
3204.1 -281.8 215.9 151.5 -174.5 238.8
winner is: 10
