Regression analysis information for: S18_selected_tokens_0075
number of formants: 3
number of coefficients: 5
5.4 11.7 9.3
388.2 0.1 -7.2 -7 -7.8 -4.1
1572 -28.7 172.8 -101 36 -29.8
2511.3 -57.3 5.2 3.4 0.9 -12.2
5.5 9.4 7.3
388.5 -0.4 -7.4 -7.1 -8 -4.2
1580.9 -35.7 174.7 -102.7 36 -27.4
2521.6 -60 7.3 3.5 1.9 -10
5.1 8.1 5.5
389.4 0 -6.4 -6.4 -7.2 -3.9
1585.5 -36.8 176.3 -101.7 36.3 -28.1
2529.6 -61.8 9.1 3.9 1.6 -9.7
5.1 8.5 5.6
389.1 -0.2 -5.7 -6.2 -7.7 -4.2
1581.7 -41.2 189.5 -98.9 30.7 -33.8
2526.1 -64.6 22.8 6 -2.7 -15.4
5.3 9.6 7.8
388.4 -1.4 -7.3 -6.4 -8.1 -4.1
1582.5 -54.8 184.9 -97.4 36 -28.9
2523.1 -79.4 14.5 7.5 3.6 -12.1
5.3 7.8 6.8
389.3 -0.4 -8 -5.7 -8.5 -3.6
1590.6 -42.5 168.2 -94.4 25.1 -21.8
2532.7 -65.9 -0.7 11.6 -8 -7.5
5.4 8.4 8.5
390.8 0.2 -8.9 -6.1 -9 -3.9
1612.4 -32.5 157.7 -103.3 20.2 -19.6
2555.5 -51.6 -4.9 9.2 -10.6 -7.3
5.5 12 10.3
393.7 1.1 -9.7 -6.4 -9 -4.2
1648.2 -14.6 143.9 -115.4 16.2 -14.8
2588.7 -31.8 -4.8 10.4 -12 -4.6
33.6 35.8 54.6
411.3 27.7 14.6 20.1 18 22.9
1729.4 -0.3 147.7 -128.8 40.4 14.1
2654.1 10.5 39.1 39 28.6 23.9
33.1 58.1 79
414.7 16.5 2.8 13.6 11.5 17.9
1883.3 -70.8 62.1 -184.5 48.8 68.2
2740.3 -10.1 60.4 -4.6 49.7 18.5
65 107.2 116.7
437.6 41.8 30.5 46.1 40.6 49.1
2068.1 -133.5 38.5 -94.5 49.2 146.9
2922.3 -54.2 57.4 -41.7 35.1 190.5
44.2 75.9 117.5
428.5 17.2 8.8 25.9 17.8 29.9
2094 -182.8 -15.6 -105.5 -6.2 97.2
2982.6 -154.5 154.2 -67 -67.2 266.3
89.6 85.7 173.8
451.4 68.7 59.5 74.3 65.9 75.9
2081.9 -158.6 63.8 -88.6 -40 129.3
2935.4 -104.3 244 -47.3 -0.8 211.2
100.3 99.4 181.5
448.3 66.5 57.4 71.7 69.5 79
2071.8 -41 132.8 -102.5 37.3 126
2942.9 -65.2 179 -61 33 179.5
107.6 116 186.3
635.4 422.8 365.9 313.7 227.7 145.3
2192.7 132.2 192.5 22.9 159.9 168.7
3065 275.8 371.5 116.2 119 260.7
42.5 145.1 91.6
593.7 331.1 271.3 231.9 155.8 89.6
2222.2 103.4 169.5 -20.3 64.7 185.9
3197.9 521.2 475.8 -77.1 -56.1 136.8
49.7 131.6 181
621.3 340.7 252.2 250.9 141.4 39.6
2358 39.4 3.9 100.6 107.3 43.4
3683.7 462 -165.4 72.4 160.3 -82.4
68.3 85.8 86.9
652.8 328.2 221.5 306.7 132.8 16.6
2419.7 -11.7 -5.5 139.1 57.9 61.9
3851.6 279.3 -143.2 183.8 -13.9 91.5
120.3 61 59.7
675.5 265.9 245.8 297.2 180.4 -3.7
2426.3 -101 -31.5 65.4 30.4 9.1
3924.2 107 -54.3 99.8 -19.7 85.6
216 142.5 92
707.1 174.4 337.7 221.1 286.2 -54.6
2466.6 -135.9 41.3 57.1 107.7 15.3
3949.8 147.1 -8.8 140.4 24.6 125.1
winner is: 3
