Regression analysis information for: S18_selected_tokens_0052
number of formants: 3
number of coefficients: 5
3.9 11.5 14.7
465.4 54.1 -14.5 8.2 -3.5 0.1
869.1 75.1 18.4 3.3 22.8 -8.9
2578.5 -82 -184.7 -40.2 -12.4 -43.6
2.7 12.2 15.1
468.9 53.8 -13 8.5 -3.1 -0.9
870.6 75.8 18.8 4.9 22.6 -8.9
2598.8 -67.8 -179.8 -33.5 -18.3 -41.7
3 11.4 14.2
470.2 54.9 -13.4 10.8 -5 0.4
870.5 78.1 18 7.5 21.2 -7
2612.2 -64.4 -178.5 -29.7 -22.5 -40.1
4 9.3 13.4
466.9 59.3 -15.6 15 -9 3
868.7 82.6 16.4 10.8 19 -4.4
2603.6 -67.9 -175.4 -22.7 -24.1 -45.9
4.3 9.2 10.2
466.5 59.1 -15.2 15 -9.2 5.7
868.8 83.4 16.3 11.2 18.7 -3.2
2597.6 -70.2 -170.6 -26 -20.7 -31.9
4.2 9.4 14.4
470.7 60.7 -14.7 16.3 -10.7 6.4
869.8 85.1 17.4 11.7 20 -3.8
2619.8 -57.2 -173.3 -21.7 -27.4 -29.5
4.9 10.3 20.6
479.4 63.3 -13.1 19.7 -14.5 8.1
866.4 88.3 18.2 10.8 25.1 -6
2654.4 -40.5 -178 -16.6 -37.3 -27.2
7.6 15 29.1
496.8 64.9 -8.1 26.9 -24.6 11.8
848.4 97 16.9 4.6 42 -14.2
2696.6 -24.7 -185.5 -14.5 -48.2 -25.9
15.2 26.4 38.4
518.2 88.6 5.2 31.2 -29 -8.2
801.5 97.9 5.8 2.3 66.6 -9.6
2746.5 -8.4 -194.2 -22.7 -59.5 -26.5
45.2 363.9 264.6
513.7 47.7 82.6 48.2 -21.3 43.3
1051.5 -415.6 289.7 -17.7 -170.4 400
3001.6 -376.2 -3.3 -74.9 -234.2 242.8
158.6 790.1 501.3
601.4 73.2 3.9 18.5 23.1 8.6
2032.7 9 -262.3 -161.2 -103.6 227.7
3625.8 76.9 -223.6 -2.4 -160.2 183.6
73.9 406.6 255.4
673.6 111.8 -55.3 -49.3 11.5 56.7
2363.3 46.8 -452.5 -323.8 10.5 410.4
3863.9 208.3 -192.1 -3.7 -74.6 239.1
35 190.3 155.3
695.4 98.6 -101.5 24.6 -31.5 37.6
2443.7 -97 -586.5 245.1 -248.8 180
3959.9 54.5 -224.7 192.1 -168.1 159.4
6.2 66.9 23.2
713.5 55.5 -65.4 -15.2 3.4 3
2567.5 -333.8 -321.4 -36.4 -82.3 -61.4
4082.3 -108.2 -59.3 -13.4 3.2 7
8.8 180.8 21.4
707.5 44.5 -74.6 -19.4 2 5.2
2567.6 -369.6 -477.1 -282.1 -192.7 -52.8
4092 -91.7 -54.1 -28.1 -12.4 6.6
5.8 241.3 31
705.1 38.3 -79.2 -23.4 -1.7 1.2
2680.1 -288.6 -693.5 -602.4 -366.2 -47.6
4094.7 -88 -55.4 -31.7 -7.8 11.3
39.3 332.8 52.1
685.9 7.3 -86.5 -8.4 31.6 33.7
2564.9 -525.7 -838.2 -478.6 -73 262.1
4089 -110.8 -84.7 -36.7 21.2 58.1
10.7 189.7 15.3
699.3 30.1 -82.3 -27.7 1.1 2.3
2844.5 -124.1 -725 -578.4 -430.7 -186.4
4120.5 -69.2 -80.7 -54.7 -25.6 3.8
3.9 170.8 26.9
705.5 45 -72.5 -25.4 0.7 -4.8
2956.2 28.6 -605.1 -466.4 -417.8 -247.9
4131.1 -53.6 -63.3 -31.5 -15 4.1
3.5 146.9 16.5
707.9 53.8 -67.7 -24 3.9 -5.2
2927.7 -47.5 -605.3 -399.9 -366.3 -207.5
4125.8 -66.6 -67.2 -27.7 -12.5 9.6
winner is: 5
