Regression analysis information for: S18_selected_tokens_0022
number of formants: 3
number of coefficients: 5
2.4 6.2 7.7
558.7 -58.9 -1.3 2 -1.7 0.1
1703 175.6 -36.5 23.8 -19.6 17.6
2967.5 -111.1 12.3 -30.5 20.7 3.7
1.7 5 3.5
561.3 -57.9 -1.6 1.4 -1.2 1
1706.5 171.1 -35.6 21.6 -21.1 18.3
2958.1 -106.3 10 -31 19.1 2.6
2 4.5 6.5
557.2 -57.5 -2 -0.8 -0.4 1
1705.3 171.7 -34.5 22 -20.7 18.4
2973.1 -107.6 7 -25.9 16.3 4
1.7 4.4 4.4
554.6 -56.9 -5.8 -2.5 -0.3 -0.1
1702 171 -39.2 19.5 -21.4 17
2980.2 -110.5 18.8 -20.3 13.9 7.6
1.4 5.2 4.5
554 -55.2 -8.4 -1.9 0.1 0.8
1700.1 172.3 -43.9 19.6 -20.6 18.5
2975.6 -114.9 22.9 -23.6 13.1 5.7
1.4 4.9 5.8
556 -54.8 -9.1 -2.1 0.6 1.3
1703.8 174.2 -43.9 19.5 -19.1 20.5
2970.5 -109.9 17 -22.9 16.2 4.9
1.6 4.7 5.6
558.5 -55.1 -9.2 -1.8 0.4 1.3
1708.4 176 -42.3 20 -19.1 21
2976 -108.4 16.2 -18.7 14.8 5.5
1.8 4 3.5
561.8 -56.2 -8.4 -2.3 0.8 1.3
1714.5 177.1 -39.4 19.6 -18.4 21.8
2989 -113.1 21.7 -18.4 15.5 7
2.4 3.1 3.9
566.3 -59.2 -7.7 -2.8 0.1 1
1721.9 175.7 -37.7 17.6 -20.8 20.9
3007.1 -123.9 23.8 -18 8.9 5.5
2.9 3.7 5.7
571.5 -62.3 -6.5 -3.6 -0.1 1
1731 177.4 -35.5 16.2 -22.7 20.9
3027.5 -128.1 25 -17.5 4.9 4.9
3.5 5.4 7.9
575.3 -67 -5.2 -4.2 0 1
1739 188.2 -33.1 18.9 -20.7 23.6
3048.5 -127 29.6 -11.6 6.7 10.3
4.5 6.4 8.4
576.9 -70.9 -3.5 -4.9 0.4 1.1
1746 195.1 -30.8 21.2 -19.4 26.9
3064.9 -122.6 31.7 -7.2 9.6 14.4
6.9 8 10.4
574.2 -75.6 -3.1 -6.1 -0.5 -0.3
1751.5 203.6 -27.4 25.1 -16.6 30.7
3078.1 -113.7 33.6 -0.3 14.4 19.2
17.7 10.8 16.4
566.4 -89.7 -8.3 -14.9 -8.9 -9.6
1755.4 211.6 -22.7 30.7 -12.4 36.5
3089.3 -105.5 40.1 7.1 23.1 27.5
91.5 80.5 75.7
613 5.6 101.5 84.8 91.4 85.1
1789.8 287.6 44.4 102.8 51.8 104
3127.8 -48.6 99.4 65.3 80.9 82.6
80.8 25.4 45.2
585.5 -3.2 107 67.5 70.6 80.1
1753.4 260.3 -17.6 65.6 -8 63.8
3126.9 -77.3 73.5 44.9 56.7 60.4
294.1 333.2 195.7
606.7 78.9 220.7 202.9 218.3 32.4
1916.6 153.6 94.8 83.1 257.9 -188.7
3239.4 -128.8 119.3 90 191.2 -55.8
306.3 200.6 153.4
1437.3 -108.3 -283.1 23.8 141.2 315.5
2940.6 -417.7 -146.6 -28.9 107.9 210.4
3826.6 -356.2 -141.5 -45.7 58.5 147.3
31.8 25.5 15.1
1605.9 253.1 -52.4 57.8 -16.7 19
3023.8 -195.7 -16.4 -58.2 -47 -22.2
3928.7 -95.5 23.1 -28.9 -25 -12.8
41.3 10.7 8.1
1564.2 203.7 -68.1 58.5 -5.6 25.8
2971.2 -196 6 -46.7 -13.2 -6.9
3889.4 -94.1 28 -27.3 -9.4 -8.7
winner is: 8
