Regression analysis information for: S18_selected_tokens_0043
number of formants: 3
number of coefficients: 5
5.9 19.8 11.1
517.9 61.2 -14 -7 -13.2 -7
1762 155.7 109.4 -51.8 52.6 -20.2
2624.9 29.9 -34.8 18 7.4 -5.6
5.7 19.8 9.9
520.2 62.3 -12.5 -6.3 -12.9 -6.6
1763 156.9 106.6 -50.3 50.8 -19.3
2626.2 25.1 -31.3 18 9.1 -4.1
5.2 20.2 9.9
519.2 66.1 -13 -6.7 -12.2 -7.7
1764.9 159.8 106.6 -50.8 50.8 -20.2
2633.6 21.3 -28.5 17.8 7.4 -2.4
5.5 20.1 10.1
514.4 69.8 -10.8 -8.6 -10.4 -7.2
1758.6 168 111.6 -54.8 53.1 -21.5
2640.8 25.7 -31.8 20.7 2.9 -3.6
5.8 19.5 16.2
510.3 65.1 -14.9 -9.2 -10.7 -7.2
1751.4 158.6 110.3 -52.9 58.1 -21.1
2621.3 28.6 -37.3 26.7 10.2 -7.2
5.1 20.1 11.2
512.1 64.5 -14.8 -8.6 -10.4 -7.1
1752.4 157.4 102.7 -52.1 54.5 -20.2
2623.6 22.7 -42.8 22.5 6.9 -5.7
5 20.7 8.6
515.3 64.7 -15.4 -8.5 -11.2 -7.3
1763.6 160.4 101.1 -53.8 51 -20.7
2647.6 24.5 -41.8 15.4 -0.8 -5.1
5.2 21.6 7.9
518.5 65.7 -16.2 -8.9 -12.7 -7.3
1779.3 164.2 107 -56.4 50 -21.1
2675 28.2 -32 10.7 -5.2 -3.9
5.2 22.1 7.3
521.7 67 -15 -8.8 -13.1 -6.9
1790.3 167.3 112.9 -57.8 49.6 -21.2
2697.7 27.3 -16.4 5.3 -4.5 -3.6
5.5 22.6 7.9
522.9 68.4 -13.9 -8.5 -12.8 -6.7
1795.9 169 119.7 -59.8 52.8 -23.3
2708.9 25.7 -0.6 -1.8 3.2 -8.2
5.6 22.8 10.1
525 68.7 -13.5 -6.6 -12 -6.1
1800.3 167.2 117.8 -56.6 53.9 -22.5
2723.1 15.2 5.7 -1.2 10.1 -8.6
6.2 23.2 11.3
526.5 70.1 -15.1 -5.6 -12.7 -5.5
1808.5 165.6 117.4 -56.8 54.8 -22.9
2739.4 7.1 8.3 -3.3 12.1 -10.4
6.8 23.5 11.6
527.4 72.5 -16.9 -5.3 -13.7 -4.8
1817.1 166.1 115.3 -58.1 54.3 -23.3
2755.4 3.4 7.1 -5.7 11.1 -11.9
8.1 24.2 12
526.4 76.3 -20 -6.4 -16.1 -3.7
1827.9 167.3 116.7 -62.3 55.4 -24
2770.1 2.8 4.5 -8.7 8.7 -12.8
10 25.8 11.5
524.8 80.4 -20.7 -8.8 -19 -1.3
1835.5 171.4 115.1 -66.4 54.3 -23.8
2782.1 4.7 2.8 -13 6.8 -13.9
14.5 27.8 11.9
520 88.5 -22.8 -11.5 -23.8 1.5
1843.5 181.6 112.5 -70.6 50.4 -22.7
2797.1 7.6 7.4 -19.4 4.7 -14.7
137.6 80.1 68.3
551.1 58.1 97.8 -92.2 87.3 -47.3
1881.7 166.9 174.2 -123.1 101.4 -52.8
2836 -3.7 81.1 -45.9 62.5 -28.3
403.6 273.2 353.8
930.7 -297.1 91.3 173.5 202.8 -196.5
2219.4 -159.3 75.8 108.5 93 -214.4
3184.5 -332.7 -12.4 313 78.8 -157.4
243.5 127.2 230.5
1143 -422.4 169.6 282.7 298.6 -5.5
2380.6 -208.8 4.1 142.4 58.1 -36.4
3401.5 -533.1 -78 505.6 264.9 115.2
245.5 45.9 278.7
1359.8 -218 82.9 -22.1 277.5 165.3
2424.6 -105.2 -24.8 48.9 63.8 5.7
3692.7 -245 -212.9 87.8 117.8 268.6
winner is: 7
