Regression analysis information for: S18_selected_tokens_0100
number of formants: 3
number of coefficients: 5
6.6 234.3 32.9
509.9 -198.6 49.3 17.8 -45.4 13
1631.2 -605.5 405.1 324.2 -156.7 169.3
2800.2 86.5 -100.1 14 -40.6 -0.5
6.3 201 45.6
519.5 -196.1 39.9 13.9 -45.7 10
1594.1 -731.7 294.2 310 -210.4 83.3
2875.1 -17.6 -87.6 46.8 -77.3 -11.6
7.6 272 46.3
533.3 -186.8 26.8 9.2 -45.5 5.4
1646.8 -717.1 317.2 531 -60.9 69.3
2940.8 -81.9 -59.3 62 -54.4 -23.2
21.3 415.4 116.8
542.3 -175.1 14.9 2.7 -39.8 1.2
2018.4 -340.4 260.9 484 -333.4 -628.2
3111.1 -17.4 -24.2 -37.5 -138.8 -186.7
5.8 164.1 59.9
555.5 -152.1 -14.2 -22.3 -24 6.1
2549.2 9.8 -428.6 -153.7 -80 -2.6
3241.5 60.6 -192.4 -195.8 -85.7 -32.6
33.1 437.1 167
529.5 -152.1 3.3 -5.3 -8.9 -12.2
2392.8 -17 -144.6 184.2 -21.1 -282
3073.6 302.2 -321.8 19.6 -119 -113.3
13.7 149 62.7
539.1 -132.2 -15.1 -41.2 -6.6 6
2554.2 442.3 -129.2 -226.6 163.7 -7
3062.3 520.2 -309 -140.2 24.8 -109.5
11.3 76 59.6
545.2 -123.9 -15.6 -49.6 -10 7.9
2640.3 333.2 -187.4 -87.4 60.6 -32.8
3093.5 473.2 -285.9 -145.6 40.1 -133.4
9.2 46.9 86.5
557 -119.7 -24.4 -59.4 -15.5 12.4
2677.8 290.9 -202.6 -11.4 14.2 -34
3177.4 323.7 -229.4 -111.7 -20.5 -105.8
7.6 13.8 46.4
561.4 -127.4 -28.1 -62.3 -19 19.8
2696.6 276.4 -199.6 23.3 -8.6 -16.8
3290.6 128.1 -122.1 -121.8 -69.9 -46.8
6 13.1 37.9
558.3 -135.1 -18.5 -61.1 -20.5 25
2704.1 274.9 -197.4 23.3 -9.2 -17.9
3308.6 155.9 -105.2 -98.1 -51.2 -29.9
7.6 13.6 36.3
542 -148.9 0.7 -51.7 -22.5 27.8
2707.5 277.1 -205.3 19.6 -9.7 -20.8
3328 178.1 -91.6 -81.2 -29.8 -7.3
6.6 14.7 37.3
518.3 -159.4 27.4 -30.8 -20.7 11.5
2715 282 -215.1 11.5 -5.9 -18.1
3341.1 200.4 -80.6 -83.9 -13.3 16.9
6.1 14.1 35.4
510.2 -159.2 33.5 -25.4 -16.8 8.3
2716.7 280.9 -221.7 3.1 0.8 -8.3
3322.6 198.8 -63.8 -87.4 -7.9 34.5
6.6 15.6 40.9
507.7 -160.1 32.6 -24.1 -18.1 7.4
2703 280.8 -219.1 6.5 15.2 3.5
3291 202 -6.3 -34.7 15 43.9
7 17.4 37.9
507.3 -160.5 32.1 -24.2 -18.7 6.9
2694.8 278.3 -206.4 18.8 21.6 5.7
3288.1 213.6 21.9 -6.5 24.3 45.2
7.3 18.2 31.3
507.8 -161.7 31.5 -24.7 -19.6 6.4
2702.3 286.5 -199.5 24.5 16.5 -1.6
3311.7 238.9 33.3 5.1 29.9 45.5
7.5 19.1 17.2
508.6 -162.4 31.7 -26.2 -19.7 5.6
2723 297.4 -194.2 29.4 7.1 -11.6
3352 277 52.1 19.9 35.3 41.2
9 20.2 12.7
507.2 -170.5 26.7 -30.1 -24.1 3.9
2751.3 313.8 -207.1 25.9 -8.6 -25
3416.3 325.6 52.1 18.3 30.7 31.8
10.8 18.4 32.9
502.4 -177 22.1 -38.3 -25.7 0.1
2789.7 320.7 -217.8 27.4 -26.6 -32.6
3513.2 365 -8.8 -21.1 8.5 8.9
winner is: 19
