Regression analysis information for: S18_selected_tokens_0068
number of formants: 3
number of coefficients: 5
2.8 16.1 48
353.1 4.8 -12.5 -0.9 -3.6 -1.9
1970.3 108.4 -74.3 -135.6 -0.7 -21.9
2544 6 -23.9 -92.9 -107.4 -51.9
2.8 16.1 44.3
352.4 4.6 -13.2 -0.3 -3.9 -1.1
1973.4 105.9 -76.3 -136.2 -1.5 -21.6
2561.6 -19.1 -4.6 -120.6 -91.9 -78.1
3 15.5 38.7
350.8 6.6 -14.5 1.6 -5.7 0.5
1971 102.4 -71.4 -138.6 0.6 -23.1
2557.7 -30.5 -2.4 -121.9 -89.6 -76.8
3 15.1 41.3
350.7 6.8 -14 1.3 -5.5 0.4
1966.1 106.1 -63.7 -141 1.2 -22
2554.5 -24.6 10.9 -119.2 -84.1 -74.4
3.3 15.6 48.1
350.4 8 -14.6 2.1 -6.1 0.9
1965.8 111.7 -61 -141.7 3 -25.4
2554 -1.6 12 -111 -84.5 -75.9
3.4 16.2 48.2
350.9 8.1 -14.2 2 -5.8 0.6
1973 116.2 -62.9 -139.4 3.2 -26
2571.1 14.3 21.4 -107.8 -83.2 -80.2
3.4 16 45.6
351.4 8.9 -14.7 2.6 -6.3 1.2
1987 118.7 -67.8 -138.1 3 -24.2
2600.4 25.7 33.2 -110.5 -83.3 -81.1
3.3 16.6 43.4
352.7 8.7 -14.4 2.3 -6 0.9
2008.5 119.1 -78.8 -134.8 2.7 -21.9
2637.3 43.8 35.5 -109.3 -93.4 -74.6
3.3 19.4 40.7
353.7 9.4 -15.6 3.4 -6.8 1.8
2038.1 112.7 -96.9 -124.7 3.6 -20.2
2685.6 54.7 33.7 -104.6 -101.6 -65.1
3.5 21 40.4
354.6 9.8 -17.2 4.5 -7.9 2.6
2069.8 104.5 -117.4 -109.8 1.6 -20.4
2746.3 72.4 22.9 -92.8 -102.6 -49.8
3.8 21.9 49.2
355.2 9.8 -18.7 5.4 -9.1 3.2
2098.1 94.2 -133.1 -92 -6 -20.8
2816.1 86.7 2 -69 -98.2 -32.5
4 22.6 57.9
355.3 9.5 -19.6 5.9 -10 3.5
2117.3 88.1 -141.7 -80.8 -14.4 -21.5
2873.3 98.4 -20.7 -53.1 -100.8 -25.5
4.3 24.3 65.6
354.6 8.8 -20.6 6.1 -10.8 4
2130.4 88.4 -145.7 -74.6 -22.9 -21.5
2922.2 128.6 -32.6 -42.4 -105.9 -20.5
4.3 28.5 76.4
352.8 5.9 -22.5 5.5 -11 4.4
2138.8 97.7 -145.1 -75 -27.8 -24.4
2971 202.1 -24.6 -33.8 -109.5 -23.6
4.2 32.6 102.2
346.2 -4.1 -28.1 4.1 -11.1 5.7
2159.4 100.4 -143.3 -72.9 -38.6 -28
3090.8 326.7 8 -14.9 -120.5 -37.7
6.4 36.1 90.5
328 -28.9 -41.1 0.3 -11.4 7.5
2189.3 89.9 -142.2 -66 -53.4 -28.8
3213.2 365.9 -54.5 -38 -121.9 -17.9
140 97.2 108.9
374.1 88.2 93.7 138.2 113.8 109.7
2271.2 164.2 -50.6 14.4 -12.1 12.4
3419.1 439.6 -110.8 0.4 -53.1 76.9
372.2 276 363.2
681.1 630.5 331.5 33.4 -230 -264.4
2528.1 532.6 128 -18.4 -211.9 -175.3
3919.5 914.4 107.3 176.7 -195.2 -59
347 247.2 332.7
741.7 785 369.9 -39.6 -359 -366.7
2607.9 621.1 162.1 -51.3 -285.4 -200.3
4111.5 880 2 68.9 -520.8 -216.5
600.9 394.8 551.7
1091.8 555.7 309.9 -598.6 -482 159.1
2849.7 479.7 97.2 -409.9 -370.2 155.1
4499 838.4 -249.7 -545.5 -715.9 257.8
winner is: 3
