Regression analysis information for: S18_selected_tokens_0041
number of formants: 3
number of coefficients: 5
5.2 15.7 55.3
567.3 98.6 11.8 13.4 -2.9 5.3
1577.4 86.7 120.4 -59.5 28.3 -25.2
2605.7 -1.1 -38.3 -12.3 11 17.5
5 14 10.3
567.6 103.4 14.4 12.8 -2.1 5.1
1580 90.4 122.5 -59.4 28.1 -24.8
2637.5 43.2 -2.8 14.8 20.5 12.4
4.2 13.2 10.8
564.9 108.8 17.1 10.9 0.7 3.9
1574.7 98.6 122.2 -62.4 29.3 -25.4
2643.2 39.7 -7 12.7 16.4 11.2
3 12.1 11.7
561.8 109 19.8 12.6 2.1 2.5
1569.4 101.5 128.5 -60.7 31.2 -27.4
2639.3 47.8 -0.4 11.3 14.4 9.5
3.9 11.9 11.4
557.9 104.4 16.7 11.6 2.9 3.1
1567.9 98.3 132.8 -59.7 36 -25.7
2631.2 55.1 8.4 17.3 22.4 9.6
4.2 12.4 11.4
555.9 98.1 11.7 7.1 0 0.7
1568.7 94 131 -61.4 37 -25.4
2634.5 49.5 10.3 18.9 30.9 13.8
4.4 12.4 12.9
555.1 92 6.4 2.2 -3.7 -1.9
1570.8 84.9 124.1 -68.1 33.3 -28.5
2645.4 35.1 0.6 13.2 30.1 13.4
3.8 13.1 12.8
557.6 90.3 5.1 0.8 -4.1 -1.9
1574.5 81.3 116.4 -71.8 30.1 -30.4
2661.4 18.6 -14.4 1 23.2 8.8
4.6 14.3 12.6
560.5 90.2 2 -1.2 -6.2 -2.6
1584.7 76.4 114 -77.4 29.2 -31
2682.1 12.2 -28 -3.9 19.2 7
4.8 16.7 13.2
565.6 90.8 -1.3 -1.1 -7.8 -2.8
1596.8 74.5 107.2 -77.3 26.9 -32.1
2712 5.8 -45.8 0.8 12.9 2.2
6.3 22.4 18.1
577 92.7 -7.7 2.4 -9.2 -3.8
1619 75.5 91.9 -68.9 22.4 -34.4
2767.9 0.6 -71.2 16.4 3.3 -3.9
7.6 26.8 24
588.8 100.6 -13.7 3.4 -10.6 -4.3
1642.1 83.6 87.7 -66.6 22.2 -31.3
2820.2 18.8 -70.6 23.1 -0.8 2.6
9 29.8 32.4
596.3 112.6 -18 3.3 -12 -6.3
1658.1 93.7 95.2 -67.4 25.7 -28.2
2856.4 46 -56.8 31.1 -0.8 7.5
9.1 30.1 36.1
599.3 123.3 -18.5 5.7 -10.9 -5.5
1659.6 104.2 100.9 -66.8 28.6 -27.3
2873.3 61.7 -41.1 31 5.9 4.9
6.6 29.8 36.6
595 133.4 -19.9 10.1 -16.9 3.3
1659.8 106.4 107.9 -67.3 30.5 -23.8
2871.8 70.6 -22.8 23.5 11.1 7.5
111.1 106.5 89.8
641.6 43.2 66.2 -69.2 57.7 -59.2
1706.1 21.5 187.2 -140 99.4 -80.7
2916.3 -9.1 49.2 -38.8 74.6 -40.7
131 108.2 90.3
722 -111.5 211.9 -218.5 192.2 -181.5
1755.3 -72.9 278.8 -226.4 170.2 -139.3
2973.2 -110.7 132.6 -119 139.5 -91.2
76.9 144 176.2
860.5 -330.7 326.5 -197.9 49.5 41.1
1899 -325.1 425.3 -168.9 -39.2 143.3
3142.7 -377.6 277.3 -66.8 -53.1 182.8
103.2 246.5 213.9
912.9 -345.4 242.7 -139.9 18.5 101.1
1952.7 -362.3 348.4 -107.3 -40.8 275.5
3258.9 -452 170.9 13.3 -74.3 310.8
104.9 107.4 122.7
1134.5 -291.8 -82.9 -231.8 38.8 57.5
2436.1 -318.7 -342.4 -104.8 28.6 94.4
3688.4 -391.6 -436 -48.5 -71.4 189.2
winner is: 4
