Regression analysis information for: S18_selected_tokens_0039
number of formants: 3
number of coefficients: 5
2.7 25 23.4
413.5 -93.2 36.8 -17 7.4 4.8
2045.7 161.2 -369.9 -74.8 -74.9 13.4
2812.8 -126.8 -27 -37.8 17.5 10.1
2.2 20.9 34.5
412.9 -93 37.3 -18.2 8.6 3.6
2047.8 143.5 -372.5 -64.6 -45.1 36.8
2743.6 -164 62.5 48.1 -13.8 -47.4
2.1 21.2 70.1
412.2 -91.5 37.3 -19.1 9.3 3
2060.3 167.2 -367.7 -79 -69.8 7.3
2781.8 -130.2 27.5 -24.6 -37.1 -10.5
2.1 21.1 14.7
413.3 -92 37.5 -18.4 8.4 3.8
2062.4 188.9 -358 -84.4 -94.6 -16.2
2836.7 -119.2 -42.4 -35.6 18.1 4.7
2.4 24.4 7.6
414 -91.8 36.8 -17.7 7.1 4.2
2075.3 205.3 -355.8 -86.3 -111.9 -30.7
2841.7 -104 -48.8 -46.9 9.1 -0.9
2.6 27.8 8.2
415.4 -92.8 37.4 -17.5 6.8 4.5
2091.9 213.8 -351.2 -84.3 -116.6 -36.7
2856.6 -93.8 -46 -43.9 9.1 0.7
2.7 33.3 10.2
417.1 -94.3 38.7 -17.6 7 4.4
2107.7 220.4 -341.7 -80.8 -118.9 -44.7
2872.7 -92.7 -36.6 -39.7 13.3 -2.9
2.5 35 10.8
418.3 -95.4 40.3 -18.2 7.9 4.1
2118.3 226.7 -329.9 -76.9 -114 -46.6
2885 -87.4 -21.6 -33.9 24.3 -0.4
2.1 36 11.9
418.8 -94.9 41.1 -19.3 9.2 3
2139.1 243.9 -310.2 -73.9 -111.9 -51.6
2898.4 -72.5 -11.8 -34.1 30.4 -0.1
1.9 36.2 13.6
420.4 -96.4 42.5 -20.3 9.9 2.4
2155.3 253.2 -305.7 -78 -115.2 -55.7
2916.4 -65.8 -9.2 -38.6 31.8 1
2.1 38.1 14.4
423 -99.6 44.9 -21.5 10.6 2
2167.8 259.9 -310.9 -86.5 -124.2 -62.1
2939.9 -60.9 -7.1 -45.5 27.4 -1.2
2.4 40.8 15
424.6 -101.6 46.8 -23.8 12.1 0.9
2187.8 265.1 -311.4 -88.9 -132.2 -64.6
2967.4 -53.6 -10.8 -54.4 15.7 -5.1
2.8 45.8 15.3
424.1 -101.1 47.7 -27.9 15.8 -1.6
2215.9 273 -303.7 -81.3 -137 -63.3
2998.3 -41.7 -17.8 -62.1 0.7 -9.4
5 48.2 17.1
421.2 -98.7 49.1 -35.6 23.8 -6.9
2236.3 277.7 -306.1 -71.3 -141.4 -56.7
3028.1 -34.5 -26.2 -65.4 -7.1 -5.1
11.9 53.7 19.5
411 -90.9 49.3 -53.1 41.5 -19.6
2260.5 295.5 -306.5 -51.9 -144.5 -50.6
3063.3 -16.4 -36.1 -70.6 -16.9 -9.1
248.9 160 143.7
565.1 -328.7 37.1 161.2 -259.1 162.5
2373.1 212.3 -312.7 104.9 -304.9 64.4
3190.1 -81.6 -47.5 37.2 -169.5 59.7
390.1 172 248.9
823.5 -206.1 300.1 505.4 -260.5 339.4
2457.5 341.2 -277.8 290.8 -334.4 164
3406.8 131.4 144.6 255 -115.9 134.1
263.4 137.2 134
910.2 -457.4 343.5 455.9 -266.1 288.5
2664 -69.1 77.7 -55.2 -49.7 6.8
3626.6 -110.9 381.4 138.2 67.7 123.7
274.8 124.3 142.6
968 -507.8 268 553 -206.1 109.3
2730.1 -132.1 63 -25.5 -1.9 -107.3
3698.2 -141.3 307.8 179.8 109.7 13.1
276.8 121.6 191.1
980.2 -537.1 238.1 591.8 -184.2 84.4
2728.7 -109.8 60.3 -32.6 31.3 -101.3
3747.6 -144 242.9 239.2 148.9 -36.3
winner is: 5
