Regression analysis information for: S18_selected_tokens_0112
number of formants: 3
number of coefficients: 5
8.8 21 121.1
972.3 79 -49.2 32.8 -17.7 18.8
1619.9 15.6 24.7 12.4 18.6 11.9
2370.6 -74.6 -178.1 47.7 57.5 107.7
8.7 17.9 34.4
974.2 81.8 -48.7 32.5 -17.5 17.7
1632.1 28.2 38.1 20.5 26 13.2
2518.2 6.6 -3.5 -7.3 25.5 -34.3
8.4 17.6 60.4
974.6 81.5 -47 29.2 -16.4 15.2
1631.7 31.2 37.2 17.1 26.6 9.7
2515.8 11.3 -17.3 -1 37.5 -46.6
10 18.8 57.1
971.8 84.4 -47.8 29.8 -16.5 15.2
1630.8 38.1 43.1 18.9 31.3 10.7
2518.7 25.8 -25.5 2.6 28.6 -34.6
9.9 18.4 54.4
970.9 78.7 -46 27.6 -16.7 14.9
1625.2 31.4 44.3 18.5 30.8 12.4
2540.6 -2.6 12.9 -25.8 34.7 -30
10.3 18.2 52.2
972.3 74.7 -47.5 25.5 -17.6 14.7
1628 24.1 41.2 16.1 29.6 14.2
2559.4 -65.6 58.4 -47.3 46.7 -29.7
11.8 14.9 34
975.6 72.4 -51.9 24.2 -20.4 14.5
1639.5 17.2 36.2 12.5 24 12.7
2594.8 -127.7 81.5 -64 40.9 -23.9
11.7 13 22.8
983 66.6 -51.5 21.9 -21 13.8
1652.2 9.2 30.1 8.7 16.2 10.1
2621.7 -144.5 81.8 -58.1 29.3 -14.5
12.2 15.9 19.1
987.6 66.1 -53.6 22.9 -22.1 14.7
1666.4 9.4 32.1 11.9 16.1 12.6
2641.9 -155.2 77.8 -54.2 16.3 -8.1
11.7 14.6 17.6
992.6 62.2 -51.9 22.4 -21.3 13.1
1673.3 5.5 29.6 12.2 12.5 8.9
2655.7 -155.5 78.9 -47.1 14.3 -6.8
11.9 19.6 17.5
993.7 63 -53.5 25.3 -20.7 14.9
1679.5 6.5 33 19.2 18.3 14.8
2664.4 -162.9 80 -40.7 15.9 0.2
11.6 18.3 16.8
996.5 59.7 -52.2 25 -20.2 15.2
1681.1 2.7 30.3 19.8 16.4 15.4
2669.2 -166.6 80.6 -38.2 17.6 3.8
11.8 24 29.6
999.2 64.2 -51 29.9 -17.9 18.4
1691.1 13.5 40.7 31.4 26 23.9
2686.6 -151.4 99.4 -18.6 33.7 21.2
10.9 24.7 32
1005.4 63.3 -47.5 29.8 -16 18.4
1701 19.3 44.6 34.7 27.4 25.1
2702.1 -145.1 105.7 -17.1 35.8 22
11.6 29.3 49.2
1012.8 67.7 -46.9 34.1 -14.7 20.9
1719.7 33.1 54.9 45.3 33 30.9
2734.1 -127.2 127.2 2.2 47.3 41.6
11.4 31 54.8
1024.9 66.1 -47 34.7 -14.4 21.8
1741.8 41.3 58.3 50.6 32.1 33.5
2766.8 -125.2 136.6 5.4 46.3 51.1
10.3 30.6 49.5
1043.4 57.6 -48.3 32.3 -14.5 20.7
1771.2 45.2 54.6 53.5 24.4 33.4
2800.1 -142.2 133.5 -11.2 28.7 46.1
11.1 32.4 61.7
1067.4 49.7 -52.7 34.3 -14.3 22.3
1820 54.7 47.9 68.7 15.1 38.6
2856.3 -149.5 155.1 -9.1 15.2 73.9
10.7 37.8 83.6
1099.3 29.7 -53.3 30.1 -10.6 20
1895.1 46.3 11.2 96.9 -3.7 43.1
2936.3 -195.5 186.7 -35.6 -36.7 126.3
8.2 38.4 115.3
1134.9 3.2 -44.3 18.3 2 12.2
1996.1 34.2 -61.9 139.5 -12.1 40.1
3088.3 -180.7 183.9 -81.7 -81.5 233.7
winner is: 10
