Regression analysis information for: S18_selected_tokens_0017
number of formants: 3
number of coefficients: 5
2.7 4 55.4
694.4 -61.7 -57.1 -26.2 -28.3 -6.2
1950.3 -50.6 -34.8 -0.3 -24.1 -1
2382.3 357.6 209.1 -160.2 -152 -142.9
3.4 3.3 62.4
702 -49.6 -52.5 -23.9 -29.4 -7.6
1950.7 -50.6 -23.4 -4.6 -23.4 0
2488.7 448.1 125.4 -191.4 -67.1 -8.6
3.7 3.2 53.8
706.9 -44.7 -51.7 -22.1 -29.9 -7.6
1950 -46.6 -20.5 -8.1 -20.9 -0.4
2559.4 416.9 30.4 -183.2 -19.3 29.1
4.1 3 39.7
710.4 -45.1 -53.1 -21.5 -31 -8
1950.9 -43.2 -21.3 -9.3 -19 -1.9
2648.5 351.8 -38.7 -142.5 12.7 39.1
4.2 2.9 26.6
713.3 -48.1 -54.6 -20.4 -31.4 -8.1
1953.5 -42.2 -22.9 -9 -18.1 -3
2751.3 251.8 -83.2 -81.4 17.7 30.3
3.6 2.8 15.9
713.5 -55.3 -57.5 -18.9 -29.6 -6.4
1956.2 -44.4 -24.7 -8.1 -17.2 -3.1
2852.2 144.9 -111 -18.4 5.2 10.7
3.1 2.8 29.5
706.5 -66.7 -63.6 -19.8 -28.8 -6.2
1951.7 -55.9 -30.6 -9.7 -17.7 -4
2869.2 148.8 -159.8 -20.4 29.7 -12.8
2.9 2.2 23.2
705.5 -67.3 -62.2 -18.9 -26.4 -5.3
1949.6 -57.9 -28.8 -7.7 -13.9 -2.7
2834.5 162.9 -122.1 -73.1 56.5 0.7
3.2 2.3 17.1
707.6 -66.5 -60.7 -18.1 -26.9 -5.2
1952 -55.5 -26 -6.5 -13.7 -2.7
2868.3 115.2 -97.1 -43.8 32.9 11.1
3.8 3 23.7
711.3 -65.4 -60.1 -16.8 -27.8 -5.4
1957.8 -51.7 -24.3 -4.2 -14.1 -2.8
2954.6 37.1 -111.5 24 3.9 11.5
4.6 4 35.4
713.5 -65.8 -63.5 -16.2 -30.4 -4.8
1964.5 -47.6 -25.6 -2.3 -16.8 -2
3067.3 -82 -113.9 117.6 -90.3 50.7
5.5 4.7 47.3
718.6 -66.1 -64.3 -16.6 -33.4 -6.4
1973.1 -44.5 -24.9 -1.4 -18.9 -3.4
3088.9 -95.8 -75.6 71.8 -63.3 40.9
6 4.6 36.3
723.5 -67.7 -66.8 -18.1 -36.1 -8.2
1981.1 -43.6 -26.5 -2.6 -20.4 -5.1
3108.7 -105.8 -63.2 45.5 -43.5 23.2
6.3 4.2 20.1
727.3 -70.2 -69 -20 -37.6 -9.5
1987.3 -44.3 -27.5 -4.4 -20.7 -6.4
3127.9 -122.7 -50.8 24.7 -25.5 5.3
6.2 3.4 3.6
729.5 -71.4 -70.1 -22.9 -38.1 -10.6
1991 -44.3 -27.5 -7.4 -20.2 -7.4
3141.8 -136.8 -38.7 5.7 -10.7 -9.6
6.3 2.7 2.5
730.7 -75.4 -74.2 -27.7 -40 -12
1995.2 -43.7 -28.1 -10.1 -19.6 -7.4
3150.6 -136.1 -39.2 0.1 -7 -10
6.9 2.2 4.3
729 -83.6 -82.9 -36.1 -44.5 -15.6
1998.6 -43 -29.5 -12.7 -19.1 -7.8
3157.9 -132.6 -40.8 -4.4 -2.7 -10.7
8.3 2 5.9
724.9 -102.1 -99.7 -50.2 -54.3 -24.2
2003.5 -46.1 -32.6 -15 -18.8 -9.2
3172.6 -139.5 -44.8 -5.4 1.7 -13.3
23.5 2.3 6.1
696.3 -168.3 -160.6 -102.6 -97 -57.2
2006.9 -52 -37.5 -18.8 -20.5 -10.7
3187.5 -148.5 -47.4 -6.7 2.8 -14.7
134.8 93.7 125.4
876.8 172.9 169.8 198.3 173.1 165.4
2131.2 177.8 182.7 178.9 152.6 127.4
3362.6 155.3 249.5 260.1 235.7 170.8
winner is: 16
