Regression analysis information for: S18_selected_tokens_0058
number of formants: 3
number of coefficients: 5
3.1 19 13.6
426.7 18.7 8.1 1.4 -4.2 2.1
867.5 -125.8 125 -47.4 33.5 -18.7
2512.5 -15.5 -30.9 -14.7 -8.2 13.6
2.5 18.7 8.5
427.3 20.9 9.5 1.9 -3.9 1
864.8 -121.8 121.8 -45.8 32.5 -18.2
2526.2 -2.7 -14.9 -10.3 -10.5 5.7
1.9 19.1 5.6
428.7 25.9 10.7 2.3 -2.7 -0.4
864 -121.3 121 -46.3 33.3 -18.5
2542.4 21.6 -0.5 -7 -7.5 -3.7
2 20.8 10.5
431.5 32.1 12.6 3.1 -2.3 -0.5
865.1 -126.7 123 -48.8 35.1 -18.6
2553.5 56.6 8.7 -9 -1.6 -10.8
3.2 20.4 16.9
435.1 35.7 13.5 5.2 -3.9 0.1
862.8 -129.2 119.1 -47.4 32.7 -15.9
2571 66.1 6.5 9.1 -21.2 -0.7
4 20.6 22.1
441.6 37.8 14.5 6 -6.7 -1.1
859.8 -136.9 119.2 -47.1 34.5 -13.6
2606.5 53.8 13.1 8.7 -38.7 -3.3
5.6 22.9 27.5
449.6 42.2 16.7 9.6 -5.9 -3.1
843.8 -160.6 118.5 -46 43.3 -6.8
2656.4 75.2 25.6 -2.2 -52.4 -29.4
57.7 373.8 236.6
477.5 97.4 67.1 38.9 -17.5 -55.1
1193.8 443.6 510.8 49.3 -123 -302.8
2893.4 452.2 257.5 63.4 -96.4 -177
39.9 285.6 222.1
558.3 172.7 0 -61 -10.5 35.9
1568.4 625.3 -115.9 -370.2 264.3 262.1
2969.3 267.3 -295.2 -193.1 233 178
24.4 157.5 117.5
584.3 174.3 -34.2 -36 32 16.4
1635.2 704.4 -13.6 -100.7 419.2 159.9
2843.7 203.5 -1.8 70.7 89.1 -66
38.6 254.4 225.2
573.5 173.6 -38.9 -54.8 28.3 11.1
1887.6 992.1 -139.3 -436.8 146.7 -18.1
3092 523.1 19.6 -181.6 -240.6 -213.2
63.2 225.8 262.8
595.3 169.9 -105.6 14.4 36.6 -77.9
2274.7 850.3 -477.6 64.7 0.1 -348.1
3485.2 599.9 -75.9 211.8 -285.6 -314.9
75.2 238.7 138.1
697.6 -10.7 -32.6 42.1 -90.3 69.5
2618.7 330.1 -259.4 142.3 -275 86.9
3894.2 271.1 -240.9 165.7 -230 112.4
60.8 168.7 78.7
726.9 -39.1 23.3 20.5 -45 63.5
2684.7 338.6 -114.1 98.1 -105.5 74.4
3930.1 280.2 -177.2 152.5 -140.7 105.6
11.6 61.5 24.4
758.6 -101.6 86.7 -42.7 16.1 1.8
2687.3 284 -34.1 -5 12.9 -38.3
3943.9 249.5 -138.4 104 -86.3 50.1
10.7 56.4 24.5
758 -95.6 83.7 -38.7 12.7 5
2632.7 269.2 -35.2 6.1 -13.4 -20.5
3938.4 242.8 -136.7 101.4 -82.5 50.7
10.5 45.5 25.2
759.5 -94.9 84.6 -38.8 13.1 4.9
2622.9 232.6 -22.3 6.4 -28 -18.7
3939.1 228.1 -131.3 99.2 -83.4 53
10.5 46.9 25.3
762.1 -98.3 87.7 -40.3 13.8 4.8
2649.5 204 -13 7.4 -40.4 -13.3
3942.3 227.9 -133.2 104.5 -89.4 57.8
11.7 73.3 31.5
762 -101.2 90.5 -43.6 15.4 5
2720.9 129.9 26.1 10.4 -62.7 16
3939.8 244.5 -147.9 118.2 -98.6 57.1
13.9 114.6 32.4
759.6 -105 94.1 -48.5 17.5 5.3
2805.1 49.5 70.4 14.8 -94.8 65.2
3930.2 274.9 -168.3 130.9 -105.1 57.1
winner is: 3
