Regression analysis information for: S18_selected_tokens_0091
number of formants: 3
number of coefficients: 5
10 7 91.1
869.5 -11 -113.2 -29.4 -20.7 2
1960.1 -6.3 9.8 26.1 8.8 9.3
2304.9 324.8 161.7 14.4 158.5 49.3
9.8 6.7 52.5
880.7 -14.8 -115.1 -26.6 -24.5 2.6
1954.9 -4.4 15.5 20.6 11.6 11.7
2506.5 316.2 66.3 -43.3 67.2 -1.2
9.5 6.3 23.6
890.7 -20.3 -118.6 -24.1 -27.6 2.9
1955.2 -0.1 14.9 19.9 11.3 10.2
2684.8 232.3 21.1 -51.2 9.3 -44.8
9.5 6.4 16.8
896.9 -22.9 -121.9 -24.1 -27.3 0.5
1959.8 0.7 13.9 19.9 9.7 9.7
2759.1 144.9 -2.3 -38.3 44.8 -47.1
9 7.9 51
890.4 -23.2 -122.4 -28 -21.1 -3.5
1961.4 -0.8 11.7 18.8 9.7 8.5
2752.3 236.2 -22.9 -165.6 158.8 -84
7.9 8.2 71.1
885.7 -25.5 -111.8 -28.1 -21 -3.1
1953.8 -5.9 15.7 18 14.6 6.9
2661 183.8 152 -90 144.1 -131.2
8.3 6.3 31.9
888.1 -27.6 -110.3 -26.1 -25.3 -0.9
1954 -5.8 20.4 19 12.6 8.1
2702.9 126.7 171.5 -100.2 73.6 -107.2
9.5 6.1 41.8
894 -31.3 -116.2 -22.4 -29.9 2.7
1962.8 -3.3 18.7 21.8 9.3 10.5
2841.1 56.3 88.3 -117.6 31 -18.8
9.5 7.1 33.5
903.6 -31.5 -126.3 -15.5 -36.7 7.3
1974.3 3.4 10.3 25.4 3.9 13.1
3000.9 -43.6 -97.6 100.8 -70.1 44.8
9.2 8.4 47.3
915.6 -33.8 -135.2 -10.9 -41.1 9.7
1986.3 10.4 3 27.8 -0.6 14.1
3023.3 -53.7 -83.8 96.9 -85.7 68.6
8.6 8.4 39.6
927.9 -34.9 -138.7 -9.9 -40.5 7.2
1997.7 13 2 25.8 0.6 10.2
3054.1 -80.4 -49.1 62 -59.5 50.2
8.5 7.7 8.6
937.9 -39.6 -139.5 -11 -39 4
2008.6 12 5.7 21.9 3.3 5.2
3106.8 -155.3 26 -12 7.7 -11.1
8.3 7.1 8.7
944.5 -43.1 -137.3 -15.6 -33.5 -1.1
2016 11.6 10 17.9 7.6 0.3
3112.1 -142.3 15.9 -4.2 3.5 -8.5
8.1 8.1 10.8
945.1 -44.8 -134.7 -20.4 -30.3 -2.8
2019.5 13.5 15 15.4 9.3 -2.1
3116.2 -138.8 18.3 -5.1 4.7 -10.7
8.7 8.1 11.7
944.5 -42.6 -131.6 -22.4 -29.5 -2.7
2020.3 16.9 19.1 14.8 10.3 -2.3
3115.3 -132.9 25.9 -8.7 8.3 -11.8
9.1 7.8 11.1
946.1 -40.2 -129.2 -21.6 -30.5 -1.5
2020.5 19.1 20.3 15.9 10.4 -0.7
3113.7 -127.7 31 -9.8 10.4 -10.5
9.9 8.1 11
948.1 -40.4 -134 -21 -32.4 0.5
2024.5 21.9 18.8 16.1 8.3 0.4
3121.3 -127 25.8 -9.9 6.9 -7.3
10.5 8.1 10.9
956.4 -40.8 -138.2 -19.8 -34.9 2.5
2032.6 25.8 17.6 16.7 6.5 1.9
3139.3 -126.1 17.6 -6 1.9 -1.7
10.8 8.2 10.9
969.5 -41.7 -145.1 -19.1 -38.1 4.3
2044 31.2 16.3 16.3 4.6 2.6
3165.4 -126.4 5.6 -2.1 -3.1 3.6
11 8.7 11.4
987.6 -42.2 -155.3 -18.9 -42.5 5.8
2057.8 39.2 15.3 14.9 2.7 2.4
3197.8 -126.9 -9.8 0.9 -8 8.8
winner is: 13
