Regression analysis information for: S18_selected_tokens_0009
number of formants: 3
number of coefficients: 5
11.7 3.2 18.4
700.8 -18.8 -69 15.5 -12 1.1
1930.4 -60.8 -1.7 -0.9 -10.3 2.4
2973.4 -163.8 -8.3 11.2 0.5 -2.8
12.3 3 8.9
706.4 -18.4 -70.3 18.4 -13.3 3.7
1931.1 -57.1 -2.3 -2.1 -8.3 1
2954.8 -159 3.4 -10 -33.6 7.1
10.5 2.5 6.6
713.1 -21.3 -66.8 18.4 -11.4 4.4
1934.9 -53.4 -3.7 -1.8 -7.8 1.4
2917 -121.8 2.6 -19.3 -11 -11.3
10.1 2.4 6.6
712.1 -22.6 -66.9 20.1 -12.5 3.6
1939.1 -53.5 -4.4 -1.1 -7.8 1.1
2923.4 -115.3 -4 -21.9 -8.3 -6.1
11.9 3.3 5.6
702.3 -19.5 -71.7 18.7 -15.3 5
1939.6 -58.7 -4.8 0.1 -7.2 0.6
2948 -128.7 -5.8 -15.9 -14.9 -5.1
10.9 2.7 22.2
696.9 -16.5 -66.1 12.8 -14.5 5.9
1933.7 -59.6 0 -2.6 -10 3
2970.6 -135.5 -31.5 16.6 -26.9 2.5
12.8 3.3 12.6
691 -14.1 -70 13.2 -17.4 7
1924.8 -64.1 3 -5.7 -11.8 3.2
2984.1 -162.6 -20.8 2.7 -13 -9.7
12.7 3 9.9
691 -12.4 -71.7 14.2 -17.6 6.8
1924.3 -61.2 0.1 -4.4 -12.3 2.8
2977.1 -176.2 -5.6 0.2 -16.3 -15.4
10.6 2.9 8
695.9 -12.4 -70.5 13.4 -14.8 5.3
1931.2 -53.1 -8.2 -3.9 -12.6 2.8
2972.5 -164.5 -4 -5.2 -16.8 -7.5
10.1 4 8.2
700.9 -10.6 -72.4 12.6 -13 4.4
1946.5 -44.2 -14.9 -9.3 -9.6 0.3
2980.6 -146.4 -11.9 -8.3 -11.9 -9.2
11.7 5.6 8.3
704.7 -6.5 -77.5 13.8 -13.7 5.5
1964.5 -36.9 -17.7 -13.3 -6.3 -1.4
2995.7 -139.6 -11.6 -12.1 -4.6 -13.6
12.1 4.9 7
711.4 -4.7 -78.4 14.8 -12.9 6
1981.3 -31.1 -19.3 -12.8 -5.7 -0.9
3012.8 -139.6 -8.5 -11.3 -3.6 -12.6
10.7 3.5 6.1
719.8 -6 -75.2 14.3 -10.2 5.8
1994.8 -28 -19.9 -11.3 -6.6 0.4
3027.7 -141.9 -4.5 -10.1 -4.4 -10.4
11.3 3.1 6.6
722.4 -7 -73.3 14.8 -12 7.4
2000.4 -29.2 -15.3 -10.7 -10.5 3.8
3035.1 -147.2 2.7 -10 -9.4 -4.6
13.9 2.5 7.9
721.7 -9 -77.7 20 -16.7 8.3
2003.5 -37.8 -16.7 -2.9 -14.7 3.4
3039.4 -158.2 0.7 0.3 -18.7 -0.1
12.6 4 8.9
728.2 -14.1 -75.6 20.6 -13.9 6.4
2011.1 -43.8 -19.8 1.2 -13.8 1.1
3049.1 -168.2 1.2 2.6 -16.6 -3.1
15.4 4.1 8.4
731.1 -12.2 -82.9 23.4 -15.6 6.7
2024.3 -44.9 -24 -0.5 -10.7 -2.6
3064.8 -178.4 2.5 -1.2 -10.9 -8.6
16.5 4.7 10.5
737.4 -10.5 -87.2 23.6 -15.7 6.4
2040.1 -42.2 -26.6 -5.9 -8.7 -6.7
3083.7 -188.1 9.7 -11.9 -0.9 -18.6
15.9 4.8 17.2
747 -9.8 -88.6 20.4 -15 5.3
2057.4 -36.1 -29 -14.1 -10.5 -10.3
3103 -197.8 20.5 -26.6 10.2 -30.1
60.5 68.2 37.2
775.4 -56.5 -52.5 -33 26.7 -44.6
2098.3 -79.4 13 -74.5 31.5 -61
3128.5 -232.4 45.3 -56.9 33.7 -54.5
winner is: 4
