Regression analysis information for: S18_selected_tokens_0012
number of formants: 3
number of coefficients: 5
10.7 102.8 77.1
557.2 69.4 11.7 -0.2 -24.6 -15.3
2207.3 105.6 -85.9 77.7 -78.4 76.4
3141.9 -76.5 -81.1 52.1 11.4 119
10.3 3 17.8
571.4 64.6 13.6 -3.6 -24.3 -17.2
2233.1 25.8 -16.5 -3.3 -4.8 -0.6
3175 -39.7 -43.2 32.7 34.5 53.9
10.4 3.1 15.7
579.4 61.3 14.7 -4.8 -23.4 -18.6
2229.4 24.2 -19.3 -4.9 -6.4 -0.1
3179.5 33 -12.6 21.4 10.5 1.7
11.2 3.3 8.4
579 60.1 18.6 -4.3 -22.5 -18.7
2232.6 24.9 -19.4 -4 -6.4 0.2
3178 46.9 -1.6 -1 -6.1 -19.3
11.6 3.3 5.1
564.5 59 21.6 -4.6 -17.5 -15.8
2241.6 29.6 -15.6 0.4 -6.1 -0.3
3195.3 29 -2.8 -1.5 -7.3 -15.7
12.6 3.3 4.5
548.7 55.4 21.9 3.5 -10.9 -13.2
2249.2 32.7 -10.2 2.5 -4.7 0.5
3216 20.7 -1.6 -8.9 -7 -11
8.4 4.1 4
527.8 36.3 7.8 4.6 -5.9 -5.4
2255.2 39.9 -3 4.2 -4.5 -0.2
3236.8 18.2 1.7 -19.7 -10 -12.9
8.4 4.2 3.9
514.1 23.7 -8.1 -1.3 -11.6 -7.7
2257.4 44.6 3.2 6.8 -2.3 0.8
3252.9 7.5 12.3 -30.3 -7.7 -12.1
7.7 3.1 44.5
505.5 16.1 -19.7 -5.2 -16.1 -9.9
2256 50.9 4.5 11.3 -0.9 0.2
3239.5 -11.4 -0.6 -11.1 12.6 33.1
8.2 2.8 27.2
500.1 9.9 -26.7 -10.1 -19.6 -12.5
2249.7 60.2 3.1 15.3 1.1 -0.3
3208 71.3 -71 39 -46.8 58.2
8.5 3.5 19.9
496.5 3.9 -33.3 -14.9 -22.6 -14.1
2246.5 59.5 0.5 12.9 2.1 -1
3228.3 46.4 -34.2 7.9 -42.4 28.4
8.3 3.6 3.8
497.9 1.6 -34.2 -16.6 -23.4 -14.6
2249.1 40.4 -6 1.7 -4.5 -5.2
3267.1 -10.2 37.4 -41.6 -4.8 -11.1
8 4.3 2.8
500.6 -0.6 -34.7 -17.8 -23.3 -14.3
2258.9 23.8 -10.3 -4 -7.6 -4.5
3271.3 -13.4 28 -39.4 -6.3 -6.9
7.9 4.4 2.2
504.7 -1.5 -35.2 -18.5 -24.3 -13.8
2279.6 21.9 -7.3 2.2 -6.3 2.4
3286.2 -19.8 21 -38.8 -6.5 -1.3
8 5.5 2.1
507.3 -0.6 -35.9 -18.6 -25.6 -13.7
2297.3 30.7 -3.1 11.1 -4 7.8
3299.1 -19.8 16.6 -38.4 -7.1 1.6
8.3 5.9 2.3
509.7 2.2 -32 -15.8 -23.8 -13.1
2304.8 33.4 -1.4 15.7 -2.1 9.1
3304.9 -15.6 14.7 -35.9 -6.6 2
8.1 6.6 2.4
508.9 1.7 -32.3 -15.7 -23.4 -13
2299.6 26.8 -8.6 12.9 -3.5 7.5
3302.1 -17.2 11.6 -35.3 -6.5 1.7
7.9 6.9 1.9
509.1 1.6 -32.3 -16.1 -23.5 -12.6
2299.1 25.6 -10.8 15 -1.2 6.9
3301 -18.1 9.7 -32.6 -3.7 0.5
7.7 7.2 1.6
508.7 2 -31.1 -16.4 -24.4 -12.4
2302.8 22.5 -13.8 15.6 0.1 6.5
3305.2 -21.2 6.8 -32.9 -1.6 0.4
7.7 7.8 1.4
505.3 3.1 -27 -16.4 -26.5 -12.3
2311.9 23.3 -13.2 18.9 2.4 6.9
3314 -23.8 4.6 -34.2 -0.5 0
winner is: 14
