Regression analysis information for: S18_selected_tokens_0015
number of formants: 3
number of coefficients: 5
4.5 2 5.6
707.8 -80.3 -49.6 -9.1 -23.6 -8.3
1974.4 76.8 28.9 15.2 -4.2 -5.1
2861 -57.8 47.7 25.9 8 -3.4
4.3 1.9 3.1
711.4 -81.1 -47.7 -8.7 -22.7 -9.1
1976.6 75.5 28.1 15.4 -3.8 -4.7
2848 -30.6 47.1 21.2 9.2 -5.5
4.2 2 2.7
712.4 -83.5 -48.7 -8.7 -22.6 -9.1
1980 74.8 27.3 15.2 -3.8 -4.7
2850 -18.3 45.9 20.7 8.2 -5.7
4.1 2.2 3.5
710.8 -87.3 -52.3 -9.1 -22.7 -8.3
1984 75.1 26.3 14.7 -4.3 -4.8
2859.1 -13.1 45.2 20.4 5.6 -6.8
3.7 2.1 4.6
710 -86.9 -53.9 -8.9 -22.3 -8.3
1986.6 73.7 24.5 14.3 -4.5 -5.2
2870.2 -16.3 44.9 18.8 4 -6.5
3.3 1.8 5.5
708.4 -86.5 -53.1 -10.7 -21 -8
1987.7 73.1 24.4 12.6 -4 -5
2879.6 -19.3 41.3 19.1 0.8 -6.7
3.7 2.3 6.3
704.8 -78.7 -51.3 -11 -20.3 -7.9
1979 78 25.4 10.9 -4.1 -6.7
2878.3 -28 47.5 14.9 -2.4 -11
3.6 1.8 4.6
704 -78.5 -51.3 -10.8 -20 -6.6
1976.1 78.9 25.6 10.6 -3.7 -4.1
2867 -25.7 47.2 10 0 -8.8
3.9 2.3 5.4
702.7 -79.6 -54.5 -9.5 -20.5 -5.2
1977.9 83.7 24.7 14.6 -2.5 -0.5
2866.6 -13.4 45.5 20.4 5.9 -0.5
4 1.7 5.4
705 -79.2 -53.9 -8.5 -20.2 -4.1
1984.4 87 26.8 17.8 -0.4 4
2881.2 0.7 51.8 29.8 9.9 10.6
4.1 1.6 6.4
711.2 -77.9 -50.4 -7.3 -19 -4.3
1995.3 85.4 28.4 20.6 3.5 5.5
2908.8 5.4 58.5 36.9 18.1 12.3
4.4 1.7 8.1
716.8 -79.6 -49.8 -6.5 -18.4 -4.6
2010.6 84.1 29.2 21.9 6.8 6.3
2944.2 6.2 61.6 38.4 22.1 10.7
4.8 2 10.8
721.8 -84.3 -52.9 -6.8 -18.9 -5.2
2029.6 83.9 28.8 21.7 9.2 6
2984.1 6.8 58 34.2 19.7 4.8
5.3 2.5 11.5
729.4 -88.5 -54.7 -7.2 -19.6 -6.2
2047.7 79.6 23.9 20.1 9.6 5.6
3019.9 5.1 47 28.8 15.8 1.5
5 3.7 8.5
737.9 -88.5 -54.3 -7.5 -19.8 -8.4
2060.7 76.3 16.3 16.1 6.8 2
3046.4 9.7 35.2 20.4 9 -5.2
4.9 5.2 6.3
744.6 -90.2 -57.4 -9 -21.4 -9.5
2075 76.9 9.4 11.1 4 1
3073.2 16.5 22.2 7.5 -0.6 -9.1
5 7.4 4.2
750.8 -91.9 -61.8 -11.1 -23.9 -11.6
2089.1 79.7 3.1 7.9 2.1 0.4
3099.2 26.8 11.3 -1.6 -7.7 -11.8
6.8 8.9 5.1
753 -102 -74.5 -17 -30 -14.8
2105.3 83.9 -1 8 4.2 3.9
3126.8 34.2 0.8 -6.9 -10.9 -9.3
14.2 8.9 6.6
750.4 -123.8 -95 -32.2 -44.3 -26.3
2118.7 83.9 -4.4 9.5 6.2 5.9
3149.7 38.5 -4 -6.5 -10.3 -7.4
152.1 80.7 58.8
834.6 25.5 58.7 121.1 110.4 123.5
2172.8 166.7 77 90.6 87.1 80.9
3206.6 116.2 68.5 65.6 61.2 59.7
winner is: 3
