Regression analysis information for: S18_selected_tokens_0117
number of formants: 3
number of coefficients: 5
9 38.2 18.2
964.2 20.7 -30.3 16.5 -8.4 -1.3
1774.2 67 53.1 117.6 54.9 23.5
2248.1 -153.7 84.2 26.1 -4.2 -24.8
10.9 47.2 36
966.9 17.7 -35.2 12.6 -11.9 -4.9
1796.3 67.6 8.4 58.3 4.7 -7.2
2342.4 -213.3 124.8 15.1 12 -78.6
11.2 41.9 54.7
971 16.5 -39 9.8 -13.8 -6.5
1826.5 79.9 -31.8 -4 -40 -14.9
2422.2 -241.1 103.5 17.5 6.2 -99.7
10.2 33.4 43.8
975.9 17.6 -41.6 8.5 -13.4 -6.1
1843.2 87.4 -37.4 -9.4 -40.2 -10.2
2534.3 -208.7 18.5 -53.5 -24 -74.2
8.4 24.4 30.9
979.6 21 -43.1 8.3 -11.1 -4.4
1861.6 111.8 -22.7 6.6 -23.4 0.4
2625.6 -165.7 -85.3 -158.5 -28.9 -25.7
6.2 18.3 34.9
980.2 24.5 -40.8 7.5 -7.9 -1.9
1877.7 154.2 7.7 30.2 6.5 22.7
2588.4 -112.6 -119.4 -188.9 7.3 -64.6
6 18 86.9
978.5 29.1 -38 10.5 -7.5 3.4
1876 173.6 21.1 38.1 7.8 36
2575.4 -37.9 -25.1 -137.2 16.2 43.5
6.7 30.3 88.5
979.3 25.4 -37 13.5 -5.8 5.9
1859.1 126 0.5 33.6 10.7 53.5
2605.9 -109 1.9 -89.7 17.6 92.4
6.5 23.3 67.1
985.1 21.3 -37.6 15.8 -4.6 6
1882.4 121.9 8.9 46.1 15.2 50.2
2709.3 -185.4 30.1 -32.8 47.7 114.3
6.9 17.1 67.9
994.5 16.4 -40.5 18 -2.9 4.8
1915.3 121.6 10.1 50.8 13.3 36.5
2771 -164.6 17.7 10.1 59.1 88.5
7.1 13.9 45.8
1004.8 11.7 -46.7 17.9 -3 1.3
1945.4 123.6 4.8 46.3 5.4 21.6
2833.9 -103.7 45.1 23.9 44.9 57.4
7.1 13.5 22
1012.1 12.6 -50.8 18.7 -3.4 -1.3
1962.1 129.3 -2.1 41.6 -3.5 11.3
2887.7 -34.2 82.7 40 30.5 22.1
7.1 13.4 19.1
1015.7 15.8 -51.6 18.7 -5.3 -2.9
1970.5 137.5 -4.7 38.5 -10.8 6
2902.9 -18.7 83.3 37 19.7 11.6
6 12.3 16.9
1016.8 16 -49 16.7 -6.9 -4.6
1973 139.6 0.8 35.9 -12 3.1
2907.8 -6.7 91.6 38.9 20.6 12.2
6.3 11.4 17.9
1015.2 19.6 -44.3 17.9 -5.6 -1
1969.5 144.6 6.6 34.9 -14.6 6
2906.5 1.6 105.7 39.8 19.4 16.3
5.7 10.9 17.3
1015.6 17.7 -42.5 17.4 -3.7 -0.9
1969.2 139.4 9 34 -11.2 6.7
2905.5 -4.2 109.7 40.6 26.2 20.1
4.9 10.6 16.9
1018.4 14.3 -42.5 15.4 -1.7 -1.1
1973.9 132.3 7.4 30.2 -8.1 8.1
2911.2 -14.8 105.8 35.6 30.1 23.2
5 10.5 15.2
1025.1 8.9 -42.7 12.9 0.9 -2.2
1986.3 124.5 5.1 24.6 -6.8 7.5
2928.1 -24.9 102 29.2 30 23.1
5.7 9 14.5
1035.5 -0.6 -45.3 8.5 1.9 -5.2
2006.6 112.3 4.3 16 -3.5 4.4
2953.4 -33.5 99.6 23.1 32 24
10.4 9.5 13.1
1053.1 -11 -43.8 6.6 10.7 -6.1
2036.9 99.5 2.7 6.4 0.6 1.8
2993.7 -41.5 99.7 19.6 31.1 25.7
winner is: 19
