Regression analysis information for: S18_selected_tokens_0087
number of formants: 3
number of coefficients: 5
8.5 7.4 24.9
752.1 -35.1 -24.1 -0.2 -19.1 -0.7
2232.3 138.2 -128 29.7 -20 1.9
2898.9 47.2 -145.9 99.3 -56.7 31.2
7.9 6.4 19.8
755.6 -35.4 -22.5 0.7 -18.6 0.4
2233.1 135.8 -123.5 28.8 -19.6 0.7
2898.5 19.3 -99.1 61.8 -53.5 36.9
8.4 6.5 18.6
756.1 -37.4 -24 1 -20.2 1
2233.2 138.5 -124.8 28.1 -20.3 -0.2
2908.1 10.5 -81.1 44.2 -47.3 28.3
7.8 6.3 18.9
757.2 -39.4 -21.4 0.6 -19 1.3
2240.1 138 -122.1 27 -20.5 -1
2929.1 2.5 -66.5 33.9 -42.2 23.3
8 6.8 19.2
753.1 -44.8 -22.4 -0.6 -20.3 1.4
2246.4 141.3 -121.9 26.2 -20.8 -1.6
2957.4 6.7 -51.8 33.4 -34.3 23.1
7.9 6.7 25.5
746.6 -48.9 -21.2 -1.7 -18 4.1
2249.8 140.7 -124.4 24.8 -21.7 -2.2
2979.4 0.3 -50.7 37 -32.1 25.7
8.8 7.2 30.6
741.4 -48.9 -19.5 -0.1 -19.7 5
2243.6 136.2 -129.5 26.1 -19.5 1.5
2966.3 -44.8 -78.9 36 -24.3 41.8
8 7.3 25.4
741.1 -46.5 -15.7 0.2 -18.1 4.2
2241.5 133.1 -122.4 29.9 -18.4 1.9
2964.8 -48.2 -54.6 49.1 -26.6 35.5
7.6 8.8 29.2
741 -42.5 -14.7 0.3 -16.6 2.7
2240.3 140.6 -116.4 31.6 -18.2 -1.6
2962.3 -17 -32.8 52.1 -35.3 25.6
7.9 8.4 17.7
742.2 -38 -15.9 1.2 -17 1.5
2244.1 156.4 -117.7 29.3 -20.3 -7.1
2960.8 48.1 -51.9 50.3 -38.9 0.2
7.7 8.5 22.2
748.6 -35.5 -12.7 0.9 -15 0.9
2261.3 163.3 -116.9 23.4 -21.2 -9.2
3008.5 45.2 -44.4 26.4 -36.5 -1
9 8.7 28.4
755.6 -35.1 -12.7 0.3 -16.6 1.3
2278.2 168.2 -121.8 15.9 -23.8 -9.2
3065.2 21.4 -39.7 4.8 -44.7 10
9.8 8.3 25.6
765.2 -37.7 -10.3 -2 -17 1.8
2297 166.4 -122.9 8.8 -25.3 -9.1
3112.9 -1.5 -34.5 -13.4 -44 11.4
9.7 7.5 19.9
775.8 -42.6 -6.5 -4.5 -16.2 2.6
2315.2 161.4 -121.8 5.3 -26.3 -8.7
3149.2 -16.9 -32.3 -22.4 -41 9.5
9.9 7.1 17.6
781.7 -48.3 -7.9 -5.5 -18.9 4.3
2323.1 158.6 -126.6 2.8 -27.8 -7.5
3167.5 -25.6 -40.8 -23.5 -45.3 13.9
8.4 5.6 13.3
784.1 -52.1 -9.2 -5.9 -20.3 4.1
2326.7 153.8 -130.1 1.7 -29.8 -7.5
3174.9 -36.3 -46.5 -25.9 -48.9 13.4
7.7 5.4 11.7
784.5 -51.9 -11.2 -2.3 -21.9 2.5
2326.8 152 -132.7 6.3 -32.4 -10.7
3174.8 -40.1 -51.1 -15.9 -54.2 6.7
6.4 5.3 9.3
788.2 -50.5 -11.6 0 -20.2 0.6
2333.8 153 -133.6 11.1 -31.4 -13.7
3185.6 -37.1 -54.6 -8.8 -48.9 -1.6
7.5 5.8 11.6
791.4 -50.6 -15.9 0.9 -21.9 -0.7
2340.3 158.9 -139.2 12.5 -29.8 -16
3199.3 -29.3 -66.1 -2.9 -47.3 -3
8.2 6.3 11.3
796.3 -52.3 -17.7 -1.4 -22.3 -2.5
2354.5 164.9 -138.7 13.7 -28 -16.7
3222.4 -22 -68.1 -4.5 -40.2 -5.2
winner is: 18
