Regression analysis information for: S18_selected_tokens_0116
number of formants: 3
number of coefficients: 5
19.7 24.4 39.3
865.7 15.3 -145.8 2.5 -65.3 -9.5
1520.6 144 187.6 111.3 40.7 31.1
2392.6 -339.6 152.6 71.9 74.9 -6.9
18.8 27.6 55.6
864.3 18 -138.1 0.6 -66.3 -10.3
1528.6 164.3 212.9 123.5 49.4 40.2
2433 -317.4 216.5 111.5 80.5 17.7
18.1 25 76.5
862.4 24.6 -136.8 -0.7 -66.3 -11.5
1528.4 173.6 215.8 118.3 46.5 35.3
2419.7 -228.2 180.5 131 91.9 -34.3
18.2 23.6 48.3
863.7 29.6 -140.6 0.1 -66.1 -9.2
1532.4 183.2 212.2 117.6 46 37
2408.7 -143.5 128.4 164.7 55.1 8
18 25.6 41.6
871.5 30.8 -142.6 -1.5 -64.7 -7.5
1538.1 183.9 201.7 112.4 45.1 40.5
2453.1 -160.7 142.5 117.9 39 38.2
18.5 26.7 40.1
876.2 26.3 -152.1 -5.4 -64.4 -4.7
1552.8 186.2 199 110.2 48.8 47.9
2515.9 -231.5 198.2 57.1 65 46.5
19.3 26.9 30.3
885.3 20.9 -155.5 -10.2 -64.2 -3.2
1565.2 180.8 192 100.5 46.2 49.2
2524.9 -236.8 170.1 33.4 33.9 27.1
19.6 25.3 21.2
895.8 18.8 -151.6 -12 -62.8 -2.5
1572.9 175.8 187 92.6 42.3 47.1
2545.2 -221.7 175.1 29.4 22.6 18.6
20.9 23.6 24.6
900.8 21.4 -149.4 -11.4 -65.3 -4.2
1583.1 187.4 195 95.6 39.3 44.1
2579.4 -174.2 209.2 41.4 11.7 1.6
22.1 23.8 28.6
904 29.2 -147.5 -8.8 -69.5 -6.1
1591.7 205 203.5 101.6 35.8 42.3
2609.8 -118.8 245.9 62.1 10.6 -4.2
22.6 21.6 26.6
903 35.2 -151.1 -5.7 -71.4 -7.8
1599.8 221.2 211.4 110.5 37.4 41.9
2628.8 -80 268.2 84.5 15.3 -3.7
22.7 21.5 25.1
906.9 35.3 -150.9 -2.5 -69.1 -7.5
1604.9 223.6 213.8 115.3 41.1 43.3
2640.6 -70.3 278.9 98.1 24.7 1.7
23.1 21.5 25.7
912.3 30.1 -152.9 1.2 -66.7 -6.2
1609.1 220.3 213.4 119.8 45.1 46.3
2650.2 -80.5 282.2 109 33 11.6
23.1 23.1 25.6
925.4 20.8 -153.6 5.7 -64 -4.2
1611.2 210.3 205.3 119.1 45.3 49.1
2659.7 -102.4 275.8 109.3 33.6 18.7
24.1 24.7 26
942.2 8.4 -163.3 11.7 -65.6 -2.3
1618 212.4 195.6 121 41.2 52.6
2679.7 -115 272.8 110.4 25.3 22.6
31.8 27.1 30.1
961.3 -4.1 -183.4 24.2 -79.4 6.3
1629 233.3 177.8 131.9 30 57.5
2707.5 -115.5 276.6 115.8 6.5 25
47.3 129.1 94.5
1018.3 -69.8 -139.9 -10.9 -51.6 -19.1
1691.3 158.2 222.9 59.6 105.1 -36.3
2772 -195.5 366.4 39.4 65.8 -47.2
58.1 210 129
1062.7 -116 -113.3 -28.9 -58 -7.2
1778 113.1 179.9 76.2 116.9 -106.5
2821.6 -232.1 443.6 -5.8 67 -75.9
54.7 210.7 229.3
1083 -122.6 -99.9 -57.7 -32.9 -51.1
2037.5 -153.4 214.2 35.6 152 -117.5
3028.8 -448 540.9 84.6 -90.8 -184.1
23.6 57.3 191.5
1117.7 -161 -71.1 -78.7 -45.3 -34.7
2235.8 -309.4 184.6 40.2 153 -6.7
3354.8 -415.5 416.2 -99.7 -213.3 -84.4
winner is: 8
