Regression analysis information for: S18_selected_tokens_0049
number of formants: 3
number of coefficients: 5
4 7.7 6.5
529.7 85.9 -6 23.3 -3.7 3.8
1498.1 55.8 45.1 -29.4 23 -3.1
2625.9 -5.5 47 20.5 40.8 17.9
4.2 7.2 6
524.3 91.4 -6.3 20.1 -1.3 2.5
1493.9 61.3 46.9 -33.1 24.9 -2.9
2633 -8.4 47.5 18.2 37.1 17
4 7.3 5.7
523 93.3 -5.1 19.7 -0.8 3.6
1489.8 67.1 46.5 -34.2 23.5 -1.5
2632.8 -5.6 44.2 16 33.5 16.8
4.5 7.2 6.1
521.8 92.3 -6.2 17.8 -0.7 1.8
1489 68.1 47.5 -36.1 26.3 -3.6
2633.3 -1.3 46.5 14.1 36.1 14.4
6.4 7.6 8.4
518.3 87.7 -11.5 13.3 -4.4 -1
1487.7 65.5 47.8 -38.1 26.5 -2.3
2630.4 2.7 49.7 16.8 40.8 19
7.3 7.5 9.6
518.1 85.1 -14.1 11.6 -6.3 -2.8
1488.7 62.7 44.6 -38.5 25.5 -4.3
2631.3 0.8 47.3 18.2 42.2 18.1
8 6.5 7.6
519.3 83.2 -16.4 10.2 -8.2 -4.7
1492.3 58.3 41 -39.9 23.4 -7.7
2640.6 -6.4 44.5 13.6 37.8 14.3
7.2 5.7 5.7
522.8 83.4 -16.3 11.2 -8.3 -4.8
1497.1 56.1 36.3 -39.9 20.5 -11.3
2653.2 -13.8 38.2 4.6 27.3 6.7
8.4 6.6 8.3
525.7 84.5 -20.6 10.6 -12.2 -7.4
1507.8 51.3 36.4 -41 19 -12.8
2680.7 -23.3 42.1 -2.6 15.1 6
8.7 8.4 12.5
531 92.7 -28.8 15.3 -15.7 -10
1522.4 51.1 33.4 -41.8 18.6 -14
2727.2 -32.8 43.7 -4.3 -4.7 11.2
12.9 17.1 14.9
529.1 119.5 -49.8 29.2 -14.6 -19.8
1522.5 69.8 32.3 -58.8 35.7 -19.6
2771.3 -40.8 43.9 -1.4 -22.1 14.6
158.5 157.3 108.2
649.4 -40.9 -35.3 129.4 -123.4 4.4
1638.3 -102.2 102 -27.1 -32.1 5.5
2855 -145.8 133.6 -58.7 5.4 6.4
124.7 200.5 204.2
816.4 -347.1 195.3 8 -128.2 114.4
1808.9 -426.6 383.5 -185.5 -42.3 185.1
3054.7 -480.1 384 -159.1 -30.1 165.4
126.9 125.6 136.9
619 -32.9 83.7 -85.3 85.6 -94.3
1615.6 -108.6 227.3 -225.8 149.6 -79.3
2893.3 -203.7 232.1 -159 118.1 -71.6
107 105.5 112
677.1 -149.5 185.2 -184.2 169.5 -179.6
1676.3 -223.8 321.8 -306.2 218.9 -151.6
2956.1 -314.3 339.8 -254.3 205 -145.6
117.7 129.4 136.5
698.9 -136.9 223.4 -163.8 205.4 -159.7
1689.5 -213.9 391.8 -307.5 245.4 -100.1
2993 -299.6 398.9 -230.8 238.7 -96.4
155.4 246 250.9
771.3 -247.4 318.9 -144.9 176.4 -47.7
1803.6 -381.5 499.2 -244 175.9 25.3
3153.7 -466.5 466.3 -120.3 187.7 6.6
134.7 153.1 178.2
1013.6 -415.7 -30.1 16 218.4 123.4
2330.9 -663.3 -137.6 158.6 259.2 139.6
3705 -711.9 -181.8 233.3 321.4 155.8
153.8 153.6 171.4
1232.5 -21.8 138.6 24.4 156 63.1
2615.9 -147.3 80.5 130.4 156.3 54.8
4086.3 -94.7 91.7 220 215.4 81.2
20.3 24.8 19.8
1306.1 77.5 97.8 -116.8 -6.8 5
2671.1 -49.8 38.3 -18.1 -11.8 -7.7
4187.1 41 56.8 36.8 18.2 9.1
winner is: 3
