Regression analysis information for: S18_selected_tokens_0034
number of formants: 3
number of coefficients: 5
0.9 6.3 6.2
520.9 -47.4 -12.4 -6.8 -4.3 -1.8
1559 -0.9 -113.5 -20.7 -34.7 -15.4
2809.6 -199 -2 16.3 18.5 -6
1 6.2 9.9
516.8 -49.6 -11.1 -2.9 -2.2 -1.7
1553.9 -6.9 -114.7 -17 -31 -12.9
2813.3 -218.9 -21.8 -8 13.8 -0.1
0.8 6.6 9.2
514.5 -46.5 -10.2 -2.4 -1.8 -1.8
1550 -1 -112.6 -13.6 -28.6 -13
2820.8 -237.9 -8 6.2 29.3 6.3
0.6 7 11.1
514.9 -43.4 -9.9 -1.9 -1.7 -1.8
1551.7 10 -110.1 -11.6 -28 -13.6
2834.8 -217.6 15.3 11.9 29.8 -1.6
0.7 7.4 8.4
517.4 -42.1 -9.2 -1.8 -1.6 -1.6
1559.5 15.7 -106.5 -11.3 -28.9 -13.9
2847.7 -175.3 16.4 13.1 20.8 0
0.9 6.6 6
521.2 -40.7 -7.5 -1.8 -1.7 -1.5
1575.3 21.6 -94.3 -8.2 -28.9 -11.9
2874.1 -155.2 27.5 1.8 15.1 -2.3
1.1 6.9 4.9
524.6 -41.5 -6.4 -2.9 -2 -1.4
1585 21.3 -90.4 -10.7 -31.2 -12.2
2898.9 -148.5 33.8 -11.8 9.9 -3.7
1.2 7 4.7
526.3 -43.9 -5.9 -4.3 -2.2 -1.5
1588.8 15 -90 -14.3 -33.1 -12.4
2904.6 -162.3 30.5 -23.5 5.1 -4.7
1.2 7.4 4.8
529.1 -43.4 -4.7 -4.5 -2 -1.5
1596.8 19.3 -85.6 -14 -33.3 -12.4
2923.7 -146.3 38.8 -25.4 4.6 -4.5
1.3 8.6 5.7
533.1 -42.1 -3.5 -4.6 -1.5 -1.2
1609.1 28 -81.2 -13.5 -33.8 -12.6
2957.4 -114.3 48.5 -27.5 6.1 -1.5
2 13 6.8
537.2 -43.5 -3.1 -5 -2 -1.6
1618 31.9 -86.3 -18.8 -40.4 -18.4
3003.6 -77.3 64 -25.4 9 4.1
8.5 21.1 8.8
537.3 -52.1 -8.4 -10.9 -8.8 -7.9
1629 33.9 -91.6 -25.7 -51.1 -27.3
3056 -26 83.6 -17.8 16.1 11.8
54.1 27 13.5
579.3 22.9 75.3 66.3 63.9 59.3
1671.7 103.9 -28.6 36 5.7 27.1
3102.1 11.5 95.7 -11.3 26.7 24.1
47 101.8 100.4
560.6 -15.5 52.8 40.1 34.6 37.4
1693.4 149.4 10.2 80.1 49.1 74.2
3158.6 77.3 150.8 48.7 96.5 98.5
8.7 21.3 8.4
531.5 -69.1 16.1 -9.1 -19.4 -7.1
1629.1 54.6 -108.1 -28.5 -62.7 -33.5
3124 -22.5 45 -50.2 -4 4.8
19.2 25.3 10.7
500.6 -67.7 63.7 -4 -35.4 6
1598.9 120.4 -119.7 -16.1 -57.8 -37.2
3151.4 1.8 37 -63.5 -11.8 -1.6
383 587.9 355.1
757.2 -275.5 -156.4 198.6 329.4 17.4
2236.4 -397.8 -159.3 165.5 318.8 158.7
3608 -239 -44.1 86.9 244.9 95.3
20.1 52.8 92.5
1394.7 130.2 -193.1 -103.8 -51.9 -43.2
3144.8 53.4 -27 -167 -61.6 -8.1
4190.3 232.9 130.7 -110.9 -77.3 23
21.7 95.6 119.1
1359.9 101 -183 -101 -45.5 -31
3031 -5.9 -27.7 -178.6 -55.2 46
4061.8 179.2 211.1 -51.5 -72.3 -1.4
18 59.8 43.6
1349 87 -173.7 -86.4 -35.8 -28.6
2955.8 -61.1 11.2 -100.8 -21.9 23.9
3962.8 58 232.3 115.1 100.2 41.5
winner is: 7
