Regression analysis information for: S18_selected_tokens_0048
number of formants: 3
number of coefficients: 5
5.6 14.9 20.4
473.9 29.6 -15.6 -2.4 -8.1 -1.8
1032.6 -95.9 108.1 -58.7 42.2 -23.8
2474.8 77.6 -47.2 40.2 -35.4 34.6
5.6 14.7 20.1
473.2 31.3 -14 -3.1 -7.1 -0.3
1031 -94 111.1 -61.3 43.8 -22.3
2477.6 76.5 -46.2 39.1 -35.5 34.6
4.8 15.8 17.8
472.2 31.4 -12.1 -3.2 -6.3 -0.8
1026.5 -89.8 109.4 -60.3 42.9 -23.4
2478.9 74.1 -40.6 33.2 -30.4 31.4
4.5 16.1 17
470.2 29.6 -13.4 -2 -7.4 -1.7
1024.5 -89.3 106.8 -57.7 40.7 -24.2
2475.1 74 -43.2 36.2 -31.4 29.6
5.3 15 20.4
470.2 30.1 -15.3 -0.8 -8.6 -1.8
1027 -90.6 106.6 -56.2 39.4 -23
2472.1 79.5 -53.2 47 -39.7 34.9
6.1 14.4 22.7
474.6 33 -16.5 -1.6 -8.9 -1.8
1029.4 -91.4 106.3 -55.1 39.2 -21.5
2482.6 79.6 -54.2 46.6 -43.8 38
7.2 15.7 23.3
482.3 37.7 -18.5 -4.7 -7.4 -0.8
1030 -100.3 113 -55.6 42.2 -23.7
2499.1 74.1 -46.6 37.3 -39.8 37.3
7.9 23.5 7.8
494.6 42.3 -22.2 -11.2 -1 2.5
1022.9 -122 132.5 -55 48.1 -38.5
2524.4 47 -19.3 9.5 -17.4 19.2
12.7 32.4 7.7
508.1 45.3 -34.3 -15.6 9.9 9
1004.7 -155.1 171.3 -44.8 43.4 -62.3
2542.6 28.7 -4.5 -2.4 -7.7 10.2
35.4 41.3 9.8
491.6 21.1 -7 39.5 16.9 -33.9
974.5 -176.7 195.9 -51 27 -58.2
2554.8 19.2 0.8 -0.2 -10.6 10.5
79.7 301.8 214.7
510.1 -5 -67.3 6.3 35.2 57.7
1168.8 -14.6 -146.7 -465.8 127.4 363
2743.1 129.9 -269.6 -278.6 61.5 311.8
97.4 347.9 294
610.5 99.1 -111.1 -112.1 -31.9 29.3
1788 420.3 -522.5 -538.5 162.9 -85.3
3266 481.6 -524.8 -313 34.8 -18.9
72.1 307.1 248.4
680.8 162.4 -75.7 -42.2 -37.5 -43.5
2123.4 433.5 -440 -136 -48.7 -218.7
3543.8 517.9 -443.2 9 -124.6 -123.9
37.3 130.7 118
740.5 116.4 -47.8 35.9 -87.3 24.6
2341.6 278.1 -261.3 137.3 -196.2 87.4
3735.6 413.4 -276 216.2 -209.9 115.8
39 60.1 76.1
776 72.3 9.9 11.1 -53.3 30.3
2392.4 200 -108.7 74.5 -61.9 84.8
3789.7 346 -140.6 168.7 -102.2 124.5
34.9 36.6 45
783.2 60.2 21.9 -0.5 -43.3 21.9
2396.5 171.3 -94.4 53 -35.7 55.1
3797.6 301.1 -115 138.5 -66.1 90.4
32 36 42.6
786.9 52.2 31.9 -10.4 -36 14.4
2408.6 162.9 -99.5 54.3 -39.5 50.5
3807.3 293.2 -121.1 136.6 -69.4 79.4
32.5 37 43.6
780.5 56.3 36.5 -12.8 -37 13.5
2430 155.9 -104.3 58.2 -46.8 48.9
3827.4 291.8 -124.5 136.8 -73.2 70.5
41.1 38.4 46.5
757.5 81.7 27 2.8 -57.6 30.6
2451 155.4 -112 67.7 -60.3 51.6
3845 301.9 -132.5 144.4 -80.2 68
42.5 42 46.3
732.4 94.5 29 7.7 -65.9 35.7
2450.2 189.5 -134.1 87.7 -89.3 58.2
3843 352.7 -158.2 162.5 -96.8 68.4
winner is: 4
