Regression analysis information for: S18_selected_tokens_0044
number of formants: 3
number of coefficients: 5
4.9 15.8 13.1
494.6 33.5 -9.7 -9.8 -8.1 -3.5
1075.8 -54.9 96.3 -63.4 45.5 -29
2522.6 18.9 -51 16.4 -29.3 4.6
5.5 14.3 11.9
490.8 32.7 -7.7 -10.7 -6.4 -4.3
1069.4 -53.5 95.4 -62.8 45.8 -28.2
2527.5 15.6 -47.2 16.3 -31.1 1.7
4.8 15.2 12.8
488.1 33 -8.4 -11.3 -4.5 -5
1065.9 -53.6 94.6 -63.7 48.5 -28.8
2520.7 7.1 -44.4 16.3 -30.9 3.3
4.5 16 11.6
487.6 34.3 -9.1 -11.3 -3.5 -5.3
1065.1 -51.7 93.5 -63.7 49.8 -29.5
2515.7 9.7 -46.4 14.2 -24.3 2.5
5.1 15.5 13.7
488.1 35.7 -10.5 -11.2 -4.1 -4.8
1067.8 -52 95 -64.5 50.1 -29.1
2519 22.9 -54.1 16.2 -22.2 5
5.1 14 17.1
491.5 37.1 -9 -10.5 -3.9 -3.7
1069.2 -48.5 92.7 -62 47.4 -27.2
2541.5 24.1 -48 17.6 -28.4 11.1
5.8 13.6 21.4
496.1 38.9 -7.8 -10.5 -4.5 -3.2
1073.1 -49.5 94.2 -63.1 46.9 -27.7
2568 28.6 -43.3 18.9 -35.2 13.5
6.3 16.1 21.3
501.5 40.5 -6.3 -11.6 -6.1 -4.7
1079.1 -58.3 101 -70 50.9 -32.9
2593.1 30.8 -38.1 19.8 -43 8.7
7.4 17.9 22.6
511 47.4 -5.7 -12.4 -9.5 -7.7
1077.6 -66.7 100.2 -74 53.2 -37
2625 44.6 -41.1 22 -49.9 -1.9
18.1 21.6 26.3
533.6 67.4 -13.7 -25.3 -30.6 -26
1047.5 -106.6 86.8 -76.4 57.1 -35.8
2673.1 75.1 -57.3 26 -58.8 -17.9
29.3 170.8 108.9
607.7 167.5 43 24.8 -1.5 -4.4
1113.1 96.7 349.1 183.1 315 197.4
2827.8 309 144.8 237.9 130.8 141.9
37.4 167.9 93.8
593.2 131.4 44 72.1 29.3 -3.3
1104.8 174.7 435.4 200.4 337.2 211.7
2871.1 348.7 177.2 281.1 158.4 149.9
83 287 180
571.3 67.9 93.8 121.8 22.9 51.8
1222.9 24 563 237.3 207.1 407.3
2961.6 232.4 264.8 310.7 76 290
119.6 359.2 225.6
599.4 -63.9 221.7 91.2 -17.9 140.2
1517.7 -213 668.8 182.9 -41.9 596
3162.3 65.4 342.9 267.3 -75.7 410.9
117.5 425.9 250.1
791 -44.5 22.6 -19.6 20.4 140.5
2345.2 -94 -266.4 -18 9.3 360.2
3658.2 125.8 -173.3 111.6 -63.2 292.5
20.3 41.3 35.1
864.6 -35.2 59.4 -43.9 52.7 10.5
2558.5 172.5 -127.2 43.6 -19.6 -83.6
3800.4 260 -114.5 134.7 -72.4 53
20 30.9 36.3
869.3 -34.9 64 -44.7 52.7 8.5
2494.8 127.5 -82.7 43.2 -23.7 -38.6
3789.4 258.7 -105.7 137.2 -73.3 58.2
20.3 23.1 34.4
871.6 -34.3 65 -46.2 53 5.9
2489.3 107.4 -61.6 41 -34.4 -15.3
3789.7 251.5 -99 135.2 -73.7 60.5
22.6 21.1 32.9
871.2 -32.8 64.4 -47.7 55 2.8
2513.1 99.9 -58.8 46 -43.9 -8.2
3794.1 252 -99.8 135.7 -73.5 59.7
31.1 45.6 34.2
861.8 -22.3 56.1 -46.5 57.7 -1.1
2531.8 128.5 -90.5 63.5 -44.5 -25.6
3787.5 277.1 -118.7 144.8 -74.6 58.4
winner is: 2
