Regression analysis information for: S18_selected_tokens_0059
number of formants: 3
number of coefficients: 5
6.1 15.3 30.4
516.7 73.5 -23.2 -14.6 -9.2 -10.1
1456.3 415.4 -26.5 -23.5 -2 -7
2565.3 68.5 8.7 64.4 -2.5 40
5.6 15.1 9.8
517.8 76.9 -20.6 -14 -7.3 -10.9
1458.8 416.5 -25 -22.6 -0.7 -8.3
2578.8 55.1 22.6 50.2 8.8 24.2
5.7 14.1 8.9
515.7 81.1 -20.2 -16 -7.7 -10.2
1457.5 423.9 -24.2 -27.1 -1.3 -8.7
2584.4 59 22.9 49 5.8 20.7
5.3 13.6 5.6
514.4 81.3 -19 -17.3 -6.9 -10.4
1455.9 424.7 -21.7 -29.2 -1.2 -8.8
2589.3 59.9 30.3 44.8 9.7 15.9
5.2 13.3 6.7
511.4 83.7 -21.8 -15.6 -8.4 -9.9
1450.8 426.7 -24.1 -26.1 -3 -7.4
2576.9 64.5 20.1 49.4 10.3 18.1
5.4 13.5 4.8
512.3 83.4 -20.8 -16.1 -8.6 -9.9
1452.2 426.4 -22.6 -27 -3.8 -7.3
2578.4 63.4 24.6 47.6 8.8 17.9
5.6 14.1 6.2
514.6 83.6 -20.2 -15.6 -8.4 -10.1
1456.9 428 -22.7 -26.9 -3.1 -8.2
2589.9 68.8 31.4 49.6 9.1 15.1
5.8 15.3 9.8
516.8 85.6 -20.6 -14 -9.2 -9.2
1461.9 432.3 -24 -26.3 -3.3 -7.7
2600.7 85 32.3 58.4 2.9 19
5.7 16.1 11.1
521.6 86.7 -19.9 -12.5 -8.4 -9.1
1470.4 435.5 -26.2 -25.8 -1.7 -8
2621.4 88.5 36.4 57 0 18.5
7 18.9 16.9
527.1 87 -24.9 -13.6 -8 -11.8
1479.2 446.1 -35.2 -35.8 3 -11.5
2654.5 91.4 35 54.4 -6.5 13.7
10.5 27.4 23.8
532.3 93.8 -33.2 -18.6 1.8 -21.2
1481.1 472 -45.2 -58.7 16.9 -12
2695.2 88.2 34 41.9 -12.3 9
62 157.1 110.9
532.6 109.2 -48 -21.6 10.4 -32.1
1534.8 422.4 -57.5 10.7 -103.1 75.6
2778.1 19.2 31.1 101.6 -109.9 55.6
121.1 288.7 213
676.7 -57 -79.7 100 -75 30.6
1765.7 112 -1.1 153.4 -325.2 320.3
2943.3 -202.1 113 160.7 -253.4 210.7
107.5 232.3 171.3
673.1 -120.8 82.2 -29.4 -84.8 105.5
1965.7 -288.9 362.8 -79.6 -248.4 288.7
3116.4 -503.3 338.6 41.7 -206.2 172.2
98.8 261.7 186.1
670.4 -120.7 82 -22.5 -101.9 113.1
1927.2 -207.4 282.2 -6.7 -298 300.8
3091 -453.1 308.1 77.7 -239.9 189.5
111.4 253.6 181.3
675.3 -116.7 29.8 35.2 -145.9 109.4
1967.4 -238.3 228.3 92.4 -369.3 310.1
3128.3 -471.6 263 167.2 -296.8 190.7
103.9 254.4 188.7
706 -159.2 -61.3 101.6 -164.3 16.6
2013.7 -243.1 95.3 253.3 -413.5 190.9
3188 -484.6 151.2 314 -318.4 64.3
173.6 317.9 277.7
778.7 32.1 -7.2 310.3 37.6 63.2
2027.9 45 -64 566.9 -253.6 52.9
3267.4 -232.7 57.2 633.5 -88.4 -18.9
273.3 338.9 331.8
961 168.1 -128.9 154.8 88.3 213.6
2276.5 96.5 -220.8 416.3 -61.9 136.9
3572.9 -115.4 -200.7 403 132.5 166.6
82.3 56 54.9
1292.8 498.8 107.4 3.4 -71 -21.5
2590.2 -53.1 78.8 108 43.9 73.8
3947.3 -6.3 11.7 53.5 68.5 36
winner is: 6
