Regression analysis information for: S18_selected_tokens_0061
number of formants: 3
number of coefficients: 5
3.6 13 13.4
422.6 8.3 -1.4 -6.6 -5.3 -2.4
1161 -31.6 77.8 -49.4 44 -18.6
2434 36.8 -33 1.7 -15.8 20.6
3.3 12.7 13.3
422.2 8.2 0.1 -5.4 -4.6 -2.4
1157.7 -31.6 76.5 -47.5 43.6 -19.2
2434.6 32.5 -25.4 2.1 -13.6 21.1
3.5 12.7 12.9
422.4 7.9 -0.3 -5.7 -4.9 -2.9
1158.7 -32.4 76.6 -48.7 43.6 -20.6
2437.1 30.6 -23.2 2.7 -13.8 20.8
4.1 13.5 10.6
422.4 7.3 -2.2 -7.1 -5.8 -4.3
1161.7 -33.7 78.5 -51.7 45.3 -24
2439 35.2 -28.5 2.7 -14.2 17
4.2 14.2 9.2
423.2 7.6 -3.1 -7.8 -5.8 -5
1163.7 -32.9 77.6 -53.7 45.3 -26.6
2441.9 37.5 -34.7 -2.9 -15 11.5
4.5 12.9 12
425 6.5 -3.5 -8.2 -6.3 -4.6
1168.8 -37.8 80.2 -56.6 44.9 -26
2455.1 22.8 -32.9 -5.3 -22.4 16.9
5.8 11.6 18.6
429.2 3 -1.8 -8.9 -7.9 -2.6
1180.9 -51.6 92.2 -63.9 46.1 -25.2
2487.8 -9.9 -14.1 -3.4 -38 36.5
9 15.7 24.2
435.8 -2.6 1.8 -9.4 -11.1 1.4
1197.6 -70.8 111 -73.6 47.6 -22.3
2532.5 -49 8.7 11 -65.6 67
14.4 45.8 30.8
444.3 -5.8 7.6 -8.7 -15 6.9
1219.5 -99.1 139.5 -80.7 39.7 -0.5
2583.1 -79 27.9 30.6 -93 95.4
15.4 31.7 18
444.5 3.2 11.8 -11.7 -18 3
1199.4 -73 139.2 -75.6 50.3 -13.9
2602.9 -56.3 14.7 51.5 -100.1 89
37.2 77.4 46
438.1 10.2 33 -14 -41.9 -3.8
1189.5 -109.2 147 -16.3 45.3 -16.4
2636.1 -57.9 -11.6 101.3 -123.2 70.2
117.9 291.6 241.9
464 -48.8 3.3 129.8 -60 -146.7
1319 -173.8 -13.4 128.9 7.2 -228.9
2772.9 -75.8 -162.8 193.8 -170.7 -132.4
169.1 421.9 368.4
585.7 76.4 -137.9 -116.1 -76 -18.2
1638 95.5 -410.8 -375.3 -7.6 -48.2
3090.2 158.4 -543.4 -247.7 -181.5 37.8
73.6 255.2 206.9
658.5 105.9 -264 -157.4 68.8 -12.2
1787.2 176.8 -651.8 -485.2 202.3 -65.3
3240.6 272.5 -807.4 -313.3 9.9 24.9
109.8 330.8 285.7
737.7 -5.2 -225.6 -114.3 -11.5 5.6
2178.4 -231.7 -425.9 -370.4 -212.6 49.3
3575.5 -1 -582.5 -264.2 -255.3 44.6
78.1 139.7 134.1
832.9 -61.3 -167.4 -28 -27.5 -11.9
2404.3 -175.7 -265.2 -73.7 -242.4 -34.1
3801.8 89.4 -369.9 -16.4 -210.7 9.5
65.7 26 52.9
883.4 18.9 -70.9 30.1 37.1 26.5
2471.7 34.7 -61.6 56.5 -74 57.1
3890.9 289.1 -163.5 157.5 -54.6 129
64.1 14 44.7
887.4 17.5 -62.7 24.4 44 19.6
2446.9 18.3 -74.4 20.9 -79.8 44.1
3866.8 274.3 -179.3 143.6 -66.4 118.5
66.9 15.7 39.8
881.9 25.5 -72.5 29.6 42.5 20.6
2452.8 13.6 -75.6 13.8 -87.2 46.1
3870.5 273.1 -183.3 133.5 -73.7 112.1
67.1 19.3 39.8
850 66.3 -124.7 68.2 18.3 48.8
2460.2 33 -89.5 28.4 -97.4 50.7
3884.4 295.1 -186.5 139.4 -77 113.6
winner is: 5
