Regression analysis information for: S18_selected_tokens_0101
number of formants: 3
number of coefficients: 5
9.9 7.2 39
884.7 -47.6 -79.3 -4.7 -21.4 5.8
1767.9 212.7 21.6 50.8 5.3 8.1
2380.4 -238.2 12.3 51.9 42.8 9.1
10.1 6.1 42.8
884.9 -47.4 -81 -3.5 -23 6.7
1769.3 210.2 16.8 50.1 3.5 7.9
2487.1 -189.8 58.5 130.1 27.9 47.9
9.9 5.8 56.4
888 -46 -77.4 -5.1 -21.8 6.9
1770.5 205.1 14.9 47.4 4.4 8.6
2579.7 -54.7 145.9 140.2 72.4 30.8
10.2 7.1 76.9
885.9 -43 -77.2 -6.4 -23.8 8.3
1768.2 212.2 17.9 43.2 2 9.9
2573.9 50.1 218.7 66.5 12.4 37
9.9 7.7 63.3
887.6 -42.4 -72.1 -7.6 -22.6 8.1
1765.4 210.7 26 40.7 1.2 10.4
2563.8 27 251.5 49.4 8.6 49.8
9.5 7.5 44.7
890.5 -45.7 -73.1 -8 -21.7 8
1772 205.4 23.4 42.6 3.9 11.1
2625.7 15.1 182.6 65.2 6.4 38.7
9.7 5.8 22.5
893.9 -50.7 -78.2 -7.6 -23.9 7.7
1784.7 200.6 15.8 44.7 1.5 9.3
2725.7 46.4 80.4 25.1 24 4.2
9.4 3.9 6.9
902.9 -55.9 -80.8 -7.4 -22.7 6.7
1799.3 187.5 2.2 45 2 8.6
2747.1 46.7 70.5 6.8 18 8.1
9.4 3.5 5.1
910.5 -59.6 -88.3 -6.7 -23.2 6.4
1817.4 187.2 -8.3 43.4 -0.1 6.7
2756.3 32 66.5 7.7 17.9 4.6
8.7 3.3 4.7
920.4 -60.5 -89.5 -8.4 -21.8 5.7
1832.3 186.5 -13.2 40.4 -1.5 6.6
2766.5 27 60.1 4 15.5 2.9
8.9 3.2 5.1
922.1 -59.1 -91.3 -10.3 -22 6.5
1839.4 195.1 -11.6 37.1 -1 6.5
2775.2 29.9 61.9 -0.5 15.6 1.6
8.9 3.6 5.2
925.7 -57.5 -85.9 -12.3 -21.2 7.5
1843.6 197.7 -6 35.3 -1.2 8.9
2779.1 33.4 66.2 -3.7 15.4 3.1
9.9 5.1 6.7
925.1 -58.1 -85.1 -12.1 -20.2 9.3
1845.6 201.5 -1.1 36.4 2.2 11.8
2782.9 33.6 73.5 -4.6 19.6 6.1
10.1 6.2 8.4
928.5 -60.1 -79.3 -12.5 -18.3 9.4
1847.4 196.9 3.9 38.2 3.9 13.9
2784.1 29.1 79 -3.6 22.1 7.9
10.9 6.2 8.1
929.3 -64.7 -77.8 -12 -18.6 9.8
1850.2 195.5 8.4 40.7 4 13.2
2789.5 22.2 87.5 -1.8 22.7 7.6
11.4 6.1 8
936.2 -73.3 -74.4 -13.8 -18.5 8.8
1858.7 190 9 40.2 0.9 11
2801.8 11.5 90.9 -4.5 20.5 4.1
11.5 6.4 8.4
950.7 -86.4 -68.2 -17.7 -16.7 7.4
1872.5 181.6 6.6 38.5 -2.9 10.6
2819.5 -1.2 91.1 -9.9 18.7 1.3
13.7 8 9.5
968.8 -106.8 -65.5 -19.7 -18.2 8.6
1892.4 177.7 2.9 39.1 -9.3 10.3
2844.7 -13.6 93.7 -13.9 14.1 1
14.4 11.8 11.4
998.6 -132 -59.7 -21.9 -18 8
1923.6 163.5 -0.8 41 -20.1 13.7
2872.2 -25.4 94.7 -19.1 8 1.6
14.8 20 20.8
1035.3 -160.3 -63.3 -19.6 -19.8 6.2
1986.5 121.1 -1.8 51.6 -47.9 28
2912.2 -45.4 101.4 -23.2 -13 16.2
winner is: 10
