Regression analysis information for: S18_selected_tokens_0060
number of formants: 3
number of coefficients: 5
18.1 25.9 112
462.8 72.3 -28.9 -10.6 -15 2
1037.9 230.7 149.4 24.2 57.7 16.9
2527 210 -190.9 143.1 -103.6 132.7
15.5 29 15.1
461.9 69.8 -24.2 -12.4 -11.5 0.3
1036.3 215.3 155.8 14.5 69 8.9
2598.7 57.8 -40.2 -1.1 31.2 10.5
14.3 30.1 13.7
461.2 70.3 -25.9 -12.5 -12.1 -0.5
1035.4 215.4 153.7 13.9 68.6 7.7
2595.6 56.3 -40.7 -3.1 30.8 9.5
14.1 26.6 12.6
459.6 74.9 -32.3 -10 -16.1 0.9
1033.5 232.3 144.9 24.2 58.1 14.8
2603.5 56.7 -45.3 -2.8 28.9 8.7
13.9 24 11.7
461.6 77.2 -35.3 -9.3 -17.5 0.7
1033.3 239 141.2 26.6 54.4 15.4
2617.5 56.3 -57.2 -0.1 22 7.9
13.9 22.6 12.1
465.5 81 -38.9 -9.3 -18.8 0
1034.2 247 141.1 28.6 51.6 15.7
2638.3 66.5 -69.2 7.3 17.1 9.4
15.5 24.3 12.9
472.7 86.7 -42.8 -11.1 -20 -1.9
1034 253.3 148.8 30 50.1 17.3
2666.9 83.6 -78.3 19.5 16.2 11.1
21.3 32.3 15.9
487.2 102.6 -49.1 -21.7 -28.4 -10.2
1023 250.8 166.5 40.1 55.8 25.4
2699.5 113.9 -85.7 30.7 12.4 10.3
44.4 62.1 16
511 138.9 -44.3 -56.6 -45.9 -16.4
967.5 205.7 204.7 73.3 84.1 52.6
2744.7 122.9 -98.7 42.9 6.6 14.8
76.5 361.8 232.7
570.2 105.4 -131.7 38.2 -12.4 -134.1
1609.1 273.3 -506.5 404.3 141.8 -728.9
3071.5 95.6 -460.7 229.1 -14.2 -334.5
97.5 508.2 301.4
583 55.6 -153.1 67.7 -71.7 -122.4
1810.2 94 -744.1 441 -125.5 -462.4
3103 118.6 -330.7 61.4 -279.8 -74.3
87.4 466.5 263.8
607.2 14.7 -101.9 74.5 -169.8 -82.3
1911 -288.1 -615.8 584.2 -298 96
3295.1 -183.2 -500 298.8 -247.1 99
57.8 263 175.6
693.7 62.9 -178.1 -1.1 -114.1 21.3
2274.8 -98.7 -913.3 187.9 -259.1 376.4
3516.4 -82.4 -616.5 125.4 -236.8 220.3
91.3 296.3 190.8
784.3 222.9 -6.9 147.7 32.4 149.7
2482.5 252.7 -600.1 369.4 -201.8 392.1
3694.5 187.9 -348.9 273.1 -155.4 248.2
49.7 169.9 133
810.3 252 18.7 138.3 10 105.8
2587.7 319.2 -413.6 327.4 -228 189.9
3781.7 215.6 -215.7 237.7 -150.9 126.6
46.3 184.1 136.6
816.6 249.5 25.1 130.9 10.4 97.6
2573.8 296.8 -397.9 314 -233.9 192.7
3791.3 175.4 -189.2 216 -141.1 122.6
48.3 34 22.3
826.2 234.1 40.8 116.5 23.1 86.9
2700.8 50.5 -146.8 67.4 -15.9 -5
3904.6 -46.2 24.9 12.6 36.1 -36.3
50.5 29.5 23.5
827.6 237.7 46.2 121.6 31.8 90.7
2720 63.9 -158.1 78.7 -13.9 -9
3913.2 -40.2 28.7 10.8 38.3 -37.9
58.3 33.6 23
821.1 223.4 47.4 122.4 42 98.5
2746.8 76.1 -184.7 88.1 -9.8 -6.3
3919.7 -31.8 24.5 11.1 38.1 -36.6
68.5 48 23.4
806.9 203.1 44.4 127.5 54.2 111.6
2774.5 74.8 -207.3 90 -3.7 9
3922.3 -28.8 20.9 13.2 40.1 -32.1
winner is: 6
