Regression analysis information for: S18_selected_tokens_0114
number of formants: 3
number of coefficients: 5
13.2 5.9 38.8
922.8 11.5 -60.7 5.9 -33.2 5.6
1652.6 -34.3 40.4 20.4 3.8 -5.4
2384.1 55.3 56.2 62 3.8 -31.2
12.8 6.1 31.7
927.2 9.4 -57.8 5.4 -30.9 4.9
1659.9 -34.3 39.7 21.3 5 -5
2477.8 43.1 21.7 91.8 -32.1 -42.3
12.9 7.6 62.1
923.3 6.8 -60.1 3.9 -32 5.8
1658.4 -41.6 39.4 18.2 3.6 -4.4
2419.6 -92 7.5 27.5 -79.7 26.1
12.4 6.2 49
922.2 6.3 -57.3 3 -29.9 5
1649 -46.4 39.9 15.1 7 -3.1
2317.6 -36.1 46.3 5.3 15.6 7.6
12.9 6 36.2
922.2 9.1 -57.8 5.4 -30.3 5.7
1648.4 -38.2 41.9 21.3 9.3 -2.6
2356.1 36.1 56.4 72.8 32.8 -0.5
13.9 8.3 46.1
927.3 11.7 -58.1 6.7 -31.4 6.4
1664.6 -26.7 41.9 26 4.8 -1.3
2520.2 45.5 -8.7 105.3 -66.3 -23.1
15 10.2 26.4
935.8 14.3 -62 6.3 -33.3 7
1694.3 -19.6 38.4 24 0.3 -2.7
2614.7 -3.6 -27.2 40.8 -47.8 19.5
15.7 10.3 17.3
947.9 13 -60.3 3.4 -31.5 6.1
1718.3 -19.4 35.6 20.2 0.1 -3.6
2656.4 -54.3 18.7 -0.2 -16.2 0.6
15.6 9.8 10.7
954.5 9.7 -60.3 0.9 -30.6 5.3
1732.2 -24.1 34.4 16.7 0 -5.4
2677.7 -73.3 30.8 -15.4 -5.6 -9.6
15.4 10.3 11.7
954.4 7.1 -63 -1 -30.6 4.4
1735.2 -29.9 32.1 12 -0.2 -8.8
2684.6 -84.2 31 -23.3 -4.2 -13.6
14.1 8.6 10.2
954.5 3.5 -59 -2.5 -27.8 2.9
1730.4 -36.8 33.7 10.5 3.4 -9.2
2680.1 -91.1 35.3 -25.8 1.4 -15.6
13.8 7.4 9.2
953.3 3.2 -60.7 -1.9 -28.8 4.1
1731.7 -37.7 35.5 11.1 3.4 -7.7
2682 -96.7 38.7 -27.1 1.4 -13.8
14 7.3 9.2
954.8 5 -61 0 -28.9 4.8
1735.7 -33.5 36.3 15.7 3.9 -6.3
2686.5 -92 37.4 -20.8 -0.1 -11.6
13.7 6.7 9.1
960.3 6.2 -58.4 0.8 -27.4 4
1744.4 -28.7 37.3 19.9 4.9 -5.6
2698.3 -86.8 36.2 -15.8 -0.8 -10.5
14.1 6.9 10.3
965.2 9 -60.8 2.1 -28.5 4.2
1758.4 -22 38.3 23.1 3.9 -6.5
2717.1 -87.9 34.1 -16.8 -3.8 -11.5
14.6 7.6 12.5
975.5 11.3 -60.6 2.1 -28.1 3.3
1778.5 -14.5 39.6 25.8 2.8 -7.2
2743.2 -92.1 32.9 -20.5 -6.5 -11.6
15.4 9.1 15.9
990.2 14.4 -60.6 1.9 -27.8 2.5
1807.3 -3.1 41.5 29.8 1.1 -7.7
2776.1 -100.5 29.6 -27 -11.2 -11
16.5 11.8 21
1010.9 17.8 -58.6 1.5 -25.9 1.3
1846.8 14.8 44.2 36.2 -0.8 -8.2
2815.2 -111.2 23.4 -36.4 -17.3 -10.1
17.9 16.8 36.4
1032.3 21.2 -61.2 2.3 -26.3 1
1906.4 51.1 54.7 52 -0.5 -6.5
2860.7 -140.6 1.2 -60 -42.1 -16
19.8 20 63.8
1058.3 21.1 -59 2.2 -24.1 1.1
1981.3 93.7 65.4 72.6 1.1 -1.9
2936.5 -169.6 -20.2 -95 -81.7 -26
winner is: 14
