Regression analysis information for: S18_selected_tokens_0020
number of formants: 3
number of coefficients: 5
17.7 127.6 76.4
537.1 -9 -69.5 7.9 -24.1 -4.7
1883.4 288.1 -397.9 280.4 -246.1 178.1
2879.4 79.8 -281.6 180.3 -158 123
5.1 3 9.8
556.7 -33.6 -54.9 -1.4 -19.2 -2.7
2069.2 -78.1 -57.9 -15.5 -11.8 3.2
2976.8 -136.8 -78.5 3.8 -16 20.4
4.9 3.1 10.9
564.1 -39.7 -52.9 -3.2 -17 -3.5
2069.5 -73.1 -58.2 -13.4 -13.5 3.9
2958.9 -116 -82 8.7 -19.3 18.7
5 3 9.1
563.8 -41.2 -52.3 -4.4 -15.6 -3.5
2072.1 -74.4 -58.2 -15 -13.6 3
2962.8 -114.3 -78.8 7 -19.7 15.2
5.2 2.2 7.6
553.5 -33.8 -51.5 -4.5 -16.4 -1.8
2074 -80.8 -58.4 -17.2 -11.3 3.1
2977.3 -127.5 -80.1 2.7 -19.3 14.7
6.5 2 4.5
543.8 -19.6 -47.8 -4 -16.8 0.9
2076.1 -82.9 -54.1 -17 -9 3.1
2996.9 -148.9 -76.1 -1.3 -15 13.4
6.4 2.5 5.1
537.1 -13.1 -45.9 -3.9 -17.6 0.9
2071.6 -84 -48.4 -14.4 -7.8 3.1
3005.4 -165.2 -76.7 3.5 -9.5 16
6.6 3 5.3
535.3 -8.2 -47.1 -3.3 -18.2 1
2069.8 -74.4 -46.3 -12 -9.7 4.3
3008.3 -165.4 -62.2 6.4 -10.2 15.8
6.9 5.9 19.9
535.8 -5.3 -48.4 -3.3 -19.1 0.7
2070.5 -56.6 -51.1 -5.7 -16 9.1
3002 -126.9 -73.8 24.6 -30.4 34.2
7.2 4.4 12.6
537.1 -4.4 -50.3 -4.9 -20.3 -0.7
2077.3 -43.9 -51.8 -5.8 -16.9 7.5
3008.9 -101.9 -76.9 24.1 -29.7 29.2
8.8 3.8 4.6
535 -8.1 -58.4 -9.3 -24.9 -3.6
2089 -43.7 -47.2 -13.3 -12.7 0.8
3029.9 -105.8 -67.2 11.6 -19.3 14.5
10.9 5.5 9.6
534.2 -14.6 -64.9 -16.2 -29.7 -8.1
2103 -44 -38.7 -22.4 -8.3 -6.2
3055.9 -116.5 -48.1 -7.5 -5.1 -0.9
11.6 5.7 8.7
534.3 -18.9 -67.7 -19.3 -32 -9.8
2112.7 -50.5 -32.8 -30.9 -8.1 -11.2
3073.8 -133.9 -36.5 -20.2 -4.6 -6.6
12.2 5.7 7.8
535.7 -20.9 -67.6 -19 -32.4 -10.2
2119.4 -63.2 -26.6 -32.7 -4.6 -12
3087.8 -160.1 -25.3 -19.9 -3.2 -5.5
14.7 3.5 6.6
534.1 -29.8 -75.2 -24.5 -38.1 -13.8
2132.1 -70.2 -22.9 -32.7 -6.7 -12.3
3112.1 -179.1 -20.3 -13.5 -10.7 -2.7
105.1 59.2 65.7
585.7 62.3 24.1 72.3 64.1 86
2178.9 -8.4 36.4 24.3 44.8 39.6
3174.4 -121 44.5 51.7 46 56.6
136.6 65.9 76.1
734.6 350.9 291.8 300.6 243.9 200.9
2276.5 154.2 171.2 134.9 121 82.3
3288.2 52.6 188 180.4 134.3 112.5
152.7 70.3 76.8
865.8 586.7 416.6 286.8 85.6 -44.2
2345 250.5 200.8 99.5 25.3 -45.4
3384.8 185.3 242.6 165 45.3 -19.1
168.8 58.9 79.3
883.8 618.4 407.8 223.5 -12 -130.9
2355.7 243.1 169.8 51.6 -15.2 -69.2
3419.8 208.1 227.4 121 -5.5 -63.3
165.6 52.7 71.4
904.1 656.3 401.8 154.7 -108 -190.6
2375.6 252.7 155 14.4 -42.4 -77.8
3453.3 228.6 211.2 72.6 -50.4 -89.1
winner is: 6
