Regression analysis information for: S18_selected_tokens_0003
number of formants: 3
number of coefficients: 5
3.9 2.6 54.6
785.3 25.6 -41.7 -3 -16.5 2.8
1780.9 -159.4 -54.4 -18.8 -23.7 1.6
2431.4 -266.1 -120.6 68.2 -138.2 118.2
3.9 3.1 45.8
787.2 24.7 -39.3 -1.5 -17 2.7
1783.3 -157.2 -54 -16.9 -24.5 1.5
2475.4 -331.1 -86.2 53.2 -125.4 97.2
3.8 3.4 24.8
790.1 23.3 -37.2 -0.2 -16.5 2.2
1787.2 -156.3 -52.9 -14.4 -24.1 1.1
2510.1 -386.5 -41.2 8.6 -73.5 43.8
3.5 3.6 15.1
794 22.5 -35.6 0.8 -15.3 1.4
1793.4 -155.4 -52 -12.1 -22.6 -0.1
2543.4 -431 -11.1 -20.5 -34.9 3
3.2 3.5 16.1
797.7 23.4 -35 1.4 -13.6 0.4
1800.7 -153.5 -52.2 -10.8 -20.7 -1.3
2565.8 -448.4 -9.4 -22.5 -24.4 -7.9
3 2.8 16.3
800.7 27.8 -34.4 2.1 -11.4 -0.6
1807.9 -144.8 -50.6 -11.3 -18 -3.4
2590.5 -461.7 3.7 -33.3 -12.2 -13.7
2.7 3 17
802.9 30.2 -34.8 3 -10.5 -1.6
1812.5 -140.6 -51.9 -10.4 -16.4 -5.3
2600.6 -463.3 -1.7 -31.4 -7.1 -20.4
2.9 2.7 18.4
802.9 26.3 -40.1 1.7 -10 -1.1
1812.5 -147.7 -61.9 -12.5 -14.4 -3.9
2606 -470.9 -18.7 -30.5 0.7 -22.6
3 2.8 17.6
806.1 27.8 -39.8 2.4 -9.5 -1.2
1818.4 -144.7 -61.8 -11.5 -13.9 -4.6
2614.6 -469.4 -25.2 -25.9 0.9 -23.9
3.3 3.4 15.5
810.9 31.1 -39.3 3.7 -9.9 -1.2
1827.1 -138.8 -61.6 -10.2 -15.6 -5.1
2628.4 -470.3 -32.8 -20.9 -2.6 -23.3
3.6 4.3 12.6
814.7 37.2 -39.8 5.7 -11.3 -1.2
1834.1 -132.2 -63.2 -7 -19.2 -5
2635.1 -472.5 -50.9 -7.5 -16.4 -16.9
3.4 4.1 14.5
820.8 44.7 -34.9 6.8 -10.2 -1.6
1844.3 -119.7 -55.4 -7.1 -18.7 -6.9
2642 -476 -48.7 -21.2 -11 -24.9
3 4 17.5
831 49.7 -28.6 6.5 -9.4 -1.7
1862.7 -111.4 -44 -9.6 -18.4 -8.1
2669.3 -516.7 -36.4 -45.8 -5.8 -31.2
3.8 6.2 16.1
849 57.4 -23.2 2.5 -10.9 -3.1
1897.4 -90.6 -31.5 -16.2 -23.6 -12.7
2700.8 -564.7 -53.6 -63.9 -8.6 -23.8
4.4 20.8 22.5
900.4 113.7 0.7 11.9 -5.7 1.3
1955.6 -42.7 -32.3 -33.9 -45.3 -31.9
2761.3 -600.5 -157.1 -136.5 -51.8 -27.6
5.9 9.8 20
958.4 166.3 4.3 16.3 0.9 7.5
2003.8 -11.2 -37.3 -18.3 -20.3 -8.2
3299 192.3 252.6 98.5 50 -6.1
7.2 10.3 15.6
989.1 182.5 -13.8 14.9 2.8 10.5
2023.1 -10.4 -55.5 -14.3 -19.1 -5.9
3383.7 234 181.9 48.3 -1.9 -39.3
7.7 9.6 16.9
999.4 183.1 -19.6 21.9 4.7 10.3
2031.8 -11.8 -61.7 -9.4 -19.7 -6.5
3420.2 241.3 140.3 20.2 -31.5 -50.3
6.9 8.9 16.3
995.6 173.3 -16.1 32.2 6.5 9.6
2033.1 -15.7 -60.2 -4.7 -20.4 -8.1
3430.7 236.3 136 25.8 -34.3 -54
6 8.7 38.1
981 156.9 -5.6 41.1 7.8 10.3
2026.2 -22.6 -49.9 -0.3 -21.1 -9.4
3370.4 172.2 196.2 120.5 30.2 -40.7
winner is: 11
