Regression analysis information for: S18_selected_tokens_0005
number of formants: 3
number of coefficients: 5
9.9 6.4 17.6
706 -39 -60.2 10.9 -18.6 1.1
1850.7 120 -0.7 24.1 -0.8 10.9
2845.8 22.8 -118.4 82.9 -76.5 36
9.9 6.3 15.9
708.6 -38.9 -59.1 10.8 -18.5 2.4
1851.9 116.9 -0.8 23.4 0 10
2827.7 19.4 -104.4 60.5 -54.3 19.1
10.7 6.3 18
708.5 -39.1 -62.4 11.7 -20.5 2.8
1854.8 118.7 -0.1 23.5 -0.2 10.5
2816.7 19.1 -92.5 52.1 -43.1 19.3
10.3 5.9 18.4
712 -38.5 -60 11.9 -18.9 2.9
1859.3 115 1.1 21.9 0.5 10.4
2824.3 3.9 -73.2 41.2 -38.7 19.3
11 6.9 23.5
708 -36.6 -65.9 13.4 -21.5 3.1
1862.2 119.4 -1.2 24.3 -1.2 11.8
2834.1 1.2 -67.9 42.6 -40.2 24.8
10.6 8.3 28.5
704 -34.5 -66.1 15 -21.9 0.5
1862.3 121.5 -3.4 28.4 -3 11.4
2848.5 -5.3 -68.1 43.3 -45 35.3
9.3 7.9 29.8
698.4 -32.7 -60.4 10.8 -19.2 -1.5
1852.4 112.7 -3.3 27.3 -1.6 9.2
2863.6 -29.4 -77 46.3 -53.9 38.5
9.2 8.5 31.4
693.7 -31.6 -62.7 9.1 -20.2 -2.2
1845.9 114.3 -4.3 25.8 -3 8.1
2853.8 -33.4 -92.4 56.9 -62.5 43.6
8.9 7.8 30.6
694.1 -31.5 -61.3 7.9 -20.2 -1.8
1847.3 115.4 0 22.6 -2.9 8.9
2854.4 -34 -83 53.1 -56.6 39
8.4 7.1 24.6
696.8 -28.3 -58 6.6 -17.5 -1.6
1850.7 124.9 2.2 18.9 0.5 9.9
2856 -9.3 -76.6 48.9 -47 31.1
8.3 5.4 23.8
697.3 -27.4 -59.7 5.7 -17.4 -1.3
1860.9 135.3 8.7 16.4 4.6 11
2868.1 8.3 -61.3 44.6 -33.1 30.6
7.4 2.9 20
702.7 -27 -54.1 4.2 -14.6 -1.1
1872.4 138.2 18.4 10.9 9.3 10.6
2891.4 5 -27.5 24.5 -15.3 22.7
7.2 4.6 12.8
707.2 -32 -52 3.5 -14.9 -2.7
1892.7 133.6 34.6 9.2 12.4 3.9
2937.2 -30.2 16.4 18.4 -7.5 16.2
7.4 5.5 12.2
715.6 -39.1 -47.6 2.4 -13.9 -3.6
1914.8 124.6 44.1 7.5 14 0.1
2980.9 -61.4 42.7 15.1 -2.7 10.2
8.6 6.2 15.3
725.5 -41.6 -46.5 5.2 -13.8 -2
1934.9 123.3 37.7 12.5 12.2 0.6
3016.6 -70.7 40.3 23.2 -2.5 7.9
9.4 6.7 18.7
730.5 -40.3 -51.4 7.6 -14.2 -2.7
1949.9 131.5 26.7 14.9 10.7 -2.6
3038.2 -61.3 25.8 32.2 -4.6 3.9
10.1 7 21.8
731.6 -37.1 -59.4 8.8 -15.8 -3.2
1961 145.6 16.7 14.4 9.2 -3.5
3049 -38.1 7.4 44.1 -10.7 7.3
9.7 6.8 22.1
737.2 -33.5 -59.1 8.2 -13.5 -3
1971.7 156.8 12.1 12.7 10.4 -1.9
3063.5 -23 8.2 42.9 -3.1 5.4
10.1 6.9 21.9
739 -32.6 -62.9 6 -15.3 -4.3
1986.4 171.3 16.8 9 11.4 -1.7
3082.1 -3.8 19.4 47.1 0.5 7.7
9.8 7.9 22.7
746.7 -32.1 -60.9 4.4 -14.4 -5.1
2003.3 181.6 20.1 8.3 12.8 -0.6
3108.6 9 40 52.2 13.5 9.6
winner is: 13
