Regression analysis information for: S18_selected_tokens_0045
number of formants: 3
number of coefficients: 5
8.3 43.9 143
558.8 126.5 14.9 32.4 2.5 13.7
1623.7 81.6 66.4 -60 -7.3 5.6
2669.7 -150 -105.9 -69.9 22.4 94.3
6.6 10.6 21
557.9 138 21.7 29.4 5.8 12.8
1647 127.9 105.9 -31.3 13.5 13.7
2777.4 34.4 28.2 2.4 11.8 17.5
3.9 10.6 5.3
552.5 147.7 29.2 28.3 4.4 10.6
1640.3 134.6 111.7 -34.1 11.2 10.6
2793.6 45.6 27.2 8.5 20.2 12.8
3 10.6 4.8
550.6 146.3 28.3 28.9 5.5 10.5
1638.8 137.4 113.6 -31.1 14 10.6
2790.3 51.4 33.8 4.8 18.4 13.8
3.1 10.7 5.1
548.6 140.2 23.2 25.8 3.9 9.5
1640.3 136.7 113.1 -29.3 17.2 13
2790.7 56.2 39.8 8.7 20.2 14.1
3.6 10.5 4.7
548.1 134.6 17.3 21.8 0.2 6.4
1643.6 133.2 109.6 -30.1 17.4 14.3
2797.6 53.3 36.8 14.8 23.1 14.8
5 10.5 4.8
549.4 131.8 13 19.3 -2.5 4
1647.8 128.7 103.9 -32.8 14.5 13.3
2807 47.5 28.8 19.6 23.5 14.7
6 10.6 4.3
551 130.9 10.3 17.4 -4.7 2.1
1650.9 124.9 98.8 -36.2 9.9 10.9
2814.4 43.8 22.5 22.6 21.3 13.6
6.2 11.1 5.7
552.1 130.7 8.8 15.7 -6.4 1
1653.5 121 96 -39.9 5.4 9
2820.2 38.8 20.5 22.9 17.6 12.2
7 12.1 6.8
552.9 133 6.3 12.8 -7.2 -1.2
1658.2 116.4 91.4 -44.6 0.5 6.2
2831.3 29.9 13.7 24.7 12.4 7.9
8.4 12.3 8.1
551 143.6 4.2 7.8 -3.4 -3.8
1665.6 120.4 92.4 -46.4 2.2 7
2846.1 24.9 8.9 28.8 11 5.2
13.8 13.5 9.8
537.8 170.5 0.3 -5 11.5 -10.5
1669.6 129.9 94.8 -49.6 9.5 7.2
2860 21.7 6.1 32.6 12.8 3.2
32.9 14.9 11
501.8 227.5 -6.4 -36.1 48.3 -24.3
1668.8 142.4 96.8 -54.3 18.2 6.7
2869.4 21.4 4.3 33.4 16.5 0.9
248.9 253.5 248.1
711.3 -99.9 112.9 55.2 -121.7 55.5
1903.1 -213.9 218.9 61.6 -179.8 111.4
3096.6 -326.5 134 113.1 -140.2 79.9
102.1 122.8 91.3
896.8 -442.1 382.3 -96.5 -91 127.5
2078.7 -524.4 444.7 -48.1 -167.2 176
3303.6 -694 404 -31.9 -108.4 143.4
100.6 139.3 113.5
989.2 -503.4 221.8 111.7 -100.1 -69.1
2225.1 -631.2 239.5 221.5 -166.8 -76.1
3443.2 -798.6 223.9 195.9 -103.5 -72
68.8 108.9 113.4
1022.7 -500.5 102.6 181.5 28 -153.3
2298.3 -631.8 64.8 292.6 10.7 -167.3
3520.2 -789.7 38.3 263.1 43.8 -141.2
133.5 102.9 126.8
1208 -361.7 -181.7 -121.8 86.5 131.4
2526.6 -444.5 -274.4 -68.9 99.1 164.5
3751.8 -559.7 -346.3 -109.2 75.7 187.9
70.2 72 102
1336.7 -145.2 -108.9 -226.5 -149.3 -104
2646.3 -225.1 -190.3 -173 -136.5 -57.2
3886.5 -305.4 -276.2 -251 -212.8 -92.7
60 81.7 139.5
1388 -52.4 -21.9 -167.4 -129.4 -125.6
2697.6 -133.2 -93.8 -109.3 -112.4 -76
3949 -209 -147.9 -179.6 -181.9 -130
winner is: 4
