Regression analysis information for: S18_selected_tokens_0079
number of formants: 3
number of coefficients: 5
11.8 16 16.1
365.1 -17.6 -18.2 1.8 -18.2 3.2
1999.3 95.2 145.4 -56.8 24.7 -26.4
2608.7 56.3 20.3 44.7 34.4 10.8
12.3 71.9 23.4
365 -14.6 -19.1 3.6 -18.8 4.6
1963.9 172.7 62.4 24.6 -57.8 54.7
2602.4 79.2 -12 66.5 5.1 33.9
12 66.6 22.8
364.5 -14.4 -19.1 3.8 -18.5 4.7
1971.3 164.4 70.6 18.9 -52 52.1
2608.4 81.2 -10.5 68 8.2 35.5
12.6 76.1 25.2
362.4 -13.9 -20.8 4.4 -20 5.1
1958 185.3 61.9 36.7 -65.7 68.7
2601.6 88.4 -1.6 78.9 10.1 39.2
11.9 62.9 23.6
361.7 -13.2 -21.5 3.9 -19 4.1
1938.1 213.4 45 37.7 -47.7 53.4
2594.3 90.9 -3.9 77.9 22.9 41.8
13.7 73.8 23.3
361.8 -12.2 -23.4 5 -21 5.4
1955.1 202.9 52.4 34.3 -48.8 57.3
2608.2 98.5 -3.5 78.8 23.4 42.9
12 24.6 23.2
363.3 -16.1 -22.4 1.7 -19.8 2.3
2025.2 97.9 151.7 -60.5 37.6 -27.8
2637.4 91.4 15.9 60.6 44.1 21.8
14.2 34 32.8
359.7 -25.8 -28.1 -3.2 -25.1 -1.9
2086.5 56.1 179.9 -74.7 33.4 -20.8
2695.7 80 58.5 24 82.9 -10.4
74.3 53.8 81.5
371.4 6.5 29.7 56 28.4 57.8
2239.2 -33.3 185 21.3 -59.8 80.8
2784.6 171.2 84.1 -1.9 118.6 -34.5
365.2 162.6 146
672.3 562.2 426 199.8 -42.1 36.3
2477.3 204 204.3 97.2 -67.4 -0.3
3419.4 247.3 -20.6 271.3 -79.8 45.2
149.6 80.6 49.8
1254.1 1087.5 121.5 -109.3 -140.9 -120.9
2671.1 486.6 209 -131.3 -277.3 -64.3
3629.5 422.5 -80.5 109 -201.6 56.8
240.3 187.1 68
1291.8 1121.9 100 -93.8 -86.7 -106.5
2745.8 490.6 125.2 -33.4 -221.8 -91.7
3685.1 428.3 -140.8 168.1 -170.6 71.2
176.2 161.4 81
1437.9 1208.9 -182 -318.6 193.8 169.6
2895.8 551.9 -210.4 -195.1 132.3 140.5
3706.5 461.2 -207.7 74.5 -75.8 163.2
430.4 260.5 172.5
1191.5 1042.1 125 -26.1 188.2 58.6
2738.6 485.7 22.3 -50.5 98.1 72.5
3588.8 447.5 -84.3 87.3 -34.8 144.1
314.9 196.1 120.6
1144.4 1091.1 290.4 -86.3 -55.8 12.7
2681.5 483.4 100.1 -118.1 -82.2 -1.3
3564.6 465.1 -63.7 55.2 -116.2 89.2
323.9 221.9 114.1
1277.2 1148.7 101 -139.9 18.3 -48.2
2769.5 484 -48.3 -173.4 -54.4 -85.1
3631.2 455.1 -143.4 67.5 -97.7 60.3
267.8 199 74.7
1481.6 1131.1 -275.7 -63 211.4 -150.8
2925.6 449.1 -294.4 -134.2 65.5 -169.7
3719 406 -259.6 127.1 -64.6 44.7
270.1 213.6 92.3
1683.2 971.1 -316.7 -171 359.9 -220
2981.2 359.9 -299.6 -49.2 179.5 -103.2
3810.6 264.5 -217.3 110.4 -46.9 22.5
328.1 283.5 150.5
1810.9 772.2 -277.4 -125 322.3 -312.8
2789.7 150.3 -37.7 39.8 111.7 70.4
3884.9 156.5 -179.9 154.2 -67.3 0.2
349.1 221.4 268.8
1877.9 629.6 -180.4 -78.3 162.1 -173.7
2724.8 19.8 136 207 -10.5 69.3
4008.6 -17.1 -134 266.6 -227.2 110.3
winner is: 1
