Regression analysis information for: S18_selected_tokens_0108
number of formants: 3
number of coefficients: 5
9.7 4.5 39.2
917 7.9 -78.4 -5.1 -31.2 3.8
1703.6 -20.6 39.3 18.1 13.4 2.2
2366.1 -86.1 -66 -34.2 -60.3 -38
8.9 4.3 33.1
917.6 9.4 -72.2 -4.6 -28.5 5.3
1706.7 -20.1 38.7 17.7 13.3 3.3
2419.6 -62.4 -49.7 -18.6 -50.8 -31
8.4 4.7 37.4
912.8 10.3 -72.3 -4.3 -26.6 5.7
1704.7 -18.1 43.8 16.4 15.5 4.1
2430.4 -53 -38.9 0.4 -27.2 -15.8
7.3 4.9 43
913.1 10.1 -70.2 -1.8 -23.8 5.6
1699.2 -20.1 43.6 19.4 21.1 3.6
2385.5 -58.7 -42.8 -2.2 20.1 -5.4
8.4 4.5 19.8
913.1 9.8 -73.3 -0.8 -26 5.5
1697.5 -21.7 36.3 22.2 18.2 3.7
2371.2 -55.2 -85.8 7.1 -30 -1.6
8.6 4.8 20.1
917.2 10.3 -73.9 0.6 -26.8 5.9
1707.8 -19.4 33.6 25.2 14.9 2.7
2431.5 -17 -51.8 34.8 -42.3 1.2
9.7 4.7 26.8
922.3 11.1 -74.8 1.2 -29 5.6
1725.3 -17.6 36.2 25.3 11 -0.2
2530 30.9 39.4 67 -15.9 8.6
9.6 4.3 22.3
931.3 12.3 -65.7 1.5 -27.2 6.7
1738.8 -18 45.6 22.5 9.9 -0.8
2616.1 9.8 156.6 54.4 45.9 15.3
9.8 3.8 22.7
937.7 12 -58.9 1.7 -25.1 7.4
1749.6 -20 53.7 21.2 9.8 -1.7
2661.8 -49.2 210.4 10.5 67.1 -10.7
10.5 4.1 18.3
940.1 10.7 -58.9 1.5 -25.6 8
1757.5 -21.8 55.6 20.9 9 -1.2
2683.4 -59.6 217.7 9.1 61 -4.7
9.3 4.2 17.6
943 9.3 -58.5 1.4 -23.9 8.8
1760.7 -24.3 50.4 20.9 12 1.2
2690.9 -65.8 206.9 9.1 68.2 -0.2
9.9 4.5 18.2
942.2 5.2 -66.8 -1 -27.7 8.2
1765.5 -29.2 39.7 18.4 9.7 2.1
2706.3 -77.1 190.5 6.7 65.3 6.2
9.8 5.2 16.9
945.4 4.5 -71.5 -1.6 -28.6 8.7
1773.7 -29.8 28.4 17.1 9.5 3.9
2724.4 -78.1 165.6 5.7 61.5 12.2
9.3 5.4 18.2
954.1 3.2 -72.4 -2.2 -27.8 9.4
1788.4 -31.6 16.5 15.6 10.5 5.5
2758.2 -86.9 141.2 -0.5 60.1 17.7
9.7 6.4 19.7
961.9 1.7 -79 -2.5 -29.2 10.1
1809.1 -32.4 2.5 14.8 11.1 6.7
2814.6 -97.4 114.8 -8.5 61 30.6
10 7.6 36.4
976.1 -1.1 -83.4 -2.7 -29.5 11
1837.6 -35 -15.9 14.3 12.6 7.6
2911.1 -111.2 43.5 -31.4 78 66.4
10.8 9.4 38.3
995 -4.6 -87.6 -1.9 -30.8 12.7
1873 -38.8 -36.5 15.6 10.7 8.2
3077.7 -155.3 -108 -5.8 118.9 81.3
12.1 11.6 24.9
1018.1 -8.4 -86.1 1.1 -32.1 14.7
1908.6 -43.7 -51 19.7 3.4 7.6
3221.9 -251.3 -163.6 107.8 20.6 71.9
14.2 13.8 28
1036.7 -9.9 -86.5 6.9 -37.1 17.5
1937.4 -46.4 -59.9 23.5 -9.9 4.4
3254.4 -216.3 -152.7 83.9 -1 53.6
15.4 17.8 32.6
1058.8 -5.7 -73.5 15.5 -37.1 22.5
1961.3 -47.5 -61.9 23.8 -25.7 -0.9
3299.4 -179.4 -137.3 61.7 -32.8 25.7
winner is: 11
