Regression analysis information for: S18_selected_tokens_0031
number of formants: 3
number of coefficients: 5
4.8 31.9 44.1
419.9 -119.7 32 -7.7 -6.6 12.7
2077.5 312.8 -398 -146.7 -148.5 -73.9
2786 -178.4 -23.8 -63.6 27.3 19
4.8 59.1 44.6
418.4 -120 31.5 -9.3 -5.6 11.7
2080.1 308.6 -383.6 -126.2 -133.8 -81
2800.7 -171.4 -40.1 -62.7 26.4 0.8
3.1 44.9 49
415.3 -115.2 29.8 -10.2 -1.8 8.2
2074.9 311.8 -401.1 -145.3 -140.8 -76.1
2787.4 -188.5 -30.9 -50.6 60.1 -3
2.5 39.6 31.8
414 -111.2 27.7 -9.7 -1.6 7.2
2091.9 341.5 -384.9 -143.1 -150.4 -84.8
2837.4 -157.5 -55.5 -79.9 -7.2 -14.3
2.4 45 24
414.9 -110.9 27.3 -8.9 -2.2 7.3
2095.9 348.1 -377.1 -130.2 -144.3 -87.8
2846.9 -137.6 -60.8 -85.3 -4.9 -10.4
2.5 47.8 22.7
416.4 -112 27.6 -8.2 -2.9 7.9
2103.8 350.3 -373.5 -122.6 -140.8 -85.5
2862.8 -123.7 -64.8 -92.3 -9.5 -9.5
2.6 49.4 22.8
418.3 -114.8 28.8 -7.7 -3.6 8.7
2102.7 345.1 -380.9 -126.7 -144.1 -85.9
2876.1 -125.4 -63.4 -100.1 -10.2 -6.3
2.8 48.5 21.7
419.3 -116.4 30.2 -9.1 -3 8.7
2112.4 341.5 -370.7 -120.8 -138.2 -80.4
2877.9 -136.5 -62.6 -99.2 -3.6 -6.1
2.8 50.6 20.7
420.7 -118.2 32 -10.5 -2 8.3
2120.4 347.6 -363.3 -119.8 -134.6 -79.4
2891.7 -129.8 -56.9 -108.5 -1.7 -5.4
2.8 55 26.2
423 -121.2 34 -11.4 -1.3 8
2125.9 355.4 -367.9 -123.5 -134.7 -79.6
2918.1 -114.4 -54.9 -125 -3.1 -5.5
3 59.1 29.8
424.2 -123 34.9 -13.9 -0.1 6.6
2151.9 380.7 -349.1 -105.6 -123.9 -72.3
2953.1 -84.6 -57.9 -142.3 -13.6 -17.5
4.7 65.8 34.7
423.5 -124 32.7 -14.1 -1.1 7.5
2160.2 402.5 -357.6 -92.8 -123.4 -63.8
2994.4 -52.4 -56.6 -154.7 -19 -25.4
12 68.8 38.7
416.5 -118 23.6 -13.4 -4.4 11
2176.6 430.5 -355.1 -69.5 -113.3 -52.1
3040 -8.8 -57.2 -161.9 -26.1 -41.5
17.9 65.2 37.6
403.4 -107.7 15.3 -23.4 1.2 7.3
2196 454.2 -348.1 -45.5 -97.4 -41.2
3088.5 45.1 -54.6 -157.7 -21.8 -54.3
37.3 94.7 57.6
382.3 -86.7 23.5 -62.2 44.1 -17.9
2208.7 418.2 -331.4 -92.3 -54.9 -95.9
3126.6 41.6 -40.7 -180.7 11.9 -78.2
220.5 271.1 200.5
634.9 -443.3 3.7 267.2 -349.2 162.7
2439.5 85.8 -248.4 52.5 -259.3 17.7
3380.6 -212.1 5 24.9 -212.6 66.4
166.7 76.7 91
801.9 -744.7 101.2 236 -311.8 56.6
2688.8 -323.6 59.5 -140.9 -114.1 -41.4
3626.4 -391.9 180.1 -26 -127 20.7
371.5 156.7 175.3
976.9 -509.3 262 559.3 -80 87
2806.1 -111 203.9 51.9 61.7 30.4
3828.9 -98.4 338.8 184.2 75.6 100.7
366.6 208.9 172.6
1233.2 -130.7 451.6 788.3 -10.7 -194.9
2956.4 131.9 335.7 182.5 132.1 -57.3
4051.8 246.7 505.8 297.4 121.8 -18.9
395.1 257.3 294.4
1181.3 -194.4 406.2 663.6 -154.4 -317.5
2897 52.3 241.3 31 -15.4 -161.8
4095.8 225.5 368.2 235.4 60.9 -182.3
winner is: 5
