Regression analysis information for: S18_selected_tokens_0064
number of formants: 3
number of coefficients: 5
5.7 27.3 41.9
404.2 39.3 -11.4 4.7 -7.2 -3.2
2080 206.3 36.6 -62 7.9 -10.2
2757 103.3 -36.8 11 -28.2 24.2
5.2 8.7 9.5
391.3 28.2 -9.8 1 -5.9 -0.4
2097.7 191.8 60.2 -81.7 32.9 -29.9
2788.8 83.6 -10.2 -12.5 1.5 0.9
4.3 9.6 18.5
382 19 -9.4 2.7 -4 2.2
2099.7 201 63.7 -87.3 36.2 -28.6
2798.3 103.1 -19 -10.7 -3.7 10.9
4.2 10 10.3
378.5 15.4 -9.1 3.3 -3.6 3.1
2096.7 206 70.3 -91.9 37.6 -26.9
2807.7 100.9 -4.5 -28.7 10.9 1.5
4.1 10.3 11.6
377.4 14.4 -9.3 3.7 -3.7 3.5
2094 202.3 75.1 -93.1 35.7 -25.8
2805.3 99 2.7 -29.6 12.3 -0.5
4 9.9 10
377.8 13.8 -9 3.6 -3.4 3.4
2095 199.2 74.8 -89 35.8 -26.8
2805 94.2 2.9 -24.1 9.2 0
4.2 10 11.9
378 14.1 -9.4 4 -3.9 3.6
2098.9 196.7 73.7 -86.9 33.4 -28.3
2809 90.8 4 -23.1 5.6 -2.8
4.4 9.6 11.9
378.6 14.5 -10.4 4.5 -4.3 4
2109.5 191.5 67.6 -84.6 31.2 -28.1
2822.1 87.5 -5.6 -21.4 5.2 -0.9
4.5 10.6 13.3
379.7 14.2 -11.2 4.9 -4.3 3.9
2125.2 183 55.2 -74.7 28.4 -30.4
2841.4 79.1 -21.9 -14.4 3.5 -0.1
4.4 15.1 17.7
380.9 13.9 -11.7 5.2 -4.5 4
2147.7 172 42.6 -64.8 22.2 -30.4
2868.2 71.5 -38.2 -10.3 -3.8 4.6
4.2 19.4 21.6
382.1 13.2 -11.2 5 -4.4 3.8
2171.4 160.5 34 -51.2 12.6 -27.6
2895.4 63.2 -49.2 -3.4 -16.4 11.4
4.4 22.8 26.4
382.2 13.1 -10.8 5 -4.3 3.9
2197 149.6 32.3 -42.6 0.3 -22.6
2924.3 58 -52.7 -1.4 -30.8 17.6
4.5 24.8 27.9
381.2 12.8 -10.5 5.3 -3.5 4
2220.6 142.8 36.8 -39.3 -11.7 -15.6
2950.3 58.6 -49.9 -6.1 -44.7 24.7
4.8 24.4 26.6
378.4 11.5 -11.2 7.1 -2.4 5
2239.4 142.5 42.2 -42 -19 -8.2
2971.6 65.2 -45.9 -14.8 -49.8 29.7
4.9 24.3 26.6
373.4 8.2 -12.2 9.7 -1.3 6.3
2259.6 139.9 49.2 -44.2 -19 -5.2
2994.8 66.7 -41.2 -21.3 -51.2 32.6
7.3 28.6 25
358.7 8.3 -11.2 13.1 -3.2 8.1
2304.4 107 53.3 -30 -27.2 3.6
3035.6 42 -32.9 -22.3 -63.8 48.4
56.3 48.1 58.7
332 -14.8 33.3 -10.6 10 -9
2374.8 52.1 42.6 2.4 -34.4 -6
3120.4 -55 20.8 -24.1 -108.5 104.1
435.5 122.1 340.4
671.9 -180.7 -487.4 4.3 664.1 -203.3
2539.2 -7.4 -124.8 17.1 136.2 -26.2
3510 -322 -272.3 45 204.7 5.3
702.2 241.1 407.8
1601.3 -154.6 -626 -160 -399.9 184.1
2942.1 -121.1 -150.3 109.1 -447.5 231.8
4064 -284.9 -407.5 105.2 -389.6 131.2
435.5 183.3 350.3
1874.4 702.9 -127.8 -264.7 -206.4 320.5
2920.4 183.8 23.4 -87.8 -301.7 264.3
4220.3 138.6 -147.8 168.8 -337.6 290.2
winner is: 2
