Regression analysis information for: S18_selected_tokens_0084
number of formants: 3
number of coefficients: 5
42.6 182.4 85.3
695.4 -137.4 -61.1 -54.5 -25.2 -29.1
2301.8 213.9 -428.6 -274.4 -251.5 -197
2822.6 314 -85.3 -43.9 32.2 -104.3
36.2 143.4 83.1
716.4 -91.2 -24.6 -15.8 3.1 1
2369.8 350.6 -292 -158.9 -144.7 -114
2951.1 389.1 -153 -37 -34.6 -18.1
13.1 8.9 83.5
732.4 -52.8 7.3 17.4 35.1 35.3
2444.1 484.6 -143.8 -17.5 -9.1 16.1
2998.5 423.1 -165 100.2 -99.4 70.7
11.2 8.7 59.6
728.3 -47.1 9.3 16.5 36.8 33.7
2444.2 481.7 -147.1 -11.2 -12.7 17.7
2960.7 465 -217.3 132.2 -98.3 31.1
9.3 15.2 74.9
720.6 -44 19.3 15.5 41.4 34.9
2443.3 479 -153.4 -22.3 -3.5 11.5
2822.5 632 -211.4 -74.8 126.6 -113.6
10.4 43.6 88.4
713.6 -48.8 31.6 20.9 44.1 32.1
2425.1 488.9 -119.4 -59.2 -23.2 61.7
2823.5 587.3 -74.8 -218.8 160 -62
11.9 47.7 81.5
707.7 -60.8 40.8 27.3 45 31.1
2434.1 484.9 -125 -41.4 -33.5 47.5
2879.5 505.3 2.3 -240.7 131 -15.8
12.2 8.6 64.2
695.9 -83.2 42 31.7 44.1 31.8
2463.4 478.8 -160.5 -17.2 -2 14.5
2988 387 29.8 -178.4 70.3 13.8
15.3 10.1 41.5
683.9 -111.5 31.9 29.2 35.8 29.8
2468.8 487.9 -156.3 -16.8 1.6 18.9
3152.5 230 -5.8 -30 4.4 8.5
11.9 11.1 28.4
674.5 -137.3 16.1 19.3 23.7 22.2
2476.3 488.3 -150.9 -13.8 -1 21.7
3179.6 199.6 8.6 16.3 -3.1 33.7
9.3 11.5 35.9
665.9 -158.2 -2 7 6.6 10
2478.6 496.3 -147 -7.4 2.3 26.4
3199.8 236.1 26.9 26.7 -0.6 48.3
8.9 11.4 47.3
663.9 -158 -4.7 5.2 5.6 7.4
2479.8 493.7 -147.3 -4.4 2.9 27.9
3199.7 232.6 28.6 35.7 10.1 62.2
8.8 15 38.3
659.6 -156.9 -5.2 4.1 2.2 4.6
2469.5 490.6 -158.6 -15.3 -5.6 18.9
3162.3 175.5 -35.7 -25.3 -55.4 1.5
7.7 12.8 34.5
660 -154.2 -2.4 3.3 3.6 4.2
2473.5 494.9 -148.9 -11.2 -1.6 23.3
3165.9 182.8 -24.1 -28.7 -58.2 -8.2
8.4 13.6 24.1
660.4 -156 -1.7 2.2 2.8 2.5
2476.4 504.4 -140.4 -8.7 5.3 26
3182.3 208.6 5.3 -17.1 -42 -3.1
8 12.8 23.3
662.1 -157.7 0 1.3 4.3 1.3
2480.7 502.8 -138.2 -10.3 6.8 21.7
3214.3 247.9 56.2 15.2 -1.2 18.8
6.5 12.3 36
665.1 -159 2.8 0.6 7.6 0.8
2487.2 495.4 -136.8 -11 7.5 17
3233.8 251.4 79.5 22.1 18.8 19
7.2 13.7 43.9
668 -165.8 4 -1.9 8.6 -2.2
2494.2 493.7 -135.4 -11.9 14.3 13.3
3255.8 243.2 95.8 16.2 35.5 9.9
7.1 14.4 47.5
672.1 -169.7 6.8 -3.6 12.1 -3.4
2504.2 484.5 -136.6 -11.2 17.1 10.1
3272.8 226.5 99.2 7.9 43.2 -1.6
8.2 16.6 52
676.1 -178.1 8.9 -6.1 15.3 -5.4
2517.7 479.6 -140.4 -13.2 21.8 6.4
3301.2 220.8 101.9 -1.6 50.6 -10.3
winner is: 16
