Regression analysis information for: S18_selected_tokens_0046
number of formants: 3
number of coefficients: 5
5.3 23 17
469.7 115 3.9 2.2 5.2 6.4
1154.8 -138.9 175.7 -91.6 54 -32.6
2754.5 -7.9 -12.3 0.7 33.6 -7.2
4 22.8 13.8
463.2 106 1.4 -1.5 0.8 4.1
1151.8 -145.3 179.7 -92.8 52.2 -32.8
2763.6 -0.1 -5.9 6.9 44.2 -12.2
2.4 21.6 17.6
462.5 103.6 -0.9 -3.1 -0.8 2.5
1152.6 -148.3 179.5 -94 51.8 -33.1
2753.7 -10.6 -1.1 6.2 37.1 -17.6
2 20.6 14.2
464.1 104.5 -1.8 -2.9 -0.3 2.7
1154.7 -148.7 178.5 -94.1 51.9 -32.3
2765 -6.5 -2.3 9.2 45.1 -7.3
1.5 19.6 13
466.3 106.1 -3 -2.9 0.3 3
1156.2 -147.1 176.2 -93.5 51.1 -30.9
2778.9 -1.6 -16.6 5.9 45 -1.8
1.1 19.2 13.1
469.1 108.2 -4.6 -3.5 0.9 3
1157.9 -146 175.1 -94.2 51 -30.7
2794.1 6.3 -30 1.7 45 1.1
1.3 19.8 13.8
471.9 110.6 -6.3 -5.3 1.1 3
1159.4 -145.9 175.7 -96 50.9 -31.5
2805.7 15.4 -38.1 -8.9 48.1 2.3
1.8 20.5 15.6
474.7 112 -6.9 -7 0.4 2.8
1163.5 -152.3 181.3 -100.1 52.4 -33.4
2823 4.7 -30.9 -19.1 46.1 2.3
2.4 20.3 19.1
477.6 112 -8.4 -8.3 0.1 2.3
1168.4 -161.9 189.5 -105.1 53.4 -33.1
2854 -31.6 -29.4 -8.2 27.3 7.9
6.4 23.8 29.6
482.5 118.1 -14.3 -17.2 7 6.2
1158.7 -166.8 218 -116.2 47.6 -32.9
2915.2 -80 -48.5 18.3 0.1 31.7
76.9 203 116.9
479.5 114.8 20.6 -25.2 -45.8 41.4
1217.8 -265.5 191.6 31.4 -37.7 -101.8
3021.6 -163.4 -111.7 121 -52.4 12.5
84.9 359.5 217.5
645.6 0.5 -163.5 132.8 -21.3 4.8
1791.1 -559.4 -593.2 408.5 309.3 -108.6
3317.7 -269.8 -501.1 258.9 148.6 15.9
89.5 304.1 131.3
612.6 27.4 -219.4 137.4 41.3 -49.2
1864.3 -515.8 -841.1 417.6 436.3 -199.7
3408 -262.9 -645.2 304.6 192.2 -39.4
178.4 542.2 300.3
638.6 -58.6 -231.8 127.3 -14.4 16.7
2131.4 -379.4 -724.3 357.3 226.1 -135.6
3587.3 -144.2 -539.5 269 72.3 -15.3
132.7 439 235.2
799.2 170.2 -50.9 166 -55.4 -32.7
2616.8 189.7 -270.8 364.3 83.4 -235.8
3912.2 302.2 -231 316.4 -14.3 -86.2
63.3 186 114.2
848.3 185.2 -60.6 118.1 -89.5 40.6
2834.6 179 -282.8 113.6 -13 6
4069.1 233.5 -147.6 96.5 9.8 3.9
70.6 106.8 92
927.3 33.6 69.7 14.8 -12.1 -18.5
2934.8 -70.5 -137.7 56.4 -66.3 88.5
4079.6 121.4 -98.6 42.1 -11.6 17.3
50.1 73.1 65
924 40.4 59.8 24 -20.5 -13.3
2882.6 -11.3 -183.9 109.7 -97.2 116.2
4031.9 158.8 -98.1 27.1 44.7 -32.3
84.5 72.7 98
918.6 51.6 50.6 30.9 -23.5 -16.2
2897.2 -27 -160.2 93.8 -51 80.6
4072.1 109.1 -51.5 10.9 88.5 -52.4
98.9 87.9 112.2
902.9 82 25.2 50.3 -35.2 -14.6
2932.3 -39.6 -165.9 152.6 -91.9 122
4093.1 127.3 -48.3 35.8 101.5 -50.1
winner is: 6
