Regression analysis information for: S18_selected_tokens_0096
number of formants: 3
number of coefficients: 5
17.1 337.8 107.3
601.4 -151.9 -33 23.6 24.3 -3.5
2063 -72 -56.7 520.6 289.9 -160.7
2944.2 -175.9 -126.9 42.1 4.7 -30.9
10.5 20.1 39.9
615.7 -141.1 -46.8 -1.7 21.2 5.6
2387.6 262.6 -306.1 -50.8 -56.5 -34.9
3066 -25.3 -183 -156.9 -118.5 -16.2
8.3 17.8 37.9
622.2 -135.1 -53.6 -16 17.5 6.6
2386 258.9 -300.8 -46.1 -56.6 -33.4
3064.2 -1.9 -166.3 -142.8 -133 -28
8.3 16 34
623.6 -131.7 -58.5 -23.5 16.1 7.8
2379.5 253.8 -301.2 -41.4 -52.8 -32.5
3051.9 -17.1 -150.4 -109.4 -120.7 -32.2
8.4 14.8 29.6
621.8 -126.6 -62.5 -28.3 15.6 7.6
2380.5 251.9 -299.7 -35.3 -49.4 -32.7
3060.2 -29.5 -133.3 -90.8 -105.5 -30.8
8.8 14.2 35.4
617.3 -123.2 -63.9 -31.5 15.4 9.1
2383.4 253.8 -301.3 -31.4 -47.8 -33.9
3077.6 -34 -130.2 -94.3 -110.5 -36
7.6 16.9 51.2
603.5 -127.9 -56.3 -29 15.8 16.3
2391.2 265.8 -304 -31.4 -51 -40.6
3090.7 -44 -160.7 -132.2 -152.4 -70.6
5.9 27.3 74.3
585.3 -138.9 -38 -15 17.6 19.5
2382.2 248.4 -319.5 -29.9 -34.5 -20
3035 -147.6 -251.2 -155 -112.1 23.8
6.4 35 80.4
561.9 -143.9 2.2 -7 -1.6 13.6
2396.3 259.2 -315.2 -26.8 -26.9 -25
3064.4 -106.8 -231.1 -125.9 -59.9 55.1
4.8 24 87.1
553.4 -147.2 16.9 3.8 -5.4 4.8
2416.5 291.5 -315.5 -54.6 -50.3 -38.8
3096.5 18.5 -85.1 -43.8 -51.2 10.2
4.8 20.3 36.5
555.6 -149.4 20.5 6.3 -5.6 5.4
2414.2 289.3 -310.3 -57.3 -52.6 -31.8
3156.7 134.9 45.4 -12.4 -109.9 -47.6
4.8 17.9 31.2
559 -152.2 23.6 6.5 -5.2 5.4
2418.2 283.5 -299.4 -51.9 -58.4 -33.2
3207.7 164.4 44.8 -45.9 -116.8 -18.7
4.4 18 41.7
562.5 -155.4 25 5.1 -4.4 4.5
2432 277.3 -294 -39.7 -59.2 -39.3
3259.2 179 13.3 -71.6 -102.3 6.5
4.3 18.1 25.8
566.5 -159.5 25.2 4.7 -3.6 4.2
2443.6 270 -300.4 -32.3 -55.4 -44
3292.4 172 -12.2 -56.6 -64.7 5.8
4.2 17.9 14.3
569.4 -163.6 24.8 3.6 -2.6 3.5
2451.7 262.2 -309.1 -29.6 -51.2 -46.4
3317.4 158.5 -51 -57.5 -33.7 7
4.1 17 11.8
571.7 -166.6 25.5 2.5 -1.5 2.9
2456.1 253.4 -316.9 -30 -48.4 -46.7
3323.1 129.9 -88.6 -72.8 -24.8 3.1
4.3 16.9 11.1
573.6 -168.8 26.4 2.6 -1.4 2.5
2462.4 250 -320.6 -26.3 -47.2 -48.4
3338.7 128.1 -97.7 -66.5 -14.2 1.3
4.9 17.2 11.4
575.2 -171.5 27.7 3.7 -2.4 3.1
2464.9 249.6 -326.3 -26.6 -48 -52.9
3358.7 139.3 -95.9 -59.5 -9.3 -3.8
5.4 18.4 10.3
575.7 -174.3 28.7 3 -3.5 3.1
2473.5 251.3 -326 -22.8 -51.4 -56.8
3383.6 158.6 -84.6 -47.8 -5.5 -7.8
6.1 19.5 8.3
574.8 -178.2 28.5 1.4 -5.1 3.2
2482 254.1 -325 -18.5 -55.6 -60.2
3410.9 186 -65.8 -31.3 -0.5 -8.6
winner is: 17
