Regression analysis information for: S18_selected_tokens_0050
number of formants: 3
number of coefficients: 5
2.1 20 10.9
428.8 69.8 5.3 -3.2 -4.5 1
979 -160.8 166.9 -85.2 51.6 -29.2
2749.5 32.1 5.5 -38.8 -31 -9.4
2.3 19 13.7
425.7 69.8 5.5 -3.6 -3.4 1.2
975.9 -159.2 165.8 -84.7 51.9 -28.9
2747.7 31.5 14.4 -37.2 -39 -12.2
2.1 18.3 15
425.1 69.6 5.2 -3.6 -2.4 1.5
971.9 -152.8 160.5 -81.6 50.8 -27.4
2737.1 26.6 19.7 -33.3 -29.6 -7.4
2.1 18.1 12.9
425.8 70.2 4.5 -4.1 -2.3 1.8
972.2 -152 159.7 -81.6 50.6 -27
2741.5 31.5 9.5 -42.2 -23.3 -1.2
2.1 17.9 11.4
427.6 71.6 3.5 -4.8 -2.4 2.1
976.6 -157.1 163.8 -84.2 51.5 -27.4
2765.7 39.6 -13.1 -50.3 -21.8 -0.8
2.3 18.3 11.4
431.6 74.4 2.3 -6.2 -2.2 2.8
978.1 -158.7 165.6 -85.1 52.2 -28.5
2812.1 63.9 -45.3 -61.9 -19.2 -2.8
2.9 18.7 16.3
439.6 82 0.4 -9.4 -2 3.6
976.1 -164.9 169.7 -83.9 52.5 -30.9
2877.3 102.7 -86 -68.8 -10.4 -18.5
4.6 20.7 26
452 94.4 -0.3 -12.8 -0.9 4.6
961.6 -180.8 172.6 -80.4 51.6 -35.4
2939.5 127.8 -119.8 -53.3 5.8 -38.5
7.4 25.8 35.8
457.7 101.5 -3.3 -16 -0.4 4.4
946.3 -207.9 184.4 -85.2 49.1 -38.6
2997.7 111 -160.8 -13.2 11.6 -65.2
19.2 36.9 40.8
433.8 104.2 -9.9 -32.8 -4.5 7.2
917.2 -199.6 183.3 -87.6 45.7 -41.3
3044.5 88.9 -186.4 26.6 1.3 -76.3
131.9 446.7 230.6
464.7 -48.7 33.2 -90.7 6 -28.3
1200.2 -585.6 196.5 11.8 130.8 -246.8
3228.4 -164 -82.4 4.4 43.7 -110.8
159.6 437.8 260.3
492.5 -86 124.4 -56.1 7.7 55
1316.3 -527.8 636 82.9 83.7 214.6
3329.6 -181.7 133.6 42.3 53.6 55.8
162.6 472.1 258
508.3 -105.6 126.7 -17.8 -11.9 50.9
1374.9 -605.1 600.1 184.2 -3.4 214.1
3359.7 -222.3 124 75.2 20.9 56.4
223 895.2 340.7
597.2 -117.7 112.6 19.7 14 96.3
2076.8 -329 144.5 77.9 89.4 490.8
3632.5 -131.9 25.9 68.2 67.5 160.9
24.4 42.3 32.9
808.2 -45.3 58.3 13.3 -24.5 13.3
3090.2 94.2 -222.9 49.7 -16.8 -72.3
4000.4 -26.7 5.8 25.7 28.1 -35.7
17.2 53.3 36.2
809.5 -50.5 67.8 1.1 -13.2 4.4
3029.6 67 -213.4 72.1 4.7 -113.4
3970.9 -53.9 8.4 37.1 34.5 -42.5
14.6 56.7 31
811.6 -53.3 72 -4 -9.7 1.5
2964.4 58.7 -202.5 61.8 38.3 -131
3951.2 -66.3 7.5 31.3 38.5 -39.9
16.1 50.3 26.9
809.7 -48.7 67.8 0.4 -14.8 7.2
2957.3 74.3 -195.1 39 41.2 -116.5
3952.4 -58.9 10.9 24.5 38.4 -35.1
24 38.7 24.7
804.9 -40 59.3 9.4 -23.3 16.5
2974.5 96.7 -184.8 18 30.2 -90.8
3959.3 -47.5 15.2 22 36.5 -29.2
34.8 36.7 25.7
795.9 -24.1 42 26.4 -40 30.7
3008 117.9 -189.4 0.8 12.2 -62.2
3971.5 -39.8 23.3 21 36.6 -25.5
winner is: 5
