Regression analysis information for: S18_selected_tokens_0010
number of formants: 3
number of coefficients: 5
4.2 41.3 117.8
495.1 -55 -17.2 -1.3 -2 6.5
2136.9 -45.3 -7.8 29.5 -30.5 -46
2883.3 -222.7 116.1 217.9 -3.2 -146.8
3.4 73.7 89.4
488.7 -48.1 -16.4 -4.9 0.3 4.3
2062.4 -4.5 123.9 -66.2 -79.4 44.3
2641.6 -239.5 422.9 122.2 -80.1 111.6
2.7 152 81.8
483.2 -41.4 -21 -4.2 0.2 3.9
1945.7 246.8 -30.5 -211.6 249.8 -239.8
2438.4 -99 352.6 -114 151.8 -39.7
1.6 41.3 94.2
482.3 -37 -25.1 -2.7 -1.5 6.5
2147.6 -6.7 -35.1 -47.5 22.1 -6.9
2625.8 -167.7 329.9 -84 22.3 103.5
1.4 3.8 15.7
485.1 -33.7 -29.1 -1.6 -3 7.5
2170.4 -33.9 -42.8 -8.9 -15 -0.9
3043.2 -90.4 -51 8.3 4.1 -10.5
2.2 3.7 4.6
487.5 -29.6 -32.5 -0.8 -5.1 9
2173.5 -30.8 -41.6 -9 -15.3 -2
3047.2 -89.5 -56.6 -9.2 -1.9 -4.6
2.6 3.8 6.8
487.6 -27.5 -32.3 0.8 -6.4 8.4
2175.8 -28.2 -40.4 -7.6 -16.2 -2.6
3049.2 -85.7 -58.1 -8 -3.8 -2.5
2.6 3.7 4.8
486.7 -26.1 -32.6 1.3 -6.5 7.4
2176.4 -26.8 -40.8 -6.5 -17.4 -3.3
3053.6 -88.1 -54.8 -11.2 -2.4 -5.7
2.7 3 4.9
485.7 -25.3 -31.7 0.7 -5.4 6.7
2176.1 -25.2 -39.3 -6.3 -16.4 -4.1
3054.8 -86 -54.4 -9.2 -3.2 -5.2
2.7 2.4 5.9
485.2 -24.7 -31.7 0.2 -4.4 6.1
2175.2 -23.8 -39.7 -6.7 -13.7 -5.7
3054.3 -85.2 -55.2 -8.6 -0.7 -6.1
2.9 2.8 6.5
483.8 -23.2 -32.6 0.7 -3.9 7.2
2172.6 -20.2 -40.7 -8.9 -11.7 -5.5
3052.1 -81.3 -55.2 -11.4 2.7 -7.3
2.9 3.6 6
483.9 -23.2 -32.8 0.6 -4 7.7
2173 -17.4 -39.7 -9.7 -11.9 -4.3
3052.2 -76 -53.6 -13.2 2.4 -5.7
3.2 4.6 5.1
484 -25.2 -34 0.7 -3.9 8.5
2178.3 -17.9 -38.7 -8.1 -14.4 -3
3060.6 -75.1 -51.8 -12 -2.1 -4.3
3.6 6 5.3
482.9 -28.6 -35.6 0.8 -3.6 9.6
2186.9 -20.7 -40.1 -4.6 -17.4 -0.7
3074.4 -77 -54.6 -9.3 -6.2 -0.8
5.3 7.2 6.3
475.5 -36.2 -35.5 1.4 -2 11.4
2200.2 -25 -44.9 0.1 -21.6 1.7
3095.8 -79.2 -63.4 -7.6 -11.2 3.1
11.1 9 9
444.6 -57.1 -22.7 7.7 1.6 14.1
2217.5 -30.9 -50.9 4 -25.7 4.9
3124.3 -82.5 -75.8 -10.5 -14.4 9
411.2 182.9 152.3
666.5 117.5 -355.3 -356.6 20.8 117.2
2394.8 76 -250.1 -179.9 -4.8 72
3288.5 14 -242.4 -176.4 -16.1 52.8
167.6 89 108.4
1522.1 1076.4 -442.6 -212.9 324.4 -100.5
2836.5 471.1 -349.9 -109.5 154.3 24
3631.8 372.1 -152.1 16.3 78.3 -94.4
285.1 151.9 137.8
1781.9 707.7 -509.4 199.8 -88.8 64.9
2855.6 162.5 -236.4 258.1 -51.9 -15.9
3728.4 159.1 -119 206.9 -130 -4.1
241.1 132.8 105.2
2055.5 150.1 -248.7 197.5 -141.6 -3.2
2968.3 -183.9 -84.9 225.8 -40.6 -42.3
3821.9 -61.1 3 153.3 -155.6 3.9
winner is: 6
