Regression analysis information for: S18_selected_tokens_0035
number of formants: 3
number of coefficients: 5
1.3 10.5 13.1
442.8 -103.8 38.5 -6.4 -7.6 3.8
2138.3 399.5 -179.7 32.3 -32.7 6.9
2799.8 34 65 -11 19.7 -15.8
1.4 9.9 13.7
443.7 -104.9 38.1 -6.4 -7.5 3.1
2143.5 402.2 -178.7 33.1 -31.7 7.3
2817 52.7 70.3 -11.3 19.3 -13.2
1.2 10.2 14
441.9 -102.2 37.7 -8.4 -5.7 2.8
2151.1 400.7 -176.1 32.7 -31.3 6.7
2829.1 61.4 68.1 -11.7 15.7 -13.8
1.4 10.9 15.1
438.9 -99 37.6 -9.9 -4.8 3.1
2146 407.4 -179 26.2 -31.2 5.7
2821.2 50.4 53.4 -27.8 7 -20.6
1.2 11.1 14
438.9 -100.2 37.7 -8.7 -5.3 3.3
2130.6 401.9 -181.4 31.6 -27 5.6
2788.1 18.6 59 -8.7 30.2 -13.7
1.1 8.7 18.5
439.4 -99.9 38.1 -8.9 -5.1 3.4
2140.9 398 -175.2 33.7 -28.1 10.5
2807 41.7 67.8 -5.4 26 -4.4
1 9.4 22.8
442 -102.3 38.5 -7.9 -6.2 4.1
2155 413.3 -177.7 34.9 -29.6 13.1
2853.3 78.3 81.8 -5 21.8 0.3
1.1 10.3 18.6
444.8 -103.8 39.2 -7.7 -6.9 4.5
2177.8 425.2 -177.5 35.1 -33.6 12.8
2908.3 124.4 87.8 -17.5 1.2 -10.8
1.4 10.8 13
447.2 -104.4 40.7 -9 -6.4 4.5
2201.7 426.1 -174.4 34.7 -34.2 12.3
2949.9 152.6 83.9 -30.5 -9.6 -19.1
1.6 12 8.9
449.6 -106.6 42.7 -10.7 -6.1 4.7
2217 426 -176.5 34.6 -33 12.6
2979.3 160.2 77.2 -39.7 -7.7 -21.3
1.8 13.8 6.7
451.7 -110.3 45.5 -12.5 -6 5.1
2223.9 430.5 -182.9 34.8 -32.1 13.4
3002.1 160.1 71.7 -48.9 -3.4 -21.2
1.9 15.5 7
452 -112.5 49.1 -15.9 -4.8 5
2232.6 430 -185.8 37.2 -31.2 15.5
3019.5 160.3 66.4 -53.3 2.8 -20.4
2.5 16.9 8
449.6 -111.5 53.1 -20.6 -3 5
2243.3 424.9 -185.1 41.3 -31.3 18.7
3032.3 162.5 61 -52.6 8.6 -18.7
3.3 19.4 8.5
445.5 -109.7 58.1 -26.7 -1.5 5.9
2247.3 428.7 -191.3 47.9 -34.2 23.3
3043.2 163.4 56.2 -53.6 11.9 -16.6
6.6 23.6 8.6
439.4 -104.6 59.6 -31.7 -1.7 9.4
2242.8 443.3 -203.8 58.4 -40.9 31.1
3050.3 162.4 55.9 -55.3 12.8 -13
11.7 24.1 9.5
429.2 -91.5 57.3 -35.2 0.1 11.4
2247.6 444 -205.8 64.4 -44.7 35.3
3056.6 167.4 53.1 -55.3 14.3 -10.6
45.6 107.4 70.5
414.1 -105.2 110 -113 54.2 -22.5
2294.9 368.3 -120.7 -26.7 54.7 -65.7
3097.4 127.2 102.5 -114.8 70.6 -61.6
356.5 238.6 231.4
830.5 -621.7 -198.5 512.5 -252.4 -260
2554.6 49.6 -104.6 143.5 -53.2 -103
3412.5 -211.1 12.3 183.5 -105.7 -134.4
334.9 96.5 124.3
1396.3 -168.2 458.9 1014.3 193.4 -39
2840.8 56.4 233.7 148.2 106.4 -12.4
3720.2 -137.3 272.7 280.5 36 -25.3
16.5 35.8 8.5
2234.4 681.2 -243 66.7 27.3 14
3022.1 238.2 -33.9 -233.7 -32 -18.6
3974.1 88.4 18.1 -16.6 -3 -4.4
winner is: 11
