Regression analysis information for: S18_selected_tokens_0088
number of formants: 3
number of coefficients: 5
39.1 194.9 51.3
666.7 -103.2 10.6 30.5 -47.7 -45.6
2374.5 365.2 -74.3 83.2 -124.8 -133.8
3058.9 202.6 -71 31.4 -110.1 20.6
10.4 18.5 45
693.5 -82 -19.3 9.5 -27.8 -16.3
2464.4 398.2 -222 -17.5 -10.8 11.5
3106.7 171.5 -77.2 -8 -76.9 47.8
9.5 17.4 33.9
699.5 -71.1 -20.8 6.9 -28.7 -13
2463.2 391.8 -221.9 -17.7 -12.4 10.3
3096.4 163.3 -74.2 -18.7 -73.4 30.3
9.8 17 28.1
692.3 -76.4 -31.3 -3.2 -34.4 -9.8
2461.8 392.3 -222.5 -11.6 -10.7 8.3
3097.5 156 -67.4 -4.5 -64 17.6
11.9 17.6 24.2
678.8 -81.9 -36.8 -14.5 -35.8 -7.2
2466.9 393.9 -222.3 -4 -12 7.3
3116.5 146.3 -57.5 4.8 -60.6 12.9
11.6 17.8 25.6
658.5 -92.4 -34.1 -18.5 -25.4 2.1
2474.3 397.5 -225 0.2 -14.8 4.1
3138.7 145.6 -60.1 13.1 -69.6 12.1
10 17.6 75
640.4 -102.4 -22.6 -12.7 -18.1 7.3
2479.5 399.9 -229.3 0.4 -15.2 1
3118.9 181.7 -38.5 -46.6 -45.1 45.2
9.5 20.6 85.8
619.6 -113.7 -2.3 0.7 -19.2 -1.3
2478.7 407.5 -225.3 -12.1 -13.6 11
3090.2 227.9 -11.9 -116.7 -19.3 79.3
7.9 16.6 61.8
605.7 -125.9 11.3 13 -20.5 -6.3
2493.2 408.1 -238.4 -8.1 -4.3 0.6
3153.3 183.4 -52.4 -48.1 -69.2 74.8
7.1 15.4 23.6
604.8 -134.1 11.3 20.2 -18.4 -6.8
2497.3 406.1 -236 -10.3 -7.1 1.5
3186.1 165.1 -92.9 -6 -62.3 26.9
7.3 15.6 22.3
606.4 -139.5 9 25.6 -18.3 -6.1
2497.3 405.2 -236.5 -9.6 -11 2.1
3183.7 168 -93.9 -1.2 -72.1 22.8
6.3 15.7 22.3
607 -144.3 10.2 27.8 -16.6 -4.5
2502.1 400.5 -233.5 -9.8 -12.2 1.6
3191.5 161.5 -91.6 -0.3 -68.7 21.7
5.2 15.6 22.9
606.4 -146.9 14.9 24.5 -14.9 -2.3
2507.3 392.3 -224.3 -11.1 -8.5 4.7
3193.3 144.7 -73.8 3 -51.9 28.1
4.7 14.8 21.5
606.5 -148 17.3 21.3 -13.1 -2.4
2507.6 389.3 -217.6 -15.5 -3.5 5.4
3195.1 139.7 -63.6 -4.9 -41 31.8
4.4 13.5 20.3
607.4 -148.8 18.4 19.7 -11.8 -2.7
2506.7 383.8 -216.7 -20.2 0.6 7.7
3196.4 130.8 -68.2 -17.1 -32.4 37.9
4.4 14.4 22
608.5 -149.3 18.8 19 -11.2 -3.3
2511.9 386.2 -216.3 -24 -0.7 3.8
3210.2 139.8 -71.5 -27.7 -33.5 32.2
4.4 15.3 23.4
609.4 -150.6 18 19.5 -11.2 -3.8
2520.7 392.5 -216.6 -23.7 -3 -0.8
3231.4 157.6 -75.2 -32.2 -36.6 26.8
5.2 15.9 27.9
608.8 -155.9 15.1 20.4 -11.7 -3.2
2531.4 404.9 -217.1 -21.4 -4.8 -6.5
3262.4 190.5 -77.7 -33.1 -45.9 18.9
8.2 16.6 33.3
603.1 -169.7 6.6 17.7 -12.8 -0.9
2547 417.5 -213.1 -14.1 -7.9 -12.7
3305.6 239.6 -61.6 -25.8 -56 5.7
23 15.5 29.7
578.6 -219.2 -27.6 -3.4 -22 1.3
2566 427.9 -209.7 -4.9 -7.4 -18
3362.8 300.9 -37.7 -8.2 -43.7 11.9
winner is: 15
