Regression analysis information for: S18_selected_tokens_0077
number of formants: 3
number of coefficients: 5
1.2 7 8.6
374.6 -12.2 -1.2 4.2 -2.3 -1
1934.8 143.4 2.9 -2.9 -24.6 15.7
2605.1 -97.8 53 -14.2 7.2 5.8
2.2 6.7 8.6
373 -9.3 -3.8 7.1 -4.8 1.7
1939.9 142.2 2.5 -3.3 -22.7 16.3
2612.1 -95.8 49.2 -15.7 6.4 6
3.4 7 8.8
371.9 -6.8 -6.1 8.9 -6.6 3.2
1943.4 145.2 -2.3 -2.9 -22.7 16.8
2619.9 -93.7 45.5 -17.6 5.2 5.8
3.9 8.6 8.2
370.8 -4.7 -6.9 9.1 -7 3.6
1940.9 156.6 -8.2 -5.4 -21.7 16.7
2621.8 -83.5 41.6 -24.7 7.3 1.2
3.8 9.1 10.5
369.8 -4.3 -5.6 9 -7.9 3.9
1931.3 163.6 6 -7.3 -31.4 19.1
2612 -75.3 57.7 -28.7 -2.3 1.8
4.3 8.3 9.9
369.5 -4.2 -6.6 10.4 -8.4 4.3
1929.3 158.9 3.6 4.7 -29.4 21.1
2609 -87.5 58.6 -10.5 5.8 7.1
4.8 7.6 12.2
370.2 -4.9 -7.3 9.9 -9 3.8
1943.1 158.2 2.4 8.4 -26.9 23.3
2626 -85 57.6 -7.5 3.5 9.8
6.2 9.3 16.5
369.6 -8.2 -10.2 8.4 -11.2 2.5
1973.7 154.7 -2.9 12.2 -23.3 29.2
2657.4 -84.1 56.2 -5 -4.7 15.5
14.8 15.3 25.3
349.3 -35.1 -27.3 0.6 -20.2 -3.2
2060.3 161.3 -46.8 20.8 -9.6 43
2730.9 -64.2 47 -12.4 -46.2 24.5
115.7 115.9 58.7
650.8 600.5 528 375.5 134.7 20.4
2269.9 394.8 95.2 189.2 69.7 47.1
3314.1 470.5 -82 -58.4 80.7 140.2
131.9 60.3 71.4
829.8 539.8 112.2 44.2 33.9 -64.1
2219.9 102.2 -101.4 100.7 -9.2 -0.4
3427.9 319 -202.5 51.8 67.1 5.4
262.2 170.9 131.5
935.9 487.6 150.1 -11 76.3 -69.8
2289.8 79 -128.6 13.7 40.8 72.3
3515.5 281.4 -186.8 6.6 119.5 -1.9
441.8 296 162.8
796.5 436.2 256 29.6 121.6 -13.3
2360.1 115.6 -227.7 -57.5 37.6 -33.7
3511.9 337.9 -174.9 -78.5 164.4 -14.9
239.6 143.3 134
1071 678.1 863.2 -107.4 0.8 -360.2
2646.5 587.4 464.5 -24.8 -36.4 -214.2
3599.5 349.1 262.2 -189.9 128.3 -141.4
245.8 112.6 93.9
799 116 840.8 162.7 551.8 128.4
2473.9 195.8 448.4 140.3 287.9 61.5
3560.8 93.4 309.9 -109.4 296.4 -10.1
341.8 152.1 127.9
982.9 333.7 943.3 13.5 158.6 -40.1
2612.9 315.3 496.5 71.8 61.5 -73.3
3687.1 97.5 327 -145.4 159.6 -36.1
356.2 218.2 72.9
1598.2 201.8 588.4 405.2 -532.5 -341.7
2965.4 342.6 283.1 166.6 -264.9 -253.1
3937.5 16.2 159.4 -13.1 -42.1 -72.2
110.5 167.1 11.2
2026.3 365.3 -184.9 47.5 33.9 44.6
3258.5 538.4 -249.8 -225.5 190.1 103.6
4009 -0.4 44.4 -27.7 5.5 -2.7
65.4 118.9 9.4
1936.2 459.8 -136.2 -80.8 130.5 22.4
2938.4 459.5 73.3 -269.5 43.3 120.7
4000.2 -12.7 42.2 -23.1 11.9 1
38.7 44.6 8.6
1960.4 407.8 -142.3 -33.1 90.4 40.8
2698.7 231.6 261.9 -73.9 -60.1 -23.9
4000.6 -14.5 39.6 -23.7 13.2 2.2
winner is: 1
