Regression analysis information for: S18_selected_tokens_0024
number of formants: 3
number of coefficients: 5
2.5 13.3 39.1
558.7 -58.3 -37.3 -6.6 -9.6 0.8
1795.2 192.2 -95 7.5 -32.7 14
2936 -181.6 -48.2 -78.1 -109.7 -59.1
4 14.4 5.6
565.9 -56.3 -35.5 -7.1 -10.3 0.5
1801.5 187.3 -90.6 7.8 -31.2 14.1
2979.9 -97.5 -10.2 -9.1 -8.8 2
4.6 14.7 5.1
566.4 -58.2 -33.5 -6.1 -10.7 0.2
1804.2 186.8 -90.2 7.9 -30.9 14
2972.4 -98.3 -6.7 -12.1 -6.2 5.1
3 14.5 32.8
557.1 -58.6 -33.8 -3.3 -7.7 3
1801.4 189.1 -89.2 7.7 -32.1 15.1
2975 -101.8 26.4 9.4 -20.6 -7.2
2.6 14.2 28.6
553.3 -55.7 -37.3 -1.4 -8.3 2.7
1796.5 190.7 -92.8 9.3 -33.9 14.8
2925.1 -202.2 -13.5 2.4 -35.4 -31.5
2.2 13.4 13.5
553.2 -54.5 -37.5 -1.5 -6.8 2.2
1795.5 191.5 -92.8 9.6 -31.8 14.9
2988 -114.4 -8.2 18.7 6.2 7.3
2.4 13.8 5.8
556.1 -55.3 -38 -1.2 -6.3 1.8
1799.4 190.6 -93.6 10.9 -30 14.1
2999.1 -84.6 -3.1 -12.2 -15.7 -3.5
2.6 14.3 4.9
561.8 -55.4 -38.2 -1.3 -5.6 1.6
1808.5 192.7 -93.3 12.3 -27.1 13.8
3001.7 -96.2 2.9 -10.7 -9.9 -6.1
2.9 15.1 6
569.1 -56.4 -38.3 -1.7 -5.8 0.9
1818.9 193.2 -93.1 13.3 -26 12.8
3016.7 -102.4 6.8 -9.4 -9.3 -10
2.8 15.5 6.8
574.9 -59.1 -39.6 -2.2 -6.4 0.4
1826.5 191.4 -95.1 14.1 -26 11.6
3029.4 -107.1 7.1 -9 -10.2 -12.6
2.6 15.3 7.2
576.7 -63.2 -42 -1.7 -6.6 0.1
1826.2 193.1 -102.2 15.2 -28.1 10.7
3037.7 -116.2 6.2 -10.5 -10.8 -16.1
2.7 15.4 6.6
577.2 -65.2 -42.3 -0.6 -6.8 0.2
1825.9 189.8 -105 16.2 -29.4 11
3039 -125.8 3.7 -10.9 -11.7 -16.4
2.9 15.5 6.2
577 -64.3 -42.7 0.2 -7.3 0.7
1825.3 191 -105.7 18.5 -30.2 12.2
3039.8 -129.2 6.4 -9.7 -10.8 -15.4
3.7 16 6.6
576.6 -61.8 -45.4 1.7 -8.2 1.4
1826.2 195.2 -107.7 21.5 -30.6 13.4
3044.8 -127.7 8.6 -8.3 -9.9 -15.1
5.3 16.6 7.6
573.4 -56.7 -52.1 4.7 -10.6 2.7
1827.1 202.6 -111.3 25.9 -31.5 15.2
3052.6 -123.4 10.6 -6.7 -8.8 -15
8.8 16.9 8.8
560.8 -45 -70 12 -17.2 5.9
1826.9 214.1 -117.8 31.8 -32.5 16.4
3062.7 -117.1 12.1 -4.4 -7.9 -15.3
24.8 17.1 10.1
517.2 -8.1 -127.9 37.5 -42 15.6
1823.6 229 -126.3 37.5 -33.6 16.7
3073.4 -109 12.6 -2.3 -7.3 -15.9
83.9 114.3 70.2
580.3 -357.1 47.3 -229.1 110.1 -127
2054 -225.8 288 -328.1 251.6 -190.9
3208.5 -349.4 233.5 -192.5 137.4 -116.3
214.7 171.5 148.5
1000.7 365.7 706.1 40.5 122 -213.6
2387.2 125.5 704.5 -193 175.6 -169.5
3546.7 85.6 644.3 -26.9 98.3 -128
245.3 198.4 158.4
1608.1 321.8 113.2 -221.1 -138.5 292.1
2928.8 -65.5 189.5 -211.3 -82.9 223.5
4019.6 -4.2 125.8 -177.2 -84.3 184.9
winner is: 8
