Regression analysis information for: S18_selected_tokens_0081
number of formants: 3
number of coefficients: 5
7.8 33.7 50.7
813.2 -12.8 -9.8 36.7 7.7 13.3
2345.8 166.2 28.3 25.9 46.1 46.5
2863 -24.9 36.1 105.8 42.4 126.3
7.5 39 37.5
816.1 -14.7 -12.2 34.7 7.6 13.4
2322.4 142.3 28.2 31.9 44.1 40.8
2885 -45.7 80 68.2 61.8 82
7.1 38 33.7
818.3 -15.4 -14.1 33.1 7.8 13.5
2317.4 136.5 28.1 32.3 39.4 35.2
2918.9 -75.4 87.8 30.2 67.8 52.4
6.6 33.3 22.3
818.7 -14 -15.4 31.2 9.1 13.1
2321.2 136.1 26.3 30.5 33.8 30.9
2953.5 -122.5 82.2 -4.4 54.4 22.2
5.8 29.7 20.6
816.7 -12.6 -14.8 27.7 10.3 12.4
2330.2 139.7 24.4 29.3 30.8 27.9
2991.2 -131.4 74.3 0.9 51.1 13.5
5.2 23.7 19.8
811.8 -7.7 -11.8 27.5 10.5 13.5
2344.6 154.5 28.2 31.9 31.6 25.4
3038.7 -125.9 62 36.6 50.3 17.4
6 17.7 23.7
805.7 -6.6 -10.2 30.6 9.7 14.4
2360.5 176.3 37.7 33.6 33.5 23.8
3085.5 -123.2 53.3 63.7 57.6 7.5
7.9 92.6 96
794.5 -9.4 -12.9 34.8 9.8 17.6
2343.8 150 15.8 16.6 36.4 46.8
2893.3 50.5 67.4 170.2 35.2 173.1
8.3 154.6 73.9
789.7 -14.5 -14.1 35.5 10.9 18.4
2226.9 -26.5 -72.7 -2.3 58.2 90.5
2834.7 12.8 120.4 151.8 66.1 153.6
17.4 144.9 82.5
785.6 -33.2 -28.1 22.7 1.5 10.4
2237.4 -31.6 -92.3 -31.4 21.5 54.9
2988.9 -201.6 162.2 115.6 104 116.3
7.7 111.2 69.4
799.7 -22.7 -17.4 33.6 10 14.9
2342.2 118 -7.4 8 25.2 36.9
3095.4 -124.3 92 162.5 195.8 99.5
6.2 15.4 33.6
811 -21.1 -18.8 34 10 13.4
2419.9 226.8 57.1 46.4 41 33
3230.2 47.1 103.3 70.5 74.8 8.8
6.1 17.8 16.9
819.6 -19.2 -23.8 31.9 8.6 12.7
2431.5 227.1 44.9 38 38.2 37.4
3256.7 57 78.8 39.7 56 17
6.1 19 17.4
824.7 -17.7 -29.1 28.6 6.4 13.6
2438.7 228.4 37.9 34.6 36.2 40.2
3272.6 65.5 72.7 37.5 54.6 20.7
6.4 21 21.7
823.7 -18.5 -35.7 24.6 2.7 13.5
2444.4 238.5 38.4 37.7 38.4 45.1
3284.6 82.6 73.4 43.1 56.6 26.9
5.8 24.9 30.7
817.8 -23.2 -41.1 21 -0.8 12.8
2447.7 251.2 46 44.3 44.8 52.2
3285.5 93.2 74.3 46 59.3 33.8
5.1 31.6 47
813.6 -29.7 -41.7 17.2 -2.2 10.9
2444.6 250.4 52.5 47.8 52.4 60.4
3271.3 81.1 73.2 41.1 68 46.5
4.4 38.8 55
812 -34.7 -41.3 16.8 -3.3 9.4
2442.4 245.4 59.4 54.2 58 66.2
3247.5 32.5 50.9 19.7 53 37.1
4.4 34.1 15.6
813.1 -39.5 -41 16.7 -3.9 8.2
2438.1 225.9 51.3 47 49.2 56.4
3216.9 -52.6 -9.5 -38.5 -2.9 -18.3
4.7 28.4 14.1
817 -42.7 -41.4 17.7 -4.7 8.5
2448.2 223.7 53.2 47 46.4 53.4
3241.3 -56.1 2.7 -32.2 0.7 -17.2
winner is: 13
