Regression analysis information for: S18_selected_tokens_0006
number of formants: 3
number of coefficients: 5
1.6 3.1 2.5
528.5 -46.6 -40.2 -13.6 -14.2 -0.4
2072.6 61.4 -23.6 15.6 -9.3 5.3
2876.5 34.5 -16.7 9.4 -8.3 1.7
1.8 3.2 2.2
524.2 -45.7 -39.7 -11.3 -14.4 0.6
2076.9 62.1 -24.2 15.7 -9.7 5.4
2885.9 31.5 -15.3 8.2 -7.6 0.8
2.2 3.4 1.9
519.1 -44.1 -34.3 -10.4 -13.4 0.3
2081 58.1 -22.2 14.9 -9.7 5.3
2898 26.9 -13.8 8.6 -7.1 0.5
2.1 4.1 2.7
508.6 -45.1 -35.7 -6.7 -12 0.7
2074.5 56.9 -22.6 19.8 -10.3 4.1
2903.9 22.2 -14.5 9.2 -8.7 0.2
1.9 3.2 2.8
504.7 -40.5 -32.2 -8.7 -10.2 0.3
2058.9 50.2 -14.2 16.4 -7.7 7.6
2889.9 9.8 -5.7 9.2 -8.9 4.2
1.7 3.1 3
502.6 -40.5 -35.2 -8.2 -10.2 0.8
2055.9 59.4 -16.7 17.3 -7.1 6.1
2878 24.3 -8.1 7.9 -6.6 2.3
1.7 2.7 1.6
506.5 -38.3 -33.7 -8.6 -10.2 -0.2
2065.8 63.5 -17.9 17.6 -5.5 5.5
2889.1 37 -13.5 12.2 -4.1 0.5
1.7 2.8 1.6
507.2 -40.6 -38.1 -8.9 -10.9 0.5
2084.1 77 -23.5 18.6 -7.3 5.2
2919 45.3 -18.9 15 -7.4 0.5
1.8 3 1.8
508.7 -45.4 -43 -10.9 -11.8 0.7
2110.2 88.9 -29.2 17.1 -9 5.7
2956.8 48.4 -21.9 14.6 -10.1 1.7
2 3.5 2.3
507.9 -57.1 -49.9 -15.3 -13.3 0
2140.4 94.5 -32 14.4 -10.7 6.3
2995.6 42.1 -18.4 12.3 -12 3
3.6 4 2
493.2 -84.8 -69.1 -20.9 -13.9 3
2161.5 104.5 -38.7 12.1 -12.7 6.3
3023.2 36.6 -16.6 7.6 -12.2 1.1
4 4.5 1.3
475.9 -119.1 -91.2 -34.4 -21.2 -0.3
2180.1 99.3 -34.4 7.7 -12.3 6.6
3046.1 20.6 -3.2 -1.4 -7.7 -0.7
5 5.1 1.9
446.9 -164.4 -131.4 -54.4 -35.9 -3.4
2192.5 88.9 -29.2 7.1 -13.4 4.9
3064.9 -4.3 12.7 -8.1 -4.4 -5.2
201.9 71.4 67.4
632.7 228.7 235.1 306.2 284.2 279.2
2276.8 230.9 111.7 140.2 105.5 105.3
3148.6 107.8 149.3 106.4 105.4 82.5
188.6 69.3 65.4
645.6 266.1 266.1 318.3 285.4 270.6
2292 231.6 112.7 147.6 110.6 105.9
3160.6 110.2 147.8 115.6 106.7 83.5
169.1 68.3 56.2
847.9 684.1 557.2 424.9 169.8 2.9
2394.1 407.8 206 179.5 53.1 -7.2
3251.5 257.8 235.1 145.2 55.9 -15.3
175.4 65.8 63.7
1118.1 1040.7 438 -151.3 -352.5 -103.8
2530.4 545.4 119.1 -56.2 -138.7 -32
3368.1 386.4 160.9 -63.5 -122 -35.4
189.8 73.8 67.3
1417.9 1142.2 -175.5 -347.5 192.9 208.3
2649.5 554 -135.4 -99.6 83.1 66.3
3500.4 406.6 -79.3 -122.2 87.1 62.5
164.4 75.7 58.1
1598.7 913.6 -582.9 158.6 194.5 -257.4
2733.3 412.4 -280.9 117.4 54 -116.8
3593.2 304.5 -223.6 58.6 73.9 -100.3
6.8 7.3 2.2
2102.5 -41.3 -7.9 75.4 -20.6 -9.1
3011.1 -110.9 59.4 13.3 -18.6 -5
3789.5 -47.5 -18.3 27.3 -6.8 2
winner is: 7
