Regression analysis information for: S18_selected_tokens_0113
number of formants: 3
number of coefficients: 5
6.2 31.3 81.8
839 -92.3 -75.6 8.6 -22.6 2.1
1935.4 235.2 11.3 -28.3 27 34.4
2284.6 23.7 89.1 133.3 -20 9.3
6.1 5.3 85.5
844.1 -93 -74.4 8 -23 1.5
1951.6 261.7 35.2 -27.8 -9 -9.7
2542.5 51.1 126.9 44.4 -3.6 -2.6
6.4 5.3 38.9
846.5 -94 -76.3 8.7 -22.6 1.7
1952.1 252.9 36.3 -24.7 -8.7 -10.1
2785.9 113.9 119.1 -47.8 -4.9 -1.5
6.8 5.1 16.6
850.4 -94.1 -74.8 7.2 -22.1 1.3
1955.2 246.1 35 -22.2 -6.7 -9.6
2827.8 113.8 67.3 -36 1.8 -8.5
6.3 6.6 43.6
848.9 -91.3 -74.8 5.4 -22.7 1.2
1955.4 249.3 33.8 -24.2 -4.8 -6.7
2812.4 101.2 87.2 -52.4 4.4 31.6
6.3 5.6 36.3
846.3 -89.4 -75.1 4.6 -22.3 -0.1
1950.3 259.9 32.6 -27.4 -3 -7.8
2728.2 221.6 80 -87 39.1 -14.1
6.7 5.9 30.6
844 -91.6 -76.1 5.9 -22.3 0.5
1948.4 260.3 38.8 -28.1 -7.1 -10.6
2761.8 168.7 142.2 -93.2 17.9 -39.5
6.2 6.1 28.1
846.4 -95.7 -74.7 6.8 -21.9 1.5
1952 248.7 41 -22.8 -9.6 -10.3
2829 77.6 104.3 -16.8 -4.5 18.5
6.3 6.8 11.5
851.9 -100.6 -76.3 9.4 -22.5 2.6
1968 231.6 33.7 -15.7 -8.3 -7.5
2854.6 93.3 75.9 -22.6 -3.3 -5.9
6.6 5.7 8.1
857.3 -105.2 -80.6 12.9 -23.2 3.8
1986.8 221 24 -12.7 -6.3 -4.7
2862.1 79.1 67.2 -22 -3.7 -8.1
7.1 4.2 4.5
865 -106.6 -81.6 13.5 -23.2 2.9
2001.6 217.4 16.7 -11.6 -4.5 -4.9
2871.8 72.6 60.7 -19.5 2.2 -5.2
7.3 4.4 4.3
867.4 -105.3 -85 14.4 -22.4 1.4
2011.7 221.4 12.5 -14.3 -2.5 -8.1
2883.2 76 58.1 -20.8 3.2 -7.7
7.6 4.5 5.7
868.5 -102.2 -83.7 12.2 -21.3 0.8
2014.8 227.6 14.6 -20.1 0.4 -8.8
2888.2 84.2 61.2 -26.3 6.2 -9.4
7.6 4.5 6.5
871.2 -100.5 -80.7 10.7 -21.7 -0.2
2017.3 230.3 17.1 -21.3 0.1 -9.7
2891.8 90.6 65.2 -28 6.9 -11.4
7.4 3.8 6.7
870.3 -99.9 -81 11 -22.3 0.1
2018.8 232.2 20.1 -23.6 -1.5 -9.7
2894.5 93 69.4 -30.1 3.5 -11.8
7.2 3.5 6.6
871.5 -101.4 -80.3 10.9 -22.4 0.7
2021.7 228.8 21.5 -24.3 -1.3 -8.7
2897.9 88.8 71.7 -30.8 3.5 -10.7
7.1 3.9 6.2
874.4 -104.4 -80.1 11.3 -22.5 1
2028.3 222.1 21.6 -24.1 -0.4 -8.2
2906 80.2 72.4 -30.4 4.4 -9.5
6.9 4.8 6.4
880.8 -108.5 -78.5 11.7 -22.8 0.9
2039.1 213.5 20.6 -22.4 1 -7.8
2918.8 71.8 72.9 -28.6 6.8 -9
6.7 5.9 8
887.5 -115.1 -80.3 14 -23.3 1.4
2056.4 202.7 18.5 -23.1 2.3 -7.8
2939 60.9 72.9 -29.3 5.8 -8.6
7 8.4 9.9
901.2 -124.8 -79.4 15.9 -24.8 1.6
2081.3 186.3 14.6 -20.8 3.4 -7
2964.7 49.5 73.1 -28.7 7.4 -8
winner is: 11
