Regression analysis information for: S18_selected_tokens_0021
number of formants: 3
number of coefficients: 5
8.3 18.5 25.3
424.4 -113 37.9 -23.2 -14.8 -1.4
2171.5 446.9 -262.3 17.6 -40.9 -15.8
2916.4 64.2 -4.4 -133.6 -49.2 -21.3
8.1 13.4 17.8
425.7 -111.4 38.5 -22.3 -14.3 -1
2178.7 446.6 -254.1 26 -35.1 -8.2
2929.9 96.5 32.2 -91.3 -5.9 11.5
11.1 12.3 17.8
423.5 -115 33.6 -26.2 -18.8 -4.7
2176.8 453 -260.4 24.5 -34.1 -9.7
2942.1 100.6 34.9 -89 -1.1 15.6
8.6 10.9 18
423.6 -109.6 36.7 -23 -14.3 -1.5
2181.9 457.6 -254.6 27.8 -32.4 -7.6
2946.8 109.6 33.7 -93.7 -8.6 9.6
8.6 10.4 19.1
423.2 -110.3 36.2 -23.3 -14.5 -1.5
2179.6 456 -253.6 27.9 -31.4 -5.4
2938.4 106.5 33.8 -92.2 -5.3 14.7
9.5 10.2 19.5
423.3 -112.3 35.3 -24.7 -15.9 -2.5
2182.7 454 -252.7 29.7 -30 -2.6
2941.1 104.2 33 -90.5 -2.2 17.2
62.9 26.4 55.5
452.7 -60.5 90.9 29.5 38 51.4
2197.6 478.4 -235.1 50 -7.4 18.4
2974.6 138.7 66.8 -59 32.7 50.1
65.6 27.6 54.1
455.6 -57.9 95 31.7 41.4 54
2213 477.7 -231.4 52.9 -6.9 21.4
2994.3 144.6 62.7 -63.1 30.5 44.4
65.7 27 52.5
457.4 -60.1 95.8 30.7 41.5 53.5
2227.6 482 -233.5 52.8 -5.8 21.6
3021.1 154.1 56.7 -68.5 30.9 38.4
119.1 39.9 84
487.5 -10.3 151.6 82.2 94.3 103.5
2252.6 510.9 -223.8 67.8 13.7 38.9
3077 200.4 78.5 -47.1 66.7 64.9
65.9 25.6 50
459.8 -68.6 97.8 25.4 41.7 50.1
2267 498.4 -243.3 53.9 -4 27.5
3099.9 186.3 33.4 -84 39.5 29.4
119.8 38.4 80.6
487.1 -18.8 156.4 77.2 96.3 101
2286.4 529 -236.6 75.4 9 47.5
3151 230.7 60 -54.5 77.1 59
163.6 49.3 102
513.4 41.4 220.8 135.6 154.8 154.7
2304.5 557.8 -230.5 99.6 15.2 68.1
3196.9 278.6 88.7 -22.4 110.6 86.3
126.1 40.1 79.1
474.3 -18 161.8 80.2 101.5 105.2
2307.7 548.1 -246.6 91.2 -3.9 60
3199.1 263.9 56.9 -49.2 82.5 60.1
194.5 54 114
524.8 111.9 277.2 201.9 206.4 211.9
2320.3 599.8 -230.8 131.6 16.1 88.4
3245.7 332.1 119 11.5 139.4 109.7
236.1 174.4 170.4
516.1 89.4 310.6 160.4 250.4 177.4
2381 498.2 -127.2 25.2 128.9 -28.1
3297.8 277.7 179.2 -45.8 210.1 47.1
490.9 248.6 281.5
836 -187.2 460.4 530.2 169.5 131.5
2685.8 89.1 156.4 -23.5 194.2 -88.5
3578.6 -1 323.9 63 191.2 23
658 200.5 214.9
1675.9 151.2 -178.9 -82.6 -42.2 799.2
3030.8 129.5 -8.9 -185.4 49.8 227.7
3951.6 48.9 115 -84.7 60.9 303.9
34.6 109.7 76
2262.8 696.2 -389.4 69.2 24.6 -52
3268.6 347.7 -162.2 -158.2 155.4 -69.3
4119.2 256 128.2 -38.7 40 63.5
32.7 139.1 86.3
2278 716 -387.6 64 40.5 -47.7
3304.9 412.2 -189.5 -204.1 181.3 -36.8
4101.7 266.5 160.6 -16 32.5 27.9
winner is: 4
