Regression analysis information for: S18_selected_tokens_0063
number of formants: 3
number of coefficients: 5
3.7 19.4 27.9
366.4 -1.1 -24.3 -1.2 -1.7 4.5
1171.7 -142.1 67.8 -55.2 71.5 -39.1
2575.6 73.9 -37.9 36.8 -41 28.2
3.7 19.6 28.1
367 -0.3 -23.8 -1.1 -2.3 4.6
1175.6 -140.3 68.8 -54.7 69.6 -38.9
2577.3 72.6 -38.9 37.5 -41.7 29.7
3.7 21 27.3
365.4 -0.6 -20.7 0.2 -3.8 2.9
1167.2 -142.1 85.8 -50.4 61.1 -45.3
2578.5 70.4 -36.8 36.1 -40.7 28.9
3.7 20.1 28.5
364.8 0 -19 0.3 -4.5 2.4
1161.9 -137.4 95.1 -50.7 55.3 -44.8
2574.6 73.1 -34.6 36 -42.7 30.6
4 20.9 26.5
365.7 0.7 -18.7 0.4 -4.3 1.8
1166.9 -137.1 95.8 -51.6 58.3 -48.6
2577 69.6 -31.5 33 -37.9 25.9
4.4 21.6 25.4
368.1 1.7 -19.4 0.6 -4.5 1
1177.9 -137.3 90.6 -49.2 60.1 -53
2585.2 64.3 -32.8 34.6 -37.6 23.3
5.6 23.3 24.8
373.4 2.9 -21.8 1.2 -4.5 -0.4
1197.3 -148.2 86.9 -46 64 -60.2
2603.3 45.6 -25.4 31.5 -34.3 20.1
7.3 25.2 16.6
380.1 4.3 -26.8 0.7 -4 -0.8
1214.3 -171.8 94.6 -50.2 71.9 -69.9
2626.6 14 -2.7 12.2 -18.2 7.3
10.1 29.7 8.2
386.8 10 -35.9 -2.2 -6.8 -0.2
1210.1 -200.4 111 -52.2 79.1 -80.5
2640.4 -2.5 12.3 -2.5 -7.3 -3
31.2 94.3 42.7
404.5 37 -39.3 -15.6 -25.2 -0.6
1189.4 -220.4 151.3 3.9 126.1 -58.7
2661.5 26.6 48.6 26.3 22.5 27.8
48.6 256.5 93.9
435.4 89.6 -1.9 -1.6 -23 -10
1327.1 -10.5 211.3 -106.2 -107.4 -303.6
2691.7 60.1 26.2 -43 -82.9 -51.9
66.4 425.3 294.2
459.3 119.6 8 11 21.6 50.7
1512.5 253.4 189.9 -261 -44.6 99.4
2858.8 257.1 -39.4 -234.2 -148.1 115.5
99.1 399.8 265.5
501.1 38.4 18.8 73.4 -18.2 141.4
1686.9 40.2 -47.9 -11.2 481 656.5
3148 282 -171 36.4 342.2 611.4
65.9 252.2 200.2
557.9 25.7 -16.7 84.8 -40.3 161.4
2076.3 -349.1 -422.5 443.5 356.1 545.6
3482.1 -10.5 -465.7 420.6 204.9 439.2
72.8 72 81.9
657.3 31.8 51.3 59.1 -64.2 101.2
2543 168.9 -105 94.8 -94.9 72.1
3834.8 414.4 -172 169.6 -128.8 70.6
89.3 26.9 45.7
748.8 -105.5 196.6 -84.3 50 -35
2585.8 72.7 -13.3 1.6 -0.6 -13.2
3858.3 343.1 -98.7 101.1 -43.8 14.1
66.9 23.7 50.6
740.5 -80.9 198 -80.4 32.6 -27.8
2573.8 95.3 -46.5 33.9 -31.3 18.3
3855.1 323.3 -131.1 123.5 -49.9 40.9
67.9 31.4 53
726.9 -68.6 212.2 -70.8 8.1 -16.3
2573.6 99.5 -57.5 44.5 -42.1 28.5
3856.6 322.2 -165.3 128.4 -53.4 39
69.8 28.7 53.5
711.1 -68.4 240.7 -82 16.3 -27.1
2582.1 89.2 -53 42.4 -43.4 28.9
3879.1 314.2 -177.4 125 -54.5 29.9
76.4 26.4 55.8
684.4 -65.3 254.7 -82.9 37.5 -37.2
2588.2 82.5 -47.2 40.9 -48.5 32.6
3903.1 321.5 -183.6 123.6 -58 25.4
winner is: 9
