Regression analysis information for: S18_selected_tokens_0104
number of formants: 3
number of coefficients: 5
10 5.2 54.7
981.5 38 -75.3 -1 -35 3.8
1766.8 -58.3 70.1 -0.9 14.1 -0.6
2485.1 -152.7 116 50.9 -37.1 -100.4
9.3 4.7 67.9
982.5 39.5 -70 1 -32 3.1
1771.2 -59.2 69.1 -2 12.6 -0.5
2526.8 -203.6 275 208.2 -60.2 -140.5
8.3 6.1 93.6
976.2 38.5 -70.5 1.7 -28.7 4.2
1773.1 -61.3 73.3 0.4 12.6 -1.5
2357.3 -239.8 390.6 126.9 71.3 14
8.5 5.8 82
970 36.6 -76.9 -1.8 -29.8 6.4
1769.4 -63.6 75.4 -1.3 15.1 -0.8
2199 -216.9 161.4 -44.7 76.4 -51
9.6 5.3 52
969.1 41.6 -83.7 -3.4 -32.8 7.7
1767.6 -60.5 71.6 -5.9 13.8 0
2275.5 -118.9 57.4 -22.2 56.6 -35.5
9.8 4 57.7
982.8 48.8 -83.6 -4.9 -33.5 8.5
1778.5 -53 65.1 -7.4 10.4 1.9
2616.2 -13.5 -84.7 -18 50.8 27.7
9.8 3.9 39
998.8 57.8 -83.2 -2.3 -36.3 9.4
1794.6 -48.2 61.6 -4.5 4.6 4.3
2898.8 7.4 -0.7 15 -41.6 50.6
9.8 3.3 5.5
1007.7 61.1 -82.4 0.1 -38.3 9.8
1806.8 -50 64.3 -4 3.2 4.1
2922.9 -41 43.8 -33.6 5.4 5.6
9 4 5.1
1008.6 57.5 -76.1 0.9 -36.8 9
1809 -54.9 71.5 -3.9 4.6 2.7
2928.1 -36.7 41.2 -29.1 0.6 9.8
8.1 4.5 4.9
999.5 46.5 -75.1 0.2 -34.8 5.9
1799.9 -64.7 76.4 -2.7 7.9 -1.3
2925.9 -40.1 45.4 -28.5 0.8 7.6
7.7 4.6 5.7
997.3 42.2 -73.1 -0.5 -32.9 5.6
1794.8 -68.6 76.5 -3.6 10 -2.1
2918.6 -47 47.3 -29.7 4.1 6.2
8.5 4.5 6.8
997.9 42.9 -74.6 -0.7 -33.6 6.6
1795.7 -67.8 74.6 -4.2 9.1 -0.6
2918.9 -48.9 44.9 -31.4 3.6 8
9.2 4.6 8.4
1001.5 45.6 -75.9 -1.3 -34.4 7.8
1800.2 -65.3 72.4 -4.7 7.6 1.4
2927.5 -44.7 42.1 -31.8 0.8 11.8
9.9 4.6 9
1006 50.3 -80 -1.6 -36.4 9
1807.7 -62 70.2 -4.5 5.8 2.9
2941.5 -37.9 38 -30.1 -3.2 14.4
10 4.5 9
1014.3 55.4 -81.3 -3.3 -36.5 9.7
1816.5 -59.2 68.5 -6.2 5.5 3.7
2959.2 -31.2 37.1 -30.7 -3.9 15.8
9.2 4.5 8.9
1028.3 60.3 -79.5 -5.4 -34.9 10.7
1827.9 -58.1 67.4 -8.8 6 4.2
2984.1 -29 40.2 -31.1 -2.4 18
9 5.1 8.8
1041.6 65.8 -81 -6.1 -35.1 13.7
1842.4 -59.8 68.6 -10.3 5.5 6.7
3012.1 -34.3 46.8 -29.8 -3.4 23.6
8.1 6.2 10
1062.2 71.5 -78.1 -5.9 -33.8 16.3
1859.8 -63.6 69.9 -12.5 4.8 8.3
3046.4 -43.7 56.6 -26.9 -4.6 28.9
7.7 8.2 13.1
1089.7 76.9 -72.9 -3.4 -31.2 18.7
1881.1 -70.3 70.7 -14.8 2.7 10.1
3087 -60.6 67.6 -20.9 -8.6 35.9
8.6 11.4 19.9
1125 81.1 -63.6 1.7 -26.2 19.4
1906.9 -80.3 70 -17 -1.6 11.6
3133.2 -86.3 78.6 -11.1 -17.7 45.2
winner is: 10
