Regression analysis information for: S18_selected_tokens_0106
number of formants: 3
number of coefficients: 5
4.9 10.3 29.6
988.1 55.4 -43 26 -14.7 9.5
1751 4.5 32.5 -4.8 11.7 -12.2
2245 -51.8 -52.8 6.5 -95 -30.9
4.7 7.8 32
993.7 55 -41.6 26 -14.7 9.6
1757.4 4.2 27.9 -5.4 8.4 -9.7
2397.9 -28.6 -56.2 34.6 -68.9 -51.4
4.9 7.2 44.2
995.1 56.6 -43 27.2 -15.1 9.8
1765.2 2.8 27.9 -6.7 7.8 -9.9
2488.3 -28.1 -57.9 33.5 -32.8 -78.4
4.3 7.6 53.2
994.4 53.7 -41.1 27.7 -15.1 8.6
1764.1 2.8 30.3 -0.7 5.9 -11.8
2443.9 -84.9 -34.2 74.2 -86.2 -135.9
4.2 11.5 47
990 53.4 -43 26.5 -13.1 9.6
1749.9 1.7 23.6 -1.7 9.1 -10.1
2329.6 -83.3 -64.3 43.2 -45.6 -54.1
4.3 9.5 28.1
991.2 56 -42.6 26 -11.7 10.3
1750.3 10.1 24 -4.4 14.3 -8.1
2365.8 -8.7 -75.8 29.9 -17.7 -30.9
5 8.1 68.7
997.3 60.5 -42.9 26.7 -12.3 11.4
1773.8 10.2 28.8 -10.3 14.1 -6.2
2595.6 95.1 -78.7 43.2 28.8 -33.3
5.5 5.5 31.1
1008.8 60.7 -40.9 25.2 -12.5 12.1
1801.8 7.2 29.5 -14.4 11.9 -3.4
2776.1 16.9 -3.2 -45.3 42.9 -21.9
6 3.4 12.8
1019.3 60.8 -40.6 24.6 -14.1 12.4
1824.7 2.5 28.9 -15.5 8.5 -2.8
2821 -42.4 30 -47.4 27 0.2
6.6 2.4 12.9
1024 60.8 -42.8 25 -16.8 12.3
1837 -2.7 27.6 -16.1 5 -3
2842 -55.4 34.2 -45.1 20.6 5.4
6.6 2.2 12.2
1025.9 57.8 -42.6 25 -18.2 11.9
1839.2 -5.3 25.1 -14.1 1.5 -3.6
2850 -62.9 32.6 -44 15.1 4.1
6.9 2.8 13.2
1024.2 58.8 -44.6 26.4 -19.6 11.6
1838.3 -7.3 24.2 -13.1 -0.8 -4.5
2850 -66.6 30.7 -40.4 10.2 5.1
7 2.8 13.3
1023.6 59 -44.5 27 -19.7 11.9
1836.9 -6.8 24.2 -11.7 -1.5 -3.6
2845.9 -63.6 28.4 -36 7 7.8
7 2.2 10.9
1025.4 57.9 -42.5 26.1 -18.4 11.8
1837.9 -4.9 24.8 -11.7 0.5 -3.4
2847 -60.3 29.6 -37.8 10.9 6
7.2 2.7 10.1
1027 60.2 -43.7 26.9 -18.9 12.1
1844.1 -5.2 26 -12.3 1.3 -3.3
2861.7 -64.6 37 -39.7 14.8 7.1
7.1 3.2 9.4
1032.3 60.8 -43.4 27 -18.8 12.2
1854.9 -5.6 27 -12.7 2.9 -3.3
2887 -73.2 46.7 -44.9 20.4 5.7
7.2 4.3 9.4
1040.1 61.9 -43.3 27.1 -18.8 12.2
1870.3 -5.8 27.9 -13.1 4.7 -3.3
2921.8 -84.4 59.6 -51.9 27.4 4
7.3 6 10.9
1052.4 62.1 -41.7 26.9 -18.5 12
1890.5 -5.1 28.2 -12.4 6.3 -3.6
2965.4 -95.5 73.9 -59 34 1.4
7.9 8.6 15
1066 65.3 -44.6 28.4 -20.7 12.1
1917.6 -6.1 26.6 -11.2 6.2 -2.8
3020.6 -109.5 85.3 -58.5 30.8 12
8.6 11.7 21.1
1087.3 66.5 -45.5 29.7 -22.5 11.9
1954.1 -4.7 19.4 -6.8 4.6 -2.8
3093.3 -120 88.4 -52.2 19.5 24.1
winner is: 16
