Regression analysis information for: S18_selected_tokens_0002
number of formants: 3
number of coefficients: 5
3.4 2.4 12.9
512.3 3.7 -20 2.6 -7.8 3.5
2223.4 59.5 -25.2 5.8 -7.3 1.6
3021.3 62.9 85.8 -111 -3.4 28.6
3 2.2 25.8
515.2 -1.8 -16.2 1.2 -7 3.4
2222 62.3 -26.2 5.3 -7.1 1.6
3103.1 -57 26.2 -32.8 3 33.5
3.2 2 6.9
514.9 -5.2 -15.5 2.4 -6.9 4
2223.6 64.6 -26.5 4.2 -7.3 1.5
3126.4 -72.4 -30.3 26.9 3.3 -15.6
3.3 2.3 13.8
504.3 -5.6 -20 6.7 -10.6 5.9
2231 68.6 -26.3 3.2 -5.8 1.2
3083 -155.3 -109.3 -45.5 -21 -21.5
3.6 120.2 138.6
493.6 5.1 -21.5 6 -9.7 5.6
2150.8 233.4 -192.4 164.4 -151.1 136.5
2740.4 59.2 115.5 -76.5 -195.3 293.4
2.9 2.4 67.6
494 8.4 -20.6 6.3 -6.8 3.8
2233.5 59 -25.9 6.6 -6.8 1.4
2768.6 370.8 20.4 -79 34.9 1.4
3.2 2.8 27.2
498.1 8.1 -20.3 7.5 -7.2 3.2
2234.5 62.6 -23.9 7.8 -6.4 0.7
3129.9 -24.9 16.4 -55.3 22.5 27.8
3.3 2.7 3.4
502.8 7.7 -21.1 8.4 -7.7 2.8
2241 66.2 -24.7 7.6 -6.5 1
3155.4 -50.3 -9.6 5.7 4.1 -7.4
3.2 2.1 3.4
506 7.6 -22.9 8.3 -8.1 2.7
2247.8 68.6 -27.3 5.8 -7 1.9
3161.6 -45.8 -7.2 3.7 3 -8.2
3.1 1.6 3.1
507.1 7.7 -24.7 7.9 -8.4 3.2
2252.2 68.7 -30.7 3.5 -7.6 3
3169 -46.6 -9.4 -0.8 2 -8
3.3 1.3 2.3
504.1 13 -28.9 8.2 -8.7 3.5
2250.8 78 -37 2.5 -7.3 3.2
3172 -39.6 -15.8 -2.2 0.4 -7.7
3.3 1.3 2.8
502.5 14.8 -27.9 6.6 -8.6 4.2
2247.3 87.7 -36.3 -0.7 -7.5 5.1
3164.6 -16.9 -22.5 -0.9 -3.5 -3.8
3.4 1.2 2.4
502.3 14.1 -27.2 6.4 -8.9 4.1
2247.3 89.3 -29.3 -0.7 -8.3 3.9
3165.2 -15.2 -7.5 -4 -3 -7.5
3.6 1.1 3.4
502.8 12.7 -28.5 5.9 -9.5 3.9
2252.5 86.7 -26 1.7 -5.6 4.7
3177 -25.9 4.4 -3.4 5.3 -8.2
3.9 1.1 4.2
502.7 11.8 -30.4 5.4 -10.7 3.3
2261.3 82.8 -25.8 2.7 -4.1 6.1
3195.8 -39.4 10.8 -5.8 10.6 -8.1
4 1.6 4.7
500.6 8.6 -31.5 4.1 -11.5 2.1
2275 79.7 -26.1 3.1 -4.2 7.3
3220 -44.3 13.2 -7.2 11.4 -7.4
5.2 1.9 6.1
482.9 -5.5 -41.8 -0.1 -15.7 -1.2
2292.7 82 -27.1 3.1 -4 8.5
3253.7 -46.1 18.5 -11.4 13.5 -8.8
139.5 58.9 61.2
481.9 57.3 55.1 117.2 109.2 118.8
2345.3 146.3 30.6 59 52.1 63.3
3325.9 13.5 84.1 38.7 71.7 42.4
168.2 70.5 64.1
1090 1150.6 508 -67 -348.9 -187.5
2659.2 605.6 182.6 -57.7 -164.4 -77.6
3611.9 382 207.2 -79.2 -111.8 -78.3
492.5 275.9 218.7
1778.3 989.8 -240.2 -278.7 256.8 73.8
2871.9 90.4 -307.2 -140.9 185.7 101.5
3921 99.6 -143.3 -96.7 189.3 17.9
winner is: 11
