Regression analysis information for: S18_selected_tokens_0080
number of formants: 3
number of coefficients: 5
5.1 96.4 94.7
342.2 -41.5 -13.4 1.1 -7.8 -4.9
2327.7 196.9 -180.1 -205.4 55.7 10.4
2882.2 230.6 -31 -140.4 -86.8 -18.4
4.7 53.2 93.1
342 -41.4 -11.3 1.2 -7.3 -4.1
2374 278.4 -116 -156.9 74 2.2
2890.2 239.1 -20 -122.1 -75.4 -16.1
4.6 16.9 44.2
339.1 -41.2 -7.1 1.5 -7.6 -3.8
2415.5 351.4 -69.3 -129.8 84.7 -16.9
2954.6 347 46.5 -93.3 -72.1 -32.5
5 18 53.7
338 -41.1 -5.8 1.7 -7.6 -4.1
2414.3 356.9 -69.2 -138.6 89.6 -8
2954.4 356 51.5 -107.5 -78.9 -23.2
6.6 16.7 49.8
336.8 -42.6 -7.8 1.3 -9.5 -5.1
2414.7 360.3 -58.8 -137.9 88.3 -2.3
2944.4 351 73 -90 -82.9 -47.7
7.8 21.3 54.7
336.8 -44.7 -8.9 -0.6 -10.4 -6.9
2423.9 368.9 -51.8 -121.8 97.9 6.4
2963.3 363.1 56.3 -105.3 -83.6 -22.4
70.4 30.4 64.7
365.7 11 47.4 55.5 45.8 48.8
2439.7 380.1 -38.8 -97.4 117.4 22.4
2984.7 379.4 69.1 -76.7 -49.7 6.6
179.8 51.6 102.3
422.2 122 158 164.9 152.7 153.5
2466.9 403.3 -10.3 -61.6 148.7 49.5
3026.7 421 104.7 -31.8 7.3 57.1
169.9 56.9 98.4
416.9 110.9 148.1 154.4 141.7 143.4
2488.8 408.7 0.4 -41.3 159.4 56.5
3055.2 427 103 -21 27.3 70.6
213.5 71.3 112.1
445 171.7 212.1 210.5 195.2 196.5
2529.6 419.2 21.7 -4.8 172.6 66.7
3117 454.5 117.3 13.9 67.3 97.9
222 75.2 103
441.1 181.3 227.7 213.4 200 205.5
2564 419.3 40.2 17.2 172.6 70.6
3163.9 452 117.8 15.5 71.4 90.7
225.3 77.3 106.6
427.3 181.5 228.7 206.4 196.1 207.5
2594.3 428.2 66.2 33.7 173.1 73.7
3215.7 483 160.9 31.7 89.1 93.8
258.7 87.4 116.3
439.8 236.8 278.5 255.8 242.5 256.9
2624.7 456.5 105.1 59 189.3 88.2
3267.6 542 226.9 60.8 119.1 104.6
293 88.3 114.4
503.1 386.4 417.5 395.8 357.6 364.7
2662.1 517.3 164.5 99.6 223.1 110.3
3332.6 647.8 314.3 112.6 155.2 115.7
224.7 92.3 88.5
779.2 904 783.8 524.6 242.3 80.3
2771.2 707.4 293.1 154.3 190.5 16.4
3408.1 762.7 374 129 121.3 51.6
581.2 150.2 166.8
1216.3 1060.9 213.7 692.1 761.4 -320.6
2909.4 770.8 205.7 207.8 262 -72.1
3604 814.7 146.9 220.1 350.8 -68.4
166.6 61.9 92.4
2341 968.8 -533.6 464.2 -264.7 183.1
3196.6 875.2 41.5 -8 -27.3 16.4
4011.8 641.2 -22.7 379.7 11 171.3
240.8 100.8 105.3
2377 830.6 -197.8 69.6 -21.6 133.3
3190.3 843.8 238.5 -114.8 -87.4 27.2
4119.5 557.6 165.4 316.6 51.8 132.4
169.4 98.4 113.9
2394 754.1 -15.4 -90.7 62.6 30.1
3122.3 752 394.5 20.7 -54.7 -131
4211.5 604.6 303.4 286.1 71.9 32
129.2 132.7 179.7
2395.1 597.7 44.7 -154.7 173.8 7.1
2972.3 468.6 366.9 140.8 197.5 29.9
4192.5 503.9 330.6 297.6 180 86.2
winner is: 3
