Regression analysis information for: S18_selected_tokens_0098
number of formants: 3
number of coefficients: 5
8.1 16.6 40.1
570.5 -178.3 -12.9 22 5 -7.6
2604.1 354 -216.8 11.1 -12.9 -27.6
3047.9 -76.8 -133.6 10.3 12.2 -22.8
7.8 14.3 38.2
576.6 -176.3 -22.2 16.2 10 -6.6
2603.7 347.1 -213.8 13.1 -8.9 -17.8
3107 11.7 -56.6 -7 -12.3 -44.7
8.2 14.9 30.1
576.4 -178.3 -26.2 16.4 13.8 -5.6
2594.2 341.5 -209.9 12.9 -11.1 -17.9
3153.7 89.3 -56.9 -67.2 -59.6 -46.6
7.4 11.6 23.2
572.4 -179.5 -26.9 17.7 16 -7.6
2598.4 339.5 -198.7 19.2 -13.1 -15.2
3183 102.2 -69 -86.6 -52.4 -21.9
7.3 10.6 24.5
563.8 -176.5 -26.1 22 15.3 -9.1
2603.5 339 -196.8 21.4 -15.1 -14.5
3207.1 87.3 -61.2 -88.7 -42.3 -21.8
7 9.4 24.7
553.3 -172.5 -19.4 22.9 12.7 -9.6
2609.6 339.8 -200 24.7 -16.4 -14.2
3231.6 72.4 -61.2 -90.2 -37.3 -21.5
5.5 9.9 28.1
539.2 -168.3 -3.9 18 8.1 -5.6
2613.7 346.4 -209.9 26.4 -15.4 -16.2
3253.1 66.2 -81.6 -90.8 -38.7 -24.5
3.6 10.5 48.8
527.8 -165.6 10.8 11.3 3.7 0.4
2626.4 354.7 -213.3 29.6 -16.3 -17.1
3265.3 43.2 -93.1 -69.6 -4.6 1.1
3.6 12.7 50.7
522.1 -163.9 20.8 5.7 0.3 5.5
2631.1 352 -222.2 30 -14.6 -19.6
3267.9 42.3 -95.9 -36.4 -12.4 -50.7
3.3 12.4 44.2
520.7 -163.8 25 5.1 -3 8.3
2627.6 350.4 -230.3 27.6 -10.8 -20.4
3279.4 67.3 -121.2 -63.8 -36 -65.6
3 10.1 40.7
521.2 -164.7 28.6 2.7 -4.4 9.3
2634.7 343.6 -225.5 30.4 -8.4 -17.3
3267.9 96.4 -85 -108.6 -33 2.5
3.1 8.9 27.1
523.4 -167.4 30.5 3 -5.3 10.1
2634.7 341 -221.1 26.1 -9.5 -16.9
3286.8 91.8 -89.4 -97 -20.2 2
2.8 7.4 20.7
525.9 -170 31.5 2.7 -4.7 9.2
2639.6 337.2 -214 26.9 -12.3 -17.4
3317.1 83.9 -104.6 -63.1 -2.2 -27.6
2.2 7.3 12.3
528.7 -172.7 31.4 1.8 -3 7.3
2650.4 329.4 -208.9 33.2 -13.9 -17.3
3333.7 82.4 -93.4 -43.9 -2.3 -28.2
2.2 9.2 12.5
531.6 -176 30.3 3.2 -2.6 6.4
2654.6 327.3 -213.6 33.7 -13.7 -20.1
3346.2 75.5 -99.6 -38.7 -1.1 -32.7
2.2 9.9 13.5
533.1 -178 30.3 3.3 -2.6 6.2
2661.3 324.5 -215.5 34.5 -16.1 -20.2
3358.3 73 -104.6 -36.3 -3.1 -34.5
2.3 10.5 15.4
533.7 -180 31.5 3.1 -2.9 6.7
2666.3 322.5 -214.2 34.6 -20.1 -20.6
3366.9 72.2 -102.1 -35.4 -8.8 -36
2.2 9.9 16.6
533.5 -182 32.1 1.7 -2.3 7.5
2674 320.9 -206.6 36.1 -25.5 -18.4
3376.7 80.5 -88.2 -31.3 -14.4 -32.8
2.7 10 17.6
532.7 -188.1 30.5 2.1 -2.5 9.5
2677.1 324.2 -203.9 34.5 -29.3 -18.6
3387.7 87.9 -75.2 -29.8 -18.3 -31.1
3.6 8.5 15.5
528.7 -197.2 26.6 -0.2 -0.8 11.4
2688.6 324.5 -197.1 36 -33 -14.9
3406.5 103.6 -61.2 -21.6 -15.8 -23.9
winner is: 14
