Regression analysis information for: S18_selected_tokens_0071
number of formants: 3
number of coefficients: 5
4 9.3 24.3
390 14.9 -1.1 7.9 -2.9 5.2
1628.2 -15.5 112.4 -31.6 -10.1 -5
2295.6 -66.2 -64.9 16.1 -51.9 17.6
3.2 9.1 25.4
390.5 14 -0.2 7 -2.3 4.5
1629.1 -14.5 112 -30.5 -10.3 -3.9
2302.5 -66.3 -61 15.7 -50.7 18.5
4.1 9.8 25.2
390.1 15.2 -0.5 8.2 -3.4 5
1631 -16.8 116.2 -29.7 -12.7 -5.4
2302.9 -66.2 -60.1 18.7 -54.4 17.9
3.1 10.2 23.5
390.2 14.4 1.1 7.3 -2.4 3.7
1625.6 -12 120.9 -29.4 -11.6 -8.3
2301.9 -62.3 -48.2 16.7 -51.6 13.2
3.1 9.7 21.7
390.5 14.7 1 7.3 -2.1 3.6
1627 -9.8 119.4 -29.6 -8.1 -10.4
2304.1 -58.4 -48 16.2 -45.9 9
3.1 9.7 22.2
391.2 14.9 0.6 7.2 -1.9 3.4
1633.3 -10.8 113.8 -28.8 -6.5 -10.6
2312.3 -59.4 -51.7 16.5 -44.3 7.9
4 10.6 23.6
392.6 16.2 -1 8.2 -2.3 4.2
1651 -14.8 103.7 -26.7 -2.7 -9.5
2330.2 -61.1 -56.8 19.1 -41.8 7.7
3.6 11.9 28.1
396.4 14.2 -2.7 8.8 0.7 3.8
1700 -19.8 62.5 -19.9 13 -3.6
2375.3 -71.1 -53.5 25 -33.8 2.1
8.4 30.4 170.3
390.4 -8 -14.1 24.8 27.2 21.3
1852 -3.7 -62.5 -30.9 36.9 33.8
2596.8 2.1 -154.1 25 124.4 100
41.5 31.2 63.7
600.7 262.3 -40.4 -185 -184.5 -84.2
1926 -8.3 -92.1 -15 0.9 13.7
2998.4 364.6 -128.8 -99.6 -9.4 144.9
37.5 33 68
642.1 344.4 30.1 -153.4 -188.6 -94.3
1945.2 -7.6 -88.9 -16.7 -17.3 14
3072.6 411.8 -115.3 -169.5 -67.9 179.5
113 102.6 88.8
596.4 294.6 27.4 -167.9 -257.6 -163
1959.5 62.8 -9.7 -10.6 -42.4 -14.4
3093 519.9 -44 -250 -115.4 197.4
205.7 102.6 148.4
510.5 148.1 -55.7 -182.1 -213.3 -75.9
1937.2 51.1 -42.8 -116.9 -132.8 -27.2
2898.2 314.8 25.2 -127.6 -172.5 -0.4
144.7 91.3 125.4
461.1 86.1 -28.9 -83.1 -111.7 -42.3
1925.5 11.8 -50.6 -72.8 -88.4 -22.3
2865.7 214.7 -8 -92.2 -102 47.3
211.8 127.4 142.9
533.6 191.5 -49.3 -199.1 -259.1 -116.6
2008.6 41.8 -102.5 -95.2 -142.2 -86.2
2979.2 325.5 12.8 -212 -216.4 51.5
215.9 101.5 251
577.5 272.4 -81 -290.2 -372.3 -157.5
2046.9 -1.1 -116.4 -11.2 -107.4 -94.3
3217.3 399.7 -137.4 -225.3 -78.3 -22.6
280.8 289.1 137.7
937.5 337.9 435.4 -310.1 -104.1 -464.7
2376.2 164.3 328.7 74.9 85.7 -220.6
3692 280.1 -257.4 44.2 53.1 -160.1
228.6 212.1 240.2
1108.7 410 270.9 -240.2 22.6 -232.2
2221 -57.2 -96.5 -21.8 58 93.1
3910.4 122 -234.8 61.1 -48.9 166.1
254.5 163.9 227.9
1094.7 406.8 263.9 -236.5 -31.2 -287.4
2197.9 -12.2 -130.9 2 12.9 73.8
3903 256.2 -225.3 131.2 -13.8 171
224.9 231.7 312.9
1055.6 430.4 559.3 -228.7 -6.6 -321.7
2238.7 0.1 0.2 30.9 95.9 63.5
3974 294.5 -110.4 175.1 94.9 195.5
winner is: 5
