Regression analysis information for: S18_selected_tokens_0051
number of formants: 3
number of coefficients: 5
7.3 8.3 8.1
555.7 66.7 -36 -2.2 -23.5 4.1
1523.2 270.3 -65.8 4 -15.8 0.3
2508.2 -58.2 -35.3 -38.6 -40.5 -24.8
7.6 8.1 7.9
554.6 68.2 -37.3 -0.2 -24.3 4.6
1524.4 272.1 -67.2 5.1 -16.1 0.6
2517 -58.1 -34.1 -41 -40.9 -25.2
7.7 7.7 8.2
552.2 68.6 -37.1 0.8 -23.6 4.4
1522.3 274.7 -66.1 4.7 -15 -0.6
2522.2 -55 -33.7 -42 -42.4 -26
6.7 7.8 7.6
550.3 66.3 -34.6 1.1 -22.1 4.4
1517.8 273.2 -61 5.7 -15.8 -0.7
2517.2 -50.2 -26.1 -41.2 -41.2 -27.4
7.2 7.6 7.7
547.8 65.7 -37.1 1.8 -22.9 5.2
1513.5 271.7 -62.1 5.7 -15.1 -1.4
2504.2 -58.5 -29.7 -39.3 -39.2 -26.5
7.3 7.2 6.8
548.6 65.1 -37.8 1.6 -22.8 5.4
1515.7 269.9 -65.1 5.8 -14.8 -0.5
2507.2 -64.1 -35.6 -38.7 -39.1 -23.6
7.4 7 6.8
550.5 64.7 -38.8 1.3 -22.8 5.7
1520.7 268.7 -69.6 5.5 -14.5 0.7
2520.3 -69.4 -41.9 -40.7 -40.6 -21.3
7.8 6.9 8
553.6 65.1 -40 1.2 -22.7 6.1
1529.4 270.1 -74.6 6.1 -13.5 2.5
2542.7 -67.4 -46 -41.4 -43 -19.7
8.3 7.5 10.3
558.9 66.2 -42.2 1.3 -22.5 6.4
1543 273.6 -82.4 7.1 -11.7 4.6
2576.2 -60.2 -52.4 -42.6 -47.8 -20.7
9.3 9.7 13.4
568.4 67.1 -46.5 1.1 -23.1 7.5
1565.5 278.1 -96.6 6.9 -10.1 8.6
2632.3 -56.6 -58.8 -53.4 -57.7 -21.1
10.7 13.5 17.3
578.9 69.4 -52.2 1.6 -25.1 9.4
1587.8 285.5 -111.3 6.6 -8.9 12.8
2686.7 -45.9 -61.6 -65.8 -70.7 -22.2
11.7 16.5 20.7
588 71.5 -54.7 3 -26.5 10.8
1604 292.5 -119.6 8.2 -8.5 16.7
2724.1 -27.4 -52.5 -70.4 -78.4 -24.7
12.4 18.3 22
590.5 76.1 -59.8 6.3 -29.4 12.3
1610.2 302.5 -123.4 9.8 -6.5 17.5
2738.8 -15.5 -47.2 -72.7 -85.3 -27.8
12.5 19.5 20.5
595.2 77 -61.8 9.8 -29.1 13.4
1618.1 308.6 -124.5 14.9 -1.4 20.4
2752.6 -3.5 -36.7 -63.5 -82.6 -24
14.3 21.6 19.7
599.6 79.1 -66.5 19.2 -32.9 18.6
1624 314.3 -127.9 23.4 2.4 24.6
2767.8 5.6 -19.2 -53.6 -70.5 -13.4
21.3 28.3 24.5
596.5 98.8 -95.9 47 -54.4 33.1
1621.5 341.5 -141.1 24.7 14.1 18.9
2774.9 26.1 -6.4 -66.4 -70.5 -11.1
60.1 135.4 119.7
722.8 -121.5 76.3 -101 70.3 -63.5
1860.4 -101.3 278.7 -337.2 248.7 -73.7
2966.4 -349.7 396.7 -373.2 87.7 -88.1
60.9 188.8 157.6
822.4 -227.6 15.2 16.8 -8.6 -46.9
2081.1 -386.5 237.1 32.1 -173.3 22.9
3279.9 -795.3 291.1 212.7 -303.7 -183
126.2 29.1 110.5
988.8 -138 -224.2 -168.2 6.4 35.6
2244.8 -298.2 -115.5 -10.3 55.5 42
3715.5 -613.2 -438.7 -200.1 25.5 113.8
137.8 35.9 109.9
1138.2 91.7 -140 -212.8 -144.4 -154.1
2295.4 -218.6 -122.3 -54.3 -16.7 1.6
3847.1 -387.2 -344.1 -254.9 -151.7 -99.6
winner is: 7
