Regression analysis information for: S18_selected_tokens_0053
number of formants: 3
number of coefficients: 5
9 19.5 17.7
507.7 105.4 -30.9 -23.4 -15.8 -12
1679.8 132.5 125.3 -126 59 -36.8
2712.4 83 37.1 -2.7 14.1 -9.3
8 20.6 15.8
508.2 110.1 -27.9 -23.5 -13.7 -11.5
1680.5 140.7 123.3 -127.6 58.5 -37.3
2717.8 76.4 32 -4 10.7 -10.5
8.6 20.1 17.1
506.6 112.6 -27.6 -25.6 -14.3 -10.4
1682.9 144.3 128.8 -134.5 58.4 -34.8
2724.4 76 32.5 -8.8 10.6 -14.4
8.6 19.7 17
505.1 111.8 -27.2 -25 -13.6 -10.1
1680.2 145.6 132.3 -133.2 58.1 -35.2
2725.8 82.5 35.2 -12.2 8.7 -14.7
8.2 19.8 15.9
504 108.8 -27.3 -24.4 -12.7 -10.3
1672 141.1 129.2 -127.6 57.9 -36.6
2720.4 83.6 37.6 -6.6 7.2 -13.4
8.2 20.1 15.5
504.4 107.6 -28.2 -24.4 -12.7 -10.2
1673.2 136.8 125.4 -127.9 59.3 -35.2
2720.2 76.1 33.7 -4.3 8.4 -10.6
8.1 20 15.3
505.7 107.4 -29.1 -24.1 -12.5 -10.2
1678.3 136 120.1 -128.6 61 -33.6
2725.8 70.9 25.5 -1.6 9.5 -9.2
8.6 19.5 16
507.1 108.2 -31.2 -25.1 -13.4 -10.2
1690.9 137.6 117.9 -135 63.5 -31.7
2741 73 21.6 -6.6 11.5 -12.3
8.3 19.4 14.2
511.4 110.6 -30.4 -25.1 -12.2 -10.4
1705.5 146.7 112.3 -141.1 65.1 -31.9
2763.5 76.3 22.9 -14.3 11.5 -15
9 17.4 11.8
516.9 115.1 -33.2 -26.1 -12.1 -11.4
1735.1 157.3 103.4 -153.6 69 -31.8
2802.9 77.8 20.7 -22.5 9.1 -22.4
10.4 14.3 10.5
521.1 123.4 -39.7 -29.2 -12.9 -13.9
1771.5 168.6 93.9 -172.3 72.3 -29.4
2843.5 78.7 17.2 -30.9 1.5 -28.1
11.5 14.1 9.8
522.7 135.5 -45.9 -33.3 -11 -18.6
1799.6 185 82.3 -189.2 73.4 -27
2873 81 13.5 -35 -8.3 -30.6
13.1 16.3 9
519.9 150.8 -50 -38.1 -4.9 -25.5
1813.2 202 74.8 -200.9 73.4 -27.6
2888.9 82.9 13 -35 -16.9 -33.3
13.8 15.5 9.5
516.2 153.3 -49.2 -44.7 -2.7 -25.7
1812.2 202.4 80.2 -206.2 70.7 -23.7
2887.3 83 13.8 -33.9 -20.3 -31.7
14.4 13.3 10.3
510.7 160.3 -53.8 -46.8 3 -33.6
1812.3 201.1 81.7 -203.1 77.1 -27.3
2890.4 79.1 15.7 -32.7 -17.1 -29.3
185.7 197.1 162.9
605.2 9.6 -8 20.2 -170.2 165.5
1951.8 7.9 145.6 -125.5 -123.7 212.5
3006.6 -88.7 75.6 39.9 -187.6 160
206.4 174.3 141.7
825.5 -331.6 62.6 71.3 -228.2 88.9
2206 -299.6 130.6 49.5 -254.9 141
3225.7 -389.6 107 197.4 -302.1 86.5
162.6 193.8 203.3
1067.7 -437.6 300.2 67.8 152 -49.4
2410 -337.5 160.2 133.4 -9.3 -24.2
3439.9 -440.1 187.2 390 -4.8 -65.3
154.6 154.9 189.6
1125.4 -316.4 324.1 131.3 253.1 12
2487.5 -227.3 91.4 170.1 150.7 -4.5
3561.4 -349.9 78.6 476.8 292.8 37.2
145.2 162.6 173.6
1197 -200.8 314.4 120.4 264 55.3
2541.9 -156.2 48 159.8 229.9 102.1
3742.4 -148.5 -78.3 269.1 310.4 297
winner is: 11
