Regression analysis information for: S18_selected_tokens_0085
number of formants: 3
number of coefficients: 5
8.2 4.7 19.2
709.6 -100.4 -54 8.4 -28.7 2.5
2136.2 290 -118.6 16.4 -24.4 3.5
2759.1 139.2 -38 34 -54.7 -29
9.2 4 19
709.5 -101.7 -55.4 11.9 -29.8 4
2135.8 289 -121.4 12.1 -24.3 2.8
2776 119.4 -40 26.1 -59 -4.9
9.4 4.1 14.4
712.8 -104.3 -51.1 12.5 -29.3 3.2
2141.2 284.5 -120.1 10.4 -23.8 4.3
2791.7 113.2 -39.6 20.5 -52.1 4.6
10.3 4 13
710.7 -104.8 -52.8 15.4 -32.1 4.1
2144.2 286.8 -122.5 9 -22.9 5.3
2812.2 113.9 -38.3 21.5 -47.2 13
10.6 5.9 16.5
707.9 -103 -52.2 16.6 -31.9 3.2
2148.2 292.1 -126.7 12.4 -26.7 8.6
2833 118.8 -42.2 28.5 -54.4 24.3
11.1 6.8 16.6
702.2 -101 -50.5 13.4 -31.4 4
2148.4 297.5 -131.9 13.3 -27 8.6
2842.9 129.5 -60.1 44.5 -62.2 25.3
11.9 6.2 16.2
697.4 -100.4 -48.6 11.9 -33.2 8
2145.5 299.4 -134.4 8.9 -26.2 8.1
2838.8 125.9 -78.1 35 -62.9 12
11 5.4 18
698.6 -103.6 -42.4 9.5 -32 8.4
2146.4 291 -127.7 5.3 -25.5 9.2
2829 109 -60.9 14.5 -60.6 16.8
11.6 4.4 18.3
699.2 -105.9 -41.8 9.7 -33 10.3
2146.5 286.8 -121.1 1.5 -21.9 10.4
2832.2 100.3 -28.6 5.3 -50.3 32.6
10.5 5 9.9
704.9 -110.3 -35.3 7.6 -32.1 9.5
2155.8 281 -106.7 1.7 -22.1 11
2860 92.8 12.2 13.4 -52.5 41.4
10.8 5.4 12.4
710.1 -113.8 -35.9 10.5 -33.6 9.4
2168.1 280.1 -102.8 3.6 -18.1 5.4
2903.1 90.7 17.2 36.5 -42.7 30.4
10.5 5.6 17.5
720.3 -118.9 -33.8 11.3 -31.6 6.9
2187.4 277.1 -104.1 5.4 -13.6 3.2
2953.8 84 1.5 42.9 -24.2 23.9
11.9 5.2 21.1
726.3 -120.1 -40.2 17 -32.8 6.7
2198.7 281.9 -111.2 7.6 -11.2 1.4
2985.4 93.5 -18.9 51.9 -16.2 23.2
11.7 5.6 22.4
736.2 -124.6 -39.3 15.6 -28.3 3.5
2213.8 279.8 -110.6 4.4 -7.1 -0.2
3017.4 89.7 -21.9 40.9 -3.5 21.1
13.7 6.2 26.7
742 -129.2 -41.5 13.6 -29.7 6.8
2223.5 278.5 -111.5 -4.7 -6.4 1.3
3041.4 87.2 -25.9 26.6 -6.4 31.1
14.1 5.7 27.8
748.1 -134.4 -38.9 8.9 -30.8 9.5
2232.8 275.5 -109 -13.4 -8.1 2.3
3060.9 82.2 -23 9.8 -12.5 37.9
12.4 5.9 25.9
754.5 -139.9 -32.3 2.7 -30.1 8.4
2241.8 271.7 -103.3 -21.4 -11.2 -1
3076.5 76.6 -14.8 -8.3 -20.3 34.1
12.6 7 31.2
757.1 -144 -32.3 2.1 -32.1 9.4
2247 272.5 -100.7 -27.5 -13.3 -5.3
3086.7 83.7 -15 -10.4 -34.2 34.5
10.1 8.4 32.6
762.6 -151 -27.1 -1.5 -28.1 6.4
2255.8 269.9 -94.3 -30.4 -12.7 -11.8
3100.1 84.6 -9.3 -12.6 -37 26
8.6 10.9 39.1
766.5 -160.3 -25.3 -3.8 -24.6 5.3
2262.7 269.2 -91.8 -31.7 -12.1 -16.5
3110.9 91.1 -12.7 -5.8 -44 25.1
winner is: 10
