Regression analysis information for: S18_selected_tokens_0037
number of formants: 3
number of coefficients: 5
5.2 42.3 52.2
389 -73.5 22.9 -6.7 -3.4 3.2
2069.7 326.2 -124.1 202.2 -73.4 -74.8
2708.1 -102.2 208.3 61.8 19.8 82.2
5.1 48.2 41.6
389.3 -72.4 23.2 -8.5 -1.9 2
2151.4 369.2 -221.8 98.8 -69.7 -21.1
2741.1 -3.2 220.2 -44.6 -27.7 55.3
5.4 32.5 27.8
388.7 -70.6 20.7 -7.5 -3.8 2.4
2155.8 377.3 -254.3 96.1 -38.6 -5.7
2778.4 3.3 175.4 -69 -17.2 57.2
4.6 21.8 24.3
388.6 -68.6 19.3 -6.7 -3.3 2.3
2167.8 378.9 -269.4 85.6 -25.6 10.1
2855.8 -44.2 66.9 14.1 8.2 -5.2
4.5 20.3 15.2
389.3 -69.1 18.5 -5.6 -3.5 2.5
2172.1 375.9 -277.1 89.8 -24.7 12.8
2862.1 -42.6 48.8 18.4 14.7 2.1
4.4 20 10.7
391.2 -71.3 18.9 -5.6 -3.7 2.3
2184.1 373 -276.9 95.8 -21.5 14.2
2875.5 -36 44.5 22.9 25.6 2.8
5.4 19.9 11.4
392.8 -75.5 18.6 -6.9 -5.5 1.2
2196 383.3 -276.2 98.5 -20.9 14.9
2898.6 -26 53.6 27.1 33.3 5.4
6.4 19.9 12.2
393.5 -77.8 18.8 -9.1 -6.1 -0.4
2213.4 384.3 -264 98.7 -21.5 14.6
2913.4 -15.7 62.4 30.4 33.1 4.9
11.7 20.2 16.2
390.9 -84.2 13.3 -15.6 -11.8 -5.9
2222.5 396.4 -253.2 99.7 -23.4 14.5
2926.4 2.8 79.9 35.7 34.6 8
127.2 58.8 105.6
450.9 32.9 131.3 101 104.3 108.4
2253.4 462.7 -209.4 144.1 21.7 60.6
2986.6 106.6 171 119.4 120.7 91.1
129.9 57.9 105.4
451.2 33.4 131.5 101 106.1 109.2
2271.4 468.2 -209.8 138.2 21.7 61.4
3003.3 122.8 164.8 116.1 120.7 90.9
171.8 72.8 134.8
477.9 84.4 183.1 151.5 155.9 156.6
2294.7 508.5 -197.9 157.1 43.8 83.6
3049.6 181.8 200.2 149.1 161.3 126.3
201 80.4 151.9
504.5 138.9 236.3 201.8 205.4 199.8
2321.4 538.8 -187 173.5 61.6 102.1
3098.7 236.7 223.1 171.2 196.5 157.5
216.1 82.5 157.9
532.2 206.5 294.4 256.5 255.4 237.9
2347.2 559.2 -179.7 191.4 71.3 115.6
3148.4 286.3 231.8 185.8 227.3 183.5
233.2 152.4 198.2
591.2 310.9 416.5 322.2 351.7 251.1
2410.1 541.7 -86.3 155.3 169.1 58.3
3248.9 333.2 316.9 172.5 320.9 175
269.8 167.6 204.7
691.8 214.5 624.5 214.1 494.5 188.1
2591.5 257.2 205 -57.7 357 -56.7
3418.3 164.5 526 24.8 469.6 107.5
258.3 84.1 165.1
956.4 -104 778.2 451.2 129.7 572.3
2774.6 24.1 299.7 68.5 118.3 197.7
3643.8 -35.7 619.5 159.6 228 361.1
312 76.3 152.7
1206.3 -19.7 822.2 789.2 -64.4 327.8
2835.3 48.3 268.9 141.5 43.2 93
3832.5 96.3 637.2 300.8 118.4 210.5
361.4 128.9 183.6
1355.1 120.1 816.7 899 -211.9 -51.1
2869.9 111.1 233.1 93.4 -23.3 -72.7
3983.3 266.8 598.7 240.2 -15.3 -27.1
427.8 242.3 194.4
1744.2 436.9 388 386.7 -499.9 -310.3
2966.8 122.5 -26.3 -148.7 -118.2 -122.4
4229.7 469.1 321.7 -167.7 -272.3 -85.8
winner is: 6
