Regression analysis information for: S18_selected_tokens_0032
number of formants: 3
number of coefficients: 5
2.5 16.5 97.1
545.9 -50.7 -24.4 -5 -4.3 -3.2
1647.7 43.4 -138.8 -16.3 -22.4 -1.4
2791.8 -152.9 -37.4 8.4 -7.4 -32.5
2.4 16.5 55.7
545.7 -51.3 -21.8 -5.7 -4.3 -2.2
1650.2 39.7 -132 -11.9 -18.5 1.4
2841.1 -281.5 46.3 46.7 12.6 -30.5
2 15.1 15.7
545.8 -50.2 -19.1 -7.4 -4.5 -1.8
1650.5 42.4 -125.5 -15.8 -22 2.5
2851.2 -272.7 115 -55.6 -28.5 41.1
1.9 14.3 26
546.8 -49.1 -19.3 -8.3 -5 -2.1
1652.1 49 -129.1 -23.4 -26.8 0.9
2889.4 -288.2 58.8 -29 -5.6 46.3
2 13.4 16.9
548.1 -46.7 -21.3 -8.5 -6 -2.2
1658.9 57.1 -136.9 -28 -28.9 1
2900.8 -282.5 29.1 -2.5 -1.6 -3.5
2.1 13.3 6.9
549.7 -46.8 -23.3 -8.6 -6.3 -2.6
1666.1 58.3 -145.9 -29.4 -28.7 -0.3
2918.6 -299.2 40 -14 -5.7 15.7
2.1 12.8 4.6
552.8 -47.3 -22.9 -8.2 -6 -2.9
1678.5 57 -145.1 -27 -26.8 -0.2
2919.3 -282.5 19.9 -11.8 0.9 6.3
2.3 13.7 5.2
554.2 -50.4 -22.6 -8.2 -5.6 -3.3
1681.4 48.7 -146.5 -25.9 -25.6 -1.7
2922.4 -290.8 11.7 -6.9 2.8 1.2
2.4 14.4 5.5
554.6 -53.7 -22.1 -9 -5.6 -3.2
1678.7 42.2 -148.8 -28.2 -25.9 -1.8
2925.7 -300.6 16.3 -4.2 3.9 3.1
2.2 13.4 4.7
556.8 -53.8 -21 -9.3 -5.9 -3
1686.1 45.6 -146.7 -29.5 -27.7 -0.8
2937.4 -297.8 19.7 -3.6 0.9 5.7
2.2 12.3 4.3
560.5 -51.4 -19.8 -9.3 -6.3 -3.3
1702.5 57.5 -141.3 -29.5 -28.7 0.7
2955.7 -285.2 16.4 -3.4 0.3 6.4
2.9 13.4 5.2
563.2 -52.1 -22 -11.6 -8.5 -4.6
1717.6 68 -146.1 -37.2 -34.9 -1.2
2979.1 -276.2 7.6 -3.8 -1.5 7
64.1 82.5 92.1
601.5 16 45.1 53.9 57.8 59.1
1782.2 178.1 -61.8 42.7 49.7 84.3
3053 -175.8 91.3 90.9 94.6 97.1
69.7 85.6 99
632.6 67.8 92.5 95.9 94.3 85.5
1842 263.5 -14.4 73.5 77.2 110.5
3116.3 -98.3 150.8 164.3 165.6 146.8
81 92.2 94.7
650.2 92.9 115.9 117.3 113.3 96.6
1890.3 315.4 -6.1 61 62.8 107
3145.4 -82.4 167.3 214.2 223.5 177.5
92.9 41.7 134.9
762.1 273.7 200.6 91.9 -14.6 -81.6
1991.3 460.1 26.2 23.6 -28.6 2.3
3291.6 109.1 244 209 114 -9
63.3 23.7 89.6
774.1 278.3 184.2 67.8 -35.5 -83
2024.5 496.3 -20.9 -11.9 -60.2 1.8
3414.6 195.5 157.1 68.4 -11.6 -67
55.3 26.8 12.3
785.4 313.2 151.5 53.5 -77.5 -79.4
2032 545.1 -85.1 2.2 -56.7 22.4
3562.2 244.4 -32 -52.6 10.3 12.6
62.5 154.6 69.6
880.5 157.5 295.7 -96 36.8 -172.8
2279.9 112 293.7 -382.3 295.4 -241.1
3716.1 22.9 82.9 -159.5 164.5 -129.9
87.2 141.6 67.6
879.7 145.8 316.4 -127.9 66.4 -166.8
2352.1 3.7 353.3 -424.8 308.8 -169.7
3774.5 -49.2 105 -129.3 113.1 -81.8
winner is: 11
