Regression analysis information for: S18_selected_tokens_0007
number of formants: 3
number of coefficients: 5
7.6 16.2 20.5
772.1 -14.6 -68.2 -2.8 -21.8 2.8
1779.5 -92.5 -47.6 -15.9 -24.4 -4.5
2985.2 127.1 24 0.2 -44.7 -3
7.4 15.8 20.3
776 -14.9 -66.6 -2.3 -21.3 3.6
1782.2 -92.1 -46.8 -15.7 -23.9 -3.9
3030.9 54.4 -27.4 12.8 -30.8 20.4
7 14.2 13.6
781 -15.7 -62.7 -2.1 -20 4.1
1788.2 -89.7 -42.2 -14.3 -20.7 -1.9
3051.3 21.5 -43.1 19.1 -16.6 17.9
7.6 15.6 13.4
774.6 -11.8 -69.8 2.1 -21.9 6
1788.2 -93.6 -46.9 -14.7 -24 -1.9
3101.4 -16.5 -33.2 -1.8 -5.3 19.1
6.6 15.3 47.9
766.9 -9 -72.9 1 -22.9 4.3
1785.4 -90.4 -49 -13.3 -24.6 -1.1
3120 54.5 -107.1 74.6 -48.1 67.4
5.6 13.3 53.2
759.7 -7.1 -72.3 -1.1 -20.7 3.7
1772.9 -84.8 -50.9 -16.1 -22 -4.3
2961.6 277.4 -53 -13.3 -34.6 -18.8
5.9 14.3 35.5
760.4 -10.4 -68.5 -1.3 -19.4 3.7
1773.1 -91.5 -42 -16.9 -19.6 -4.2
3030.2 129.8 57.2 -75.8 -43.9 -33.4
6.9 17.2 16.2
762.9 -14.6 -67 -0.9 -19.4 4.3
1779.7 -103.1 -37.6 -16.4 -21.5 -3.8
3137 -26.2 15.5 11.6 -47.4 9.1
6.9 16.5 10.6
771.8 -17.7 -60.3 -1.1 -17.7 5
1794.6 -104.5 -29.4 -14 -18.2 0.2
3183 -12.9 -46.7 -1.2 3.2 16.9
7.3 17.4 9.7
775.5 -16.9 -63.5 0.2 -19.7 5.5
1803.7 -106.2 -36.8 -14.9 -23.2 0.3
3182.1 -7.8 -29.5 4.5 -2.4 13.2
6.4 14.6 7.6
782.8 -14.4 -62.7 0 -19.1 5.2
1815.9 -99.3 -38.3 -14.9 -20.8 2.8
3193.2 -3 -26.3 1.4 -3.1 11.1
6.7 15.3 8.9
784.3 -13.2 -69.6 -0.6 -22 4.6
1820.1 -100.6 -50.1 -18.5 -26.5 1
3199.3 0.6 -35.1 -0.3 -9 10.3
5.9 13.1 7.7
789.4 -11.6 -69.3 -1 -21.9 4.2
1827.6 -94.9 -51 -17.9 -24.9 2.8
3206.2 3.7 -39.5 -1.8 -10.3 8.7
6 14 8.4
789.3 -10 -72.8 -0.1 -22.5 4.3
1828.1 -96 -57 -18.7 -27.2 1.4
3208.8 9.9 -43.9 1.7 -10.6 10.3
6 14.3 7.8
791.7 -9.2 -70.2 0.5 -21.8 4.6
1830.9 -96.2 -53.9 -18.6 -26.8 1.5
3214 11.5 -36.1 2.5 -7 10.3
5.8 15.1 6.5
795.4 -8.3 -66.5 1.6 -21 5.1
1835 -98.1 -51.3 -19.3 -27.7 0.9
3222.4 12 -25.2 3.5 -3.4 9.9
5.4 15.1 5.2
804 -7.1 -59.6 2.8 -19.3 6
1844.2 -98.5 -46.7 -20 -26.9 1.9
3237.7 10.6 -13.8 2.7 0.7 8.7
6.2 22.7 4.5
811.7 -4.6 -58.3 5.2 -20.7 7.7
1845.8 -114.4 -61.3 -31.3 -40.1 -5.7
3257.4 10.5 -5 2.4 2.3 8.1
15.5 28.9 3.9
823.6 -10.4 -59.8 -1.3 -30 1.6
1848.5 -132.3 -77.9 -45.9 -52.7 -12.5
3282.9 8.9 3.6 0 4.2 6.4
48.8 153 61.1
871.2 55.6 -1.2 62.1 19 63.2
1948.4 56 102.8 147.1 134.9 175.2
3353.4 85.3 91.3 70.6 77.8 70.4
winner is: 17
