Regression analysis information for: S18_selected_tokens_0001
number of formants: 3
number of coefficients: 5
6.3 24.8 22.3
709.7 -9.2 -47.3 1 -12.1 -8.5
1887.5 -33.8 -20.5 -18.3 -44.6 -44.4
2049.7 -97.7 135.6 -76.4 -2.9 -74.8
6.2 28.3 25.4
713.5 -7.9 -45.7 1.9 -10.9 -7.5
1890.7 -34.9 -38.3 -34.6 -40.8 -33.4
2144.3 -95.6 142.4 -107.1 -27.4 -117.2
6.1 1.1 31.2
715.6 -8.3 -48.3 2.5 -10.3 -7.1
1913.2 17.5 15 12.2 2 3.2
2357.8 -92.7 119.2 -84.2 7.3 -97.6
6.1 0.9 32.9
719.9 -7.8 -48.4 3.7 -9.7 -6.8
1911 15.5 14.8 11.3 2.2 3.2
2623.5 -7.4 121.8 -3.8 67.6 -44.1
6.1 10.6 94.8
719.1 -12.2 -51.9 1.1 -11.1 -6.6
1899.8 -9.6 -8.8 -9.3 -14.7 -9.2
2605.9 -288.5 -119.2 -206.2 -54.6 -66
5.8 1.4 65.6
718.3 -11.7 -48 -0.2 -10.8 -3.9
1915.6 17.7 16.8 11.5 1.6 1.8
2515.6 -294.3 89.3 -309.4 -94.1 101.9
4.9 1.3 67.6
720.3 -11.2 -46.7 1.1 -8.9 -2.9
1915.2 16.1 17.3 10.1 1.7 2.7
2562.1 -322.9 67.6 -278.1 -2.8 138.4
5.8 1.3 55
719.2 -12.7 -50.2 2.2 -10.2 -4.8
1915 14.4 17.6 10.7 2.2 2
2629 -336.7 67.7 -145.9 25.2 73.7
6.7 1 53.2
721.2 -10.3 -53 5.6 -11.1 -4.4
1916.5 14.2 15.2 11.9 1.9 1.7
2840 -275.3 -15.1 -40.5 71.6 24.7
6.7 1.2 55.1
723.4 -9.6 -56.8 7.4 -11.3 -5.4
1918.5 15.2 11 12.7 1 0.8
2984.5 -141.2 -106.5 2.8 18.7 52.8
5.8 1 16.9
729.2 -6.8 -57 10.7 -9.9 -5.3
1921.6 18 6.7 14.3 0.1 0.6
3065.9 41.6 -51.8 31.1 -52.3 32.3
6.6 1.2 34.7
730.1 -6.3 -61.5 11 -10.9 -5.9
1925.1 21.3 4.2 15.1 -1.2 0.7
3069.8 21.9 -47 40 -56.5 51.4
6.1 1.9 11.8
729.6 -5.3 -57.3 9.4 -11.5 -5.2
1925.3 21.9 9.2 12.8 -1.1 0.1
3090.8 -20.6 -4.3 -3.3 -13.7 8.8
5.7 2 10
731.2 -6.6 -56 7.8 -10.9 -4.4
1928.1 19.5 12 9.8 0 0.5
3102.2 -43.1 21.2 -28.1 9.6 -9
4.9 2.5 8
735.1 -9.4 -52.1 6.5 -10.1 -2.8
1930.5 13.9 14.2 6.2 -0.1 1.9
3103.9 -46.9 25.8 -31.5 7.5 -1.4
5.3 2.4 5.8
738.1 -14 -52.3 3.8 -10.4 -3.1
1934.6 7.7 13.6 1.5 -0.9 1.3
3114.5 -60.5 22.4 -39.5 8.3 -0.2
6.3 2.2 4.9
739.9 -17.1 -56 2.1 -12.3 -3.4
1940.6 5.5 12.2 -1 -2.6 1
3132.1 -71 14.7 -44.7 6.4 -1.1
6.9 2.2 4.4
743.4 -17.9 -57.4 2.6 -13.1 -2.8
1945.8 5.6 10.9 -0.8 -3.8 1
3148.5 -73.3 7.2 -43.4 4.7 -2.7
7.1 2.5 4.5
746.3 -17.8 -58.9 3.9 -13.1 -2.6
1950.2 6.8 9.6 0.7 -3.9 1
3163.3 -72.8 0.5 -38.9 4.4 -4.1
7.1 2.5 5.3
749 -17.2 -60.6 5.5 -12.7 -2.8
1954.4 9 8.6 2.8 -3.4 0.7
3177.1 -69.9 -6.1 -32.7 5.6 -6.1
winner is: 17
