Regression analysis information for: S18_selected_tokens_0027
number of formants: 3
number of coefficients: 5
7 142 49.2
481.8 -191.9 55.5 -13.8 -13.1 2.2
1509.3 -561.5 -218.5 429.7 -24.4 -181.8
2849.2 -194.9 -34.1 51.8 12.9 -93.7
8.7 164.8 52.1
484.2 -180.9 59.3 -25.8 -15.1 5
1497.1 -633.2 -260.3 510.7 116.2 -146.3
2866.9 -187.5 -59.4 59 41.9 -93.9
9.7 485.2 221.1
487.5 -165.7 61.4 -35.2 -15.6 0.3
1623.4 -281.4 -129 80.1 -338.4 -318.2
2873.4 13.9 42.6 -233.1 -69.4 -59.7
7.1 169.3 133.7
496.5 -146.3 57.7 -43.4 -17.7 -3
2088.9 6.9 -686.2 -343.1 -273.9 -83.2
3009.5 156 -103.1 -419.1 -9.1 4.1
9.7 138.4 76.9
504 -128.1 60.3 -40.6 -17.4 -4.7
2318 403.8 -378.2 -56.5 -133.7 -107.6
3156.9 180.2 -90.3 -201.8 -34.6 -75.1
11.6 103.7 51.3
506.7 -121.6 62.3 -34.9 -17.7 -3.3
2339.3 454.3 -336.1 -7.7 -93.7 -65.4
3181.6 167.4 -89.8 -144.6 -53.6 -55.8
10.9 102.4 53.3
506.4 -121.7 67.7 -28 -16.3 -1.3
2342.4 454.7 -336.3 -4.8 -93.7 -62
3160.6 132.2 -132.8 -174.1 -81.8 -78.8
9.5 104 53.8
501.3 -128.8 72.6 -22.1 -14.5 1.1
2346.4 451.3 -338.3 -7.6 -96.1 -61
3170.4 134.7 -133.1 -171 -78.9 -72.9
7 64.8 46.5
495.2 -137.1 75.4 -19.2 -10.1 4.2
2376.1 482.5 -292.3 27.6 -58.3 -21.5
3195.1 157.8 -104.4 -153.1 -57.2 -54.3
5.6 104.9 54.6
486.7 -153 72 -21.3 -7.8 4.8
2362.5 446.9 -323.9 -15.3 -93.3 -57.3
3220.6 187.8 -70.7 -144.6 -35.7 -41.8
4 138.3 72.1
485.2 -164.2 74 -21.6 -6.1 4.7
2341.8 407.4 -363.6 -62.1 -132.3 -96.5
3235.7 187.7 -60.7 -162 -38.9 -49
1.9 40.6 44.3
486.7 -171.3 78 -24.2 -2.6 4
2395.7 498 -257.5 31.9 -34.2 -5.9
3264.5 216 -13.1 -133.7 -0.6 -16
2 52.4 63.1
488.8 -176.5 83.3 -28.4 2.1 1.2
2390.8 459.3 -267 13.2 -49.8 -24.2
3241.3 148 -56.5 -182.5 -40.8 -51.8
4.2 41.8 54.5
492 -182.8 88.2 -32.6 6 -1.7
2400 463.4 -251.6 27.3 -36.1 -17.5
3227.3 103 -77.3 -193.8 -46 -54.2
5.1 26.6 41
494.3 -187 91 -35.5 7.6 -3.5
2422.4 493.2 -221.6 61.3 -7.5 6.2
3266.9 156.5 -24.9 -138.4 -5.5 -31.8
5.8 27.2 13.5
496.5 -190.8 95.2 -39.6 9.6 -4.6
2436 490.1 -233.1 62.3 -6.8 4.3
3328.1 227.8 26.5 -72 49.6 -0.8
5.5 28.1 12.7
495.8 -192.4 101.5 -46.8 11.5 -2.7
2454.4 487.9 -248.1 66.1 -7.3 -0.9
3358.7 221.8 -0.2 -56.2 57.2 -7.8
11.8 31.2 28.7
487.5 -189.9 120.8 -70.3 18.9 7.1
2470 489.8 -272.4 72.6 -14 -11.8
3399.9 204.1 -41.6 -23.3 55.1 -37
337 165.1 207.8
656.9 -338.8 -100.5 250.2 -25.7 -293.4
2581.5 403.9 -407.8 267.8 -72.9 -152
3514.1 101.1 -218.5 159.8 21.3 -239.9
223.3 108.6 128.6
798.1 -570.1 -24.3 401 -334.9 -8.2
2547.4 432.2 -327.4 174.1 -114.1 39.8
3547.1 35.9 -144.4 142.8 -103.8 -27.4
winner is: 17
