Regression analysis information for: S18_selected_tokens_0118
number of formants: 3
number of coefficients: 5
8.7 15.9 87.6
997.7 46.9 -39.8 24.4 -7.3 16.6
1536.3 30.5 26 23.5 26.7 32.9
2431.5 -322.1 82.2 -23.4 160.6 141.3
9 15.6 81.9
1001.6 47.3 -39.8 21.8 -8.8 17.4
1548.1 37.8 32 24.3 26.8 35.8
2536.2 -215 81.6 -85.4 0.5 90.6
9.4 13.9 45.6
1001.8 49.5 -39.3 18.1 -10.5 17
1548.9 40.3 32.1 16.9 24.1 35.2
2571.6 -162 114.2 -88.8 -25.2 29.9
9.6 12.3 29.8
999 52.8 -39.6 16.4 -12 16.4
1542.5 44.6 29.2 10.2 20.1 30.7
2545 -124.2 117.4 -139.2 38.1 -22.7
9.2 6.2 42.9
995.3 52.4 -41.1 16.3 -15.2 16.8
1530.1 33.9 16.2 0.7 4.9 22.4
2535.5 -111.7 107.5 -120.1 -5.1 9.4
8.9 8.7 50.3
996.9 45.9 -39.9 15.7 -16.6 13.8
1527.8 18.3 9.4 -2.8 -4.7 14.1
2564.4 -165.1 126.6 -91.6 -43 35.7
8.9 10.8 35.4
1000.2 42.7 -43.6 18.1 -18 14.8
1539 11.7 9.7 4 -3.4 20.8
2590.6 -203.7 114.7 -68.4 -57.1 26.6
9.2 18.4 23.4
1008.1 36.8 -46 20.5 -16.7 14.4
1557.3 6.1 11.8 15.3 3.1 28.3
2616 -227.2 90.9 -50.7 -56.9 13.8
9.7 23.4 17.6
1016.6 30.9 -51.4 19.9 -14.8 13.2
1574.3 -2.6 3.8 17.4 6.6 30.2
2641 -245.3 63.4 -46.4 -53.4 6.6
9.2 24.6 15.7
1024.2 28.9 -56.5 19.4 -11.8 11.5
1589.2 -3.9 -4.7 18.7 11.9 29.4
2662.8 -249.7 45.1 -43.6 -47.6 0.9
7.9 20.5 16.2
1031.1 26.6 -59.5 17.2 -10.2 8.9
1598.8 -6.9 -15.5 14.8 11.1 25.1
2680 -244.2 36.9 -40.6 -41.2 -1.3
8.2 28.7 20.6
1036.9 29.8 -57.2 19.6 -6.7 10.2
1613.9 9.5 -1.8 29.2 26.3 36.9
2689.4 -244.7 32.6 -42.2 -42.1 -6.1
7.9 40.9 26.9
1041.8 33.8 -50.7 23.6 -3.6 11.1
1631.2 35.8 27.8 54.2 47.5 53.9
2692.4 -248.9 33.8 -45.4 -48.4 -15.1
8 52.3 29.4
1047.2 38.5 -42.6 26.3 -0.8 12.4
1657.2 78.6 72.3 89.2 77.5 77.8
2704.1 -235.5 52.4 -35.7 -38.2 -5.2
9.1 46.9 160.9
1054.6 43.7 -39 29.9 1.1 13.1
1683.3 111.8 100.4 113.3 92.2 83.9
2854.2 28.7 311.9 210.5 187.7 197.1
8.8 42.6 115.1
1070.8 38 -38.7 25.4 2.5 8.3
1703 113 95.5 113.2 89.6 79
2901.7 73.9 347.7 236.2 199.3 188.9
9.2 39.1 110.2
1093 28.5 -41.2 19.1 3.4 3.3
1733.4 118 83.3 118.4 86.5 72.7
2949 108.5 379 263.3 212.2 194.2
9.2 40.9 112.6
1122.3 11.1 -42.3 8.4 4.5 -1.9
1785.7 115.9 45.1 129.2 82.3 60.7
2986.6 131.2 405.3 280.3 211.5 197.1
8 55.3 127.7
1151.4 -7.9 -42 -3.9 3.9 -6.1
1900.7 84.3 -44 143.1 87.3 44.7
3002.9 167.7 448.2 295.3 186.5 193
7.4 102.2 259.2
1172.8 -18.6 -43.6 -11.1 0.6 -6.5
2053.7 24.3 -75.2 102.3 31 124.3
3097.4 221.6 396.8 364 163.1 87.7
winner is: 11
