Regression analysis information for: S18_selected_tokens_0047
number of formants: 3
number of coefficients: 5
4.8 11.4 23.3
579.3 102.5 -16.9 -0.4 -14.4 8
1547.7 71.8 -17 -36.3 6.4 -11.6
2712.1 85.8 -82.8 60.5 -46 9.8
3.3 14 25.3
567.4 106 -16.8 -0.2 -8.9 1.7
1542.7 77.4 -15.5 -37.7 9.8 -15.2
2730.8 85.6 -84.9 57.5 -52 15.8
3.8 14.2 23.8
556.7 96.2 -17.9 -0.3 -8.3 -1.4
1529.4 71.6 -8.5 -34.5 10.4 -21.7
2742.5 100.1 -84.7 60.1 -52.4 14.2
3.1 13.6 28.4
553.6 91.2 -19.6 -0.9 -7.9 -1.3
1522.3 62.3 -8.3 -33.4 11.3 -24.4
2729.6 94.7 -71.2 78 -42.7 4.9
3.2 13.1 24.6
554.6 90 -20.3 -1.3 -8.1 -0.9
1524.9 59.3 -10.8 -35 11.2 -23
2724.2 79.8 -77.8 68.1 -43.2 9
3.4 12.8 21.9
557.8 90.1 -21 -1.9 -8.6 -0.2
1533.7 59.9 -14.7 -37.9 10.8 -20.1
2741.8 84.1 -84.1 50.2 -50.1 14.3
3.4 12.6 23.1
562.1 92 -22.1 -2.7 -9.3 0.7
1545.2 64.6 -20.2 -41.4 10.2 -15.9
2766.6 101.3 -88.3 36 -58.5 20.7
3.2 13.8 22.8
566.5 95.2 -22.4 -3.6 -9.4 1.2
1556.1 70.7 -22.9 -45.7 11.3 -13.5
2787.2 116.4 -85.7 25.3 -61.3 21.5
3.1 15.7 22.5
571.5 99.2 -22.6 -4.2 -9.5 1.4
1567.9 76.7 -25 -49.9 13.4 -12.9
2806.1 128.8 -82.5 16 -61.4 18.4
3.6 17.5 23.7
577.7 103 -24.2 -4.2 -10.3 2.2
1583 78.7 -27.8 -54.8 16.1 -12.4
2829.1 129.8 -78 5.7 -61.4 15.8
4.8 19.6 24.9
582.8 108.9 -27.8 -2.2 -12.6 4.3
1596.9 79.1 -29 -59.9 19.6 -12.7
2850.9 124.8 -70.3 -4.8 -60 12.8
10.4 23.2 27.1
582.3 123.6 -39.6 6.9 -21.5 12
1606.6 80 -29.2 -66 24.1 -15.2
2868.5 118.6 -62.3 -14.7 -57.8 8.7
91.8 86.2 52.9
636.5 26.6 57.7 -92.3 72.6 -78.3
1647.7 11.2 40.4 -140.8 93 -77.5
2916.8 43.8 11.6 -87.9 4.2 -51.3
95.1 91.9 58.6
654.9 0.2 84.1 -122.3 95.6 -94.4
1664.7 -13.9 66.9 -172.1 114.8 -87.4
2933 28 25.5 -105.1 10.3 -56.5
108.9 98.7 64.5
656.4 6.5 81.1 -125.2 97 -92.6
1665.3 -8.5 66.7 -177.4 117.1 -84.1
2937.6 32 23.2 -106.2 7.6 -54.1
125.8 108.9 62.2
654.4 24.7 82.7 -151.8 132 -126
1657.8 -4.7 86.8 -209.8 142.1 -104.9
2945.4 35.6 29.4 -114.1 11.3 -61.4
103.7 132.4 122.8
894.7 -329.9 225.7 -75.3 -79.6 85.1
1973.5 -545 279.6 13.4 -290.7 219.4
3308.7 -508 185.2 130.7 -398.9 247.9
46.8 196.2 192.9
1010.1 -348.6 -19.5 45.3 43.7 -73.4
2122.5 -646.6 -202.2 363.8 -50.9 -117
3561.2 -593.6 -304.1 392.5 -92.3 -37.9
158.6 377.2 333.9
1151 -137.5 10.4 -13.2 13.6 -81.6
2497.4 -120.7 -155.3 233.9 5.6 -40.9
3928.6 -82.2 -246.9 262.9 -65.1 59.6
27.7 49.3 83.2
1263.3 32.2 84.4 -20.2 2.9 -70.7
2725.6 202.2 -108.3 71.2 -101.6 40.5
4105.7 191.8 -166 175.5 -129.8 120.6
winner is: 6
