Regression analysis information for: S18_selected_tokens_0099
number of formants: 3
number of coefficients: 5
7 25.1 81.9
834.2 -20 -33.7 -16.8 -17.9 -12.2
2072.4 65.8 7.1 -28.5 -5 -5.7
2227 140.2 -17.5 -69.1 29.2 -30.9
7.4 9.3 105
839.3 -22 -34.5 -14.2 -16.8 -13.8
2076.6 61.7 10.2 -4.9 -14.7 -1.8
2446 -27.1 -51.7 -4.3 -26.9 -71
7.4 6.6 81.2
843.8 -24.8 -36 -12.3 -16.8 -14.8
2076.3 73.9 20.8 4.4 -2.6 9
2601.1 -136.2 -62.8 44 -136.7 -27.6
7.2 4.8 59.5
847 -27.4 -38.3 -11 -17.7 -15
2074.4 72.4 17.5 4 -2.5 8.4
2679.1 -103 -48.4 34.8 -118.7 9.1
6.7 3.7 66.2
847.7 -26.6 -36.2 -10.5 -18.1 -15.3
2077.1 70.2 13.2 3 -2.7 8.1
2747.6 -89.3 -4.5 63.5 -77.1 35.4
4.9 3.4 138
840.2 -22.8 -32.6 -12.7 -18.7 -11.7
2082.1 73 14.6 0.6 -2.9 4.5
2692.8 -59.7 88.5 59.3 -77.4 -22.3
4.8 3.6 123.9
837.6 -21.5 -33.1 -10.7 -19.8 -9.8
2079.6 74.1 19.7 -1.1 -4.5 3
2597.5 30.2 56.7 149 -124.9 55.4
4.9 4.7 90.3
837.6 -22.1 -34.7 -10.1 -20.4 -8.9
2075.8 71 20.9 -0.9 -4.3 4.3
2614.7 -5.4 1.1 162 -149.9 92.5
5.2 4.8 81.4
841.8 -21.4 -34.9 -9.5 -20.2 -9
2078.1 69.5 16.3 0.9 -3.1 5.8
2723.7 -36.2 -38.6 131 -189.5 108.8
5.7 5 83.3
847.6 -22 -36.5 -9.2 -19.8 -9.3
2087 70.7 11.3 3 -2.5 6.2
2849.1 -22.9 -92.8 83.3 -92.6 100.6
6.8 7 59
852.8 -22.1 -40.1 -9.8 -19.6 -8.9
2096.3 73.8 7 3.2 -2.4 6.9
2916.1 -16.5 -95.1 63.9 -18.4 105.5
6.6 7 37.1
860 -22.7 -41.6 -10 -17.4 -10.8
2106.2 75.1 4.1 4.1 -1.3 4.9
2966.8 -61.5 -17.1 22.8 32.9 49.8
6.7 7.1 16
867.5 -22.5 -41.7 -10.3 -14.5 -10.2
2114.5 74.8 2.6 4.1 0.8 6.2
2991.1 -70.2 7.2 9.3 52.6 29.3
6.7 7.4 14.7
872.1 -22.2 -41.6 -11.1 -11.9 -10.1
2120.1 76.3 2.8 3.5 2.7 6.4
3004 -57.7 13.9 15.4 56.7 31.2
6.8 7.4 15.6
873.2 -23.1 -40.6 -9.8 -10.9 -9.2
2121.5 75 3.7 5.3 4.5 7.9
3007.9 -56.8 17.9 20.8 62.6 36
7.1 8.1 14
874.2 -23.6 -39.9 -7 -12.2 -9.9
2122.9 74.3 5.2 8.9 3.2 7
3012.9 -55.3 24.2 29.4 61.9 34.4
7.5 8.8 12.1
876.5 -24.2 -40.1 -4 -13.9 -11.5
2126 73.9 5.5 12.5 0.4 4.4
3021.4 -53.6 27.9 38.8 55.8 29
8.1 9.9 9.8
878.7 -25.2 -42.8 -2.2 -16.1 -12.1
2130.5 75 3.7 14.5 -3.8 2.7
3033.7 -49.5 29.8 46.1 48.2 25.5
8.9 11 9.2
883.6 -24.9 -44.3 0 -17.9 -12.3
2137.7 77.1 2.1 16.3 -7.5 1.9
3051.5 -40.5 31.3 53.5 41.2 24.8
9.7 12 8.8
890.1 -25.3 -46.1 2.3 -19.6 -11.7
2146.6 78.6 0.2 17.9 -10.9 2.2
3073.4 -31.9 32.9 61.4 35.4 27.2
winner is: 18
