Regression analysis information for: S18_selected_tokens_0036
number of formants: 3
number of coefficients: 5
1.7 5.9 41.5
549.8 -86.1 -29 -15.4 -7.1 -1.2
1656.1 219.1 -32.5 -2.6 -8.1 10.8
2938.2 -92.8 -21.4 -56.1 -48 -44.7
1.5 5.5 21
552.3 -85.8 -28.9 -16.2 -8.1 -1.3
1658.5 218.2 -33.3 -2.7 -8.4 11
2948.1 -67.3 3.7 -30.1 -22.5 -23.1
1.6 5.4 4.5
550.1 -87.5 -29.9 -14.6 -5.3 0.4
1658.8 217.8 -35.1 -2.7 -7 11.3
2967.9 -38.3 31.3 -6.4 -2.1 -2.8
1.5 6.1 1.6
547.4 -84.6 -30.8 -11.2 -5.8 1
1657 221.8 -35.9 0.5 -7.1 12.5
2974.8 -37 35.6 -4.9 2.2 0.4
1.4 6.8 2.3
544.3 -84.4 -28.8 -10 -4.6 1.6
1651.9 223.1 -31.1 2 -6.3 13.2
2972.4 -36.7 33.7 -3.8 1.9 1.3
0.8 5.8 2.1
545.3 -82.2 -26.9 -10.9 -4.4 0.7
1652.9 220.2 -27.8 1.7 -5.8 13.2
2964.3 -34.2 35.9 -3.3 6.5 1.7
0.8 5.2 1.8
548.1 -83.7 -26.4 -11.2 -4.5 0.6
1658.4 218.3 -28 2.8 -5 13.8
2972.4 -38.7 38.5 -2.8 6.1 2.1
1 4.1 2.1
552.1 -86.1 -26.2 -11.6 -4.8 0.7
1666.2 216.2 -29.8 3.8 -4.4 14.5
2987.2 -41.3 38.7 -4.1 2.4 1.1
1.3 3.2 2.5
556.8 -89.5 -26.7 -11.7 -5.1 1
1675.4 214 -33.5 5.2 -3.5 15.4
3003.4 -43.3 36.6 -5 -2 -0.1
1.5 3.3 2.9
561.5 -93.5 -28.3 -11.5 -5 1.9
1684.1 212.8 -39.4 6.2 -2.6 16
3018 -44.1 32.3 -7.4 -6.5 -1.5
1.5 4.5 3.9
563.9 -98.9 -30.6 -9.3 -4.6 3.8
1689.1 218.4 -43.7 8.7 0.4 17.1
3028.3 -45.1 28.9 -6.8 -9.8 0
1.9 5.4 4
566.2 -105.7 -34.1 -9.3 -5.1 2.9
1695.5 221.2 -46.8 11.8 4.3 18.5
3039.3 -43.3 28.3 -4.2 -8.6 0.4
98 75.7 90.9
616.2 -20.2 59.5 83.9 88.6 92.3
1735.3 297.3 21.7 83 75.6 84.5
3094.4 45 117.6 81 75.3 79.7
123.8 98.3 123.8
649.6 31.6 122 148 147.1 142.9
1763 371 72.9 136.7 125.7 124.8
3148.8 127.6 196.6 152.5 139.8 134.6
127.1 98.8 118.2
670.7 76.6 178.5 218.1 199.6 183.8
1772.3 465.7 113.2 180.8 160.8 138.8
3196 200.2 260.4 201.4 173.7 153.2
171.2 124.9 108.2
820.6 535.7 334.7 312 5.1 -97.8
1911.5 824.8 271.4 170.8 0.3 -116.8
3378.6 516.6 428 198.6 9.3 -92.9
153.5 206.1 159.6
1131.2 379.5 525.8 -160.9 -233.2 -97.9
2465.2 187.4 805.1 -421.1 -201.2 22.2
3746.4 241.2 645.9 -199.1 -202.1 -8.8
26.7 5.5 5.6
1512 298.5 -45.4 -60.4 -35.9 -10.8
3044.9 -56.7 -4.2 -29.6 -39.8 -20.4
4210.7 106.3 -10.4 23.9 -11.7 2.2
21.4 3.3 7.2
1483.2 297.4 -4.3 -50.8 -41.5 -8.1
3021.6 -57.3 0.1 -17.3 -28 -12.4
4208 115.1 -9.3 32.3 -5.1 9.1
22.4 3.3 12.1
1476.8 302 17.8 -37.4 -34.9 -2.6
3004.7 -53.1 12.9 -7.3 -16.4 -6.1
4202.9 125.4 -0.2 42.2 5.2 17.6
winner is: 9
