Regression analysis information for: S18_selected_tokens_0103
number of formants: 3
number of coefficients: 5
10.5 7.4 43.4
846.8 -26.7 -53.9 28.9 -24.2 4.3
2008.9 190.7 -39.2 -18.1 12.4 3.6
2358 299.1 68 106.3 -37.7 -25.4
10.5 6 48.3
851.2 -29 -55.2 29.9 -22.6 3.9
2004.4 186.2 -29 -18.3 9.3 -0.6
2506.1 249.3 44.6 100.1 -18.2 -37.7
10.4 5.4 59.3
855.2 -32.5 -55.6 30.9 -21.8 3.3
2005.5 185.5 -28.7 -16.4 7.7 -0.8
2670.3 111.8 105.6 34.1 16.3 -77.5
9.9 6.1 75
856.6 -36.6 -54.3 32.6 -21.8 1.9
2011.9 186.3 -32.1 -18.3 7.9 0.6
2732.6 57.9 161.3 46.1 15.3 -136.4
9 13.8 118.8
851.1 -40 -46.7 30.5 -21.5 4.5
2012.2 185.9 -27 -7.9 10.5 -12.5
2580.8 -22.8 310.1 183.8 48.6 -61.5
10.7 7.7 87.8
843 -40.8 -52.5 26.1 -25.1 6.2
2013.6 205.2 -27.5 -29.4 7.2 5.1
2458.5 4.6 291.8 111.6 117.3 31.9
11.4 3.3 43.2
847.8 -44.8 -58.7 26.4 -26.7 7.3
2015 194 -30 -16 6.9 3.4
2587 -107.6 133 41.7 -10.6 54.6
12.5 3.2 43.5
863.2 -53.9 -66 28.9 -27.2 9.2
2030.9 175.7 -39.8 -8 3.2 3.9
2860.7 -52.8 -77.7 -94.8 -2.5 14.6
12.9 3.4 17.4
878.4 -60.9 -73.9 32 -27.7 8.6
2045.6 166 -43.1 -7 1.1 0.5
2924.9 43.2 4.2 -57.3 -13.6 -26.4
12.2 3.6 6.7
885.8 -61.4 -76.3 33.1 -27.1 6.3
2054.2 165.4 -43.2 -6.6 1.2 -2.5
2963.5 93.1 47.1 -15.6 13.3 -8.3
11.2 3.8 5.9
882.4 -55.2 -73.8 34.2 -27.1 3.9
2054.8 172.7 -40 -6.1 3.7 -5.1
2966.4 93 42.9 -20.1 12.4 -12.6
10.7 3.8 7.1
879.6 -50.2 -68.1 34.5 -26 2.8
2052.5 179.8 -34.9 -5.1 5.5 -6.7
2961.7 103.3 45.5 -20.4 13.6 -18
11.5 3.6 6.9
878.1 -47.7 -63.8 34.8 -25.4 3.5
2050.5 183 -29.1 -4.5 6.1 -6.2
2956.9 108.7 56.1 -20.2 14.3 -19.1
11.9 3.5 6.8
878.1 -50.3 -59.3 33.1 -24.5 4.8
2048.4 179.3 -24.3 -4.9 5.8 -4.4
2951.5 103.6 69 -19.9 14.6 -16.4
12.6 4 9.4
879.7 -54 -58.9 32.8 -24.4 6.6
2050.4 173 -23.4 -5.4 6.8 -1.5
2956.3 89.1 71.6 -20.5 17.1 -8.5
14.1 5 13.8
883.4 -58.7 -60.2 33.5 -26.3 8.1
2057.9 166.2 -22.6 -7 6.6 0.2
2974 71.4 73 -24.9 14.1 -2.5
15.2 6.1 17.2
894.4 -68.3 -56.6 32.8 -26.3 10
2072 155.5 -21.3 -9.3 5.9 1.4
3003.1 52.8 73.5 -30.1 10.7 5.7
17.6 8.3 23.8
910.6 -82.5 -55.7 34.2 -29.8 14
2094 142.2 -21.8 -12.2 3.3 4.2
3047.9 32.5 64.3 -33.1 -3.6 22.4
20.6 11.1 30.7
936.9 -105.9 -55.6 39 -38.7 22.3
2126.5 122.2 -24.3 -12.8 -4.8 11.2
3118.2 4.2 36.1 -24.4 -38.2 56.2
23.2 14.3 21
974.9 -139.7 -63.9 54.1 -57.2 35.6
2171.2 94.5 -34.8 -2.9 -22.6 24.2
3214.9 -7.7 -65.1 4.8 -43.1 45.1
winner is: 11
