Regression analysis information for: S18_selected_tokens_0105
number of formants: 3
number of coefficients: 5
5.6 11.1 25.5
932 29 -27 16.8 -4.3 5.7
1866 90.2 91.6 -0.3 24.9 8.3
2277.2 132.9 -126.5 29.8 -56.4 4.2
4.4 6.7 15.9
935.3 27.7 -26.6 15.5 -3.1 4.9
1874.1 81 83.7 -8.1 24.5 2.6
2392.8 132.5 -65.3 22.3 -15.9 6.6
4.7 5 49.7
937 28.8 -28.1 16 -3.4 5.4
1882.3 81.5 75.5 -7.7 17.7 4.7
2524.7 49.2 52.3 -40.9 67.7 -36.2
3.8 4 42.5
939.2 26.7 -26.8 15.5 -2.3 4.3
1887.3 79.2 72.2 -7 15 3.9
2600.5 13.5 110 -39.8 85.8 -23.6
4 4 54.1
937.8 25.2 -26.4 16.2 -2.1 4.4
1884.1 76.4 79 -0.8 19.3 4.3
2578.8 -18 156.2 -16.4 131.6 -17.6
4 7.7 36.1
937.1 23.7 -27.7 15.5 -2.9 3.8
1880.9 74.4 80.1 2 22.9 7.1
2501.3 -136.5 25.8 -108.4 38.4 -80.5
4.9 7.9 33.3
937.8 25.5 -30.3 16.8 -4 4.8
1887.6 74.6 72 -0.2 17.6 8.2
2564.1 -125.1 37.3 -91.8 36.1 -55.5
4.2 5.1 33.4
942.7 24.9 -31.4 16.4 -3.9 4.6
1906.3 76.9 60.7 -3 7.4 8
2705.5 -92.2 63.9 -44.4 3 -1.3
3.8 3.1 9.4
950.2 25.8 -34.3 16.7 -3.6 4.4
1936.1 78.5 52.6 -6.6 1.7 6.7
2848.6 -28.3 88.2 2.1 13.7 16.3
3.9 2.3 5
957.5 27.9 -38.7 17.9 -3.3 4.3
1960.9 78.9 46.4 -8.3 0.4 5.6
2885.8 -25 63.2 -1.5 9.6 10.3
3.3 2.1 4.2
963.6 27 -40.8 17.4 -1.7 3.2
1974.1 77.8 41.4 -9.1 1.8 4
2906.1 -23.7 54 -2.5 10.6 8.3
3.8 2.2 4.9
963.9 28.1 -42.7 18.5 -2.6 3
1978.2 78 40.4 -8.4 -0.1 3.3
2915 -24.1 54.4 -1.1 8.7 6.5
3.9 2 4.7
963.8 27.8 -43.7 18.6 -2.6 2.9
1977.9 77.7 38.1 -7.9 -0.3 3.1
2915 -25 50.7 -0.3 8.3 6.1
3.5 1.8 3.7
964.9 26.1 -43.4 17.8 -1.8 2.5
1977.6 75.7 35.9 -8.6 0.7 2.9
2913.3 -27.5 45.1 -1.7 8.9 6.2
4 2.2 3.2
964.7 27 -44.9 18.3 -2.2 2.6
1980 74.3 35.8 -9.9 0.4 2.4
2917 -31 45.1 -3.7 8.7 4.8
3.7 1.9 2.6
966.8 26.6 -45 17.8 -1.9 2.6
1986.3 72.3 37.7 -11.9 1 2.8
2928.9 -34.4 50.3 -7.1 10.3 5.7
3.3 2.1 2.6
970.8 26.3 -45.8 17.5 -1.3 2.4
1997.7 70.6 39.7 -13.7 1.8 3
2950.2 -36.6 56.6 -8.9 12.5 6.5
2.4 2.8 3.7
978 25 -46.5 16.8 0 1.9
2014.4 69 41.5 -15.7 3.6 3
2980 -36.7 62.9 -9.5 15.7 8.2
2.8 4.1 5.2
986.5 26 -50 17.3 0.9 1.9
2039.2 68.1 44 -17.8 4 4.9
3022.7 -33.5 72.6 -4.7 15.7 14.9
3.2 5.7 7.8
1001.1 25 -53.8 17.1 2.2 1.8
2072 66.1 44.1 -20.9 3.7 7.1
3078.9 -26.3 79.4 3.4 10.9 26.2
winner is: 17
