Regression analysis information for: S18_selected_tokens_0067
number of formants: 3
number of coefficients: 5
13.1 122.3 55.2
359.8 32.1 -22 13.6 -2.8 -3
1405.4 15 -31.9 145.9 -122.1 117.6
2269.5 5.3 -154.5 25.8 -33.7 -29.9
10.9 137.5 84.2
352 47 -36.1 25.7 -12.6 4.7
1382.5 60.7 -80.5 190.1 -162.8 153
2298.6 -43.8 -119.3 6.4 -35.7 -5.1
11.9 139.5 112.4
348.6 53.4 -42.7 31.7 -17.6 8.8
1383.1 57.6 -83.5 192.3 -165.2 156.1
2319.6 -75.1 -96.8 -1.3 -38.6 12.1
15.8 144.6 122
352.1 45 -33.4 21.7 -6.1 -5
1345.7 109.6 -103.3 166.8 -82.4 5.4
2276.7 -12.4 -126.8 -16 33.2 -122.8
15.1 70.9 95.4
361.7 26.2 -15.5 5.6 6.7 -14.2
1469.7 -128.3 111.5 -8.5 34.8 -50.9
2380.3 -217.7 52 -162.1 125.1 -162.3
15.3 112.4 114.7
359.4 32.4 -20.8 9.6 4 -12.7
1449.7 -74.9 71.4 15.7 32.4 -66.9
2364.7 -173.3 17.3 -141.9 121.3 -175
14.9 87.9 98
362.3 30.8 -19 7.6 5.5 -13.3
1481.8 -93.7 94.4 4.8 40.2 -58.1
2394.9 -198.1 38.4 -158 126.7 -170.1
14.7 52.8 71.1
367.7 32.1 -18.7 6.7 6.6 -13.1
1548.5 -93.7 126.6 12 45.2 -34.5
2434.3 -230.1 46.1 -167.6 112.2 -154.9
15.8 62.3 76.5
378.6 40 -21.7 4.3 10.5 -13.5
1665.7 -21.2 126.1 55.7 75.4 -43.4
2429.3 -312.5 51.7 -159.2 66.1 -170.9
41 73.3 93.3
428.7 84.6 -60.4 -54.9 -7.9 12.8
1946.2 72.7 -146.1 -44.9 57.7 -30.3
3177.4 484.9 -35.6 -383.6 123.1 53.4
48.1 71.5 72.2
451.4 108.8 -75.5 -79.4 -30.1 15.6
1986.5 45.5 -167.3 5.1 22.7 -34.2
3302.1 398.7 -147.3 -248.9 127.8 -1
45.4 76.2 112.6
431.6 91.5 -69.4 -55.5 -27.8 12.2
1997.8 33.8 -176.7 9.1 17.8 -29.6
3336 414.5 -109.4 -266.7 83.9 31.2
26.7 88.3 145.1
401.1 68.5 -52.1 -12.7 -7.7 4.5
1982.6 28.2 -165.4 -3.8 20.9 -26.6
3296 441.5 24.2 -331.1 36.5 76.3
14.9 90.9 143.4
388 59.5 -45.4 9.3 -3.5 -2.7
1965.3 27.4 -163.3 -14.1 39.7 -28.3
3269.7 444.9 55.9 -353.1 81.1 70.5
12.6 86.4 169.1
385.3 58.9 -46.4 14.7 -4 -3.4
1959.5 21.6 -175.4 -6.6 58.2 -39.6
3250.6 376.4 68.7 -331.8 127.3 -12.1
12.5 81 140.1
385.3 59.1 -47.4 15.3 -3.6 -4.3
1964.9 14.5 -190.9 8.1 62.6 -44.5
3225.8 392.9 -52.7 -221.1 112.2 5.3
12.6 77.6 107.9
384 61.7 -49 14.8 -1.4 -6.8
1951.5 38.8 -233.1 47.2 49 -41.4
3166.1 507 -289.1 -69 58.8 60.5
13.9 72.7 110.8
381.2 66.3 -50 11.8 4.6 -12.1
1982 9.7 -218.1 52.7 43.7 -46.2
3263.6 517 -242.3 -108.5 92.3 46.1
17.5 82.8 85.9
372.9 78.4 -53.3 4.4 18.7 -24
1992.7 27.9 -241.3 99.5 -0.5 -35.7
3368.5 612.9 -309.5 -52.7 142.2 -48.8
225.2 87.8 193.7
536 -170.1 -9.1 179.9 -270.8 240.7
2051.2 -14.8 -213 111.5 -53.6 11.6
3590.8 453.9 -242.9 64.8 -35.4 35.1
winner is: 8
