Regression analysis information for: S18_selected_tokens_0095
number of formants: 3
number of coefficients: 5
7.7 23.4 61.9
770.4 -61.4 -53.8 -0.5 -20.7 5.1
2026.3 -16.5 -154.5 -14.7 -39.1 -24.6
2578.6 -383.3 -168.4 -50.1 -19.4 57.2
8.4 22.2 53.2
772.9 -64 -52.6 -0.7 -19.5 3.9
2029.4 -15 -149.8 -15.1 -38.2 -24
2606 -375.7 -161.8 -73.3 -45.8 43.2
9.2 21.7 39.2
773 -66.3 -50.6 0.5 -19.6 3.5
2032.6 -14.6 -150.3 -15.7 -37.4 -23.1
2631.1 -358.3 -179.2 -87 -51.7 23.6
11 20.8 35
769.6 -68.1 -48.9 3.4 -21.2 4.9
2033.8 -16.5 -156.4 -18.6 -38.6 -23.4
2661.2 -352.4 -198.5 -99.1 -59.5 14.7
11.4 20.8 32.4
764.5 -69.1 -41.9 5 -22.5 5.5
2040 -15.4 -158.8 -19.9 -37.7 -23.1
2706.7 -352.5 -232 -123.6 -57.8 21.5
12.4 20.3 61
755.7 -67.3 -33.5 3.5 -22.8 9.7
2045.4 -12.4 -161.6 -21.6 -37.4 -24
2636.9 -444.6 -148.6 -39.8 -43.4 42.4
13 19.8 66.4
753.1 -65.7 -33 5.5 -21.7 11.6
2044.4 -7.7 -157.1 -23.5 -38.3 -22.2
2573.1 -457.3 -102.9 -43.3 48.5 89.1
12 17.1 65.5
754 -61.3 -36.5 8.3 -22.1 12.4
2043.4 -2.7 -152.8 -15.1 -34.2 -16.4
2655.4 -427.2 -203.4 -45.5 56.6 76.5
8.2 9.5 31.4
757.7 -54.5 -38.2 10.1 -19 9.9
2047.3 10.6 -150.4 -1.7 -26 -13.2
2710.6 -316.5 -273 -49.2 -18 45.1
7.4 7.9 27.1
765.2 -49.6 -37.4 12.7 -16.9 10.5
2054.3 12.2 -150.2 3.3 -22.3 -11.7
2815.1 -216.4 -238.9 -83.4 -92.4 -18.9
7.7 7.8 48.4
774.3 -43.4 -35.7 18 -15.5 13.5
2061.5 7.2 -151.6 4 -21.8 -11.1
2963.5 -66.1 -69.8 -14.9 -61 -36.7
8.1 7.8 47.7
785.6 -40.7 -28.7 22.3 -11.8 17
2072.5 -1.3 -147.7 3.7 -21.8 -9.3
3101.4 70.4 110.8 70.1 20.7 -15
7.5 7.2 32.3
794.5 -47.5 -21.5 18.6 -8.1 16.6
2084.6 -11.2 -138.8 0.3 -19.1 -8.8
3132.4 85.7 135.5 88.4 44.5 12.5
5.5 6.6 52.2
798.8 -60.2 -18.7 12.2 -7.4 12.1
2091.6 -22.3 -133.8 -3.6 -16.8 -10.5
3140 66.2 122.8 73.5 28.1 -4.2
2.7 7.6 60.8
800.4 -69.1 -11.7 8.3 -5 9.7
2093.2 -29.6 -127 -5.8 -15.7 -10.8
3130.3 42.7 125.2 69.1 21.8 -9.6
4.1 8 55.3
799.2 -69.2 -11.5 10.6 -7.4 10.5
2091.6 -31.2 -124.7 -3.5 -18.4 -10.7
3119.7 29.3 133.7 75.6 17.2 -11.5
4.8 8.4 47.8
800.6 -67.9 -14 12.6 -8.3 11.4
2093.5 -30.9 -127.7 -1.9 -18.9 -10.5
3130.7 37 131 79.6 20.7 -9.1
6.3 8.6 37.6
802.4 -64 -18.8 16.9 -10.1 14
2094.4 -30.2 -135.7 -1.1 -19.9 -10.4
3159.9 73.3 136.8 93.3 27.6 -0.5
6.9 8.4 23.8
807.7 -62.8 -22.6 18.7 -10.2 15.1
2101.2 -29.7 -142.8 -0.2 -20.1 -9.7
3205.3 120.5 144 111.2 44.8 17
7.2 8.4 18.5
814.5 -62.8 -27.1 19.6 -9.6 15.8
2109.9 -30.3 -150.8 0.2 -19 -8.9
3255.2 160.9 135.6 116.5 54.6 23.3
winner is: 20
