Regression analysis information for: S18_selected_tokens_0111
number of formants: 3
number of coefficients: 5
7.3 11.2 73.6
951 41.9 -38.9 13 -6.7 6.7
1779.4 77.9 22.2 -0.1 18.8 3.7
2403.1 -35.2 19.9 138 69.6 142.9
7.7 10.9 65.1
954 43.5 -41.4 13.8 -7.3 6.6
1796.8 93.5 28.6 1.5 11 -5.4
2514.8 -81.7 64.2 81.1 118.6 97.9
6.6 6.9 47.6
959.1 42.1 -41.1 11.9 -6.7 3.9
1805.7 94.1 26.6 0.9 9.9 -4.8
2596.1 -82.5 99.2 18.5 119.6 37.9
7.1 6.8 38.3
961.1 44 -43.2 11.4 -7.8 3.6
1816 100.7 30.5 2.6 11.7 -1.9
2642.6 -44.8 102.7 8.9 88.7 25.4
7 6.5 29.9
961.9 43.7 -43.4 8.9 -6.8 1.8
1818.6 107.5 31.6 2.7 15.2 -3.2
2661.3 -29.4 109.1 1.8 88.7 13.7
6.5 6.1 51.3
959.7 42.1 -44.9 6.7 -8.9 0.5
1817.6 116.6 36.2 6 18.3 -3.3
2643.7 -5.7 106.6 -1.5 99.6 -3.1
8.1 17.1 45.3
957.4 41.3 -49.9 5.4 -12.1 1.1
1805.7 95.3 12.4 -13.6 -1 -15.3
2579.5 -120.8 -8.1 -104.2 6.1 -65.2
7.9 12.4 28.8
960.2 38.9 -50.6 3.7 -13.4 0.1
1812.4 94.2 13.8 -9.4 -0.1 -5.5
2613.4 -117.1 6.7 -92.1 -7 -40
8.4 10.3 31.1
966.2 41.4 -53 5.1 -14.3 1.4
1839.2 109 28.5 1.8 4.3 3.4
2700 -88.2 46.6 -58.1 -7.8 -7.5
6.5 7.8 26.2
978 41.5 -53.6 4.7 -13.8 -0.2
1867.1 114 33.5 6.1 3.1 3.8
2795.7 -19.2 105.4 8.9 27.6 27.9
6.8 6.6 18.2
987.4 43.5 -59.7 5.8 -14.3 -0.7
1890.7 118.8 33.5 10 2.4 3.9
2836.9 -17.4 96.2 15.3 20.2 23.9
6.2 5.3 15
996.2 42.3 -62.8 4.8 -12.9 -2.7
1904.3 117.2 29.7 9.6 2.3 1.8
2859.9 -17.9 89.7 15.6 20.9 21.8
7.6 7.5 12.7
996.8 41.3 -69 4 -14 -3.8
1907.1 114.2 22.2 6 -1.6 -3
2868.7 -17.4 83.4 16.8 18.4 18.9
7.8 11.7 11.5
998 37.9 -69.6 2.5 -13.7 -5.6
1903.8 103.7 14 -0.3 -6 -8.9
2867.1 -24.7 77.8 14 20.3 16.9
8.8 14.3 10.1
995.8 35.6 -72.2 0.4 -15 -6.1
1900.1 94.2 8.1 -8.6 -11.2 -13.4
2864.2 -33.9 75.1 8.2 16.7 15.3
8.2 13.8 9.6
998.7 34.4 -72.3 -0.8 -14.9 -6.6
1905.5 92.4 9.8 -10 -11.4 -13.3
2873 -37.1 77.4 5.6 15 15.1
6.7 12.9 8.2
1006.4 33.9 -70.3 -1.5 -13.7 -7.8
1918.2 95.3 16.5 -7.6 -9.4 -12.2
2891.4 -36.3 83.6 4.7 14.3 13.4
5.6 11.4 13.4
1015 34.5 -72.4 -2 -13.6 -8.4
1936.7 102.3 24.5 -4 -8.6 -9.5
2917.1 -33.4 88.7 4.9 6.7 10.6
4.2 9.9 18.7
1030.9 34.3 -72.1 -2.3 -12.6 -9.9
1961.7 110.6 36 2.3 -6.1 -4.5
2949.1 -30.2 97.3 3 1.5 7.2
5.4 11.5 31.6
1052.1 33.1 -74.9 -3.1 -11.7 -11.2
1997.7 123.8 53.6 13.4 -1.5 7.4
2988.7 -30.6 105 -6 -14.1 0
winner is: 12
