Regression analysis information for: S18_selected_tokens_0014
number of formants: 3
number of coefficients: 5
3.7 3.2 4.9
496.4 -18.2 -24.8 5 -9.9 3.7
2119.6 -72.9 -34.1 -13.8 -11.7 0
2948.7 -150 17 -14.3 8.5 -15.1
2.9 2.9 4.2
498.1 -14.8 -21.7 5.3 -8.6 3.4
2123.1 -71.3 -32.4 -14.4 -12.8 -1.6
2942.2 -141.1 10 -11.8 3.7 -13
2.6 3 4.9
494.8 -10.1 -22.9 6.7 -8.2 2.9
2127 -70.8 -30.7 -14.4 -13.6 -2
2954 -146.5 10.5 -13.2 0.2 -10.1
2.9 2.9 5.2
482.6 -13.6 -25.8 5.3 -8.1 4.3
2128.3 -72.9 -29.1 -13.2 -13 -1.2
2998.1 -150.2 -11.2 -8.3 6.1 -7.7
2.7 4 5.2
479.5 -13.1 -28.1 5 -7.8 4.5
2121 -79 -31.3 -15.1 -9.4 1.9
3005.8 -168.7 -6.7 -2.4 8 -0.5
2.9 4.7 4.5
479.1 -13 -29.4 5.2 -8.1 4.8
2116.2 -82.3 -36.1 -17 -7.9 2.7
2996.9 -183.7 1.4 -0.6 6.3 1
3.1 4.2 4.1
480.2 -12.8 -30.4 5.6 -8.5 4.9
2119.9 -80.4 -39.5 -16.3 -10 1.7
2993.4 -174.5 1.8 -11.9 8.9 -4.5
3.2 3.8 3.8
482.1 -13 -31.2 5.8 -8.9 4.9
2129.1 -77.6 -39.9 -15.7 -14.3 0
3004.2 -162 -6.4 -15.4 3.7 -9.2
3.4 4.9 4.6
484.1 -13.3 -31.6 5.9 -9.3 5
2139 -74 -38.1 -15.1 -18.7 -1.8
3019.3 -153.6 -10.2 -16.8 -3 -12
3.5 6.2 6.2
485.4 -12.7 -31.8 6.2 -9.6 4.8
2147.1 -66 -34.5 -13.1 -21.5 -4.9
3031.5 -142.1 -9.4 -15 -7.4 -15.6
3.9 9.4 10
485.5 -11 -32.9 6.8 -10.4 5.3
2156.6 -56.6 -27.5 -13.8 -25 -9.9
3047.1 -132.6 -0.1 -21.6 -12.2 -23.5
4 14 12.9
487.2 -10.5 -32.4 6.6 -10.5 5.1
2169.6 -44.7 -17.2 -13.2 -27.6 -15.2
3066.1 -117.9 10.9 -24.5 -15 -29.3
4.2 19.1 16.4
488.7 -10.2 -32.4 6.7 -10.7 5.1
2182.8 -32.9 -8.6 -11.9 -30.6 -19.7
3085.8 -103.6 18.2 -26.3 -18.2 -34
4.3 22.8 18.7
489.6 -10.4 -32.9 6.8 -10.8 5.1
2195 -22.9 -3.3 -11.1 -34 -23.1
3104.5 -90.8 20.3 -28.1 -22.2 -37.4
4.4 24 18.5
490.1 -11 -33.4 7.2 -10.8 5.2
2204.5 -20.4 -2.9 -10.3 -36.4 -23.7
3119.7 -88.2 15.5 -28.6 -24.5 -38
4.8 24.3 17.2
488.9 -12 -33.2 7.3 -11 4.9
2218.5 -16.2 -2.1 -7.4 -38.9 -24.7
3142.5 -83 9.2 -26.4 -26.6 -40
6.9 27.7 18.6
480.1 -14.8 -30.1 6.8 -10.9 4.6
2243.7 -3.3 3.2 -2.8 -44.8 -29.1
3182.4 -67.8 3.4 -26 -33.7 -47.7
14.8 31.8 23.3
449.5 -22.3 -18.1 3.2 -12.6 3.1
2276.2 15.4 12.1 3.5 -50.3 -33.3
3237.4 -41.3 -2.8 -28.8 -44.6 -61.9
112.8 45.6 67
402 71.6 160.4 104.4 89.6 117.3
2342.1 93.5 80 64 -2.6 12.6
3359.5 90 65.4 26.7 -7 -40.5
533.1 224.6 164.7
1565.4 321.5 -899.7 61.3 -24.1 178.7
3017.5 181.2 -558 -34.6 -129.1 -23.1
3909.4 223.4 -343.8 -64.6 -147.9 -49.4
winner is: 2
