Regression analysis information for: S18_selected_tokens_0013
number of formants: 3
number of coefficients: 5
1.4 2.5 20.5
654.4 -50.5 -45.8 -8.4 -11.3 -2.2
1956.6 -68.8 -15.9 -19.1 -1.6 -1
2926.9 -80 -77 -1.1 19 -38.7
1.3 2.3 20.5
658.8 -47.1 -44.2 -7.2 -11.1 -2.3
1958 -64.9 -13.9 -18.9 -1.9 -1.5
2985.7 -205.4 9.3 -16.4 0.9 -16
1.3 2.1 5
661.1 -46.5 -45 -6.8 -11.2 -2.4
1960.7 -62.5 -13.9 -19.1 -1.9 -1.5
2987.8 -219.8 37.3 -26.8 -1.7 -2.4
1.4 2.3 5.4
657 -54.4 -51 -8.3 -11.5 -1.9
1961.6 -66.5 -17.9 -21 -2.4 -1.1
2985.5 -196.5 35.2 -31.2 1.7 -8.5
1.4 2.5 5.5
654.7 -56.4 -51.3 -8.3 -10.5 -1.9
1961 -71.1 -20.7 -21.4 -2.3 -0.8
2990.6 -191.2 24.8 -30.5 -4.1 -6.4
1.2 2.6 5.1
652.6 -56.6 -50.3 -8 -10.1 -1.6
1958.6 -75.2 -19.9 -20 -1.3 -0.6
2994.5 -197.5 15.9 -29.6 -6.8 -5.4
1 2.5 4.7
651.4 -52.6 -48 -8.2 -9.9 -0.8
1954.1 -73.1 -14.5 -20.2 0.2 0.4
3001.8 -213.6 20.3 -21.6 -9.3 -1.5
1.4 2.7 4.9
650.7 -50.5 -48 -7.4 -10.3 -0.1
1952 -69.8 -10.7 -19.9 0.6 0.6
2999.2 -220 35 -21 -8.5 0.3
1.8 2.4 4.8
650.5 -49.1 -50 -5.7 -10.9 0.7
1957 -64.1 -10.5 -17.9 0.9 0.9
3004.7 -210.6 44.6 -26.4 -0.4 -2.7
2.3 2 6.1
653.3 -47 -50.3 -5 -11.8 0.7
1967.6 -55.1 -12.8 -18.2 -1.9 0.3
3018.4 -189.8 39.8 -31.1 1.2 -8.4
2.5 2.1 6.9
659.1 -43.8 -48.5 -4.6 -12.3 -0.1
1982.9 -43 -14.5 -17.9 -3.8 -0.7
3038.7 -165.5 31.9 -28.3 0.5 -7.8
3.1 2.3 6.9
663.6 -42.2 -49.2 -4.2 -13.5 -0.7
1998.3 -34 -16.9 -17.4 -5.7 -1.3
3059.9 -153.1 25.6 -25.3 -2 -6.3
3.9 2.6 6.8
665.2 -42.3 -53.2 -4.6 -15.6 -1.4
2010 -28 -20.9 -18.4 -7.7 -1.1
3076.8 -148.3 20.1 -25.2 -4.8 -4.4
4.3 2.5 7.3
666.9 -42.5 -54.4 -5.6 -16.6 -2.5
2016.9 -24.2 -21.9 -19.6 -8.5 -2.6
3085 -143.8 18.6 -25.7 -5.5 -5.1
4.1 2.1 7.1
670.7 -42.8 -53 -6.1 -15.2 -2.7
2023.3 -25 -24.1 -21.3 -4.8 -1.9
3092.2 -145.1 16.1 -28.5 0.1 -3.6
4.3 2.1 7.5
673.8 -44.8 -55.1 -6.6 -15.1 -3.3
2032.8 -27.4 -29.5 -22.4 -2 -1.6
3105.9 -151.9 11.2 -30 3.8 -2.9
7.3 3 8.3
676.4 -51 -62.8 -11.6 -19.4 -7.6
2048.6 -26 -36.6 -24.8 -0.6 -2.2
3127.7 -154.4 5.3 -31.5 5.8 -1.7
72.5 52.1 56.8
705.8 -2.3 -16.4 40.1 34.6 47.7
2089.1 21.7 -0.5 14.9 42.9 41
3175.1 -112.4 45.1 10.9 51.1 43.9
127 85.2 94.1
811.4 191.8 165.6 206 180.5 164.4
2173.2 154.9 109.5 113.2 129.4 109.5
3263.4 19.5 160.1 115.8 142.4 118.9
101.7 68.3 86.8
863.4 279.1 228.4 243.5 182.8 131.9
2220.9 215.7 135.1 119 115.3 77.5
3315.2 82 196.9 134.9 138.2 94.9
winner is: 7
