Regression analysis information for: S18_selected_tokens_0076
number of formants: 3
number of coefficients: 5
2.1 75.5 61.3
343.1 -34.1 -9.2 -4.2 -6.1 -2
2357.3 158.2 -124.8 -142.5 -63.5 -75.1
2886.1 296.3 91.5 -144.9 -103.1 -95.4
2 32.5 58.7
342.3 -35.7 -8.9 -3 -5.7 -2
2404.7 243.1 -38.5 -63.6 15.2 0
2928.9 354 148.3 -89.7 -46.8 -40.2
1.9 26.6 43
341.3 -36.5 -7 -1.3 -4.5 -1.5
2421.3 263.5 -24.8 -54.7 24 7.6
2963.1 399.5 174.6 -72.3 -29.3 -18.5
2.2 29.2 51.5
340.4 -37.6 -7.2 -0.8 -4.5 -2
2425.9 266 -25 -59.9 23.5 7.8
2973 401.8 173.7 -76.8 -20.8 -4
1.9 28.2 34
340.6 -37.1 -6.4 -0.4 -4.2 -1.7
2427.9 267.8 -21.9 -55.8 26.6 7.7
2992.5 439.7 204.7 -59.6 -20.6 -15.1
1.8 25.6 32.2
340.6 -36.9 -6.4 -0.4 -4.5 -1.6
2429.7 272.4 -15.6 -49.5 29 9.9
2986.4 433.2 210.6 -50.3 -17.9 -11.7
2.1 21.4 32.1
340.6 -37.2 -7.2 -0.5 -5.3 -1.6
2433 281.3 -9.3 -42.9 27.7 13.7
2990.5 435.9 211.7 -45.1 -22 -4.6
1.8 19.6 30.4
341.2 -36.9 -6.9 -0.3 -5 -1.4
2437 281.9 -12.1 -42.8 21.3 10.8
2999 436.4 202.4 -40.9 -24 0.6
2.1 22.8 28.2
341.6 -38.1 -7.7 -0.3 -5.5 -1.6
2452.3 279.1 -13.5 -40.4 22.2 13.9
3030.4 422 181.2 -39 -27.8 6.1
2 24.6 29.4
342 -39.1 -6.7 0.1 -5.8 -1.4
2484.2 274.8 -8.5 -31.6 27.2 15.9
3107.2 390.9 134.6 0 -22 9.8
2.7 27.9 30.7
338.5 -41.3 -5.5 -0.6 -8 -1.5
2515 280.5 14.1 -30 33.5 16
3178.9 366 115.2 18.2 -17.2 0.8
2.5 27 34.2
332.3 -42 -3.2 -1 -9.7 0.3
2538.8 285.8 35.9 -29.9 39.2 10.9
3229.3 344.7 120.6 27 -9.9 -7.1
4.2 23.1 37.6
322 -45.5 -7.2 -1.5 -13.9 2.6
2560.8 301 61.1 -25.7 46.7 10
3265.1 339.6 134.7 26.9 -5.6 -15.6
7.4 20 40.7
315.1 -53.1 -20.3 0.3 -14.1 4.8
2572.6 315 80.1 -22.3 52.3 7.9
3268 350 168.3 14.5 -4.8 -13.4
125.6 49.6 62.4
362.9 -52.6 69.4 -2.4 56.5 -32.2
2599.6 340.5 125.7 -20.2 80.2 -3.7
3286.4 367.4 199.9 -4.5 22 -31.8
222.8 67.8 91.1
427.6 183.9 221.8 218.3 151.6 109.3
2642.6 434.8 162.6 46.4 98.1 29
3343.2 454.1 224.3 64 36 18.9
327.7 95.9 144.4
1342 1463.6 754.2 -233.9 -251.2 -139
2931.8 787 311.1 -113.4 -29.4 -54
3623.5 747.8 390 19.1 36 11.6
350.1 137.9 153.9
2098.2 1332.1 -264.3 -112.1 370.9 -221.1
3209.5 719.8 21.3 -39.9 101.7 -115.8
3937.5 675.4 113.4 183.7 257.8 -24.6
199.6 149.5 116.9
2613.1 634 -40.1 161.8 -136.1 147.7
3219.9 437.7 327.3 170.4 -105.6 -16.8
4156.3 549 324.5 342.3 144.1 88.6
143 122.6 142.6
2398.7 341.4 167.8 -163.3 122.2 -74.3
2887.6 396.4 404.3 -81.2 188.6 -39.2
4044 265 187.2 189 163.5 105.9
winner is: 8
