Regression analysis information for: S10_selected_tokens_0071
number of formants: 3
number of coefficients: 5
3.2 9.6 15.5
391.3 0.3 -7.8 -3.2 -7.1 -1.4
1913.9 218.2 106.5 -77.1 1.1 -19.8
2578.8 81.9 54.8 81.2 8.7 27.9
3.2 9.4 13.2
391.5 0.5 -7.7 -2.6 -7 -1.3
1917 220.6 105.1 -77.1 0.2 -21.5
2585.4 75.6 57.3 74.6 10.5 23.8
3.4 9.6 12.9
391 0.7 -8 -2.4 -7.3 -1.2
1919.8 221.1 103.3 -79.7 -2.3 -23.2
2591.8 73.1 57.5 72.8 10 20.5
4.1 9.9 16
390.1 1.2 -9.2 -2 -8.4 -0.7
1923.2 221.1 102.5 -83.8 -5.4 -23.4
2596.3 78.9 54.5 77.1 5.2 21.1
4.1 10.5 20.9
390 1.5 -9.2 -2 -8.4 -0.6
1926.1 225.5 101 -84.9 -7.5 -22.5
2598.1 88.1 46.5 84.4 -3.7 26.8
4 11 18.6
390 1.8 -8.8 -2.1 -8.2 -0.5
1930 232.6 103.8 -83.7 -6.5 -20
2604.9 90.8 52.4 84.5 -0.2 25.3
3.7 11.4 12.7
389.9 2.1 -8.7 -2.1 -7.9 -0.6
1931.3 239.9 105.7 -80.8 -1 -17.9
2608 92 58.8 82.9 12.4 19.4
3.6 14 12.2
389.9 2.4 -7.8 -2.4 -7.6 -0.4
1932.7 249.1 122.1 -79 7.2 -10.4
2607.7 101.3 80.1 80 21 27.5
2.9 16 13.2
391.1 2.1 -6.3 -2.4 -6.5 -0.6
1941.2 254.5 132 -68.7 14 -6.7
2621.9 98.4 93.4 85.3 26.9 31.2
3 17.3 13.4
391.7 2.3 -6 -2.6 -6.1 -0.9
1955.3 267.2 140.6 -67.2 21.8 -6
2639.5 111.2 107.2 87.6 38.3 27.8
3.9 18.1 14.3
391.9 2.5 -7.4 -2.7 -7.2 -1.1
1978.6 283.8 146.2 -70.5 24.4 -2.1
2665.5 132.9 120 95.1 43.1 22.9
4.3 18.4 17
392.6 2.3 -7.7 -3.1 -7.4 -1.7
1997.3 298.6 149.9 -69.9 28.2 -3.1
2691.4 155.8 134.5 101.7 46.4 13
4.1 19.6 25.4
394.2 2.1 -7.3 -3.9 -6.5 -2.5
2022.9 313.7 135.4 -81.8 31 -1.1
2725.6 179.4 145.2 102.1 43.4 -9.6
5.1 22.4 45.6
395 1 -9.2 -5.4 -7.8 -4
2056.5 329.7 119.3 -93.1 36.2 7.9
2780.1 233.3 170.8 106.1 25.6 -46.8
8 26.1 80.2
395.3 -2.9 -13.1 -8.8 -11.6 -6.9
2099.3 328.4 100.4 -97.9 37 22
2870.6 303.4 201.8 92.3 -18.2 -83.6
80.2 68 131.2
432.1 62.2 53.5 58.1 53.9 59.9
2175.7 329.4 118.2 -27.2 55.3 72.5
3030.4 387.8 203 75.7 -58.3 -41.3
80.1 69.1 150.8
432.8 55 47.1 54.9 46.8 57.7
2235 281.8 98 26.5 22 90.7
3298.2 278.9 25.4 220.8 -174.5 58.5
143.8 102.8 161.3
466.4 114.7 106.1 118.8 103.3 119.2
2282.6 307.8 122.1 86.4 54.1 128.6
3500.6 349.8 -136.6 263.9 13.3 216.2
187.8 132 154.2
501.8 179.6 170.8 185.6 160.5 175.5
2309.6 344.5 146.6 134.5 89.8 155.7
3553.9 358.5 -189.7 326.1 81 193.1
213.9 149 173
532.1 244.3 231.8 241.5 213.3 223.2
2335.2 388.8 175.6 170.2 128.2 172.7
3583.5 409 -147.8 375.8 108.2 201.4
winner is: 2
