Regression analysis information for: S10_selected_tokens_0039
number of formants: 3
number of coefficients: 5
10 25.8 63.6
563.2 113 12.6 -7.9 -11.1 8.8
1515.4 -82.5 200.9 -83.7 39.4 6.8
2483.7 -103.8 -65.5 -105.2 -48.7 -72.2
8.7 19.2 12.4
567.5 113.3 14 -3.9 -9 11.6
1526.2 -73.4 214 -69.2 52.4 21
2534.4 -35.6 11.1 -28.3 22.6 -4.2
8.1 20.2 12.8
571.4 115.8 12.9 -1.7 -8.9 13.2
1533.2 -75.7 215 -68.6 48.9 23.1
2548.2 -41.5 9 -28 20.1 -4
7.9 21.3 15.5
574.9 120 10.4 -0.4 -10 14.3
1543.5 -76.4 218.7 -66.1 43.4 28
2565 -41.4 9.2 -25.3 19.6 0.2
7.2 21.6 17.6
578.3 122.1 7.5 -1.8 -11.8 13.3
1550.7 -75.1 220.3 -66.6 39.8 28.7
2582.5 -38.7 8.2 -24.4 18.9 2.1
6.9 21.3 19.2
582.3 124.6 4.6 -4.6 -14.4 12.2
1558.1 -72.8 222.8 -67.8 35.5 29.1
2601 -34.6 6.6 -24.2 17.5 3.6
7.4 20.9 20.3
587 128.1 2.4 -8.4 -17.8 11.5
1566 -70.6 227 -69.6 29.8 29.7
2620.8 -30.3 4.7 -25.1 15.4 4.5
8.4 21.1 21.3
592.3 133.6 1.9 -14.2 -22.3 11.9
1573.8 -68 234.2 -72.4 22.8 30.5
2641.9 -25.8 3 -27.1 12.7 5
9.1 21.6 21.6
597.8 142.2 7.2 -23.6 -27.2 14.8
1577.8 -62.7 245.5 -77.7 18.9 29.3
2663.7 -19.1 4.5 -31.4 12.6 5.2
11.1 23.9 22.3
596.8 148.2 15 -30.3 -33.2 15.5
1580.5 -64 256 -79.6 15.7 32.1
2671.3 -22.5 15.7 -28.9 7.6 4.2
16.2 28.3 24.1
592.5 148.9 11.9 -33.2 -27.3 14.2
1583.2 -72.6 257.2 -80.1 15.8 37.9
2666.9 -36.6 19.9 -30.5 3.6 8.2
12.2 23.6 24.2
594.8 151.3 6 -33.2 -28.3 7.7
1578.3 -65.2 252.5 -84.8 24 23.2
2661.8 -31 13.6 -45.3 11.8 -2.1
8.2 16.7 17.4
600.9 144.6 -0.8 -25.8 -30.9 5.7
1574.8 -62 240.1 -80.1 21.3 11.5
2657.3 -20.2 -2.5 -49.6 10.5 -10.1
6.1 13.7 16
601.9 148.8 6.4 -29.2 -40.9 8.7
1574.8 -57.2 248.9 -77.4 12.8 9.1
2668 -14.8 -2.1 -46.5 8.7 -9.4
124.4 204.1 188.3
638.6 165.4 -52.9 -29.5 26.4 -15.8
1666.2 -68.8 77.5 -36.2 214.1 -35.1
2777.8 -29.4 -196.4 -11.9 218.4 -48.5
114.1 244.4 298.1
943.3 162.6 -386 60.9 -34.2 -30
2117.7 -135.2 -454.4 1.8 122.3 29.8
3349.7 8.6 -799 -79 32 -45.4
132.5 46.6 64.8
1101.2 97.6 -181.2 27 -58.4 -17.5
2334.1 -14.1 -161.2 -9.8 -69.1 -31.8
3739.6 383 -282.2 148.5 -112.5 18.6
28.5 19.9 24.8
1212.3 -54.6 2.6 -72.8 31.9 -24.6
2354 -22.8 -129.2 -24.2 -52.2 -19.5
3762.1 301.3 -228 90.7 -95 31.7
24.3 18 24.9
1221.9 -56.3 10.9 -72.5 33.6 -20.1
2372.5 -27.2 -122.9 -32.3 -45.7 -20.5
3773.6 306 -227 88.8 -91.8 32.7
24.3 17.9 25.5
1227.4 -65.3 13.2 -77.2 35 -20.7
2387 -31 -127.6 -37.6 -44.3 -22.1
3789.8 312.5 -226.7 90.2 -90.6 34.3
winner is: 14
