Regression analysis information for: S10_selected_tokens_0062
number of formants: 3
number of coefficients: 5
2.4 9.2 9.1
398 10.7 -7.6 2 -5.5 2
2065.1 57.9 140.3 -99.8 -11.2 -9.3
2636.4 -39.1 41 -27.7 7.7 -25.5
3 7.8 13.4
398.3 11.2 -7.4 3.3 -5.7 2.7
2069.8 58.1 141.6 -101.5 -8.8 -11
2643 -42.3 47.6 -35.5 12.9 -31.2
3.8 8.6 13.4
397.4 11.9 -8.5 4.7 -6.5 3.6
2077.1 53.9 143 -105.3 -11.6 -11.7
2650.1 -44.9 51.1 -38.9 12.6 -33.6
3.4 8.3 13.2
397.4 10.7 -8 4.3 -5.9 3.1
2081.4 58.6 146.7 -102.7 -8.8 -12.8
2650.4 -32.4 43.9 -27.3 3.4 -25
3.4 8.3 13
396.9 10.2 -8.4 4.2 -5.9 3
2085.1 60.2 148.9 -101.2 -8.7 -13.5
2653.5 -29.1 43.3 -23.3 0.8 -23.7
3.4 8.4 12.5
396.6 9.6 -8.8 4 -6 2.8
2087.8 62.3 150.1 -99.6 -8.2 -14.2
2658 -31.3 47.3 -24.9 3.7 -28.2
4 9.5 12.2
395.9 9.9 -10.1 4.3 -6.8 3.2
2091.8 60.3 148.5 -102 -10.1 -14.2
2661.9 -34.6 48.1 -28.1 4.1 -31.6
3.4 8.7 13.8
396.4 8.9 -9.5 3.4 -6.1 2.5
2094.8 65.3 146.7 -101.3 -7.1 -14.3
2667.1 -37.7 51.5 -33.2 9.3 -38.6
3.4 9.2 14.1
396.5 8.7 -9.7 3.2 -6.1 2.4
2099.4 65.1 142.7 -105.4 -7.7 -13.3
2669.8 -38.3 48.2 -35.7 7.4 -39.3
3.8 10.8 14
396.2 9.1 -10.7 3.5 -6.8 2.9
2106 58.8 137.9 -113.3 -11.7 -13.6
2674.4 -43.2 46.5 -41.4 5.3 -42
3.2 9.3 13.9
396.5 8.1 -9.8 2.9 -5.9 2.5
2100 54.6 141.7 -110.3 -5.9 -11.9
2668.2 -48.6 46.6 -38 10.2 -36.6
3.7 8.9 12.4
395.9 8.3 -10.8 3.1 -6.6 3.1
2096.3 35 131.8 -123.5 -8.8 -8.8
2667.1 -59.7 43.6 -46.9 11 -34.6
3.7 8.3 13.1
396.4 8.5 -11 3.1 -6.5 3.2
2109.8 41.2 128.9 -125.8 -6 -5.7
2676.1 -56.2 42.8 -47.8 10.4 -35.5
3.2 9.4 13.8
397.8 8 -10.4 2.4 -5.7 2.7
2136.1 59.1 125.8 -127.3 1.8 1.6
2689 -49.5 41.8 -46.6 8.8 -37.1
3.8 16.1 14.2
398.8 9.3 -11.7 3 -6.1 3.5
2187.9 88.7 115.2 -132.5 12.3 20.4
2707.9 -45.1 43.4 -48.6 1.6 -45
4 23.5 32.1
401.1 10.3 -12.8 3.2 -5.7 3.8
2263.4 117.5 72.8 -137.9 38.4 40.6
2762.2 5.6 51.9 -56.3 -7.4 -46.8
4.2 21.6 91.8
404.2 11.3 -14.8 3.7 -5.4 4
2325.8 94.5 33 -97 38.2 20.5
2974 192.4 -55.1 -164 48.2 38
3.8 19 57.9
408.1 11.2 -16.2 4.1 -4.8 3.4
2377.9 53.7 16.3 -51.8 13.3 13.7
3264.9 365.1 -208.2 -131.5 112.7 -18
4.7 19 85
410.3 12.4 -19.4 6.7 -6.1 3.7
2401.7 32.3 16.1 -39.9 -1 19.5
3423.7 237.4 -267.3 105.7 -1.6 -61.1
4.5 19.7 51.4
411.8 11.1 -18.8 7.6 -6.5 3.1
2414.1 22.4 20.8 -37.4 -2.3 20.5
3536.3 109.3 -224.3 179.1 -116.7 72
winner is: 1
