Regression analysis information for: S10_selected_tokens_0084
number of formants: 3
number of coefficients: 5
9.1 56.3 117.8
769.7 -186.8 -122.2 -56.7 -3.1 10.1
2049.5 81.3 -156.7 -140.8 -105.6 -80.7
2625.9 116.7 -24.6 -276.1 172.6 -94.1
9.7 37.9 77.6
774.5 -184.7 -121 -59.5 -7.4 8.4
2085.3 134.4 -107.7 -80.3 -75.9 -68.4
2672.7 77.6 -19.8 -197.5 109 -63.7
9.4 33.8 27.5
775.6 -187.9 -116.1 -51.7 -5.7 9.7
2132.6 222.8 -31 -19.3 -28.5 -36.2
2778.3 -3.3 -33 -54.7 -15.8 -24.1
8 13.9 18.8
772.4 -196.5 -110.7 -40.5 -7.3 7.6
2138.4 233 -25 -14.4 -15.5 -20.8
2803 42.4 -2.6 -33.4 12.4 -8.7
7.8 6.4 17.2
769.2 -194.1 -103.7 -32.1 -10.1 2.7
2147.7 244.6 -14.7 -2.9 -5.3 -9.7
2817.4 45.7 1.4 -27.3 19 -1.2
6.1 5.5 16
766.8 -194 -101.4 -28 -11 -0.5
2153 252.2 -9.8 1.5 -1.8 -6.7
2826.3 49.5 4.1 -23.4 21.1 2.1
5.7 4.9 16.9
765 -194.5 -98.3 -23.7 -13.6 -3
2158.7 260.3 -5.1 5 -0.5 -5.5
2836.2 55.9 6.3 -19.6 21.8 0.6
5.4 5 18.8
761.7 -198 -98.7 -19.4 -13.7 -2.8
2164.7 271.3 0.2 6.6 -0.4 -6
2845.9 60.9 10.6 -15.6 21.8 0.1
4.5 6.5 20.9
762.8 -196.4 -95.3 -17.2 -14.7 -3.7
2169.7 276.5 5.2 10.8 -1.5 -6
2851.1 64.4 12.3 -12.8 17.2 -3
4.1 8.3 18.6
761.9 -200.5 -97.9 -14.1 -13 -1.5
2177.1 287.6 10.9 13.9 0.2 -5.5
2863.9 67.9 15.7 -5.4 20.3 1.1
3.9 9.2 16.2
767.9 -200.2 -97.1 -13.7 -13.3 -1.4
2186 292.7 15.7 19.1 1.6 -3.9
2881.3 68.5 15 1.7 20.8 2.6
4 9.6 13
770.5 -205.1 -101 -12 -12.5 0.3
2197.9 305.2 20.8 21.4 3 -3.6
2906.2 73 17.9 11.2 24.3 5.9
3.9 9.4 12
778.9 -205.8 -101.6 -12.3 -12.6 0.5
2210.1 310.5 23.8 24.9 4.3 -1.3
2934.5 76.4 17.8 20.1 27.5 7.5
3.9 8.6 13.1
783.4 -211.7 -107.1 -10.5 -11.8 2.1
2224.2 323.1 26.3 24.6 3.7 -1.8
2969 87.1 21.5 32.7 31.4 8.6
3.7 7.6 13.7
791 -216.7 -110.9 -9.5 -11.6 3
2237.6 330 26.7 23.6 1.8 -1.9
3003.5 90.7 20.6 42.6 32.4 7.8
4 6.3 17.7
798.6 -223 -114.4 -8.1 -11.5 4.1
2250.9 336.1 26.7 21.8 -0.9 -1.9
3040.2 96 23 54.8 33.2 7
4.7 6.2 22.4
807.8 -227.8 -114.9 -7.4 -11.1 4.8
2260.4 335.1 26.8 23.6 0.4 1.6
3069.1 92.8 26.8 72.7 45.3 17.9
6.4 8.3 26.8
801.7 -234.2 -109 -1.8 -13.3 -2.9
2248.4 323.2 33.5 33.3 5 -2.6
3035.1 47.7 32.2 82 40.3 1
4 5.4 16
796.2 -219.7 -105.7 -9.4 -14.3 -0.3
2235.9 321 34.8 34.4 8.5 3.3
3009.5 79 33 54.8 37 13
4 4.9 14.6
800.4 -225.7 -112.3 -7.4 -12.4 2.1
2248 327.7 23.3 18.8 -0.8 1.1
3033.4 76.7 21.4 54.2 32.2 6.8
winner is: 20
