Regression analysis information for: S10_selected_tokens_0091
number of formants: 3
number of coefficients: 5
4.4 207.4 153.7
880.6 -54.5 -33.8 -4.6 -7.6 1
1767.9 86.7 108.7 55.8 101.7 59.1
2255 440.5 168.8 -37.8 -1.5 44.3
4.2 61.3 140.4
884.4 -59.3 -34.2 -8.8 -10.1 -0.7
1938.7 164.4 88.1 -27.3 -4.3 13.6
2454.3 441.2 131.6 -249.2 139 -18.1
4.3 7.7 116.9
888.7 -62.7 -33 -9.8 -10.2 -0.2
1999 118.9 19 32.5 15.9 -3.7
2652.8 208.9 96.9 -182.7 202.1 -61.4
5 7.2 28
891.1 -64.7 -31.3 -9.7 -10.1 -0.4
1999.9 118.3 18.5 31.2 15.4 -3
2812.8 3.1 67.7 -7.7 37 15.9
6.1 6.7 7.5
890.9 -66.3 -34.6 -7 -12.1 1
2002.6 120.7 19.6 30.1 15 -3.8
2832.7 -7.4 50.4 19.4 30.8 -12.8
6.2 6.6 7.6
890.8 -67.4 -33 -5.9 -11.5 0.8
2004.9 119.4 19.4 30.9 15 -3.5
2837.9 -3.8 48.1 18.3 30.9 -13.4
7.7 6.7 11.3
887.1 -69.7 -37.4 -4.9 -14.7 0.1
2007.1 123.5 20.2 33.1 14.3 -4.2
2843.7 5.8 46.7 25.6 27.4 -8.3
8.2 7.2 8.3
885.1 -71.7 -40.1 -5.4 -16.4 -0.8
2008.6 125.4 19.9 35.4 13.7 -4.4
2853.3 3 53.8 22.1 34.1 -15.1
7.3 7.7 8.7
885.8 -73.3 -39.4 -7.4 -15.5 -2.3
2010.6 123.6 19.4 35.9 14.5 -4.8
2857.9 6.5 49.7 24.8 32.5 -14.7
7.2 8.1 9
885.7 -76 -40.9 -10.1 -16.1 -3.6
2013.6 123.4 19.1 34.6 14.9 -5
2864.6 9.3 47.2 24.8 31.6 -14.1
8.4 8.4 9.9
883.6 -83.2 -47.7 -15.9 -20.2 -7
2016.4 120.5 14 27.8 11.4 -9
2870 2.5 35.8 13 22.5 -20.8
7.8 7.8 10.3
884.8 -87.3 -50.4 -19.7 -21.2 -8.1
2018.7 112.5 5.3 19.3 6.8 -11.9
2873.8 -9.6 17.9 -2.7 11.6 -27.2
6.7 7.9 11
890 -85.9 -47.8 -20.6 -20 -8
2026 110.8 3 16.6 5.1 -11.5
2886.2 -6 12.4 -7.4 7.2 -28
5.6 9 15.1
893.2 -86.5 -47.4 -21.5 -20.6 -6.5
2033.4 111.6 3.1 15.3 3.7 -7.5
2898.9 -1.6 12 -10.6 3.6 -22.4
5.1 11.8 22.6
894.7 -88 -49.2 -22.4 -21.3 -5.5
2041.5 118 6.1 16.3 5.8 -3.5
2913 8 17.2 -10.1 6.3 -15.3
4.5 16.4 25.8
893.4 -84.1 -43 -18.9 -15.7 -4.9
2035.2 120.9 16.7 26.1 18.3 0.7
2900.2 12.1 37.7 10.7 29.2 -8
6.2 18.2 38.3
892.3 -80 -45.6 -15.5 -17.9 -1.3
2040.6 139.3 25.2 37 22.9 10.1
2916.9 49.8 62.2 35.7 47.4 16.2
7 17.8 99
898.2 -75 -45 -13.3 -17.4 0.9
2056.5 155.3 30.3 43.6 26.8 16.1
2978.8 150 142.3 115.7 122.3 89.8
18.7 16.1 91
922.7 -48.1 -17.1 11 7.1 23.6
2079.9 163.6 32.7 47 26.4 16.1
3006.4 158.8 134.9 110.5 113.1 79.5
42.4 13.2 96.3
958.5 -9.7 19.9 48.4 39.4 56.9
2117.2 181.8 33.9 50.6 21.7 12.4
3067.8 211.1 159 130.8 125.1 83.5
winner is: 5
