Regression analysis information for: S10_selected_tokens_0047
number of formants: 3
number of coefficients: 5
18.2 26 180.4
518.5 154.4 48.2 21.3 20.9 25.7
1197.8 44.5 85.4 -47.5 14.4 4.6
2472.4 -159.8 -363 59.6 -76.5 241.7
12.4 18.1 161.7
528.2 166.6 58.9 25.6 20.6 22.7
1209.9 50.3 102.8 -42.6 23 7.6
2602.6 -91.1 -192.9 11.6 -60.4 120.5
8.4 11.5 6.9
534.6 176.9 69.5 28.6 18.6 18.8
1221.4 60.4 120.7 -38.6 25.9 4
2721.9 -55.8 -7.5 -27.9 16.6 -13.4
5.5 12.9 6
537.7 182.4 74.4 28.5 15.2 15.1
1225.4 58.1 125.9 -41.3 23.4 2.2
2726.8 -54.5 -4.9 -26.6 15.6 -10
5.4 14.5 5.5
533.5 173.7 65.7 19.4 5.7 7.1
1224.4 54.1 123.6 -45 19.6 -1
2733.4 -52.5 -0.2 -27.1 15.2 -10.4
11.3 15.9 5.5
524.3 154.7 46.1 1.5 -10.9 -6.8
1222.7 50.4 119.5 -48.4 16.2 -3.9
2739.2 -50.9 1.8 -29 13.5 -12
13.2 17.1 5.8
519.8 142 34.1 -9.2 -20.1 -12.9
1223.6 43.4 119.5 -51.7 14.4 -4.7
2746.6 -54.4 2.3 -32.8 9.5 -13.2
12.2 18.9 7.9
518.1 136.7 27.6 -13.5 -24.5 -13.8
1222.1 41.8 117.3 -50.6 11 -2.4
2751.8 -55.1 -2.1 -34.8 3.3 -12.6
9.3 19 8.8
517.7 133.8 26.4 -13.4 -23.8 -11.6
1218.5 39.6 117.7 -51.2 12.4 -2
2756.9 -56.3 -4.8 -37.5 0.9 -13.1
7.5 18.4 7.8
514.8 128.5 23.7 -13.6 -23.1 -9.3
1215.9 37.7 117.2 -52.1 13.2 0
2754.7 -62.9 -7.7 -37.3 1 -11.2
8 19.1 9
512.3 124.3 20.3 -15.7 -24.4 -9.3
1216.3 35.1 119.8 -51.1 11.3 1.7
2752 -71.9 -13.8 -41 2.7 -5
7.3 18.2 7.8
511.8 123 21 -15.4 -25.8 -8.9
1216 35 122.2 -53.5 8.8 2.5
2752.6 -78 -17 -41 5.8 -1.4
5.8 19.3 6.4
510.7 125.5 29.8 -15 -30.6 -7.4
1209.1 35.9 130.8 -58 7.6 3.2
2759.7 -73.4 -16.7 -41.3 5.5 -4.4
35 47.5 58.1
463.4 132.8 143.3 21.1 -71.2 -15.7
1201.8 65.2 198.4 -24.9 44.5 40.5
2793.7 -26.2 35.2 1.7 47.8 35.4
93.5 312.2 316.1
765.6 227.1 -240.4 -42.2 92.8 29.1
1954.7 231.4 -784 -119 320.3 -9.7
3494 174.7 -769.7 -65.6 290.4 34
120.6 340.9 361
825.9 251.5 -193.3 38.7 61.1 63.3
2132.6 242.1 -691.2 113.9 87.7 -20
3744 274.6 -638.1 172.5 95.1 39.4
31.5 158.2 146.6
906.2 323.9 -118.3 65.7 -18.3 17.3
2294.2 289.1 -547.8 203.6 -142.1 -13.2
3907.8 315.2 -419.2 303.7 -151.7 26.1
27 131.1 118.7
933.5 280.9 -89.6 62.3 -37.4 56.3
2399.3 127.7 -429.6 193.6 -211.5 167
4022.6 125.6 -286.3 286.1 -226 221.3
30.3 133.4 106.5
947.3 262 -71.4 52.3 -32.9 59.3
2454 74.8 -364.6 138 -181.8 166
4079 101.8 -228.6 204.2 -164 180
30.1 144.4 111.3
959.5 247.3 -52.7 41.9 -22.4 54.5
2490.1 52.9 -348 92 -173 143.2
4148.5 94.4 -194 140.9 -124.4 133.2
winner is: 4
