Regression analysis information for: S10_selected_tokens_0099
number of formants: 3
number of coefficients: 5
10.4 48.7 124.9
932.2 -7 -71.7 -3.6 -10.4 -6.2
1682.4 2.2 2.1 -34.3 -21.5 -7.8
2149 -145.7 343 -71.1 180.5 -22.6
9.4 3.1 102.1
939.5 -7.1 -72.3 -2.4 -9.3 -5.3
1722.3 67.6 58.2 8.1 1.8 -3.4
2628.3 -48 177 17.1 76.9 -68.2
9.6 3.1 7.1
942.1 -8.4 -76.6 -2.5 -10.2 -5.4
1728.1 65.9 55.7 8.7 1.5 -2.7
2791.1 -53.7 6.6 -16.7 0.6 -15.4
9.1 2.8 7.9
945.3 -9 -76.8 -1.5 -10.3 -5.2
1731.7 63.4 53.8 9.5 2.4 -3.2
2790.6 -49.4 12.7 -16.6 4.8 -14.6
9.1 3.1 8.7
944.9 -10.1 -78.7 -1.8 -12.5 -4.6
1733.3 62.1 52.6 9.8 0.4 -2.6
2795.5 -48.8 15.7 -15.7 9 -16.3
9.8 3.5 8.6
943.5 -9.6 -79.6 -2.3 -13.7 -2.8
1732 63.5 51.4 9.2 -1.5 0.4
2799.6 -51.3 16.2 -16 9.5 -18.8
11 5.6 9.2
940.2 -8.8 -83 -2.1 -16.1 -1.8
1729.5 67.8 48.6 11.2 -5.7 4
2800.8 -54 15.6 -18.3 8.4 -19.5
10.5 5.5 8.7
942 -8.5 -80.2 -2.3 -15.2 -1.2
1729 66.7 49.7 10 -5.3 4.5
2800.3 -49.7 14.2 -15.6 6.5 -15.9
10.5 5 8.8
943.1 -8.9 -80 -2.3 -14.8 -1.2
1731.7 65.4 50.5 9.5 -4.3 4.3
2803.3 -49.2 16 -15.5 7 -15
10.8 5 9.3
943 -9.9 -82.1 -2.4 -15.4 -1.6
1736.4 64.6 51.5 9.6 -3.9 4
2809.6 -51.9 19.8 -16.6 8.6 -16.4
10.1 4 9.8
947.4 -10.5 -79.5 -2.2 -13.5 -1.7
1742.2 60.6 53.2 8.6 -0.7 2.4
2818.4 -51.7 24.3 -15.1 12.2 -16.5
10.2 3.9 10.7
948.5 -11.9 -81.6 -2.3 -13.9 -2.6
1748.9 59.4 54.2 8.7 0.1 1.1
2828 -54.3 28.3 -15.5 14.1 -19.3
9.8 3.6 11.1
950.7 -12.3 -81.2 -2.3 -13.4 -3.4
1753.7 58.6 55.7 8.2 1.2 -0.9
2834.6 -52.8 32 -14.9 15.5 -21.9
9.1 3.1 10.5
954.3 -12.4 -78.3 -1.9 -12.3 -3.3
1757.2 56.3 57.7 7.5 2.7 -1.7
2839.4 -50.7 36 -13 16.6 -21
9 3.2 8.3
956.1 -14.4 -81.3 -2.3 -12.9 -3.5
1765 53.9 56.6 7.2 2.6 -1
2849.4 -55.4 36.3 -14.2 17 -20.1
8.4 3.9 6.8
962.7 -16.9 -84.6 -1.8 -12.6 -2.6
1777 49.7 52.2 7.1 3.8 0.7
2865.1 -59.2 32.5 -13.1 17.7 -16.6
8.1 4.9 6.6
973.2 -21.6 -90.5 -1.5 -13.5 -0.8
1794.1 41.9 45 5.8 3 3.2
2885.9 -67.1 26.1 -14.3 14.2 -13.5
7.5 6.2 7.2
990.9 -27.7 -95 -0.7 -15 3.4
1818.6 31.1 38 4 2.5 7.6
2913.1 -72.2 24 -13.7 11.5 -7.5
8 8.8 10
1009.8 -35.8 -103.7 -0.1 -18.5 7.9
1852.2 20.4 30.1 4.7 -1.1 17
2944.7 -76.3 27.3 -12.4 7.9 -1
8.6 12.1 13.8
1036.4 -41.9 -106.6 1 -21.7 13.8
1898.9 4 20.8 5.6 -5.4 30.7
2977.9 -73.4 36.7 -8.8 6.4 5.9
winner is: 16
