Regression analysis information for: S10_selected_tokens_0020
number of formants: 3
number of coefficients: 5
3.5 26.3 60
546.1 -85.3 -22.1 -9.4 -4.5 -4.6
1614.8 165.6 -125.2 -72.4 -75.6 -46.4
2367.8 -425.3 -86.8 64.7 -41.1 53.2
2.8 39.7 33.8
549.9 -82.4 -20.8 -7.3 -2.5 -3.1
1631.9 194.8 -102 -55.3 -69.9 -52.1
2677.3 -397.6 -244.5 -160.1 -72.2 -18.1
1.9 6 17.5
553.8 -79.4 -19.4 -6.4 -1.2 -1.6
1673.4 268.1 -33.4 8.7 -9.7 0.6
2874.9 -32.9 29.8 -0.5 18.9 4.9
1.4 6.1 15.3
557.7 -75.8 -18.4 -6.7 -0.6 -0.7
1680.4 264.5 -34.8 8.2 -10.5 2.7
2875.8 -35.7 19.4 5.5 10.3 8.8
1.7 5.9 15.2
559.2 -76.6 -19.2 -7.7 -0.9 -0.8
1685.8 266.1 -36.9 6.4 -11.5 2.9
2890.8 -40.2 20.1 9.9 8.9 11
2.4 5.2 17
558.5 -81.4 -21.3 -9.5 -2.3 -1.7
1688.6 271.9 -39.8 2.3 -12.9 2.5
2910.2 -45.2 28.7 13.2 11.1 11.2
2.2 5.5 15
560.4 -80.2 -20.6 -10.1 -2.6 -1.3
1694.4 267.4 -39.2 1.8 -15.4 3.6
2924.6 -52.5 29.2 13.9 4 17.1
2.5 5.7 14.1
561.6 -82 -21.3 -11.2 -3.2 -1.6
1698.8 267.3 -41.8 -1.5 -18.1 3
2941.4 -62.2 31.7 13.1 -0.1 17.9
2.9 5.7 14.5
561.3 -87 -23.5 -12.4 -4.2 -2
1699.7 269.5 -47.9 -6.4 -21 0.9
2956.6 -77.7 32.4 9.9 -5.3 12.9
2.6 4.9 13.1
562 -88.5 -23.5 -12.8 -4.4 -1.6
1701 267.4 -50.1 -9.5 -23.2 1.9
2962.2 -92.9 31.9 3.2 -12 15.3
2.5 6.8 10.6
564.6 -86.1 -22 -12 -3.6 -1.7
1706.5 263.6 -48.4 -6.9 -23.9 0.4
2971.9 -101 29.6 4.9 -15.5 14.3
2.5 7.5 10.2
566.5 -87.3 -22.9 -11.3 -3.5 -1.7
1711.4 263.2 -51.5 -4.9 -23.3 0.2
2988.3 -110.4 26.2 16.8 -14.6 15.3
3 7.4 13.6
566.1 -89.9 -26.6 -10.2 -3.1 -1.8
1712.1 268.6 -58.4 -3.2 -16.7 2.7
2996.2 -101 15.9 35.5 0.2 16
3.2 9.4 14.2
568 -89.8 -28.8 -9.3 -1.3 -3.3
1718.9 272.3 -62 1.5 -10.1 0.7
3012.5 -88.7 8 53.1 20.2 6.3
3.4 11.9 14.8
573.7 -89 -30.3 -7.4 0.7 -4.6
1734.4 271.4 -66.2 7.7 -5.6 -1.7
3050.1 -96.2 -2.6 78 30.2 1.5
5.5 16.1 23.6
578.7 -99 -35.9 -6.1 0.5 -6.3
1752.2 285.1 -74.4 13.7 1.4 -2.4
3122.2 -107.1 6.5 129 50.7 1
9.5 21.8 46.6
592.2 -122.1 -37.1 -3 -1.9 -4.5
1778.5 301.8 -88.9 22.9 2.4 -5.7
3282.1 -220.7 37.2 224.4 36 25.8
79.7 80.3 120.1
662.3 -240.6 -27.8 3.9 23 45.6
1833.9 362.8 -167 48.2 -10.8 -13.1
3536.4 -374 -17.3 357.6 229.5 -17.4
93.1 38.3 33.9
1066.4 -57.7 -89 -254.4 -158.5 -46.2
2187.5 284.3 -118.7 -247.2 -59.4 20.7
3873.1 -27.2 -102.8 0.6 14.7 -19.4
88.4 36.7 30.3
1098.9 -86.7 -155.3 -240.5 -157.2 -79
2256.6 179.3 -133.5 -240.7 -19.2 17.4
3892.1 -38.1 -91 17.5 19 -23.4
winner is: 11
