Regression analysis information for: S10_selected_tokens_0014
number of formants: 3
number of coefficients: 5
5.1 37.4 5.9
481.2 1.3 -26 3.6 -3.8 -2.6
1177.9 -97 134.7 -17.8 52 -47.2
2214.7 -2.1 -46.2 -4.2 -3.3 -4.7
4.4 46.8 6.2
483.9 7.3 -25.4 6.4 -4.2 -0.6
1134.1 -48.6 35.5 83 17.2 47.6
2215.4 -2.5 -48.6 -2.4 -5.5 -3.6
9.5 282 171.2
486.6 7.9 -22.9 15.1 -1.6 -0.5
1429.4 386 223.8 124 102.7 190
2464.3 366.3 75.7 3.5 68.7 111
4 102.1 91.2
498.4 10.1 -26.3 10 -5.9 3.5
1945.2 443.6 -376.6 142.6 -12.9 -96.2
2828.4 302.3 -335.3 124.8 -88.7 -102.7
6.4 128.8 111.6
502.3 8.8 -27.9 13 -8.5 4.8
2074.7 232.7 -268.4 190.7 -181.8 150.1
2971.1 47.8 -162.7 120.5 -204.8 116.2
4.7 74.3 63.4
506.7 -0.1 -22.9 9.6 -7.4 3.3
2162.7 62.6 -106.3 42.8 -55 46.9
3045.8 -83.7 -20.2 -11.2 -79.2 15.5
5 5.2 19.2
504.9 -2.5 -20.7 6.9 -5.7 0.5
2193.9 8.6 -53 -9.9 -1.8 -7.1
3084.7 -122.7 25.2 -57.8 -27.3 -29.5
4.8 5.3 16.1
500.8 -2.7 -19.2 4.9 -4.4 -0.4
2198.2 9.5 -53.6 -8.2 -2 -6.8
3102.1 -114.6 20.6 -54 -27.6 -24.5
4.4 5.6 13.1
497 -2.7 -18.7 3.8 -3.8 -1.2
2201.1 10.5 -53.4 -8.3 -1.4 -6.8
3117.6 -108.8 18.1 -54.5 -27.7 -21.2
4.1 6.1 12.6
493.9 -2.1 -19.1 3.6 -3.6 -1.4
2202.2 11.2 -53.2 -10.2 -0.6 -7.5
3130.1 -109.3 17.5 -61.5 -27.8 -22.9
4.8 6.9 15.4
490.4 -1.6 -21.7 3.5 -5 -2
2200.7 9.7 -54.4 -14.8 -0.3 -8.8
3137.9 -125.6 11.4 -80 -33.2 -31.2
4.8 6.8 18
488.8 -0.9 -22.6 4.3 -5.2 -1.5
2200.3 8.3 -55.4 -17.8 -1 -9.6
3145.6 -134.4 9.2 -94.1 -34.2 -35.8
4.6 6 16.8
487.3 -0.6 -23.3 5.4 -5.6 -1.2
2198.4 4.9 -56.6 -18.6 -2.6 -10.7
3144.6 -149.6 12.2 -102 -39.2 -43.3
4.7 5.7 16.7
485.8 -0.1 -23.9 6.8 -5 0
2193.4 2.9 -55.8 -16.6 3.5 -6
3133.7 -166.4 19.8 -95.9 -16.7 -29.1
4.8 7.3 25.5
484.4 1.8 -24.9 8.6 -5.7 0.8
2184.9 9.8 -55.1 -10.1 6.3 -3.6
3104.3 -149.5 29 -64.3 -10.5 -27.4
4.9 8 19.4
484.3 2.8 -25.2 9.5 -6.1 1.3
2182.1 18.3 -56.6 -1.7 5.4 1.2
3089.3 -99.9 9.6 -19.9 -25.8 2.6
4.9 7.1 20.4
485.1 3.7 -25.1 9.9 -6.1 1.3
2189.6 30 -54.3 5 5.1 0.5
3115.6 -54.8 18.4 0.2 -21.1 13.8
5.2 7.2 21.3
486.8 4.6 -24.7 10.2 -6.2 1.2
2207 39.2 -48.9 10.1 3.2 -1.5
3173.7 -14.5 46 5.7 -10.6 15.9
5.5 8.1 20.4
489.8 5.2 -24.5 10.7 -6.2 0.6
2240.1 39.9 -47.3 18.4 0.9 -8.5
3284.3 28.2 81.3 0.1 19.2 2.4
6 10.1 19.9
493.6 5.1 -25.1 11.3 -6.2 0
2284.4 24.9 -50.7 31.6 -7.5 -14
3443.1 17.9 97.5 -45.6 75 -10
winner is: 10
