Regression analysis information for: S10_selected_tokens_0093
number of formants: 3
number of coefficients: 5
20.3 133.9 69.7
763.8 -63.4 -57.8 -31.5 -18.4 1
2001.2 -297 -227.4 -88.2 -53.3 7.3
2696.4 -262.9 -116.9 -74.2 -30 -25.8
6 10.1 12.7
778.7 -47.2 -38.4 -18.4 -17.4 -11.4
2090.7 -120.4 -96.1 -10.8 -28.9 -21.9
2735.1 -165 -63.9 -43.7 -20.9 -35.3
6 9.2 11.8
785.3 -41.2 -30.5 -12.3 -14.5 -14.6
2092.5 -118.9 -92.9 -11.2 -27.1 -16
2733.8 -161.6 -63.5 -43 -20.1 -26.6
7 9.1 11.1
784.3 -38.9 -33.2 -12.8 -15.6 -17
2092.6 -123.7 -93.7 -12.2 -29.6 -17.4
2739.5 -170.4 -57.2 -45.9 -22.9 -28.1
7.3 9.5 11.3
781.6 -32.5 -34.5 -13.2 -13.9 -16.7
2101.3 -120.8 -88.7 -10.1 -31.1 -17.8
2754.2 -166.3 -48.8 -45 -26.5 -30.3
8.2 9.8 11.3
775.3 -30.5 -39.1 -16.6 -15 -15.7
2107.3 -119.2 -89.5 -11.1 -32.7 -19.3
2767.4 -164.3 -46.5 -49 -28.7 -33.2
8.6 10.1 11.5
768.7 -31.2 -42.2 -19.2 -17.9 -14
2113.1 -116 -91.8 -13.1 -33.7 -20.2
2779.6 -159.8 -46.6 -53.9 -30.3 -35.4
9.3 10.1 11.8
758.8 -35.2 -48.1 -22.1 -23.9 -13.1
2114 -114.9 -99.4 -16.9 -36.7 -22.1
2785.8 -158.9 -52.4 -60.8 -34.1 -38.9
8.9 9.7 11.7
755 -36 -44.8 -21.7 -25.7 -11.7
2120.4 -107.9 -96.6 -16.3 -39 -21.6
2793.4 -146.6 -50.5 -59.8 -40.3 -40.7
8.6 8.4 10.3
749.3 -42.4 -46.5 -23.3 -30.5 -10.8
2119.9 -111.6 -98.8 -19.3 -46.6 -23.6
2797.4 -154.9 -48.6 -65.2 -51.9 -43.6
7.9 9.1 10.6
749.5 -44.8 -41.4 -22.4 -31.6 -10.3
2126.1 -110.9 -88.2 -16.8 -54.6 -24.2
2806.3 -156.2 -35.5 -63 -65.3 -45.9
7.8 9.4 11.4
747.5 -51.9 -44.2 -23.4 -34.5 -9
2127.6 -120.5 -89.8 -19.4 -63.4 -25.3
2814.2 -177.9 -34 -70.6 -77.8 -45.9
7.3 10.2 14.7
749.5 -57.2 -41 -23.3 -34.3 -9.5
2135.2 -129.3 -84.7 -19.3 -68.5 -27.3
2823.4 -200 -27.2 -73.3 -86.8 -51.3
7.2 11.1 18.5
749.3 -64.8 -44 -24 -35.5 -6.7
2138.2 -144.1 -92.1 -23.1 -72.6 -25
2832.7 -232.3 -28.1 -79.7 -91.6 -42.4
7.4 12.6 17.7
747.2 -74.7 -43.5 -21.8 -29.9 0
2130.9 -171.7 -96 -16.3 -56.3 -7.6
2822.6 -280.7 -20.2 -62.8 -61.9 -11
7.9 17.1 20.7
744.5 -72.6 -45.4 -19.1 -24.2 1.7
2122.9 -170.3 -99.3 -3.3 -32.6 2.2
2810.9 -259.4 -31.2 -56.2 -45.1 -8.5
8.5 16 39.4
747.7 -65.6 -42.1 -22.2 -19.3 1.2
2138.4 -131.2 -79.6 -0.6 -4.6 18.3
2798.9 -267.5 -64.1 -101.5 -64.2 -42.8
43.8 29.6 116.1
816.6 50.8 64.5 78.7 72.6 80.1
2186.2 -100.4 -82.5 5.7 10.7 32.4
2943.1 -63.2 146.8 98.2 135.1 140.5
31 41 128.8
861.4 90.7 91.8 95.3 84.1 77.6
2254.2 -97.3 -107.1 -6.6 11 42
3091.3 -10.5 136.9 80.5 219.2 194.1
29.5 52.4 178.3
916.7 111.2 99 92.8 80.9 59.9
2311 -129 -132.4 -5.9 4.7 30.9
3352.6 -92.8 53.3 60.8 259.1 220.6
winner is: 3
