Regression analysis information for: S10_selected_tokens_0061
number of formants: 3
number of coefficients: 5
1.7 9.2 84.1
391.5 17.8 -9.7 1.7 -3.6 0.8
1616.4 -69.8 95.8 -85.7 34.3 -32.1
2575.1 -91.3 -140.2 -77.4 -89.3 -40.5
1.5 9.2 30.7
393.1 18.9 -9.2 1.7 -3.3 0.5
1618.7 -63.9 94.2 -83.4 33.2 -32.8
2642.4 26.6 -27 13.2 -18.9 2.8
1.6 8.5 13.8
393.8 20.1 -8.8 2.1 -3 0.7
1622 -61.1 94.6 -82.4 32.3 -32.2
2657.9 46.7 -10.8 28.5 -8.2 12.7
1.9 7.2 16
393.8 21.3 -8.8 2.7 -3.1 1.3
1626.6 -62.4 97.3 -83.4 31.4 -30.7
2661.8 49.6 -16.3 29.1 -13.1 14.6
1.8 7.1 16.2
393 20.3 -8.8 2.6 -3.3 1.1
1627.9 -63.5 97.8 -84.3 31.2 -31.2
2668.1 51 -16.7 28.2 -13.5 14.7
1.9 6.7 15.3
392.2 19.1 -8.7 2.5 -3.5 0.7
1628.1 -67.7 98.8 -86.7 31.4 -33.8
2673.6 50.1 -15.7 26.6 -13 13.5
1.8 8 14.9
391 17.8 -8.3 2.8 -3.6 0.7
1625.1 -76.6 101.1 -88.2 32.5 -36.1
2675.3 45.3 -12.5 26.9 -12.7 9.5
1.6 11.1 14
389.8 16.6 -7.7 2.8 -3.3 1.3
1618.5 -88.8 105.6 -90.6 38 -33.5
2667.1 30.7 -4.4 28.2 -7.5 9.1
1.1 12.7 11.4
389.8 15.8 -6.8 2.4 -2.7 1.1
1613.4 -89.6 108.3 -90.8 42.1 -32.9
2657.1 17.3 8.9 26.8 -0.1 10.6
1 16.4 8
390.1 16.4 -6.5 2.2 -2.4 1
1616.4 -84.1 112.4 -93.4 45.8 -36.2
2661.7 27.9 13.1 18.6 3.8 9
1.3 18.5 8.5
390.8 17.9 -6.7 2.4 -2.7 1.2
1631.1 -83.2 122.6 -101.1 48.4 -41.9
2684.3 42.6 11.6 7.1 2.9 3.1
1.4 20.3 11.8
392.6 19.1 -6.9 1.9 -2.9 0.7
1648.8 -72 123.6 -107.3 45.3 -49.5
2719.3 62.3 -5.7 -9.7 -2.7 -4.4
1.3 22.3 15.6
395 19.9 -7.3 1.1 -2.9 -0.2
1668.2 -54.1 113.6 -109.8 38 -57.9
2762.6 80.4 -38.4 -26.4 -10.9 -12.3
1.3 23.1 20.3
397.2 20.5 -8.8 0.8 -3.5 -0.8
1692 -49.6 101.7 -114.3 30.3 -66.7
2806.5 87.2 -75.9 -35.9 -19.8 -20.7
1.4 24.3 27.2
399.3 20 -10 0.9 -4.4 -1
1717.7 -58.4 91.7 -115.1 19.7 -68.9
2847.6 76.7 -105.8 -35.3 -32.5 -21.7
1.8 25.4 31.9
401.6 18.3 -10.1 1.6 -5.5 -0.3
1760 -101.6 103.9 -110.7 -2.2 -46.2
2901.2 29.7 -108.7 -25.1 -59.4 5
2.7 32.5 57.9
403.8 15.4 -8.9 2.7 -7.2 1.7
1813.1 -177.6 141.3 -108 -28.9 -5.1
2977.5 -80.8 -58.3 -24.8 -96.4 67.9
5.4 36.2 60.1
405.9 12.5 -7.1 4 -10.3 6.2
1836.2 -207.2 162.8 -109.3 -38.8 13.5
2997.9 -107.3 -40 -24.6 -104.7 90
7.8 40.1 62.7
407.7 10.4 -5.4 4.8 -12.3 8.9
1849.3 -210.5 174.2 -107.6 -39.6 17.4
3011 -115.3 -31.6 -24.1 -105.3 97.4
4.3 41.5 65.4
404 16.3 -8.3 3.6 -8.4 2.5
1857.2 -196.2 178.5 -108.7 -32.5 7.7
3018.7 -111 -34.7 -29.2 -99.1 92.1
winner is: 3
