Regression analysis information for: S10_selected_tokens_0094
number of formants: 3
number of coefficients: 5
12.8 7 19.1
817.3 -81.2 -82 -14.5 -27.5 -10.4
2085.3 3.3 -61.1 -14 3.5 -12
2741.1 -157.2 -53.1 -94.4 -20.8 -61.8
11.6 6.2 15.2
826.8 -80.3 -77.1 -9.9 -23.1 -10.4
2082 6.2 -58.1 -17.3 1.7 -11.1
2736.6 -140.4 -46.2 -89.2 -17.4 -55
11.9 5.8 14.5
829.7 -82.9 -79.3 -9.4 -23.1 -12.8
2082.1 5.8 -55.8 -18.6 1.1 -9.5
2734.6 -135.7 -41.2 -88.1 -16.9 -49.9
11.6 5.2 14
822.9 -86.1 -82.1 -9 -26.6 -16
2087.8 4.3 -57.1 -19.6 2.4 -8.6
2743.6 -134.6 -39.7 -86.7 -13 -46.9
10.9 5.3 14.1
805.9 -85.9 -86.4 -12.6 -30.6 -14.8
2093.6 2.8 -58.4 -19 2.6 -9.9
2754.8 -135.9 -38.4 -83.1 -11 -48
10.5 5.8 16.7
780.2 -82.3 -96.9 -15.6 -32.1 -11.2
2095.8 3.1 -60 -19.8 3.2 -10.3
2760.4 -147 -42 -89.4 -15.3 -53.2
12 6.6 16.8
759 -77.5 -102.1 -10.9 -31.6 -5.6
2095 7.9 -61.9 -22.2 5.1 -12.1
2765 -145.1 -40.3 -92.3 -12.7 -54.8
12.8 8.2 18.1
742.2 -75.4 -104.8 -2.2 -32.9 -0.5
2090.2 17.2 -66.8 -22.2 5.9 -12.6
2763.6 -143.3 -43.2 -99.4 -10.4 -60
11.1 8.5 17.6
733.7 -79.2 -103.8 3.4 -29.8 2.6
2086.5 22 -70.7 -21 6.3 -11.8
2760.6 -139.8 -48 -99.8 -9.4 -59.2
10.4 8.2 16.9
730.7 -83.6 -101.3 7.7 -28.3 3.9
2086.8 20 -70.9 -18.9 6.2 -9.9
2761.7 -140.3 -48.6 -95.6 -8.4 -55.1
9.6 7.3 15.5
733.2 -88.1 -95.9 9.6 -26.6 3.9
2091.4 14.1 -68.5 -16.1 5.7 -8.6
2769.7 -135.5 -40.9 -83.1 -2.6 -47
9.6 6.4 15.6
735.4 -92.3 -94.3 11.7 -26.7 4.8
2097.8 6.1 -66 -13.6 5.6 -6.6
2778.6 -141 -35.2 -76.4 0.9 -42
9.8 5.7 15.9
738.9 -96.7 -93.1 13.4 -27.2 5.8
2105.9 -2.6 -63.6 -11.2 4.9 -4.3
2789.7 -146 -28.6 -69 4.7 -36.2
10.1 5 16.4
743.1 -101.4 -92.1 14.9 -28.4 6.9
2115.5 -11.5 -61 -8.8 3.2 -1.9
2801.9 -151 -22 -61.9 7.1 -31
11.3 4.6 18
746.8 -107 -90.8 17.4 -30.6 7.1
2124 -21.6 -57.2 -4.2 0.1 -2.1
2807.1 -166.9 -24.5 -62.2 -1.6 -37.9
12.1 5.7 17.9
743.1 -110.4 -88.6 22.6 -37.3 8.4
2118.1 -34.1 -48.3 4.7 -8.2 -1.5
2801.5 -181.2 -15.1 -58.4 -10.5 -40.1
11.7 5.2 17.7
740.6 -105.9 -84.7 18.1 -38.9 10.9
2113.4 -22 -39.1 -3.7 -14.1 2.9
2800.7 -159.8 -0.9 -61.1 -8.8 -30.3
11.5 6.9 18
743.4 -103 -88.2 14.4 -36.6 8.6
2123.7 -8.3 -45.3 -14.2 -12.8 -4.1
2812.9 -144.9 1.2 -60.5 -0.6 -29.6
11.8 13.3 24.6
751.6 -106.6 -95.2 11 -37.4 10.6
2153.7 2.8 -55.4 -28.9 -21.5 -7.1
2830.9 -140.7 3.6 -56.6 5.6 -22.5
18.2 26.7 55.3
762.6 -117.3 -111.3 5.4 -37.9 19.1
2204.6 19.3 -75.9 -52.3 -34.6 -12.1
2845.3 -142.1 -7.1 -69.4 4.4 -4
winner is: 5
