Regression analysis information for: S10_selected_tokens_0044
number of formants: 3
number of coefficients: 5
7.4 13.8 37.6
508.4 159 89.6 40.7 9.7 3.9
1119.8 -75.9 132.9 -41.9 59.4 -32.4
2680.1 -57.1 37.1 -39.7 16.6 21.1
7.3 14.4 17.3
508.3 155.5 87.3 38.7 10.3 5.2
1118.6 -76.8 130.1 -42.4 60 -33.4
2716.2 -53.6 47.1 -46.3 34.5 4.6
9.5 13.3 17.1
503.7 145 76.5 29.9 3.1 0.9
1121.1 -83.5 131.6 -46.1 59.3 -34.4
2748.6 -34.2 46.2 -30.2 32.6 13.9
13.6 13.8 16.7
491.3 119.7 55 13.4 -8.4 -7.2
1117.7 -84.1 125.5 -46.2 58 -35.4
2780.8 -24.4 48.6 -23 36.6 13.8
15.9 13.9 17.7
483.1 102.2 39.7 1.4 -16.9 -12.6
1118 -87.7 124.8 -48.1 58.4 -36.5
2808.1 -15.9 44.6 -14.8 33.8 16.1
15.1 13.5 19.7
479.7 94.7 33.2 -2.5 -19.1 -13.2
1118.1 -89 123.5 -48.2 58.3 -36.7
2832 -12.7 37.2 -10.5 28.7 14.5
14.6 12.2 25.1
476 89.5 27.9 -5.8 -21.9 -14.4
1119.7 -91.2 125.5 -48.7 58 -35.6
2844.3 -8.6 30 -17.2 26.3 9.1
13.7 13.5 27.5
475 88 29.9 -0.5 -16.8 -12.8
1117.1 -88.5 120.6 -46.6 58.3 -36.9
2853.6 -12.4 22.3 6.8 34.5 5.2
12 14 31.9
471.4 85.8 30.7 -0.5 -17.2 -11.3
1114 -85.7 120.7 -46.1 55.5 -35
2795.6 -21 47.1 -1.1 31.7 23.3
13.7 13.6 38
471.6 85.6 28.5 -3.2 -20 -13.6
1117.5 -89.5 125.1 -48.4 57.1 -35.8
2816 5 51.6 -5.7 38.3 15.9
12.4 14.3 32
473.5 86.5 31.1 -0.9 -17.6 -11.8
1116.8 -90.1 123.6 -48.4 58.1 -37.1
2836.5 -16.5 51.2 3.9 23.7 17
13.9 13.2 27.2
473.6 82.7 27.7 -3.8 -21.1 -13.9
1122.7 -97.9 130.3 -51.9 60.5 -38.1
2874 -76.6 43.1 23.8 -4.3 41.3
15.9 13.3 31
475.9 81.5 28 -3.6 -21.9 -15.6
1126.6 -105 134.4 -55.1 63.2 -40.1
2963.5 -112.8 61.7 91.7 -39.5 63.6
18.4 15 70.9
478.7 81.3 31.5 0.6 -18.5 -18.5
1126.7 -110.4 134.9 -58.5 65.9 -43.8
3110.2 -102.4 88.6 226.9 -34 52.9
57.8 179.2 122.9
478.3 86.9 52.1 23.9 -9.4 -24.8
1207.2 -8.6 161.6 -111.9 53.1 34.2
3311.5 24.1 56.5 290.7 28.3 54.2
113.2 236.2 113.2
600.2 206.1 -42.1 -135 -23.9 106.9
1371 134.7 -1.6 -417.4 -70.5 106.3
3531.5 139.6 -204 58.5 58.6 117.2
68.8 134.1 53.4
709.5 302.4 -96.9 -136.8 37 54.6
1433.6 208.5 -16.2 -434.2 -52.9 58.3
3599.4 217.7 -160.3 45.4 -14.1 15.1
68.7 174.5 66.5
714.8 308.5 -95.9 -138 30.7 35.7
1507.4 306.5 -7 -391.9 24.8 86
3621.3 228.8 -145 58.5 4.9 27.7
82 163.5 66.4
699.4 277.2 -98.1 -175.6 8.7 27.5
1493.5 226.5 -24.9 -501.5 -36.4 30.5
3626.9 196.4 -135.5 3.8 19.6 -4.4
71.7 367.9 87.4
679.4 270 -104.5 -185 -29.3 36.5
1578.9 348.6 -164.2 -477.6 48.2 181.2
3622.4 252.6 -165 22.9 22.7 60.3
winner is: 2
