Regression analysis information for: S10_selected_tokens_0104
number of formants: 3
number of coefficients: 5
7.6 7.1 163.1
893.6 6.7 -56.9 -7.7 -20.1 2.4
1678.7 -44.5 105.6 33.9 19.5 7.7
2179.6 -69.2 278.1 -352.3 24.4 39.5
6.8 6.5 112.1
897.8 6.1 -58.4 -5.7 -19.6 2.9
1680.2 -45.4 102.2 31.4 20.3 8.4
2604.4 -142.5 -0.7 12.6 68.5 86.9
6.1 5.9 63.2
900.5 7.2 -60 -4.7 -19.8 2.1
1684 -44.7 100.1 30.5 20.2 8
2639.1 -71.8 62.6 42.5 71.4 60.3
5.5 5.5 28.4
901.7 9 -60.8 -3.9 -20.8 1.2
1687.3 -43.2 99.3 30.6 18.8 6.4
2677.8 -9.1 110.4 61.8 66.6 28.5
5.3 5.4 19.3
901.2 11.9 -61.2 -4.6 -21 0
1689 -40 99.3 29.4 18.1 4.2
2686.6 -6.3 112.3 59 60.6 21.1
5.3 5.4 17.5
901.8 13.9 -59.9 -6 -21.6 -1.3
1687.2 -36.5 97.4 26.8 17.2 3
2692.7 1.7 113.1 57.5 58 16.3
5.5 5 15.6
900.3 15.6 -61.4 -7 -22.5 -0.9
1690.1 -32.9 100.3 24.2 15.5 1.2
2703.4 13.2 119.8 53.7 53.1 6.2
6.1 4.5 14.8
900.3 16.8 -61.5 -8 -24 -0.3
1691.1 -30.3 100.8 21.3 12.9 1.6
2710.6 22.6 122.3 49.2 47.3 2
7 3.6 13.6
901 17.4 -62 -8.3 -25.7 0.9
1693.2 -28.9 100.1 19.7 9.6 3.5
2717.8 30.7 121.4 46.4 37.8 3.1
7.3 3.4 14.5
902.9 16.9 -61.7 -9.3 -26.4 1.4
1697.4 -29 100.1 17.9 7.3 4.5
2729.4 34.8 124.2 41.4 30.9 1.9
7.3 3.3 14.6
907.5 15.6 -58.7 -10.6 -26.2 0.8
1701.9 -30.5 98.8 16.3 6.2 5.8
2743.7 37.4 128.2 38.1 28.6 3.3
7.4 3.5 16.2
910.9 14.1 -57.6 -11.1 -26.8 0.8
1708.8 -32 99.7 15.8 3.7 5.9
2761.5 40.4 136.5 35.8 23.4 0.7
7.4 4.4 19.1
912.3 10.4 -53.7 -10.2 -26.3 1.4
1710.3 -37.9 106.6 19.7 4.2 7.6
2765.6 29.5 156.1 46.4 30.3 4.7
7.2 3.9 17.2
914.1 8.2 -51.6 -11.5 -24.4 1.1
1713 -40.3 108.6 18.6 7.2 7.9
2771.5 24.5 164 44.1 39.5 5.8
6.9 4.6 19.8
915.5 7.1 -53.9 -11.3 -22.6 2.2
1720.2 -41 107.7 19.4 10.2 8.2
2785.2 24.9 165.6 42.2 46 4.8
5.8 4.1 17
923.5 5.1 -54 -15.1 -20.9 0.3
1730 -41 99.3 13.8 10 7.9
2806.6 29 156.7 29.4 45.3 4.2
5.4 5.4 18.3
934.9 5.8 -60.9 -18.9 -21.2 -0.9
1751.7 -35.2 84.7 5.8 5.4 6.4
2849.5 51.8 144.8 9.6 30.3 -5.1
7.1 9.8 24.8
957.2 -0.9 -66.9 -22.9 -19.9 -4
1791.8 -33.2 61.9 -1.6 -0.8 4.7
2928.9 86.2 138.9 -25 4.9 -24
15 19.1 62
998.9 -39.2 -46.6 -44.1 -2.1 -21.2
1856.5 -51.6 38.2 -6.2 -1.6 -2.2
3072.7 97 177.2 -114.9 -5.1 -87.3
26.3 29.2 76
1065.5 -128.8 22.3 -96.5 41.8 -49.7
1955.3 -124 44.8 -16 13 -7.5
3276.3 13.1 249.3 -180 -28.1 -60.7
winner is: 9
