Regression analysis information for: S10_selected_tokens_0022
number of formants: 3
number of coefficients: 5
1.9 48.6 31.4
525.7 -73.8 -29.2 -3.2 0.3 3.5
1729.8 217.7 -67.8 0.4 42.1 88
2345.8 -206.9 81.1 -88.5 -41.8 62.8
1.8 22.5 64.6
529.5 -69.9 -32.8 -4.9 -1.1 1.6
1742.9 225.4 -74.9 -21.2 4.3 37.4
2598.5 -159.2 -270.9 -153.5 20.9 34
1.6 15.5 70.8
533.2 -67.8 -35.4 -5.6 -1.7 0.5
1785.4 293.1 -32.7 7.6 11.7 22.9
2694.5 -182.9 -356 -57.3 -20.7 -76.2
1.2 16.1 64.9
537 -66.5 -36.8 -5.8 -2.1 -0.5
1800.2 306.4 -31.1 11.5 13.2 17.9
2808 -114.7 -216.1 -23.9 -25.7 -50.4
0.9 15.5 37.2
540.5 -65.9 -37.2 -6.2 -2.5 -1.4
1807.9 305.3 -39.1 7 11.2 15.7
2945.8 -50.6 -55.5 23.2 3.6 -35.2
0.9 15.8 30.9
542.9 -66.9 -37.5 -6.6 -2.6 -1.5
1816.3 306 -43.9 4.1 10.6 14.4
3020.4 -58.6 10.3 24 8.7 -30.7
0.9 16.1 29.8
542.9 -69.8 -36.8 -3.8 -1.1 -0.5
1818.3 300.8 -46.5 8.6 15.3 17.4
3059.5 -72.8 41.2 37.3 26.2 -10
1.2 15.1 21
546.2 -69.9 -37.2 -6.1 -1.8 -0.6
1828.2 303.9 -51.6 1.4 13.1 17.1
3087.2 -92.6 36 17.1 11.1 -11.7
1.5 15.2 19.7
547.9 -70.7 -36.5 -5.4 -1.8 -0.2
1834.2 305.2 -52.3 2.3 14.7 19.2
3108.7 -108.1 37.9 14.1 10.9 -4.2
1.4 16.3 22.6
548.7 -71.9 -35.7 -4 -1.1 -0.2
1837.5 304.6 -51.6 7.3 19.2 20.7
3124.4 -121.1 44.4 22.6 20.1 4.1
1.8 17 19.7
549.8 -73 -36.8 -4.5 -1.4 -0.5
1843.7 315.9 -55.4 4.2 14.7 18.8
3151.8 -115.4 48.6 18.2 9.7 2.2
1.5 18.3 18.6
550.8 -72.8 -36.3 -4 -2.3 -0.6
1848.7 321 -53.4 4.3 11.9 17.1
3170.8 -110.6 58.1 18.3 2.1 -0.6
0.8 17.1 21
548.4 -71.3 -34.5 -2.4 -3.9 -2.3
1840.9 324.5 -38.9 12.2 1.9 5.8
3148.3 -85.5 74.7 40.3 -16.6 -22.4
1 20.8 25.1
548 -70.9 -34 -3.2 -4.1 -2
1838.1 323.7 -37.1 10.3 0.1 3.7
3133.4 -79.3 73 32.2 -20.8 -26.1
1.1 22 28.8
550.5 -71.7 -35 -3.7 -3.6 -1.8
1849.2 328.9 -43.7 5.3 0.3 2.8
3165.9 -83 74.1 18.3 -23.2 -26.3
0.8 22.4 24.2
553.9 -73.9 -35.8 -4.7 -1.7 -2
1866.4 336.2 -52.9 -1.4 4.1 3.7
3218.1 -97.6 87.3 -7.5 -10 -33.7
1.8 21.2 18.8
559.4 -79.5 -36.8 -5.5 2.4 -2.8
1895.5 347.3 -75.2 -16.9 11.4 12.2
3308.2 -121.3 84.3 -52.7 2.1 -22.7
5.6 19.3 26.6
566 -90.6 -39.5 -2.5 11.5 -5.8
1946.3 369.6 -125.2 -42.5 30.2 33.1
3455.4 -104.3 2.4 -104.7 25.4 39.5
37.3 24.2 53.2
604.1 -86.2 -81.6 -42.7 7.8 10.7
2011.4 390.5 -201 -46.2 67.1 36.1
3573.4 -85.1 -16.2 -56.7 58.7 77.9
87.9 30 60.2
698.8 -70.2 -205.6 -98.4 -1.3 9.2
2059.4 400.5 -256.9 -18.5 90.1 16.2
3637.5 -65.4 -2.4 -24 69.9 97.1
winner is: 9
