Regression analysis information for: S10_selected_tokens_0076
number of formants: 3
number of coefficients: 5
0.9 34.6 52.3
397.2 -16 -1.7 3 -1.1 -0.6
2117.7 273.6 -55.5 45.6 -90.5 40.7
2537.9 327.3 -136.1 181 10.3 -31.8
0.9 39.3 46.6
397.4 -17.3 -0.9 3.2 -0.9 -0.9
2151.6 218.8 -2.3 1.1 -58.3 20.3
2632 185.9 -48.3 167.3 -37 44.4
0.8 10.3 12.4
397.1 -18.4 0.1 3.3 -1 -0.8
2169.6 196.7 26.3 -23.9 -32 -5.6
2741.9 -9 118.2 37.5 48.6 3.7
0.8 10.1 12.5
396.8 -19.4 0.8 3.1 -1.1 -1.1
2173.7 201.8 26.3 -24.5 -34 -4.5
2752 -0.4 119.8 43.6 45.8 3
0.7 11.5 13.2
396.4 -19.8 0.8 2.9 -1.6 -1
2176.4 200.9 27.1 -26.3 -36 -7.5
2756.1 -5 115.7 41.2 41.5 0.2
0.5 11.7 13.5
396.4 -19.7 0.7 3 -1.9 -0.9
2180.1 203.3 27.2 -27.5 -37.9 -8.2
2765.8 -4.2 117.2 40.2 37.7 -2.2
0.5 12.3 14
396.4 -19.6 0.4 3.1 -2.1 -0.8
2183.1 204.4 25 -29.9 -41 -9.6
2774.8 -5.4 114.7 37.5 32.5 -4.6
0.5 11.7 14.8
396.6 -19.4 -0.2 3.2 -2.4 -0.9
2186.5 207.1 19.7 -32.4 -44.2 -8.7
2789 -2.7 111 35.7 26.4 -7.5
0.4 11.5 15.7
397 -19.1 -0.3 3.3 -2.3 -0.7
2192.6 211.3 22.6 -29.1 -41 -7
2798.2 0.3 104.8 37.8 25.9 -6.1
0.3 11.5 15.1
397.4 -18.9 -0.7 3.5 -2.2 -0.5
2198.8 219.9 22.4 -25.3 -37.2 0.8
2811.9 7.8 100.5 42.7 28.3 3
0.3 11 13
397.9 -18.8 -0.5 3.8 -2 -0.6
2205.5 224.8 29.6 -18.3 -31.4 2.8
2821.3 8.2 101.3 49.1 30.5 1.1
0.3 13.1 15.2
398.3 -18.6 -0.4 4 -2.1 -0.6
2216.4 241.8 41 -8 -24 11.2
2843.4 27.4 118.6 58.3 33.8 5.1
0.3 12.5 16.4
399 -18.4 -0.6 3.8 -1.8 -0.6
2229.9 252.9 45.7 -3.8 -15.9 15.9
2873.3 47.8 111.6 54.9 42.8 11.8
0.4 12.9 21.6
398.8 -18.7 -0.8 3.8 -2.1 -0.8
2239 273.4 59.7 4.7 -13.3 19.7
2900.2 100 152.9 72 42.6 13.9
0.9 14.5 35.7
398.3 -20 -1.6 3.4 -1.7 -1.1
2245.9 285.6 69.3 7.2 -10.6 19
2938.1 160.3 190.6 76.3 47 8.6
2 14.6 54.1
397.1 -22.9 -2.2 4.3 -0.9 -1
2259.9 290.6 66.7 7.4 -8.1 20.5
3001.7 209.3 198.8 58.4 21.1 -9.4
3.7 14.8 91.7
391.4 -30.3 1.6 8.6 0.2 -0.7
2289.4 278.5 53.3 11 -7.2 23.6
3151.8 267 172.4 -2.2 -69.6 -52.9
7.1 10.9 67.6
355.9 -49.2 40.7 26.9 -6.1 -3.2
2333.6 258.5 39.2 27.4 -9.4 25.4
3597.8 189.7 -138.6 53.2 -92.1 -26.3
65.3 9.7 17.4
457 -10.8 -157.9 -103.2 105.5 134
2351.5 241.3 42.6 34 -10.3 18.3
3712 127 -171.1 29.8 -79.1 5.6
233.7 133.1 73.9
689.5 163.6 -329.7 -194.3 14.7 -76.2
2436.6 343.5 50.8 -38.9 -118.9 -66.1
3791.6 151.5 -156.9 -6.3 -137.1 -41.2
winner is: 4
