Regression analysis information for: S10_selected_tokens_0112
number of formants: 3
number of coefficients: 5
53.2 99.2 241.4
864 -78.9 -99.4 -28.2 -71.2 -26.1
1430.2 41.7 198.9 57.6 -69.9 -43.3
2127.8 -175.3 267.9 -1.2 -167.7 -239.1
16.6 15.5 20.1
904.1 -75.7 -148.7 -28.4 -31.3 -21.1
1555.8 69 69.8 44.6 22.8 21.7
2439.3 -121.3 65.7 32.2 9.4 -3.9
15.4 14.6 19.4
907 -76.2 -146.7 -26.2 -27.8 -19.3
1560.8 72.8 74.5 48.8 26.9 24.2
2443.3 -115.5 70.5 34.7 10.9 -2.3
15 14.9 20
902.2 -73 -152.5 -22.9 -26.9 -14.9
1560.9 76.6 75.4 53.4 31.8 29.2
2448.3 -115.6 72.9 36.8 13.7 -0.2
15.4 17.3 22.1
886.6 -62.6 -164 -18.5 -29.6 -11.3
1548.7 80 68.7 56.2 34 32.4
2448 -122.6 69.4 36.5 15.5 1.9
16.1 20.5 23.8
872.6 -60.4 -162.8 -20.6 -32.8 -6.3
1521.6 56.8 48.9 41.2 23.9 32
2432.7 -138.1 52.8 28.1 10.6 -1.3
15.8 20.3 24.1
863.5 -63.1 -158.5 -23.5 -34.4 -5.1
1517.6 57 57 41.7 23.5 33.4
2430.4 -137.2 59.8 30 12.9 1.3
15.6 18.6 23.1
864.5 -65.7 -150.9 -25.9 -35.1 -6.4
1519.8 57.3 64.4 41.2 22.2 31.6
2432.3 -138.3 67.7 28.3 12.3 0.4
15.9 17.5 24.1
870.2 -66.8 -144.6 -26.9 -35.8 -8.6
1528.2 65.3 75.2 45.5 23.5 31.6
2438.3 -139.9 73.8 27.2 10.7 -0.5
17.3 17.7 28.4
880.9 -65.8 -139.3 -27.5 -36.6 -11.8
1543.2 83.4 91.2 54.9 27.3 33.1
2445.1 -146.6 72.6 23.7 7.4 -1.2
20.2 24.6 39.2
900.5 -58.9 -127.4 -25.9 -35.2 -16.9
1565.7 114.3 118.6 72.2 37.6 36.1
2440.7 -175.3 50.1 5.1 -4.9 -8
26.4 33.4 97.3
923.5 -47.6 -115.8 -23.2 -35.6 -23.2
1589.8 150.2 144.3 88.2 41.7 37.5
2506.9 -71.3 145 79.9 42.2 9.3
30.9 37.3 148.2
945.6 -40.8 -107.1 -24.3 -38.8 -30.9
1610.2 182.9 161.8 94.8 33.9 29.9
2558.4 9.4 221.6 143.5 84.1 27.5
36.2 29.8 156.6
945.9 -12.9 -116.1 -19.2 -48.9 -28.7
1631.1 222.9 184.3 98.9 28.5 11.8
2578 66.7 254.1 172.8 93.6 19.6
35.7 30.8 169.8
948.1 -7.1 -130.3 -25.7 -55.7 -31.6
1651.5 252.4 198.6 98.8 17.6 1.7
2604.1 110.1 285.7 194.6 95 1.8
30.7 43.1 164.6
971.3 -13.1 -138.6 -28.7 -52.6 -27.4
1648.5 240.5 185.4 84.5 15.9 15.1
2609 108.5 305.4 235.4 149.9 59.3
30 42.3 141.7
1005 -39.5 -164.4 -40.9 -61.1 -23.7
1676.2 300.4 181.7 40.8 -42 -17.3
2553.7 2.9 236.3 194.4 100.2 -7.4
45.5 62.2 187.3
1074.9 -103.1 -167.7 -36.3 -79 -1.5
1637.6 351.9 133.4 59.4 -15 19.4
2636.1 198.7 394.3 301.8 107.4 -81.7
53.2 176.1 250.8
1116.2 -159.1 -136.8 -58.8 -25.5 -56.5
1779.5 178.7 312 -150.9 184.5 -213.2
3070.2 406 791.7 -225.3 50.8 -416.8
21.8 108.9 261.1
1147.7 -182.1 -126.7 -80.5 -41.4 -30.6
2151.1 -108.8 220.6 -114.2 6.4 149.6
3747.4 19.6 402.4 -315.3 -146.7 368.9
winner is: 3
