Regression analysis information for: S10_selected_tokens_0072
number of formants: 3
number of coefficients: 5
1.7 8 24.1
386.5 4.1 -7.5 5.8 -3.1 1.3
2122.2 144.5 99.4 -40 3.7 15.6
2606.3 68.5 113.9 41.6 64.8 23.3
2 7.2 23.5
386.4 3.7 -8.1 5.7 -3.4 1.4
2129 146.5 102.7 -40.6 1.9 15.2
2613.5 70.7 119.2 42.1 66.4 24.2
2.1 7.1 22.2
386.2 3.3 -8.3 5.5 -3.6 1.3
2135.7 149.2 104.8 -41.2 0.5 15.7
2620.7 73.2 123 44 68 25.9
2.3 7.5 20.5
386 3 -8.6 5.1 -4 1
2141.5 151.4 105.6 -42.8 -2.6 15.1
2627 75.3 125.8 44.7 67.9 26.2
2.3 8.4 19
386 3 -8.7 5 -4.3 1
2147.4 153.4 103.7 -45.5 -8.3 13
2632 75.8 124.3 42.7 64 24.1
1.9 10.6 17.5
386.6 2.8 -8.1 4.8 -3.9 0.9
2151.7 155.8 97.3 -48.8 -14.4 9.2
2630.8 72.1 110.8 37.5 54.8 20.7
2.3 12.8 16.5
386.3 3 -8.6 5.2 -4.5 0.8
2158.3 154.9 102.8 -41.6 -19.9 9.5
2640.4 77.2 125.4 48.2 55.3 21.4
2.2 12.2 17.2
387.2 3.6 -8.8 5.1 -4.5 0.8
2180.5 167.9 97.4 -47.2 -22.8 11.9
2665.6 100.6 129.3 48.4 53.7 17.2
2.1 13.7 15.9
387.8 3.7 -8.6 5 -4.5 0.9
2196.1 170.7 100.6 -46.9 -23.1 17.1
2682.1 108.8 137.4 49.6 53.3 19
2 16.9 17.2
388.5 4 -8.4 5.2 -4.5 1
2213.6 174.4 105.2 -41.6 -21.7 21.3
2704.1 125.9 151.9 58.4 54.6 18.5
1.5 18.6 22.4
388.8 3.6 -7.2 5.3 -3.7 0.9
2208.8 167.6 119 -32.8 -14.1 19.2
2695.9 116.9 158.7 65.8 65.2 25.7
1.4 23.7 26.6
389.4 4 -7.4 5.1 -3.3 0.7
2219.1 177.2 111.6 -39.3 -0.1 15.3
2712.3 136.7 160.5 63 74.6 19.2
1.5 27.2 26
390.5 3.9 -7.5 5 -3.7 0.6
2250.5 168.9 114.8 -36.9 -8 19.7
2751.3 153.5 178.2 64.2 66 16
1.6 28.7 28.7
390.8 4.1 -7.5 4.6 -3.7 0
2257.2 177.4 124.5 -43.5 5 7.6
2777 184.1 200.6 57.7 68.3 -4.5
2.6 31.7 37.3
390.9 3.8 -9.4 4.3 -5 -0.3
2285.9 170.2 124.2 -35.8 11.4 9.9
2822.2 207.5 220.4 48.9 61.5 -17.3
2.6 31.3 48.9
391.6 2.6 -9.6 3.5 -5.1 -1
2302.2 166.1 121.6 -33.6 17.9 4.3
2867.2 242.9 240.7 33.8 44.7 -43.7
3.4 31 76.8
391.2 0.9 -11.9 2.5 -6.2 -1.6
2325 165.2 113.2 -32.2 27.6 1.5
2946.4 320.9 257.6 -19.4 -22.4 -106.1
4.5 29.6 79.7
390.4 -2.3 -15.1 1.2 -7.8 -2.5
2353.3 151.3 100.5 -14.5 29.5 -1.3
3007.9 357.9 260.4 -38.1 -42.1 -134.5
6.1 26.4 75.9
389.2 -6.4 -18.5 0.8 -9.3 -3.1
2387.9 126 88.9 3.9 22 3.5
3100.1 352.5 198.6 -42.7 -29.6 -147.4
12.1 25 135.1
385.3 -12.6 -25.9 -1.1 -16 -6.5
2412.5 113.5 86.9 18.1 16.4 17.6
3280.2 252.9 70.5 -9.4 -18.4 -105.9
winner is: 5
