Regression analysis information for: S10_selected_tokens_0105
number of formants: 3
number of coefficients: 5
13 28.9 102.6
918.4 0.8 -79.4 -25 -27.7 -6.4
1719.8 -141.7 64.5 8.5 -52 -22
2121.3 -108.1 30.1 -112.5 87.4 -162.5
11 19.1 102.7
918.2 -2.4 -75.8 -24.3 -26.2 -7
1706.2 -179.8 67.4 7.6 -57.3 -13.9
2080.5 -107.6 7.8 -57 78.6 -119.8
11 15.9 72.5
920 -2.3 -73.6 -23.9 -25.1 -5.2
1714.6 -158.6 85.3 16.4 -42.7 -1.9
2127.1 -173.1 51 -66.7 51.1 -71.9
11.4 16.5 36.5
924.1 -0.2 -74 -23 -24.8 -2.9
1754 -103.7 108.7 43.6 -14.4 11.3
2264.4 -331.5 133.6 -84.7 -13.7 -26.4
12.5 8.5 57.2
932 5.5 -75.2 -21.2 -24.3 0.3
1788.7 -78.3 91.4 42.3 1.2 18.6
2455.7 -285.7 186.1 41.5 -52.4 -11
13.2 10.5 43.4
940.7 11.3 -77.8 -20.3 -23.5 3
1813.9 -67.9 66.5 33 5.8 20.8
2627.1 -165.5 101.8 72.5 46.1 21.9
14.1 11.8 23.7
947.6 17.6 -82.1 -18.7 -23.7 5.8
1829.8 -59.8 50.9 31.1 5.4 22.5
2663.6 -130.4 100.1 53 43.2 35.1
13.9 12.2 22.6
953.6 21.3 -85.8 -18.8 -23.4 6.7
1842 -54.1 40.1 30.5 4.4 22.4
2685.7 -112.4 91.5 50.4 36.8 39.4
13 10.8 21.5
959.7 21.7 -86.1 -21.3 -21.9 4.7
1850.9 -54 33.9 26.8 5.7 19.6
2702.5 -104.5 84.2 46.9 34.7 39.3
11.8 9 20.7
962.3 20.4 -88.4 -23.4 -21.2 4.1
1858 -54.9 29.7 24.5 7.2 18
2717.7 -100.2 80.2 45.5 35.8 40.7
11.4 7.4 20.8
961.5 17.3 -93.2 -25.9 -22.1 3.2
1863.4 -57.5 26.2 22.6 7.7 15.8
2730.4 -100.5 76.9 45 36.8 41.7
10.6 7.4 22.4
961.6 12.6 -94.5 -28.7 -22 1.1
1864.9 -64.6 22.6 18.8 7.7 12.7
2730.8 -118.7 62.1 33.9 31 36.6
9.1 9.6 27.8
961.6 12.8 -88.1 -30 -21.1 0.6
1859.9 -65.2 29.1 14.2 6.8 14
2721.6 -120.2 66.4 25.9 30.1 37.6
8.7 8.1 26.9
954.8 11.9 -83 -29 -23.3 -0.3
1841.7 -67 44.2 14.4 1.2 13.7
2683.7 -130.1 85.3 22.7 21.6 29.9
9.4 7.5 24.2
952.3 8.8 -81.5 -25.1 -21.9 -1.3
1835.5 -75.3 47.3 23.3 5.6 11.6
2673.5 -146.7 88.8 37.1 28.8 26.6
9.9 7.8 25.6
956.5 7.9 -83.6 -25 -22.3 -0.1
1846.9 -77.5 40.8 24.6 4.8 13.3
2696.8 -147.6 83.9 41.4 25.9 33.8
10.4 9.9 28.1
966.9 5.9 -86 -25.5 -22.7 0.8
1872.7 -80.8 31.1 26.3 3.4 13
2743.2 -149.7 81.7 49.5 20.3 43.1
11.5 13.6 31.7
980.3 3.4 -90.3 -25.8 -24.7 3.5
1909.9 -81.2 20.5 30.5 0.3 14.2
2814.6 -140.3 89.3 68.3 11.5 63.4
12.8 17 41.2
998.3 1.7 -90.8 -26.9 -26.2 4.9
1951 -80.5 8 31.5 -3.7 12.4
2909.9 -112.4 101.1 84.5 -7.8 80.1
14.2 20.3 77.2
1016.8 0.7 -89.5 -28.4 -27 5.5
1989.7 -78.7 -3.5 31.3 -6.5 9.6
3031.8 -52.5 119.1 102.9 -33.3 88.9
winner is: 11
