Regression analysis information for: S10_selected_tokens_0017
number of formants: 3
number of coefficients: 5
8.5 74.7 20.6
601.4 26 -90.7 -14.7 -10.9 12.7
1502 -111.3 93.6 103.2 43.5 9.5
2131.8 -33 -101.8 15.9 4.7 -10.2
8.6 88.6 37.5
619.6 27.2 -89.4 -13.8 -13.5 8.8
1700.7 -239.5 104.7 204 10.9 -11.2
2123.2 -13.4 -114.1 38.4 21.5 -10.2
10 92 113.4
636.7 31.2 -94.8 -18.9 -17.3 8.7
1905.8 -29.3 43.8 69.1 -118.9 -111.3
2525.7 28.7 67.2 1.8 -200.6 -137.2
12.1 21.2 39.7
647.5 33.2 -105.7 -24.4 -20.4 11.1
2017.6 29.6 -124.5 -20 14 20.1
2804.2 -71.6 29.9 -53.3 -43.7 35
12.9 15.8 24.6
657 33.4 -112.4 -26.6 -17.7 13.5
2019 25.8 -111.6 -14.2 5.9 16.1
2835 -98.6 37.5 -50 -39.5 4.9
12.4 13.9 20.9
659.9 32.3 -116.2 -26.8 -14.2 13.6
2027.4 23.9 -109 -10.7 4.2 13.4
2872.2 -102.7 17.4 -48.8 -38.8 12.6
10 10.4 32.1
662.2 34.3 -115.2 -25.6 -6.2 11.7
2038.4 28.3 -107.1 -6.9 8.3 11
2908.3 -99.6 3.1 -52.9 -26.6 7.1
9.5 10.7 47.4
660.7 33.7 -117.9 -23.4 -2.4 12.5
2043.1 35 -112.3 -4 11.8 6.9
2923.8 -73 -28.6 -58.4 -5.1 -15.4
11.7 11.6 29.2
655.8 30.3 -122.9 -20.4 -2.6 13.6
2046.1 35.4 -119.5 -2.8 11.8 5.5
2970.9 -112.8 -27.9 -61.8 -24.6 29.3
12.1 10.6 26.9
655.7 27.2 -122.1 -16.8 -2.3 13.5
2054.7 34.2 -121.4 0.9 12.4 8.5
2987.9 -97.8 -52.1 -66.8 -9.9 21.5
11.1 10 26.1
661.2 24.4 -117.1 -14.4 -1.4 13.9
2069.2 30.4 -117.9 6.1 12.5 14.6
3015.1 -91.3 -65.2 -71.1 -0.3 24
11.8 12.2 27.7
663.4 21.2 -117.3 -12.6 -2.5 14
2079.5 24.5 -119.3 8.7 10.6 16.4
3039.8 -92.6 -84.2 -76.2 2 27.5
12.6 12.7 28.4
659.3 17.7 -121.3 -9.9 -6.8 12.5
2080.8 14 -130.8 7 5.3 11
3052.9 -108.2 -114.4 -84.3 -1.6 28.7
12.4 12.2 27.8
658.4 17.3 -120.3 -8.9 -5.6 11.9
2083.9 14.3 -133.3 8.4 10.6 8.1
3063.9 -107.3 -131.8 -87.4 13.5 29.6
10.1 11.4 32.1
655.1 17.6 -103.9 -11.5 -8.7 13.8
2079.9 17.1 -120.1 1.4 14.2 17
3046.1 -102.9 -103.5 -95 16.1 36.7
9.4 11.5 30.5
651.4 14.4 -96.4 -9.4 -11.8 13.2
2073.1 6.9 -104.1 3 13.1 19.1
3004.6 -133 -27.8 -64.9 -10.4 12.2
8.7 5.2 21.3
646.9 12.2 -86.4 -8.6 -16 15.4
2054.1 -0.6 -61.9 2.4 -1.7 31.8
2973 -147.4 46.3 -52.4 -37.1 18
10.1 6.3 24.1
649.5 11.3 -93.7 -5.3 -18.3 14.1
2082.5 0 -62.3 21.6 6 23
3019.2 -156.5 30.1 -51.7 -36.6 8.5
11.9 13.6 55.2
663 12.4 -105.7 -1.6 -13.3 10.1
2148.8 21.8 -75.7 56.4 42.1 11.7
3139.1 -160 -94.1 -38.8 26.9 -50.6
16.9 15.2 127.7
689.2 16.3 -135.1 6.7 0.9 0.8
2218.1 55.6 -83.2 81.6 59.5 0.5
3408.3 39.3 -188 -29.4 165.2 -0.8
winner is: 17
