Regression analysis information for: S10_selected_tokens_0035
number of formants: 3
number of coefficients: 5
3.9 166.9 119.1
371.3 -42.1 10.5 3.2 -12.3 -12.7
1936.9 284.8 -397.8 -62.9 213.3 130.1
2675.4 49.2 10.4 55.6 -38.8 62.7
3.7 125.9 73.9
372.3 -42.3 10.9 2.9 -12.6 -13
2034.3 408.5 -364 -95.6 122.5 75.7
2704.3 -52.3 21.2 -29.6 -10.7 -11.6
3.5 44.2 69.9
373.8 -42.6 12 2.8 -12.5 -13.2
2171.2 603.5 -256.8 -67.7 52.5 4.9
2872.5 196.7 167.3 -20.6 -83.7 -118.7
3.3 37.7 28.9
375 -43.3 12.7 2.8 -12.5 -13.4
2183.3 587.7 -262.8 -47.4 44.2 0.2
2902.2 215 187 12.5 -37.8 -58.1
3.3 34.5 27.6
375.7 -44.4 12.8 2.4 -13 -13.7
2195.9 573.8 -269.2 -29 35.9 -4.7
2924.3 209.7 179.1 2.5 -37 -43.9
2.8 32.7 31.1
376.4 -44.7 13.7 2.8 -12.6 -13.6
2212 557.1 -273.5 -13.7 27.1 -12.3
2944.3 211.7 176.8 -5.5 -39.7 -38.4
2.9 35 36.9
376.2 -46.5 13.1 2.7 -13.3 -13.4
2212.6 552.1 -281.3 -11.8 17 -14
2948.5 200.4 191.1 -8.7 -60.8 -59.5
3.1 30.6 41.4
376.3 -47.1 12.9 2.9 -13.1 -12.7
2218.3 548.7 -282.9 -5.3 16.9 -11.7
2958.9 196.3 184.3 -16.1 -57.1 -51.9
2.9 29.3 45.5
376.4 -47 12.6 3.3 -13.2 -12.2
2223.2 549.2 -282.9 3.5 18.5 -6.8
2965.8 197.2 169 -14.6 -40.3 -27
3.1 29.1 38.5
376.8 -47.4 12.6 3.4 -13.5 -11.8
2233.1 550.2 -278.3 17.1 21.7 1.6
2994.5 215.6 156.4 -25.2 -21.6 13.9
2.9 29.4 37.3
377.7 -47.2 13.9 4.1 -13.1 -11.6
2250.8 539.4 -277.2 33.2 17.6 1.6
3040.1 249.3 142 -49.2 -4.4 62.4
3.4 31.5 48.4
377.8 -48.3 14.1 3.8 -14.5 -12.5
2266.9 537.8 -278.2 51.7 19 2.8
3104.8 303.6 119.9 -87.9 17.1 119.2
4.4 39.9 70.1
377.4 -50.4 13.9 3.2 -16.7 -14.2
2287.3 527.9 -284.1 78.9 14.7 -2.3
3165.3 348.6 102.9 -133 36.1 182.6
5.4 54.2 64.2
376.8 -52.2 14.4 3.7 -19.9 -15.8
2322.3 499.6 -302.3 123.1 -3.7 -17.9
3226.5 380 99.1 -195.7 26.2 207.2
7.9 55.7 68.8
372.3 -54 10.5 5.1 -29 -19.2
2360.5 474.8 -306.3 172 -37 -2.9
3325.6 381.8 104.9 -210.1 22.6 174.2
79.3 108.4 188
407.3 -133.7 85.5 -52.6 8.6 -53.5
2481.9 277.3 -188.1 134.4 -56 10.2
3538.3 190.5 177.4 -237.9 55.7 47.7
88 113 133.4
499.7 -260.9 125.9 -148.9 116.4 -66.4
2585.8 132.4 -88.2 37.1 38.2 -26.5
3788.5 -22.3 97.2 -42.4 -32.5 20.1
283.5 158.7 128.8
630.4 -201.2 83.3 -80.4 304.7 109.5
2640.8 201.4 -141 97.5 105.9 81.7
3915.1 -1.6 39.2 56.2 58.8 72.6
419.7 241.7 186.3
780.4 -23.1 98.9 48.4 593.4 293.5
2733.7 285.6 -123.2 155.6 261.4 167.3
4026.1 99.4 80.7 140.5 219.9 164.6
467.4 296.5 196.6
884.9 132.3 197.3 144.3 802.3 357.1
2804.6 374.6 -73.6 218.8 362.3 224.9
4112.3 204.7 144.4 232.2 310.6 245.4
winner is: 5
