Regression analysis information for: S10_selected_tokens_0081
number of formants: 3
number of coefficients: 5
23.9 123.7 136.8
818.2 -41.4 -44.8 -19.8 -42.1 -20.1
1785.4 -199.3 -213.9 -103.6 -103.5 -67.2
2451.9 -305 229.5 89 -126.7 -73.8
28.7 73.7 69.2
821.2 -48.7 -48.1 -28.7 -42.7 -23.7
1816.7 -191.7 -289 -213.8 -184.4 -105.4
2686.3 -173.3 -106.9 -151.8 -95.6 -39.7
16.1 135.4 98.2
835.2 -20.9 -19.8 -2 -9.1 8.5
1858.3 -110.9 -194.9 -110.6 -68.4 16.7
2694.3 -146.5 -56.4 -105.5 -48.9 15.4
7.4 8.9 41
846.5 2.6 -0.1 13 1.9 14.3
1992 138.5 10.9 29.2 -3.3 6.4
2766.9 -32.2 36.9 -26 -26.7 -16.9
7.6 7.1 10
848.1 9 1.6 17.6 3.9 14.3
1991.5 136.4 8.7 26.8 -4.2 6.1
2789.4 -32.5 -2.9 -34.8 14 -4.5
7.8 6.1 9.2
848.2 14.9 0 22.4 2.8 14.2
1993.3 141.7 9.1 29.3 -3.9 6.5
2793.9 -32.5 2.3 -35.1 15.1 -2.9
8.9 6 9.2
846.9 16.9 -3.2 24.6 0.1 14.9
1996.6 147.7 12.5 34 -1.9 9
2799.7 -29.1 5.4 -32.8 15.8 -3.4
11.2 8.2 9.8
842.5 16 -11.8 27.8 -5 17.2
1999 156.1 13.8 43.9 -0.3 15
2803.3 -25.7 2.9 -27 13.9 -2.5
11.4 12.9 11.9
836.5 4.8 -23.3 21.4 -12 14.1
2003.3 163.6 19.3 54 6.5 24.1
2802.2 -31 -7.7 -26.7 7.4 -3.9
11.8 13.7 21.3
831.1 -9.6 -35.9 11.8 -20.3 9.2
2006.1 162.5 19.1 56.9 8.4 28.2
2798.5 -49.7 -28.2 -37.5 -6.5 -11.8
10.2 10.7 17.7
830.7 -20.7 -40.5 5.5 -21.8 7.9
2003.3 143.2 7.7 47.2 3.3 25.4
2801.8 -61 -37.7 -39.6 -4.7 -6.4
10.1 9.8 16.1
832.2 -26.8 -43.7 1.8 -24.2 7
2004.3 131.4 -1.6 38.2 -4.2 21.2
2809.6 -71.3 -46.7 -46.8 -9.2 -7.8
10 11.7 17
835.9 -30.2 -44.1 -0.3 -25.3 6.4
2011.2 129.3 -2.5 35.7 -6.2 21.3
2821.3 -77.1 -52.7 -53.3 -13.4 -11.1
10.2 9.6 16.4
840.3 -34.1 -45.1 -3.9 -27.4 4.2
2015 119.6 -12.7 22.7 -18.5 11.4
2836.4 -79.1 -56.8 -60.4 -17.2 -14.8
10.7 12 17.9
843.6 -38.3 -44.9 -6.8 -31.2 -0.4
2016.5 109.7 -21.1 11.1 -34.1 -3.1
2849.1 -77.1 -50.4 -59 -21.8 -22.5
10.9 15.3 22.3
844.7 -38.6 -41.8 -6.5 -31.3 -3.3
2022.9 122.8 -7.5 20.7 -29.7 -3.2
2849.3 -85.7 -40.5 -63.8 -24 -39.7
10.7 25.2 29.1
851.3 -35.3 -31.6 -8.2 -29.2 -3.9
2042.8 156.8 25.8 40 -14.9 12.2
2851.8 -93.6 -40.6 -87.8 -43.1 -57.4
15.3 22.6 100.9
874 -21.4 -8.9 4.6 -16.1 7.2
2078.7 199.7 55.6 64.6 -6.2 22.6
2928.8 3.5 51.7 0.9 49.2 35.3
43.2 23.9 103.4
916.7 11.7 29 39.8 0.5 34
2115.1 236.3 57 83.9 -22.8 23.5
3030.8 114 139.8 81.7 121.1 78.6
61.2 63.3 74.6
1030.5 -92.6 168.4 -40.6 91.2 -42.5
2202.4 139.6 130 3 41 -47.7
3168 236.3 195.3 118 119.6 17.3
winner is: 6
