Regression analysis information for: S10_selected_tokens_0064
number of formants: 3
number of coefficients: 5
2.9 16.2 24.8
405.7 -10.1 -5.8 1.8 -5 1.8
1979.1 255.5 130.2 -2.2 -2.5 6.8
2694.6 -25.5 -60.8 8.6 -36.5 -8.5
2.9 11.4 20.3
409 -8.1 -6.8 2.3 -5.8 1.6
1975 237 118.4 -5.1 -4.9 2.5
2700.5 -25.2 -41.7 15.7 -21.8 -1.9
2.7 10.8 18.4
410.1 -6.8 -7.8 2.4 -6 1.2
1982.1 236.7 114.8 -3.9 -4.7 4.3
2711.2 -20.1 -33.1 17.9 -16.5 2.3
2.6 11 20
409.6 -6 -8.8 2.4 -6.2 1.2
1991.5 242.6 113.6 -1.9 -5.5 7.7
2720.6 -11.7 -29.6 22.3 -15.5 8.7
2.5 11.3 21.4
408.6 -6.2 -9.1 2.2 -6 1.1
1999.6 248.2 114 0.6 -3.8 10.8
2729.8 -5.1 -26.1 24.6 -14.8 12.8
2.2 11.9 21.9
406.6 -8 -9.7 1.8 -5.4 1.8
2007.8 255.7 116.8 3.3 -1.9 13.4
2738.6 -0.4 -21.7 25.2 -13.4 14.6
2.2 13 22.2
404.6 -9.8 -9.8 1.8 -4.8 2.2
2014.7 263.4 121.7 6.6 0.8 16.9
2745.4 0.7 -18.7 24.1 -11.8 15.8
2.1 16.3 26.7
401.3 -13.2 -9.4 2.3 -4.3 2.3
2005.8 252.7 125.5 7.2 -6.2 10.8
2715.6 -63.4 -61.8 -11.5 -35.6 -4.1
2.1 26.3 18.4
398.5 -12.7 -7.4 1.1 -3.4 1.8
1915.1 166.2 106.6 -29 -29.4 -22.6
2684 -85.3 -31.5 11.5 -8 1.5
2.1 14.8 18.5
398.5 -12.1 -7.2 1 -3 2
1933.8 209.1 139.6 -4.6 4.5 2.2
2686.8 -80.7 -31.9 0.9 -6.6 -4.5
1.8 15.4 55.8
399.1 -11.4 -7.3 1.4 -2.6 2.3
1978.7 274.9 175.9 24.3 31.4 27.6
2747.2 15.3 56.6 73.3 74.6 59.4
1.6 11.4 43.4
400.5 -10.5 -7.4 1.6 -2.2 2.6
2014.5 302.2 153.3 -2.5 16.4 22.9
2791.5 73.7 87.5 88.5 87.1 59.5
1.5 16.5 39
402.5 -9.6 -8 1.3 -1.8 2.8
2064.5 331.7 106.8 -44.1 8.5 31.7
2844.8 131.2 95.5 69.8 73.2 41.8
1.8 20.9 36.8
404.6 -9.4 -10 0.8 -2.1 2.9
2115.7 341.9 52.1 -63.7 18.3 47.1
2933.6 212.8 64.8 -8.5 35.8 48.7
2.1 24.2 37
406.9 -10.2 -12 1.1 -2.9 2.9
2162.8 321.1 9.3 -48.6 23.6 49.9
2996.8 245.7 34.7 -66.8 15.8 54.8
2.1 48.3 87.4
408.2 -10.5 -15.3 4.7 -5.1 2.8
2264.2 197.6 -6.4 24.3 -36.8 88.5
3062.7 148.6 78.8 -112 3.7 96.1
40.8 30.3 49.4
426.5 -38.1 -6 16.7 -33.5 41.7
2372.6 84.3 -72.7 147.8 -87.4 45.6
3192.1 4.7 57.3 4.2 -136.1 155
80.7 46.8 71.5
480.8 -136.7 67.3 -26.8 -16.5 44.8
2395.7 56.3 -56.1 129.1 -59.9 22.1
3264.7 -61.6 25.9 61.3 -140 80.4
79.8 33.1 50
466.3 -103.3 27.5 18.9 -61.6 85.5
2391.7 76.5 -81.1 155.9 -78.6 37
3280.5 -44.5 -10.7 116.5 -169.3 82.2
66.9 32.6 47.2
450.9 -74 4.2 32.7 -64.4 77.9
2398.3 79.1 -88.1 163.3 -78.5 38.8
3307.3 -41.7 -19.8 140.1 -170.5 82.3
winner is: 3
