Regression analysis information for: S10_selected_tokens_0069
number of formants: 3
number of coefficients: 5
0.5 12.3 6.6
410.9 10.6 -2.7 3.8 -0.2 1.7
1497.1 -115.6 127.8 -24.6 22.5 0.5
2172.9 -109.2 -24 -17.1 30.3 -0.2
0.5 12 6.7
410.9 10.7 -2.4 3.5 0.2 2
1499.8 -116.4 130.5 -26 25 1.2
2177 -111.2 -21.5 -18.9 31.8 0.5
0.6 12 8.7
409.6 9.7 -2.7 3 -0.3 1.9
1498.9 -128.9 134.2 -31.4 26.6 1
2177.1 -120.4 -20.2 -22.8 32.8 -0.3
0.5 11.8 8.5
409.2 8.7 -2.2 2.6 -0.5 1.8
1491.1 -132.8 131.7 -34.7 25.9 1.9
2176.4 -123.9 -19.4 -25.2 34.1 -0.6
0.5 12.6 9.5
409 8.8 -1.9 2.6 -0.7 1.8
1495.4 -140.4 139.9 -37.6 25.5 0.5
2178 -132.4 -14.6 -27.9 33.4 -1.6
0.4 13.4 8.8
409.3 8.7 -1.6 2.5 -0.8 1.7
1499.4 -141.6 144 -38.8 24.6 -0.6
2182.5 -136.4 -10 -29.4 32.5 -1.7
0.4 14.2 6.9
409.9 8.5 -1.3 2.3 -0.9 1.6
1502.1 -137.1 143.5 -37.9 22.9 -1.3
2188.7 -135.2 -7.4 -29.6 31.4 -0.5
0.4 15.4 7.2
410.6 8.9 -1 2.4 -1 1.6
1515.6 -140.2 153.6 -39.3 23.5 -3.2
2197.4 -142.9 -0.6 -33.1 31.1 -0.2
0.4 16.3 6.9
411.5 9.1 -0.6 2.5 -1 1.5
1525.7 -138.4 160.1 -37.9 24.2 -4.8
2205.7 -147.5 5.5 -34.8 31.5 0
0.5 17.2 5.2
412.4 9.3 -0.3 2.3 -1 1.2
1531.1 -129.1 159.4 -37 23.7 -6.9
2211.2 -143.4 5.5 -37 32.3 -0.1
0.5 18.6 6.8
413.4 10.2 -0.4 2.5 -1.1 1.2
1547.4 -128.6 166.6 -35.9 24 -8.3
2219.5 -149.7 7.6 -39.2 31.8 1.5
0.5 19.5 6
414.9 11.1 -0.7 2.4 -1.3 1.1
1557.6 -110.2 161.3 -31 20.3 -8.9
2224 -141.9 -0.7 -37.5 27.6 6.7
0.7 21 7.7
417.1 13.2 -1.5 2.4 -1.7 0.9
1585 -91 164.6 -27.4 14.3 -10.9
2230.7 -148.2 -5.5 -37.9 26 13.6
1 22.5 10.8
420.4 15.1 -2.6 1.7 -2.3 0.3
1622.1 -64 165.3 -33.6 -0.2 -20.2
2234 -165.3 -8.5 -38.9 32.1 25.5
1.6 26 21.9
426 16.8 -4.1 1.1 -2.3 -0.8
1694.2 -14.6 176.3 -49 -30.2 -44.6
2218.8 -212.3 -13.1 -37.3 53.2 55
3.7 33.5 33.6
436.5 16.9 -10.3 1.9 -0.2 -3.6
1804.4 -32.7 151.9 -44 -35.1 -58
2234.3 -278.2 80.3 -111.5 58 74.1
9.6 25.3 225
455.7 11.3 -27.2 7.6 9 -9.2
1940.9 -73.4 -21.8 8.1 66.5 -106.6
2753.6 -737 -90.9 58 164.3 -129.5
10.1 21.2 155
482.6 -2.6 -30.5 5.4 22.6 -17.7
1952.3 -77.9 -27.2 7.5 64 -86.9
3311.7 -480.3 -262.4 -120.5 -348.8 -154.7
9.5 17.8 37.4
494.5 -7.2 -17.4 0.4 24.8 -16.6
1964.8 -75.3 -22.4 4.8 61.2 -85.8
3707.1 141.9 97.5 158 -93.2 -9.7
8.3 15.8 46.2
480.6 15.1 -15.7 11.6 8.2 -0.3
1968.8 -70.1 -25.2 11.8 63.9 -84
3779.1 131.1 12.6 105.5 -140.1 -65.6
winner is: 2
