Regression analysis information for: S10_selected_tokens_0048
number of formants: 3
number of coefficients: 5
11.8 11.6 13.7
525.1 148 34.6 9.7 11.1 18
1104.2 5 103.9 -48.6 26.3 -17.4
2741.9 -40.3 -46.9 6 -17.6 -17.7
10.3 10.8 12.6
523.4 146 35.5 10 9.3 14.7
1105.9 0.6 106.9 -50.5 26 -19
2747.4 -35.7 -46.2 8.3 -13.4 -13
9.7 9.8 12.1
514.3 132.3 28.7 4 2.8 7.5
1102 0 104.3 -49.4 24.9 -21
2756.1 -31.7 -43.8 9.8 -12.5 -10.9
8.8 9.8 12.6
501.3 112.9 12.7 -10.3 -10.4 -4.4
1100.9 -4.9 104.5 -51.9 24 -22.9
2763.2 -29.3 -41.3 10.5 -10.6 -9.7
6.9 9.8 12.3
495 102.5 6.6 -15.5 -14.3 -7.7
1097.7 -4.7 102.1 -51 24 -23.6
2768.4 -29.7 -41.5 8.1 -12.4 -11.9
6.2 9.8 12.6
492.7 98 3.1 -17.6 -15.7 -8.3
1097.1 -5.9 101.5 -51.2 24 -23.7
2772.3 -33.1 -44.7 3.7 -15.4 -14.3
6.1 10 13.1
491.4 95.9 0.3 -20.1 -17 -8.3
1098.5 -9.2 103.4 -53.2 24.3 -23.9
2776.4 -35 -47.5 -1 -16.3 -14.9
4.7 9.9 12.6
492 96.3 0.6 -19.1 -15.5 -6.7
1096.3 -6.7 101.1 -50.9 24.4 -23.8
2781.8 -32.6 -50.5 -1.7 -17.7 -14.5
4.8 10.4 15.5
488.9 92.7 -1.5 -18.6 -14.6 -6.4
1096.9 -9.6 102.5 -51.7 25.2 -23.3
2772.4 -41.2 -61.1 0.3 -15 -16.7
3.8 10.5 11.1
489.3 92.7 -0.2 -16.9 -12.4 -4.3
1095.2 -7.6 100.9 -50.3 25.6 -23.2
2771.6 -45.8 -61.2 3.7 -7.6 -11.3
5.2 10.7 12.3
489.7 92.7 -1.4 -19.6 -14.6 -5
1097.5 -11.5 103.6 -53.2 25.3 -24.4
2780.9 -36.3 -47.6 5.4 -1.5 -3.7
6.4 10.6 13.1
491.5 93.4 -1.9 -21.2 -15.9 -5.9
1095.6 -10.9 101.6 -51.9 24.7 -25.8
2793.7 -22.7 -35 9.1 -0.2 0.9
14.8 53.8 44.1
497.1 101.1 3.6 -17.3 -11.6 0.6
1116.4 21.7 145.3 -13.9 65 10.6
2831.7 14 11.9 42.5 30 36.7
40.8 117.8 88.1
514.5 134.8 37.6 10.4 15.9 29.4
1147.4 94.7 225.3 65.4 142.7 75.3
2898.2 62.4 90.3 98.7 77.8 91.9
62.4 101.6 96.9
512.1 195.4 104.6 31.8 48.8 56.1
1150 138.2 277.2 97.7 183.7 79.6
2994.9 106.5 193.5 167.5 120.7 135.9
191.2 475.3 276
676.4 12 74.9 276.6 42.3 -3.5
1901.7 -522.6 -22.2 779.5 14.9 45.8
3466.2 -273.7 78.6 495.3 79.3 60.8
85.9 284.1 159.3
937.3 26.6 17 44.2 60.8 62.5
2380.7 180.7 -543.2 21 63.1 -43
3690.7 248.7 -205 -44.4 192.2 2.4
34.2 150.8 112.9
965.4 71 39.4 22.2 14.4 1.5
2500.8 96.4 -335.8 -56.5 -116.3 -95.6
3757.5 272.2 -86.8 -115.3 62.7 -36.6
60.8 182.9 118.9
943 109.1 11.8 36.4 23 -22.2
2502.4 -31.7 -287.4 -2.6 -164.8 -74.9
3762.5 231.2 -66.8 -80.4 59.1 -69.8
63.2 229.3 142.6
947.2 102.3 19 30.5 29.6 -26
2574.7 -65.1 -248 101.7 -171 -35.8
3766.8 253.5 -74.2 -46.5 109.3 -92.7
winner is: 10
