Regression analysis information for: S10_selected_tokens_0036
number of formants: 3
number of coefficients: 5
2.1 19.2 64.9
531.8 -80.3 -43.3 -10.3 -4.9 3.8
1752.4 394.6 27.9 -6.2 -57.6 -10.6
2439.2 -143.7 -75.8 53 4.7 105.9
2.4 14.6 64.9
537.4 -77.8 -43.3 -13.2 -6.4 2.8
1758.7 384.7 15 -9.7 -49.5 -5.1
2848.8 38.3 97.2 -41.4 -36.9 -2
2.7 12.6 10.8
541.8 -77.3 -44.2 -15.1 -7.1 2.6
1768.5 385.2 3.6 -13.9 -44.2 0.1
2914.5 -56.3 127.1 -65.6 33 -49.3
2.7 12 7.2
545.5 -77.4 -45.3 -16.3 -7.3 2.6
1778.6 387.8 -5.3 -17.4 -40.6 4
2936.4 -55.3 89.1 -37.4 12.3 -34.9
2.7 11.4 7.4
548.4 -78 -46.3 -16.9 -7.1 2.9
1787.7 390.5 -12.4 -20 -37.8 7.1
2966.1 -62.6 75.1 -26.1 4.5 -30
2.6 10.8 7.9
550.2 -79.3 -47.8 -16.9 -6.8 3.4
1795.2 391.3 -20.5 -23.4 -36.4 9.5
2992.7 -74.1 63.3 -22 -3.5 -29.1
2.7 10.5 8.7
551.4 -80 -49.6 -16.3 -6.7 4
1800.4 391.7 -28.1 -25.7 -35.8 10.6
3012.6 -85.8 49 -20.2 -12.4 -29.5
2.4 10.3 10.4
554.1 -80.8 -49.2 -15.9 -6.9 3.6
1808.5 395.5 -29.3 -24.8 -34.5 11.2
3041.6 -89.5 52.2 -8.7 -17.5 -26.4
2 9.1 11.2
555.2 -83 -49.8 -14.3 -5.6 4.5
1812.8 394.6 -33.1 -23 -30.5 13.7
3059.9 -101.2 48.3 1.8 -18.5 -21.6
2.3 10.4 15.6
557.4 -84 -50.7 -14.1 -5.9 4.5
1819.7 397.1 -36.9 -22.9 -29.9 14.2
3082.7 -106.2 45.6 9.3 -23.5 -20.1
2.2 10.8 22.6
557.3 -86.2 -52.1 -13 -4.4 5.7
1822.5 405.2 -39.4 -21.5 -24.8 18.5
3100.1 -107.8 51.1 18.1 -14.9 -13.6
2.2 11.4 26.9
558.8 -87.2 -51.8 -13 -5 6
1828.8 410.9 -36.8 -20.5 -24.1 21.8
3120.7 -101.4 65.1 28.4 -16.6 -7.1
1.9 11.2 22.8
557.3 -86.4 -51.4 -13.8 -3.7 6.5
1825.4 411.9 -31.7 -16.3 -15.8 28.6
3100.8 -83 77.5 32.4 11.8 8.7
2 11.6 23
559.3 -88.3 -52.9 -15 -3.4 6.4
1834.9 418.1 -34.6 -16.6 -11.1 32.7
3126.7 -77.2 84.1 37.4 22.4 12.8
2.3 12.3 25.5
561.7 -91.8 -54.6 -17.1 -4.2 6.4
1844.2 423.5 -38.2 -16.9 -5.3 40.6
3158.7 -86.6 100 42.8 32.9 27.6
3.1 15 29.3
564.1 -97.8 -58.9 -19.4 -5.8 6.2
1858.5 433 -48.6 -19 -0.1 49.8
3209.3 -104.3 115.3 51.9 37.5 42.7
5.2 18 33.1
564.8 -106 -70.3 -18.8 -9.4 6.6
1874.4 448.9 -68.6 -19 5.6 57.8
3285 -141.9 123.4 79.5 30.6 57.8
10.4 26.4 59.5
549.7 -108.2 -115.9 2.8 -15.5 12.4
1900.1 484 -116.4 -24.3 17.7 63.6
3418.4 -189.1 65.7 153.8 25.5 38.3
306.4 276.1 229.6
798.6 -193.5 -52.7 -154.4 -170.9 -334.8
2214.6 384.6 -29.1 -297.8 104.7 -304.1
3648.5 -138.4 125.1 -48.9 -9.1 -94.2
225.1 254.8 177.9
1351.2 188.7 212.7 25.9 -296.2 -257.9
2452.2 441 194.9 -57.9 313 -115.3
3904.7 153.6 171.2 -9 126.4 -49.1
winner is: 6
