Regression analysis information for: S10_selected_tokens_0050
number of formants: 3
number of coefficients: 5
15.1 22.1 81.7
509.5 138.7 -24.8 -10.9 -22.9 18.7
1007.6 184.7 16 -11.7 9 -17.8
2596.6 -151.6 -229 40.2 -107.6 69
15.9 24.7 41.6
513.2 132.7 -17.4 -16.1 -19.6 15.5
1011 178.6 22.4 -16.6 12.8 -20.6
2634.3 -212.3 -174.5 -12.5 -61.8 31.9
16.6 26.2 20.9
514.4 125.4 -11.1 -19.9 -16.9 11.5
1012.9 173.5 26.9 -20.3 15.7 -23.3
2651.4 -232.8 -157.1 -33.5 -42.8 10.8
17.2 26.4 20
513 124.5 -11.1 -17.8 -18.9 11.6
1012.5 173.1 26.9 -19.8 15.1 -22.9
2658.9 -235 -158.5 -33.3 -45.2 11.3
15 24.7 18.9
513 125.2 -11 -15.3 -19.7 10.8
1011.9 172.1 26.7 -19.4 15.5 -24.9
2670.2 -235.8 -156 -32.5 -46.6 10.4
15.5 23.9 18.7
511.9 130 -15.6 -10.6 -24.4 13.8
1010.4 176.9 23.5 -16 12.1 -20.4
2677.6 -241.7 -160.4 -31.3 -48.6 7.2
12.8 20.2 24.2
509.8 137.2 -20.9 -4.1 -28 15
1006.7 183.5 18 -11.2 8.7 -17.7
2680.1 -232.9 -171.7 -18.8 -55.5 8.3
12.2 19.9 23.5
512.4 133.2 -18.1 -4.7 -28 12.7
1006.7 180.5 19.9 -14 10.6 -19.9
2692 -241.5 -164.7 -16.8 -59.3 2.1
12.4 20.1 27.7
514.2 133.5 -18.5 -3 -29 12.7
1005.4 181.4 20.8 -16.1 11.6 -19
2696.1 -238 -174.1 -6.1 -65.7 3.2
13.2 20.6 27.2
516.1 134.6 -18.3 -3.1 -29.3 13.1
1003.9 182 22.4 -18.5 12.3 -17.8
2704.8 -237.7 -178.5 -8.8 -63 0.7
14.4 21.6 27.5
515.6 139.1 -19.1 -4.3 -30.9 15.4
1004.4 182 21.6 -15.2 9.8 -16.7
2707 -233.5 -183.1 -22.6 -56.5 1.5
16.3 22 24.2
516.9 140.7 -16.2 -4.1 -34.4 16.1
1001 181.4 23.8 -16.1 8.8 -15.5
2722 -235 -187.8 -29.4 -52.8 -1.3
20.2 23.4 21.8
515.8 140 -9.6 -1.2 -41.6 15.9
993.4 180.7 23.7 -16.6 7.2 -14.9
2739.1 -240.4 -189.4 -38.5 -50.3 -1.4
43.2 26.4 22.1
486.1 147 19.3 -28.9 -34.6 13.5
964.8 197.6 27.3 -46.4 30.6 -26.1
2764.7 -253.9 -193.5 -33.4 -63.6 4.4
133.2 445.2 315.6
687.4 62.3 -149.9 133.2 17.1 0.1
1999.7 -418.6 -593.6 646.7 11.6 137.4
3301.3 -411.2 -370.9 271.3 -31.1 14.6
46.2 180.3 85.3
873.1 284.2 -74 22.3 -33.6 10.5
2335.7 145.1 -433.4 151.4 -194.7 120.4
3641.6 202.9 -126.6 120 -77.8 32.2
24.4 155.2 127.6
889.5 244.9 -46.5 -3.9 -7.1 -16.8
2358.6 -153.1 -209 102.6 -44 37.4
3672.9 48.1 -34.4 49.4 -23.5 -29.5
28.7 197.2 138.6
884.2 251.7 -49 -3.1 -6.5 -17.8
2424.5 -212.1 -258.7 184.5 -117.9 65.8
3710 -13.3 -25 48.3 -35.4 -30.5
30.5 238.1 135.6
881.4 258.6 -53 -1.6 -6.2 -18.2
2563.3 -319.3 -370.2 354.3 -238.9 115
3768.3 -90.2 17.5 69.6 -114 72.4
29.3 214.9 122.8
884.9 256.1 -51 -7.2 -3.6 -18.1
2698.5 -388.6 -490.5 398.6 -177.9 64.2
3808.2 -127.2 61.5 71.4 -131.6 93.5
winner is: 8
