Regression analysis information for: S10_selected_tokens_0031
number of formants: 3
number of coefficients: 5
2.6 131.2 87.1
396.2 -38.5 17.1 -8.2 7 -6.6
1888.3 385.5 -187.5 -303.4 -309.8 -3.8
2567.6 -117.6 -51.6 -376.3 1.1 -122.1
2.5 120.9 70.3
396.5 -38.2 16.7 -7.1 6.8 -5.9
2048.4 387.9 -342.1 -186.2 -153.2 2.1
2664.7 20.5 116.3 -234.2 113.4 22.8
2.4 57.7 78.1
397.5 -39.1 17.2 -6.6 6.9 -5.5
2188.8 382.7 -474.2 -92.2 -103 -33
2713.6 -6.7 78.2 -171.9 92.4 30.4
2.4 43.5 19.8
398.6 -40.2 17.5 -6.4 6.9 -5.2
2197.5 372.4 -473.6 -74 -116.2 -42.9
2805.2 -112 17.1 -5.3 -14.4 -5.9
2.4 41.4 15.1
399.5 -41.3 17.9 -6.3 7 -5
2201.2 372 -465 -72.3 -121.8 -40.3
2810.1 -114 23.3 -11.5 -7.2 -7.8
2.3 41.9 14.9
400.6 -43.2 19 -6.6 7.1 -4.9
2197.8 365.8 -474.2 -75.8 -125.5 -45.9
2822.4 -120.6 26.8 -19 -2.4 -5.1
2.2 42.2 15.7
400.9 -44.3 19.6 -7 7.3 -4.7
2205.3 365.9 -472.7 -72.5 -126.9 -48.3
2835.5 -127.2 28.8 -27 0.5 -1.5
2.1 47.6 20.4
400.7 -45.2 20.8 -7.3 7.2 -4.8
2216.9 368.8 -481.7 -75.8 -118 -44.8
2842 -133.4 39.4 -35.1 -4.3 1.1
2.2 45.7 23.7
400.4 -46.1 21.5 -7.6 7.7 -5.1
2215.3 371 -474.8 -80.8 -125.8 -46.9
2835.7 -149 53.5 -29.7 6.5 -0.7
2.2 42.3 12.7
400.3 -46.7 21.9 -8 7.8 -5
2201.8 362.6 -458.9 -78.4 -130.5 -40.3
2827 -162.3 70.9 -22 12 -10.6
2.3 37.6 13.5
399.5 -46.2 20.8 -7.9 7.6 -4.8
2186 333 -461.1 -77.1 -122.1 -18.7
2818.8 -165 62.6 -27.8 7.3 -12.4
2.2 46 25.1
399.9 -46.3 20.7 -8.1 7.2 -4.7
2209 353 -473.9 -97 -138.8 -35.5
2829.8 -155.5 40.1 -44.8 2.4 13.6
2.1 57.3 27.5
401 -46.6 20.8 -8.5 7.2 -4.6
2237.9 367 -478.3 -76.6 -129 -56.6
2882.5 -129.7 5.8 -95.5 -9.8 23.6
2 62.7 30.7
402 -46.5 20.9 -8.2 7.1 -4.6
2266.1 384.7 -464.6 -45.7 -120.1 -64
2938.4 -113.3 -18.1 -133.9 -18.4 7
2.5 67.7 40.4
401.9 -43.9 19.1 -5.8 5.8 -3.8
2303.5 415.9 -431.7 3.1 -107.2 -51.8
2984.4 -125.8 -22 -158.4 -31.3 -20.9
9.1 67.6 40
393.5 -25.8 4 7.7 -1.9 -0.5
2316 427.5 -432 37.5 -109.6 -37.8
3036.2 -148.4 32.1 -147.2 -7.7 -39.1
81 198.1 178.2
515.9 -258.4 209 -151.9 105 -50.1
2535.7 50.4 -69.4 -219.9 117.6 -170.9
3235.6 -276.9 329.4 -227.9 144.3 -67.2
53.2 84.2 90.3
534.2 -289.9 235.5 -168 113.5 -51.3
2515.5 135.3 -150.1 -84.3 -8.8 -11.2
3256.5 -42.1 301 -66.4 119.9 32.2
53.6 76.5 80
536.7 -291.5 235.8 -163.8 107 -41.5
2568.1 59 -84.3 -112.1 9.2 -4.5
3334 -4.4 344.1 -68 122.6 57.2
51.8 87.8 80.1
543.2 -301.3 242.4 -164.7 103.3 -33.7
2607.9 -0.3 -37.9 -133.7 18.9 2.6
3397.4 55 342 -85.6 105.6 60.8
winner is: 11
