Regression analysis information for: S10_selected_tokens_0115
number of formants: 3
number of coefficients: 5
3.4 34.5 53.4
946.8 57.9 -49.3 2.9 -7.6 -1.9
1686.4 -139.2 -70.2 -92.5 -60.1 -27.6
2067.5 -191.1 60.6 -74.5 137.6 -70
2.6 24.4 98.4
953.6 58.4 -47.1 4.7 -8.5 -1.1
1729.8 -62 -1.5 -31.3 -15.6 -0.9
2356.8 -194.3 -44.2 -93 -9.4 -13.6
1.9 12.8 58.9
960.3 57.7 -45.4 6.1 -9.9 -0.7
1752.6 -34.7 18 -16.3 -11.7 -7.8
2448.9 -190.4 -102.8 -66.8 -34.9 24.7
1.7 13.5 55.1
961.5 58.1 -45.4 7.6 -10.4 -0.4
1763.2 -27 26.1 -9.9 -14.2 -11.5
2460.3 -174.1 -85.4 -56.5 -24.1 27.8
2.1 11.3 14.6
963.8 58.7 -45.9 9 -12.8 -1.1
1766.4 -28 23.9 -8.1 -13 -9.3
2488 -131 -49.8 -44.4 -32.8 1.1
4.1 15.5 11
964.5 59.3 -49.1 9 -14.6 -3
1768.6 -30.2 14.1 -10.2 -16 -13.9
2495.4 -123.5 -44.7 -40.8 -34.1 -3.9
5.5 18.6 11.9
965.1 61 -52.1 9.5 -15.1 -4.2
1771.5 -27.5 4.2 -9.9 -16.6 -17
2497.8 -119.9 -50.6 -38.7 -34.8 -5.4
7.1 24.1 11.8
964.8 62.2 -56.6 8.5 -16.3 -6.2
1774 -29.2 -8.6 -14.2 -21.9 -23
2501 -117.2 -57.4 -35.4 -33.7 -4.2
6.7 21.3 11.1
968.9 62.8 -55.1 10.4 -14.9 -4.8
1784.3 -21.3 -7.2 -7.5 -14.5 -18
2507.9 -114.1 -61 -35 -35.8 -5.6
6.4 23.9 11.9
970.3 63.8 -57.4 10.5 -14.8 -4.8
1791.8 -24.1 -14.3 -10.1 -17.6 -20.5
2515.3 -117.7 -64 -34.3 -34.1 -3.7
5.2 18.6 12
975.5 62.9 -55.1 11.8 -13.1 -3
1806.2 -19.8 -8.8 -4.6 -8.1 -14.3
2526.3 -123.1 -63.4 -39.1 -34.3 -7.3
4.6 20.7 12
977.1 61.3 -57.9 11 -13.2 -2.6
1813.7 -30.6 -18.6 -11.1 -13 -17.3
2534.2 -135.7 -67 -42.8 -33.2 -6.1
4 14.7 11.3
982.3 58.1 -55.5 10.8 -12.6 -1.3
1827.3 -31.6 -12.3 -9.1 -5.8 -11.9
2545 -145.6 -63.8 -50.5 -33.7 -10.5
3.6 10.1 9.6
982.2 56.2 -52.6 12.7 -9.2 3.6
1828.3 -42.2 -3.2 -5.7 0.5 -0.4
2543.1 -167.3 -60.3 -56 -31.4 -5.6
4.8 7.6 9.1
984.5 53.2 -49.9 13.1 -7.6 5.9
1835.7 -46.3 7.2 -1.7 8.4 8.5
2546 -184 -57.9 -65.4 -33.2 -10.2
5.7 12.3 12.9
987.3 54.1 -45.6 13.3 -5 6.4
1845.3 -37.7 23.3 3.3 19.1 14
2548.4 -192.9 -54.9 -76.3 -33.4 -19.4
4.9 14.5 13.6
987.6 54.4 -43.6 11.7 -8.1 5.6
1845.3 -28.5 30.1 3.1 15.9 15
2548.7 -182.3 -53.4 -76.3 -39.3 -21.4
6.7 22.7 100.7
990.9 60.2 -43.7 14 -5.1 5.1
1861.6 -10.1 36.9 15 28.2 19.6
2597.8 -98.7 28.2 7.4 48.5 58.2
4.3 20.3 18.1
1004.9 58.4 -48.8 11.5 -11.8 -2.3
1899.8 -2 22.4 11 18.3 2.7
2571 -190.5 -62 -84.4 -43.9 -35.9
7.3 30.6 22.3
1039.4 60.5 -52.9 21.5 -13.5 -4.1
2021.4 16.9 -18.3 38.9 14 -16
2597.3 -226.1 -58 -88.5 -55.9 -52.5
winner is: 15
