Regression analysis information for: S10_selected_tokens_0103
number of formants: 3
number of coefficients: 5
8.2 38.5 65.5
917.3 16.3 -79.1 -21.3 -14.3 0.3
1755.9 -76.8 98.1 35.5 -40.5 -39.9
2136.3 -339.2 230 -105.9 85.4 23.9
6.9 19.4 58.3
924.8 20.1 -80.6 -24.2 -16.3 1.1
1772.2 -56.6 102.1 35.3 -22.8 -12.5
2314.9 -275.7 210.5 -55.4 -69.7 -25.1
6.4 12.2 53.3
931 23.1 -84.4 -26 -16.1 2.2
1788.4 -41.7 106 41.8 -8.7 4.7
2563.3 -113.6 173.1 16.5 -140 -67.7
6.2 11 26.1
935.2 25.4 -90 -27.6 -13.9 4
1799.8 -37.5 99.3 40.5 -6.2 8.5
2669.5 -45.2 90.1 19.6 -7.8 6.7
5.9 10.1 14.5
939.1 27.7 -95.1 -28.1 -12.3 5
1808 -35.8 92.3 39.3 -3.2 9.3
2682.7 -48.1 69.4 18.9 12.8 6.6
5.9 9.9 14.8
940.8 29.1 -99.2 -27.1 -11.2 5.7
1813.2 -34.5 87.8 40 0 8.7
2687.6 -47.7 70.1 17.9 12.3 6
6.6 9.6 15.4
941.3 31 -103.3 -25.2 -10.9 6.5
1816.5 -32.9 83.5 41.9 3.1 7.5
2692 -46.5 68.8 18.3 14 4.6
10.8 12 15.3
938.4 37.5 -112.1 -18.6 -16.6 11.7
1815.1 -26.9 73.7 48.3 -0.5 10.5
2692.8 -41.1 62.2 22.7 12.7 5.5
10.9 13.5 14
940.9 36.9 -111 -18.4 -16.2 11
1815.5 -29.3 70.5 49.5 -0.4 11.4
2692.9 -41.5 55.9 24.3 9.9 6.4
10.9 13.9 13.4
942 36.2 -110.8 -18.5 -17.1 10
1819 -31.9 71.3 50 -2.7 10.2
2697.8 -43.8 56.4 24.2 7.3 5.6
11.2 14 13.8
941.9 36.2 -112.9 -18.4 -18.7 10.7
1826.1 -33 73.9 50.9 -6.3 10.5
2707.9 -45.3 62 23.8 5.1 6.2
10.6 14.2 14.7
945.4 35.2 -111.7 -19.9 -18.8 10.2
1835 -36.6 77.5 49.6 -9 10.9
2719.6 -49 67.6 20.1 1.3 5.7
9.2 14.5 15.3
952.2 33.3 -107 -22.5 -18.1 8
1845 -43 83.1 46.8 -10.6 10.8
2731.7 -54.8 73.8 14.2 -3.4 2.9
8 14.4 16.7
955.1 30.7 -101.7 -24.2 -18.7 7.3
1852.5 -49 94.7 45.7 -14.3 13
2741.1 -61.1 87.7 11.7 -7 4.2
7.8 15.3 17
955.3 28.2 -94.9 -26.9 -18.4 8.8
1854.2 -54.2 107.3 41.1 -13.7 19.6
2742.6 -68 101.6 7.7 -4.3 11.5
7.2 15.4 18.4
960.6 26.6 -97.1 -29.8 -15.8 7.9
1863.9 -56.8 103.7 38.4 -12.5 18.5
2753.1 -69.4 98.5 3.1 -4.6 9.3
7.7 16.6 19
968.6 26.8 -105.8 -30.2 -14.1 8
1878.6 -59.1 92.7 40.3 -15.4 18.6
2767.4 -68.9 90.2 2 -11.3 8.1
10.7 20.6 23
980.4 25.5 -121.3 -28.8 -8.9 9.1
1904.7 -63.2 76.5 48.1 -15.6 21
2788.9 -68.6 88.1 4.4 -17.2 12.4
13.4 32.7 27.5
1001 20.1 -138 -27.5 -0.1 6.3
1949.1 -78 42.1 60.5 -3.3 19.4
2811.1 -74.4 93.8 1.6 -29.1 14.6
15.5 56.7 50.8
1027 11.3 -154 -24.1 7.6 3.2
2031.7 -107.9 -37.9 99.5 29.2 5.9
2846.3 -84.5 92.1 -3 -31.3 28.8
winner is: 5
