Regression analysis information for: S10_selected_tokens_0109
number of formants: 3
number of coefficients: 5
14.2 31.8 105.9
930 26 -94 0 -34.1 7.9
1693.4 -187 -23.5 16.8 -32.8 -17.5
2106 -265.4 243 -4.6 1.8 1.7
15.2 21 50.2
937.8 26 -91.8 -0.2 -31.5 7.6
1779.7 -79.2 -21.1 -20.4 -29.8 2.8
2254.8 -480.8 182.7 174.4 -73.4 -23.9
15.5 9.9 65.5
940.8 28.8 -94.1 0.7 -29.6 8.8
1843 27.8 53.4 23 -8.9 6.8
2359.3 -452.8 34.9 180 13.1 -69.8
15.9 7.7 115.7
945.9 31.1 -92.2 -0.5 -26.6 8.2
1848.5 33.8 63.7 33.8 3.2 14.3
2586.9 -178.7 44 152.7 55 -85.1
15.4 6.9 54.1
946.5 36.2 -94.6 0.2 -25.8 8.7
1850.3 37.3 61.4 32.8 3.2 12.2
2701.8 -37.3 50.7 75 12 -56.2
14.8 6.5 11.8
947.1 38.8 -95.2 -0.9 -25.3 9.6
1851.9 42.8 60.8 30.6 4.2 12.8
2747.2 -2.1 -6.1 -2.1 7.1 7.9
15.1 7 11.3
945.2 42 -99.8 0.6 -26.8 12.2
1853.9 51.4 58.1 33.5 2.7 16.9
2747.9 4.8 -4.1 1.9 9.2 7.3
15.2 7.4 9.8
947.7 40.5 -98.1 -0.5 -26.1 12.2
1855.3 49.8 56.7 32.2 3.3 17.9
2750.1 9.2 -6.7 3.4 7.5 9.8
15.2 7.9 10.2
948.4 38.7 -98.2 -0.6 -25.8 12.3
1858.2 46.6 56.9 33.1 4.2 18.9
2755.9 7.1 -6.4 4.6 8.2 11.8
15.3 8.1 10.9
947.4 36.9 -100.2 0.3 -26.2 12.5
1861.9 42.6 58.8 36.5 5.2 19.9
2763 -0.7 -3.6 7.2 10.8 13.1
15.5 8.5 11.9
950.6 33.1 -96.8 -0.5 -25.3 11.1
1864.3 31.9 60.1 36.4 6 17.5
2769.3 -14 -1.9 8.8 10.9 10.6
15.3 8.2 12.6
950.8 30.9 -97.7 0.3 -25.4 10.7
1870.5 27.6 64.1 39.9 6.6 16
2778.5 -24.7 3.6 13 13.1 7.7
15.1 7.2 12.7
952.7 27.5 -96.6 -0.6 -24.9 9.5
1874.8 19.5 65 38.3 5.9 13.3
2784.9 -37.3 4.4 11.8 11.6 3.8
14.9 6.7 12.3
956.9 23.9 -93.4 -2.5 -24.3 7.9
1879.6 11.7 64.1 33.3 2.8 9.5
2792.8 -45.7 2.5 7.8 5.6 0.5
14.4 7 12.4
958.5 22.9 -94.2 -3 -24.3 7.8
1890.3 14.7 68.1 33.4 1.7 8.8
2807.1 -44.6 6.6 7.2 5.1 0.1
14.6 7.5 12.1
962 22.9 -94.5 -2.5 -24.4 7.8
1901.6 20.2 68.6 34.9 -0.8 8.3
2822.7 -38.8 4.6 9.7 2.6 0.3
14.3 8.2 11.3
965.7 24.7 -95.4 -1.7 -24.9 8.1
1914.3 30.5 68.9 36.9 -3.6 8.2
2839.2 -27.4 2.2 12.3 -0.5 1.4
15 9.9 10
972.4 25.5 -94.4 -1.3 -25 8.1
1928.6 38.4 68.1 37.7 -7 7.5
2858.5 -17.4 -1.8 15.1 -4.6 3
14.8 13.2 12
977.7 25.4 -96.1 -1.1 -24.8 8.6
1949.8 48.7 71.5 39.2 -8.8 7.4
2884.4 -8.9 0 17.2 -3.3 4.3
15.3 17.5 17.2
989.2 23.1 -91.9 -1.8 -22.6 8.9
1974.9 56.3 77.2 40.7 -8.5 8.7
2917.5 4.8 6.9 24.2 0.4 10.9
winner is: 8
