Regression analysis information for: S10_selected_tokens_0025
number of formants: 3
number of coefficients: 5
4.2 28 25.4
434.2 -103.1 35.3 -24.8 0.6 -5.8
1174.9 -106.4 27.4 102.5 -100.2 24.7
2326.6 538.1 -267 56 -13.5 -26.9
5.7 321.5 204.8
444 -115.6 43.5 -29.7 4 -10.2
1311.8 -112.4 -147.9 73.4 69.8 129.6
2458.4 371.2 -171.2 -149.3 255.3 -184.9
5.4 140.5 85.2
453.3 -122.4 52 -32.6 6.6 -11.1
1764.5 -318.4 -605.7 164.3 291.4 117.5
2918.3 -221.1 1.4 -147.3 138.9 43
5 117.5 43.3
462.6 -131.8 59.3 -35.3 5.1 -11.1
2176 308.4 -500.1 -194.6 -191.7 -194
3068.5 22.4 18.5 -233.7 -117.7 -78.7
4.2 74.9 33
467.3 -129.2 63.7 -33.8 5 -9.4
2260 454.8 -348.4 -59.8 -89.3 -114.7
3049.2 7.8 16.4 -202.9 -90.8 -73.3
3.6 63.8 30.4
469.5 -127.4 65.7 -32.8 3.4 -7.7
2264.3 454.5 -342 -46.5 -79.7 -101.8
3053.1 -14.3 17.4 -184.5 -66.7 -63.2
3.7 60.3 31.2
467.7 -122.2 64.2 -31.2 2.7 -7.4
2270.6 458.6 -337.1 -36 -74 -95.4
3073.6 -24.1 21.2 -181 -60.8 -63.3
5.2 76.9 30.5
460.5 -116.7 56.5 -27.3 -2 -6.2
2260.3 447.6 -363.2 -57.1 -90.2 -115.1
3101.1 -43.9 18.2 -206.6 -62.5 -68.6
4.3 63 33.9
450.3 -104 50.2 -22.4 1.3 -5
2282.1 486.8 -334.1 -31.1 -60.8 -97.4
3126.4 -12.2 32 -237.1 -59.4 -71.6
4.4 98.1 59.4
443.3 -105 43.1 -21.9 -2.2 -4.3
2252.9 465.6 -383.6 -94.8 -99.2 -146
3128.9 0.9 51.4 -318.3 -69.1 -78.7
3.7 84.8 69.1
440 -100.6 40.4 -19.9 -2.6 -3.7
2235.4 435.3 -411.2 -125.9 -123.2 -155.2
3015.4 -50.7 84.3 -243.4 -78 -91.4
3.6 82.6 58.6
440.3 -102.2 39.6 -19.7 -3.8 -3.9
2219.5 422.4 -425.8 -135.8 -132 -162.9
3034.9 17.4 20 -279.6 -162.7 -79.8
2.7 82.3 36.4
441.4 -99.7 40.8 -18 -2.5 -2.9
2254.6 452.3 -388.8 -84.1 -112.5 -145.6
3081.7 21.7 -0.6 -279.5 -151.2 -83.1
2 50.4 124.2
444.7 -101.9 43.3 -16.7 -1.6 -1.9
2310.8 546 -305.4 14.7 -25.7 -71.1
3216.5 104.3 97.2 -179.2 -20.6 -2.5
2.9 29.3 105.7
448.3 -102.3 46.2 -13.8 -0.2 0.3
2346.8 569 -281.5 63.3 -7 -47.8
3385.4 179 170.7 -53.4 78.6 9.2
4.5 30.3 83
452.3 -103.3 49.8 -11 1.8 2.9
2361.8 552.8 -289.4 77.6 -18.9 -44
3512.9 146.1 168.5 14.4 113.6 -41.5
2.8 30 79.7
452.9 -107.6 48.5 -12.9 -0.7 1.9
2380.7 532.5 -284.9 96.8 -31.8 -27.9
3572.1 81 158.1 57.9 122.2 -28
3.4 31.1 73.5
455.1 -114.4 48.9 -14.6 -3.7 1.8
2385.4 527.5 -288.9 101.5 -39.8 -23.4
3632.9 52.2 187.2 78.8 125.5 -8
4 28.7 77
454.1 -113.1 47.6 -15.1 -4.7 2.1
2397 520.9 -283.1 107.1 -46.2 -14.6
3658.2 50.3 181.8 72.4 115.8 -5
5 29.3 75.6
454.3 -114.7 46.5 -15.9 -5.7 0.7
2393.8 532 -290.4 101.2 -45.3 -22.8
3693 74.4 190.5 62.9 113.7 -7.8
winner is: 1
