Regression analysis information for: S10_selected_tokens_0052
number of formants: 3
number of coefficients: 5
7.9 19.9 90.2
523.2 103.6 -36.2 -27.9 -29.5 2.2
1407.7 -5.4 256.1 -77.6 54.8 -22.7
2732.9 -60.8 -79.5 -47.3 -45.1 -93
7.2 15.6 20.5
524.7 106.1 -30.9 -20.1 -26.5 2.8
1413.2 0.1 264.7 -69.4 60.7 -16.9
2782.8 17.9 4.8 35.3 34.7 -10.1
6.1 16.5 18.7
522.4 105.1 -25 -13.7 -22.6 3.3
1409.4 1.3 263.5 -66.5 62.8 -17.4
2790.4 11.7 3.4 35.4 30.4 -9
5.9 16.5 18.6
518.4 102.6 -23.7 -11.7 -21.1 2.9
1408.2 0.3 264.9 -65.2 64.1 -17.2
2798.7 8.8 6.4 37.3 30.4 -8
6.9 15.2 19.2
514.2 99.9 -26.6 -13.3 -22.1 1.5
1410.4 -2 268.4 -65.6 63.5 -16.3
2807.1 7 12.4 38.6 33.9 -8.7
7.1 15.1 17.8
513.6 99 -26.7 -13.7 -22 1.4
1410.6 -2.3 269.5 -65.7 63.8 -16
2813.9 5.4 14.5 41.6 33.3 -6.4
7.7 14.9 15.9
514 98.5 -28.1 -15.3 -22.6 0.9
1411.5 -3 270.3 -66.5 63.4 -16
2822 4 15.2 44.3 32.5 -3.4
7.5 15.1 14.4
514.9 99.3 -27.2 -17.3 -22.2 0.8
1407.9 -0.7 268 -67.4 64.9 -17.2
2826.9 4.3 13.9 43.4 32 -1.7
8.4 14.7 12.8
514 99.3 -30 -20.7 -24.5 0
1411 -3.4 271.8 -70.5 62.1 -18.4
2830.5 5 10.8 38.6 32.3 -6.4
8.4 14.2 9.5
515.2 101.3 -28.6 -22.2 -25.4 0.9
1412.3 -3.9 276.2 -70.7 61.7 -18.4
2839.7 5.9 16.3 37 35.7 -1.4
8.3 15 9.2
516.3 102.6 -25.7 -23.4 -26.7 1.4
1408.7 -4.2 276.6 -70.3 61.9 -20.1
2845.9 0.4 15.2 33 33 -1.5
9 14.9 8
515.8 103.1 -24.6 -24.5 -27.6 1.8
1409.2 -6 277.9 -71.5 62.2 -19.5
2849.1 -7.8 17 32.7 27.8 -2.2
9.4 14 7.5
515.5 104.2 -26.7 -25.5 -28.7 0.7
1413.3 -9.2 283 -72.1 60.6 -19.4
2855.1 -11 19.4 33.8 23.8 1.8
10.5 14.9 8.4
507.4 109.2 -8.3 -29.4 -37.7 1.7
1403.7 -8.7 294.1 -70 59.7 -23.5
2869.9 -16 19.1 33.9 23.8 6.4
19.5 15 7.2
496.3 120.7 4.1 -48.7 -37.3 16.8
1402 -5 298.7 -78.4 66.8 -20.5
2880.4 -21.1 27.5 41.2 22.2 9.8
26.9 16 8.2
469.9 139.4 14.1 -82.1 -26.2 11.9
1395 -3.8 304.2 -87.7 76.3 -24
2898.3 -19.3 44.6 48.8 24.6 18.4
253.5 439.8 260.6
763.6 158.8 56.3 310 -74.8 25.5
1997.5 -107 203.7 687.3 5.3 -61.9
3299.7 -4.1 59 539.1 15.8 28.1
194 386.3 227.6
922.3 224.5 2.3 441.6 40.9 72
2299.7 -159.3 -201.2 617.8 61 -32
3471.7 -59 -206.5 425.1 22.9 20.1
118.7 125.2 53
1134.9 239.6 -14.4 167.1 -118.2 180.3
2695.5 3.4 -262.8 109.3 -218.3 131
3691.6 142.7 -284.9 78.4 -147 55.4
127.3 83.5 52.1
1136.9 228.3 1.6 161.8 -110.6 179.3
2618 91.1 -271.8 117.8 -171.8 81.3
3653.8 171.2 -237.9 63.3 -109.7 58
winner is: 13
