Regression analysis information for: S10_selected_tokens_0011
number of formants: 3
number of coefficients: 5
33.7 142.3 158.9
678.3 15.3 -60.1 16.4 -20.6 -6.6
1883.8 -129.4 156.7 261.3 97.5 -26.4
2444.3 -83.5 -12.7 413.2 43.3 -111.6
14.8 62.8 133.8
697.9 36.2 -36.7 31 -8.6 1.5
1981.4 -14.2 102.8 158.3 49.1 -29.7
2656.1 -91.3 18.1 174 -57.8 -135.9
16.6 111.3 139.3
695.7 25.3 -41.8 30.4 -0.1 13.3
1973.2 -58.5 20.7 102.2 85.3 80.6
2755.7 -171.6 66 57.5 -29.1 -48.6
15 23.1 69
701.1 26.2 -40.4 26.5 -4.1 7.8
2033.1 37.4 63.7 103.6 58.9 33.6
2844 -62.5 74.8 -3.6 -31.1 -45.9
21.6 10.3 59
700.7 19.2 -46.1 17.5 -13.8 -1.6
2044.6 48.7 70.5 103.7 53.3 24.2
2887.6 12.5 105.2 3.5 -65.8 -96.3
91.3 14.4 49.4
742.9 96.4 35.1 94.2 64 74.2
2058.4 62.7 84.8 115.9 65.8 36.1
2938.7 89.2 175.8 75.2 3.9 -25.7
91.7 9.4 48.5
739.5 87.1 27.9 85.9 54.1 68.1
2063.8 59.1 80.4 109.1 58.1 28.7
2956.4 90.3 172.4 67.9 -6.1 -37
86.1 10.3 55.5
733.9 80.2 19 79 45.4 61.1
2072.6 64.2 83.8 110.6 57.1 27.6
2979.1 94.5 176.8 62.8 -16.5 -49.5
92.6 12.6 61
727.3 71.5 12.7 76.7 45.7 65.8
2079.6 69.8 87.9 113 55.1 25.4
3000 103.8 184.5 62.9 -24.7 -59.7
98.9 13.7 73.7
727.6 69.6 11.4 79.6 49.4 72.2
2087.4 72 86.2 112.1 51.9 23.7
3014.1 100.8 175.3 53.4 -38.3 -70.1
111.5 14.8 36.1
748.7 116.4 52.7 123.6 88.9 108.3
2098.9 86.3 92.3 117.1 51.1 22.7
3082.6 202.8 262.9 128.2 18.7 -19.9
60.6 15.7 27.6
705.2 30.6 -30.5 47.4 20.1 50
2103.9 84.9 88.8 112.1 47.5 21.1
3102.4 215.5 269.3 129.5 15.7 -21.8
66.9 15.3 24.5
711 51.9 -6.3 65.4 40.6 69.6
2096.2 84.9 100.1 108.1 45 28.6
3095.4 220.2 292.8 114.8 -5.2 -18.5
108.9 77.3 85.9
761.2 154.4 90.6 152.3 115.4 121.8
2121 145.5 164.6 171.2 104.1 70
3117.3 278.7 360.8 182.8 61 28.1
73.3 25.8 49.2
694 37.3 -21.8 56.8 40.6 65.1
2053.7 65.3 86.2 118.4 74.4 44.7
3025.6 201.3 273.9 141.3 64.2 22
115 86.8 102.1
727.9 99.5 38.5 115.2 94.6 109.2
2092.2 132.6 148.2 188.8 143.1 97.8
3065.5 263.4 323.1 208.1 126.2 67.4
105.4 81.4 105.3
705.1 41.8 -19.8 64.1 50.4 73.8
2114.8 126.5 129.8 174.2 141.8 100.4
3104.4 251.4 300.9 187.6 113.4 57.3
31.4 24.3 64.7
665 -75.1 -143.1 -50.8 -68.2 -35.6
2156.7 69.1 44.9 81.7 42.2 12.5
3211 189.6 203.6 88.8 -20 -70.5
93.9 60.7 92.4
750 26 -53.7 36 4 36.8
2293.9 175.9 115 119.8 68.5 48.4
3439.8 325 237.7 132.4 19.9 -30.8
138.4 95.1 88
928.4 310 209.2 275.9 203.5 207.5
2423.6 339.3 272.9 261.2 202.4 169.5
3591.4 469.9 347.1 259.3 161.5 97
winner is: 5
