Regression analysis information for: S10_selected_tokens_0074
number of formants: 3
number of coefficients: 5
4.6 11 14.3
395.8 -12.4 -17.2 -1.6 -10.7 -2
2116.2 228 28 -68.5 4.5 2.5
2631.2 106.5 131.4 16.5 20.7 -5.3
4.1 10.5 12.8
395.9 -12.8 -16.3 -1.7 -10.2 -1.3
2122.1 232.7 29.1 -67.8 6.3 3.7
2638.8 107.9 128.8 16.1 18.1 -5.9
4.8 11.1 12.9
394.4 -14.4 -18.3 -2.6 -11.5 -1.5
2128 237.1 29.8 -69 6.1 7.3
2651.6 110.4 134.6 14.9 17.8 -5.6
4.6 11.1 11.5
394.5 -15.2 -17.9 -3.1 -11.1 -1.6
2132.6 240.7 30.1 -69.3 7.2 7.8
2657 109.9 133.1 14.5 15 -5
4.7 12.4 10.3
394.1 -16 -18.6 -3.5 -11.4 -1.7
2134.3 238.1 23.8 -74.6 2.5 5.2
2661.3 106.9 127.6 12.6 8.5 -5.3
4.7 13.4 11.1
394.4 -16.2 -18.9 -3.7 -11.5 -1.8
2138.6 237.9 18.8 -78.2 0.9 4.5
2670.1 106.7 124 10 5.1 -6
5 13.1 13.5
393.7 -17 -20.7 -4 -12.3 -1.8
2142 234.8 12.6 -81.3 0 7
2679.4 98.4 121.5 6.6 6.8 -5.5
4.6 12.7 13.6
395 -16.5 -19.1 -3.7 -11.3 -1.9
2150.9 241.4 18.9 -75.3 7.5 8.7
2689.9 98.2 125.9 9.2 9.2 -10.1
4.4 14.6 14.6
395.5 -16.8 -19.2 -3.7 -11 -1.9
2160.2 245.7 23.6 -69.5 16.1 14.9
2702.4 92.5 127.6 10.2 14.2 -9
4.7 19.8 16.9
395.3 -17.2 -20.6 -4 -11.7 -2.1
2174.4 260 35.5 -58.5 30.6 27.6
2720.1 99.1 133.3 13.2 21.8 -6
4.2 22.2 22.8
396.7 -17 -19.5 -3.8 -10.9 -1.8
2183.9 262.6 38 -55.7 36.8 32.6
2736.2 100.8 137.1 19.8 31 8.3
5 26.7 35
396.3 -17.5 -21.3 -4.3 -12 -2.1
2197.8 275.2 46.3 -49.8 46.9 43.1
2763.2 124.9 153.1 32.4 48.2 28.2
5.4 27.8 44.9
396.7 -17.7 -21.9 -4.7 -12.5 -2.4
2210.6 284.8 51.7 -47.4 50.6 45.4
2791.2 149.3 167.7 42.1 58.7 42.5
5.1 26.5 48.9
397.6 -17.4 -21.1 -4.7 -11.8 -2.4
2219.8 293.9 52.5 -52.1 47.8 39.1
2812.1 178.2 166.8 33.5 55.8 41
6.3 25.5 59.6
395.9 -19.4 -24.3 -4.8 -12.9 -2.6
2237.8 313 60.9 -50.9 51.8 37.2
2865.8 242.7 184 27.4 59.5 46.9
6.9 21.8 60.7
392.9 -24.1 -26.6 -2.7 -11 -0.5
2254.8 323.5 63 -51.5 50.9 30.5
2955.6 342.1 193.1 -18 12 26
8.3 19.7 48.9
383 -38.8 -30.5 5.4 -2.6 7.4
2280 318.6 60.9 -43.1 46.2 29.1
3143.3 517.1 194.9 -129.8 -119.2 -15
17.7 20.6 92.3
349 -87.6 -34.5 34.4 37.3 38.4
2313 290.5 50.4 -21.6 31.2 28.5
3323.3 421.8 114 -115.2 -130.7 112.3
363.8 192.1 166.3
616.3 356.1 123.9 -109.2 -272.8 -249.8
2475.3 492.1 126.5 -57.7 -118.3 -109
3590.8 431.8 -28.1 30.1 -223.1 14.1
129.8 36.9 46.4
455.3 78.4 39.1 17.7 -126 -117.6
2367.9 289.2 63.7 24.1 21 27.3
3611.6 285.8 -150.9 136.7 -87.7 67.6
winner is: 4
