Regression analysis information for: S10_selected_tokens_0008
number of formants: 3
number of coefficients: 5
3.5 37 145.6
481 -32.9 -32.2 2.4 -12.1 -0.9
1686.8 -88.6 -66.2 -22.8 17.5 -11.7
2058.8 -85.8 -364.1 -251.6 294.5 227.8
2.6 19.5 79.1
484.3 -31.1 -28.2 3.8 -12.9 -2.5
1725.3 -110.7 -66.4 2.9 -36.6 -4.5
2060.1 -88.9 -125.8 -138.7 265 43.9
1.9 8.9 143.1
488.6 -31.3 -26 4.9 -14.4 -2.1
1733.7 -119.8 -68.6 16 -47.3 -3.1
2624.9 179.2 29.2 -76.3 450 203.3
1.6 8.8 22.3
494 -32.5 -24.7 6 -15.8 -2.2
1737.3 -121.3 -67 14.1 -44.8 -3.5
3137.4 106.7 -11.6 41.6 -67.9 -4.9
1.7 9 18.2
498.1 -33.7 -24.2 6.3 -16.4 -2.6
1742.8 -124.4 -67 13.1 -42.8 -3.9
3112.5 98.2 -10 36.8 -60 -7.5
2 9.2 16.7
500.4 -34.2 -24.5 5.8 -16.1 -3.4
1747.9 -127.4 -68.1 12.2 -41.1 -4.6
3117.4 87.3 -10.4 35.8 -52.9 -3.3
2.7 8.6 16.4
500.2 -32.7 -26.2 4.3 -13.9 -5.5
1750.9 -126.8 -71.4 10.8 -37.3 -7.5
3134.2 78 -12 37.4 -50.7 2.4
3 8.2 12.3
499.3 -32.9 -28.6 2.3 -12.5 -7.1
1751.8 -125.7 -76.3 7.8 -32.6 -12.5
3149.7 83.6 -14.5 38.2 -39 0.2
3.6 9.1 12.4
497.5 -36 -30.5 1.9 -10.4 -5.6
1751.6 -129.8 -80.9 6.2 -28.5 -12.6
3164.3 96.6 -18.4 33.5 -30.2 -11.2
3.2 9.6 13.4
497.3 -37.3 -30.1 2.6 -9.6 -5.1
1753.4 -133.9 -81.5 7.2 -26.5 -11.9
3173 83.2 -30.5 25.4 -30.2 -11.8
3.5 11.6 17.1
495.6 -37.8 -30.2 4 -10.8 -3.7
1750.6 -138.5 -83.4 10.4 -30.4 -9.8
3178.3 69.9 -37.4 28.2 -37.4 -6.9
3.1 11.8 21.2
495.3 -38.2 -28 4.4 -12.1 -2.4
1750.5 -141.5 -76.8 12 -35.1 -5.5
3182.5 56.5 -24.6 39.5 -45.3 2.3
2.6 11.9 32.7
493.5 -37 -25.4 4.4 -14 -0.2
1741.1 -135.9 -66.2 12.6 -45.6 4.8
3146.5 69.3 16 59.6 -74.8 25.3
2.4 11 29.8
494.8 -36.8 -25.4 4.1 -13.8 -0.3
1745.7 -135.7 -66.8 11.3 -43.9 4.8
3166.9 82 17.5 55.5 -65.6 28.3
2.5 13.1 35.2
497.7 -37.1 -27.3 3.8 -13 0.1
1761.9 -139 -75.2 9.7 -37.4 6.5
3237.6 93.8 -13.8 42.3 -39.8 47.4
3.2 17 42.2
500.7 -37.6 -32.4 3.3 -12 0.8
1789.8 -144 -93.7 4.3 -23.9 5.8
3349.4 98.9 -84 7 9.1 62.6
5 20.5 41
500.1 -36.5 -42.5 7.3 -12.6 2.8
1823.1 -159.9 -114.8 4.4 -7.5 -2.3
3454.4 34.1 -105.1 1.2 49.7 26.8
14.4 20.4 19.3
487 -15.8 -67.7 29.6 -28.7 17.1
1848.1 -184.7 -121.9 9 1.4 -17.7
3529.8 -48.6 -91.1 -7.3 76.6 -21.4
91.7 17.9 17.8
559.4 -167.5 79.3 -117.8 111.9 -120.8
1868.9 -220.2 -105.4 4.4 11.8 -39.7
3568.5 -103.2 -79.9 2.8 69.4 -25.9
84.8 19.2 17.7
562.6 -180.9 94.1 -138.6 128.7 -130.7
1883.4 -252.1 -78.2 -9.1 23 -61.7
3593.7 -147.1 -53.3 24.2 42.2 -11.8
winner is: 8
