Regression analysis information for: S10_selected_tokens_0095
number of formants: 3
number of coefficients: 5
26.9 300.6 200.1
741.9 -65.8 -48.5 -20.6 -7.5 1.9
1921.8 98.2 144.5 -125.9 1.8 -126.3
2627.1 -48.4 123.3 -124.9 -43.1 -114.3
5.3 46.1 45.1
757.8 -56.4 -50.8 -26.5 -28.3 -9.6
2156.5 55.9 -43.8 -11.2 -53.3 -49.7
2784 -105.6 -49.4 -45.3 -48.5 -53.3
4.6 14 5.3
761 -56.6 -50.1 -25.6 -27.3 -8.8
2183.8 104.3 4.5 31.6 -9.9 -10.7
2814.9 -42.1 10.1 9.9 5.4 -4.1
4.9 12.7 4
758.1 -56.1 -53.6 -22 -26.8 -6.7
2186.8 104.2 -0.6 26 -13.6 -12.2
2817.6 -44 9.4 7.1 5 -5.1
5.6 11.9 4
757.1 -53.4 -48.3 -18.3 -25.8 -6.1
2192.9 104.1 -1.5 25.8 -12.6 -10.5
2821.9 -42.5 8.9 7.8 6.2 -5.3
6.7 12.5 4.2
754.2 -52.6 -45.6 -16.1 -25.7 -5.1
2198.1 106.5 -0.9 26.4 -13.5 -10.2
2826.9 -40 11.3 10 7.1 -5.6
7.3 13.8 5
751.8 -52.1 -43.3 -15 -25.5 -4.5
2202.8 109.7 2.4 27.7 -14.6 -9.9
2831.5 -37.4 15.2 12.5 7.6 -5.3
7.7 15.2 6.3
747.6 -53.4 -43.4 -14 -27.2 -3.5
2204 113.2 8.3 29.4 -19.9 -11.2
2834.5 -35.9 22.1 15.4 6.2 -5.4
7.7 16.1 7.2
749.5 -52.3 -39.7 -14.1 -25.6 -3.6
2210.5 114.6 15.2 31.6 -18.8 -9.2
2838.6 -33.8 26.6 17.9 7.1 -4.2
8.2 17.5 8.2
749.1 -53.8 -43 -14.6 -26.7 -3.2
2218.6 118.9 13.4 29.6 -22.1 -10.8
2844.7 -32.4 29.1 19.2 7 -5.6
7.8 17.6 8.8
753.6 -52.9 -41 -15.4 -25.1 -3.8
2232.2 120.9 13.1 28.1 -19.5 -9.3
2851.5 -31.3 29.4 20.6 9.6 -5.5
8.3 18.6 10.4
755.4 -55 -45.8 -16.9 -26.6 -3.7
2247.7 124.9 3.2 20.7 -24.4 -11.7
2859.7 -31.9 27.4 19.7 8.8 -9
7.9 17.8 11.2
762.2 -54.5 -44.8 -18.1 -25.1 -4.3
2269.7 128.1 -3 15.2 -23.1 -10.3
2868.8 -31.3 26.1 21.6 12.2 -9.6
8.1 18.5 13.5
765.6 -57 -50.7 -19.9 -26.2 -4.2
2291.2 132.8 -19.4 4.2 -27.8 -11.9
2877.8 -33 22.8 21.7 12.8 -13.9
8.2 19 14.8
770.7 -58.7 -54.5 -19.9 -25.8 -3.7
2313.6 135 -34.5 -0.1 -28.2 -10
2884.1 -36.6 18.6 26.5 17 -14.2
7.9 20.5 13.7
773.7 -60 -59 -21.3 -24.5 -1.8
2328.7 136.3 -53.7 -10 -25 -2
2882.9 -43.9 11.7 27.6 22.3 -10.7
6.9 16.3 12.1
772.7 -54 -59.9 -19.9 -21.9 -2
2320.2 145.7 -62.2 -4 -12.6 3.3
2876.6 -37.3 9.1 31.2 25.4 -8.4
6.9 13.7 9.4
769.8 -57.1 -58.4 -19.9 -24.5 -1.1
2306.4 133.7 -48 -0.5 -19 4.6
2882.2 -33.4 13.9 25.3 18.2 -9.7
6.2 14.2 11.1
778 -56.8 -56.4 -21.9 -23.4 -3.8
2334.7 140.6 -52.5 -12.2 -24 -1.4
2889.4 -33.9 17.1 32.2 25.4 -9.9
7.1 24.2 19.9
785.6 -60.7 -61.7 -25.7 -25.6 -6
2385.6 166 -66.7 -35.4 -37.9 -7.7
2886.9 -41.9 24.2 48 33.8 -13.7
winner is: 5
