Regression analysis information for: S10_selected_tokens_0114
number of formants: 3
number of coefficients: 5
4.2 66.7 74.5
944.3 75.8 -25.6 12.5 -16.3 -6.6
1556 -34.1 29.8 63.1 88.8 46
1835.9 144.4 201.3 113.7 188.9 112.6
2.6 40.7 120.1
954.3 71.2 -26.7 12.5 -16.3 -5.9
1609.7 -20.3 28.7 68.5 71.9 71.3
2051.7 11.9 263.1 -5.9 368.2 -48.7
2.6 35.1 100.4
960.8 66.1 -28.8 13.4 -16.6 -3.7
1633.1 9 49.2 80.7 79.8 71.7
2334.3 -164.5 190.3 74.9 415 -62.2
3 37.7 77.5
967.4 60 -28 14 -18.8 -2.1
1641.4 6.9 47.4 80.4 81.1 74.9
2561.2 -346.1 125.5 230.8 174.1 105.7
3.1 29.2 71
970.4 58.3 -28.7 13.4 -20.9 -1.6
1658.6 24.7 59.6 85.6 77 67.5
2622.1 -245.1 99.6 154.9 121.7 42.5
3.3 30.7 63.7
973.2 56.8 -28.6 12.7 -23.1 -1.3
1665.9 26.8 61.3 86 75.2 67.3
2704.3 -158.4 57.5 38.5 31.4 20.3
3.6 31.8 72.5
975.1 57.3 -28.7 13.1 -26 0.3
1666.9 22.4 54.1 79.6 68.2 67.4
2737.9 -144.5 40.5 3.1 18.6 30.3
2.9 35.3 76.6
974.2 60.5 -31.9 13 -27.1 0.7
1676.5 39.3 65.5 90.3 74.1 73
2755.2 -142.4 53.7 18.2 35 41.8
2.9 38 75.6
973.5 63.1 -35 12.7 -27.1 1.5
1679.6 47 64.5 93.7 78.4 78.8
2776.6 -131.8 61 27.9 49.6 49.1
3.2 39.9 76.9
974.4 63.9 -37 12.4 -27.7 2.2
1679.4 47.5 54 90.4 76.3 81.4
2790.4 -124.1 50.6 30.2 57.5 53.5
3.3 42.7 78.4
973 65.2 -41.7 11.7 -26.8 2.2
1687.7 62.7 61.3 102.5 89.4 89.4
2800.2 -120.7 31.2 35.8 64.9 57.7
4.2 47.4 84.5
973.3 61 -41.6 12.3 -23.1 3.6
1681.9 47.3 49.5 97.9 94.2 91.7
2800.7 -128.9 8.1 33.7 69 54.7
4.6 44.7 63.5
967.3 58.4 -40.4 13 -22.4 2.1
1671.6 41.9 60.9 103.4 94.7 86.6
2727.9 -234.3 -29 -21.9 3.8 6.5
3.9 37.4 54.8
962.6 57.5 -40.7 11.3 -18.4 1.9
1649.2 15.5 37.7 78.9 84.1 72.8
2703.2 -213 -19.1 -28.7 26.7 5.2
4.9 30.3 45.6
968.8 56.1 -39.9 8 -17.6 0.4
1656.5 6.2 22.6 62.1 78.2 62.3
2748.6 -204.2 -35.9 -40 58 14.3
7.2 27.1 48.1
982.9 57.9 -39.3 4.7 -19.6 -3.1
1700.8 41.2 42.9 75.8 92 63
2825.6 -220.9 -83 -52.7 89.7 35.7
8.2 21.5 177.4
999.4 55.6 -37.9 2.1 -22.6 -7.3
1762.8 92.8 84.8 103.4 106.1 59.7
3035 6.2 71.4 51.7 73.4 -66.4
8.5 19.3 113.7
1016.7 49.2 -33.2 4.2 -26.3 -8.9
1800.6 99.2 88.2 105.2 91.8 44.3
3220.5 235.2 267.2 251.7 196 34.6
8 22.9 88
1027.9 44 -33.6 6.5 -31.2 -9.6
1836.9 115.7 99.3 115.1 76.3 31.2
3302.1 299.6 308.1 299.2 188.9 34.9
8.6 27.6 87.6
1035.7 41.8 -34.3 11.1 -37.6 -8.8
1851.5 113.9 88.5 116.8 55.7 23.1
3334.8 305.5 298 305.9 171.4 28.7
winner is: 15
