Regression analysis information for: S10_selected_tokens_0049
number of formants: 3
number of coefficients: 5
3.8 8.1 65.4
556.7 127.8 -26.4 13.7 -12.5 -10
1151.3 200.2 -11.9 18.6 11.2 -19.8
2510.8 -183.9 -168.2 61.5 -102.1 55.7
3.7 6.9 5.9
556 127.4 -21.6 10.5 -10.7 -9.5
1152.1 198.8 -8.6 16.5 13.7 -20.7
2558.6 -272.3 -84.7 -21.4 -21.4 -23.1
3.4 6.4 7.1
556.4 128.9 -17.3 7.7 -8.5 -8.7
1153.3 199.3 -5.5 15.4 15.8 -20.9
2563 -268.8 -85.2 -18.6 -22.5 -22
3.4 6.1 7.6
558.3 131.8 -14.4 6.6 -7 -7.7
1154.9 201.3 -3 15.4 17.1 -20.5
2571.3 -265.2 -82.5 -20.3 -20.7 -22.4
3.5 6.2 7.2
561.7 136.4 -12.5 6.9 -6.4 -6.4
1156.8 204.4 -1.2 16.1 17.6 -19.8
2583 -259.7 -81.4 -23.6 -18.9 -22.6
3.7 6.1 6.2
566.9 141.1 -10.4 8.5 -6 -4.9
1158.6 205.9 -0.5 18.3 17.8 -19.1
2599.6 -249.7 -80.6 -26.2 -18.1 -23.1
4.8 6.9 6.1
573 151.5 -8.1 10 -5 -3.2
1160.4 211.6 1.7 18.4 18 -18.7
2615.3 -246.2 -86.2 -29.3 -18.4 -23
6.8 7.5 6.7
581.2 164.6 -2.8 13 -2.4 -0.8
1160.9 214.5 3.3 19.2 18.5 -18.9
2633.9 -238.7 -91.8 -31.5 -20.3 -23.2
10.8 8.2 9
590.4 182.8 7.4 18.3 3.5 2.8
1159.2 214.5 3.4 18.6 18.4 -20.6
2648 -233.4 -96.8 -34.8 -26.3 -23.6
16.4 10.4 13.8
596.3 199.9 18.8 25.9 13.6 7.5
1154.1 208.3 -1.7 13.8 14.9 -25.7
2650 -235.1 -103.4 -36.5 -33.3 -22.1
9.8 9.2 12.8
594 186.2 9 19.4 1.7 1.9
1154 204.6 -0.9 18.5 15.3 -25.2
2649.2 -224 -109 -36.1 -27.9 -19.4
10.3 9.7 11.2
590.2 189.7 5.1 9.7 3.8 -7.6
1153.9 209.7 2.8 17.5 20.9 -21.7
2659 -227.8 -109.6 -29.9 -28.7 -21.8
70.8 210.3 148.4
599 184.4 19.5 20.3 -21.8 27.4
1262.7 52.7 6.8 171.3 -195.6 119.6
2758.8 -352.6 -117.6 81.4 -178 73.5
82.7 199.1 143.5
684.8 69.9 20.1 167.6 -174 38.8
1559.6 -322.7 -101.9 596.2 -521.2 139.9
3004.9 -639.9 -205.3 383.8 -406.8 76.4
100.2 310.7 225.2
867.3 59.1 -191.8 182.4 23.1 86.4
2002.6 -503.1 -622.5 457.9 -10.9 307.2
3398.3 -790.3 -649.9 248.4 16.1 223.1
58.3 125.1 163.5
953.1 -12.5 -131.5 30.7 90.1 100.9
2248.2 -807.7 -254.1 -249.3 56.6 69.8
3603.4 -870 -527.5 -344.2 27.4 104.5
27.6 17.3 27.4
1044.9 149.4 -49.5 27.2 9 -2.3
2371.7 -247.9 -78.7 27.8 -62.7 47.6
3933.9 57.8 -88.2 74.4 -74 60.7
26.4 17.4 19.5
1044.9 149.5 -49.9 28.4 9.8 -0.4
2373.8 -249.8 -103.2 46.7 -70.9 53
3946.6 10.3 -82.9 71.2 -61.2 51.8
26.1 19.6 17.7
1046.8 150.3 -50.1 28.6 10.5 -0.5
2418.9 -278.7 -121.2 47.2 -53 36.7
3985.6 -28.1 -100.6 77.6 -51.3 41.2
27.1 67.4 34.4
1047.8 151.7 -51.4 27.5 9.7 -2.1
2565 -469.2 -61.6 -2.5 34 -56.8
4056 -85.1 -134.9 111.7 -50.2 32.2
winner is: 6
