Regression analysis information for: S10_selected_tokens_0038
number of formants: 3
number of coefficients: 5
1.4 4.4 6.8
452 -70 0.9 1.4 -2.9 0.8
1395.1 -5.9 -78.8 -15.5 -7.8 8.4
2795.3 -70.4 36.8 -30 23.8 10.4
1.9 4.4 4.5
454.4 -67.1 1 -0.6 -2.5 1.3
1397.5 -2.8 -78 -16.3 -8.3 7.9
2790.4 -76.7 30.9 -28.2 14.9 6.4
1.8 4.1 3.3
454.6 -65.3 1.9 -2 -2.6 1.3
1403 -0.6 -73.8 -17 -8.9 7.2
2796 -68.3 28.9 -24.9 11.9 4.1
1.6 4.4 3.9
453.4 -66.6 3.1 -0.9 -2.2 1.9
1399.4 -1.5 -76.8 -17 -8.4 8.2
2810.4 -73 34.3 -23.6 10 3.3
1.1 3.7 3.2
451.9 -65.9 3.8 -1.3 -2.4 1.2
1403.1 0 -72.5 -17.3 -9.1 7.6
2820.9 -70.1 36.1 -21.1 8.8 3.7
0.9 3.9 4.2
451 -67.9 4.5 -0.1 -2.2 1.4
1398.9 -2.4 -75.7 -16.7 -8.7 8.5
2834.1 -76.5 42 -20 7.1 3.6
0.4 3.3 4.4
450.3 -67.1 5.2 -0.7 -2.2 1.2
1402.7 -1.5 -70.9 -16.9 -9.2 8.1
2841.7 -74.7 45.3 -18.8 6.2 5.4
0.4 3.3 6.3
450.3 -69.2 5.5 0 -2.2 1.3
1398.9 -4.1 -74 -16.7 -9.2 9
2852.3 -82.5 53.2 -19.7 4.7 6.7
0.4 3.2 7.3
450.4 -69.9 5.6 0 -2.3 1.2
1399.4 -5.3 -74.2 -16.5 -9.7 8.7
2859.6 -86.7 56.5 -19.3 3.1 7.1
0.5 2.9 7.6
450.4 -69.5 6 -0.4 -2 1
1403.5 -5.5 -69.6 -15.7 -9.1 8.3
2860.9 -90.7 59.3 -17.9 4.9 9
0.6 3.2 9.6
450.1 -71.9 5.2 0.7 -2.2 0.6
1397.6 -10.5 -75.3 -14.1 -8.8 7.7
2849.4 -119.5 46.4 -15.9 2.1 1.8
0.6 2.9 7.1
450.3 -70 5.1 -0.1 -1.8 0.2
1402.2 -7.5 -71.6 -14.5 -8.3 6.4
2846 -103.4 44.6 -17.2 7.1 -2.1
0.5 2.9 7.6
451.8 -70.5 4.9 0.4 -1.9 0
1407.2 -7 -72.9 -13.6 -9.2 5.3
2872.1 -98.2 43.8 -8.9 2.4 -7.4
2.5 3.8 14
452 -78.3 5.9 2.7 -1.9 2.7
1414.7 -5.8 -77 -11.8 -11.9 5
2970.8 -58.3 85.3 18.1 -6 -20.1
125.3 19.1 60.6
508.6 36.1 126.8 58.9 -41.4 -77.7
1417.5 -10.9 -70.6 -10.9 -26.5 8.6
3204.1 40.9 211.6 67.5 -45.5 -86.3
122.3 170.9 87.6
850.9 230.2 -325.9 -256.2 -4.4 2.1
1791.7 266.4 -565 -343.6 107 216.7
3675.5 48.1 -218.8 -246.2 93.4 145.2
118.8 111.4 58
977.4 -38.8 -163.8 -291.6 9.7 -91.5
1812.3 42 -300.6 -250.8 123 -57.9
3639.7 -34.5 -91.2 -95.4 50.6 -2.1
135.6 109.2 53.2
965.4 -118.5 -195.9 -309 -32.4 -61.3
1840.1 -45 -306 -293.2 142 -13.6
3658 -66.8 -120.2 -114.3 34.4 7
139.1 73.4 50.4
922.1 -102.4 -207.1 -395.5 9.1 -46.5
1774.3 -14.3 -378.5 -302.3 260.9 -7.1
3663.8 -65.1 -147.4 -132.4 52.4 13.9
207.4 516.7 255.9
860.6 66.8 -277 -422.7 -40.8 -19.6
2037.5 150.7 -214.9 -614.3 -79.7 -314.5
3821.3 -52.2 -27.3 -365.2 -60.1 -172.8
winner is: 5
