Regression analysis information for: S10_selected_tokens_0007
number of formants: 3
number of coefficients: 5
5.9 2.8 74.4
698.7 -19.7 -51.1 -14 -15.7 3.9
1644.1 -80.7 -50.9 -20.1 -13.6 -2.4
2975.1 -100.7 -153 55.1 -38.1 -126.2
5.7 2.8 41.8
696.1 -15.6 -50.5 -11.4 -15 2.9
1644.4 -80 -50.2 -20.1 -13.2 -2.5
3059.8 -70.7 -44.4 86.1 61.3 -30.7
5.2 2.8 24.5
696.3 -15.5 -51 -9.4 -15.1 2.6
1644.9 -80 -50.1 -19.8 -13.2 -2.7
3057.7 -64.8 -39.6 66.2 52.7 -23.4
4.8 2.6 16.9
698.9 -16.3 -51.5 -8.7 -14.9 2.1
1646.7 -80.3 -50.1 -19.7 -13.3 -2.9
3041.3 -42.2 -26 46.4 40.4 -13.1
4.4 2.3 17.2
700.7 -15.3 -53.1 -8 -15 2
1648.5 -79.9 -50.8 -19.7 -13.6 -3.2
3059 -42.5 -10.7 32.4 33.7 -6.7
3.8 1.6 16.3
704.6 -15 -51.2 -9 -14.9 0.9
1652.5 -76.9 -48.5 -19.6 -13.4 -3.6
3078.7 -35.8 -12.3 25.2 27.7 -7.4
3.8 1.5 16
707.2 -14.6 -51.8 -9.1 -15.2 1.5
1654.9 -76.6 -48.8 -19.9 -13.8 -3.4
3101.3 -24.3 -10.8 20.8 25.4 -5.7
3.7 1.6 15.4
710.1 -14.2 -51.8 -9.8 -15.8 1.8
1657.5 -76.4 -48.8 -20.5 -14.3 -3.3
3125.9 -13 -9.4 17.6 22.6 -3.3
3.7 1.7 14.7
713.6 -13.8 -51.6 -10.5 -16.5 2.2
1660.5 -76.1 -48.4 -21.1 -15 -3.1
3152 -3 -6.2 14.1 19.4 -1
3.7 1.7 14.2
717.2 -13.4 -51.5 -11.2 -17.4 2.5
1663.6 -76 -48.2 -21.8 -15.8 -3
3178.3 5.6 -2.3 10.7 15.6 1.2
4.2 2.2 12.7
717.8 -12 -54.4 -10.9 -19.2 4
1663.7 -78.2 -51 -22.8 -17.5 -2.5
3203 17.6 4.2 8 12.6 3
4.3 2.3 11.7
720.9 -10 -54.3 -10.9 -20.9 4
1666 -76.9 -50.9 -22.8 -18.8 -2.4
3224.5 31.5 8.6 6.9 6.5 4
4.5 2.6 9.3
717.6 -10.1 -53.9 -8.5 -19.5 4.8
1663.3 -76.5 -51 -20.8 -17.8 -1.6
3205.6 44.6 11.6 22.2 13 8.3
4.4 2.4 7.4
716.8 -15.4 -55.4 -7.9 -20.4 5.1
1662.7 -80.5 -51.9 -20.3 -18.6 -1.3
3184.9 -1.1 -4.9 22.8 2.4 7.6
4.6 2.5 8.9
720.7 -16.3 -56 -8.6 -20.9 5.1
1665.8 -81.4 -52.1 -21.1 -18.8 -1.5
3207.2 -6.6 -5.8 15.2 2.2 7.6
4.5 2.3 13.3
729.6 -16.8 -53.2 -9.8 -21.1 4.2
1672.8 -79.2 -48.7 -21.2 -18.5 -1.8
3250.3 -1.7 3 14.2 4.4 13.9
4.9 2.5 19.8
739.4 -15.2 -53.1 -9.4 -21.9 4.4
1678.2 -79.7 -48.7 -21.4 -18.5 -1.7
3330.4 45.6 41.3 37.5 24.1 30.4
5.6 3.2 16.4
752 -10.7 -54.4 -10.1 -24.1 2.1
1680.4 -83.9 -51.9 -23.4 -17.9 -0.9
3443.4 139.8 91.4 54.2 24 8.7
48.4 9.4 13.4
789.6 30.9 -39.6 -13.5 -51.6 -36.1
1672.1 -102.3 -62.4 -27 -11.6 8.5
3553.6 182.2 75.9 11.9 -25.8 -20.7
102.9 65.8 18.2
916.6 222.3 50.5 -11.6 -123.9 -129.5
1710.8 -23 -17.2 -32.3 -60.6 -71.6
3637.9 169.2 41.6 -11.4 -32.9 1.8
winner is: 14
