Regression analysis information for: S10_selected_tokens_0070
number of formants: 3
number of coefficients: 5
1 14.1 23.2
413.2 4.1 -2.6 3.7 -1.5 1.7
1784.8 -151.6 102.6 -4.7 -9.4 -2.7
2222.1 -260.2 53.7 -35.5 2.9 -25.6
1 12.9 19.9
413.8 4 -2.4 3.9 -1.6 1.6
1789 -149.7 103 -3.8 -9.9 -4.1
2228.5 -262.4 52.9 -33.5 3.6 -28.9
1 12.3 18.9
414.3 4 -2.4 3.9 -1.6 1.5
1795.2 -148.2 102.9 -4.5 -10.2 -5.1
2238.8 -267.1 50.8 -34.1 5.6 -31.2
1 12.1 18.4
414.7 4.2 -2.4 3.8 -1.6 1.3
1801.7 -146.9 102.2 -6.3 -10.6 -5.9
2249.3 -271.6 48.1 -36.2 8 -32.8
1 12.3 18.6
415.1 4.3 -2.5 3.7 -1.5 1.3
1807.9 -145.6 101.3 -8.3 -10.7 -6.3
2259.5 -275.7 45 -39.1 11.1 -33.8
1 11.7 18.6
415.6 4.2 -2.4 3.5 -1.3 1.2
1813.5 -142 101.2 -10 -7.7 -6.1
2268.4 -273.4 39.7 -39 13.5 -32.2
1.1 12.7 18.6
415.9 4.7 -2.8 3.6 -1.4 1.3
1820.9 -142.3 98.9 -11 -10.5 -5.7
2279.8 -283.4 36.2 -43.1 16.9 -34
1.2 13.4 17.9
416.3 4.8 -2.9 3.7 -1.3 1.4
1827.6 -140.6 97.9 -10.5 -10.2 -4.3
2290 -287.6 31.2 -42.9 19.2 -32.8
1.2 13.7 17.9
416.8 4.9 -3 3.7 -1.3 1.5
1834.8 -139.2 96.8 -10.5 -10.2 -3.2
2301 -292.4 25.5 -43.1 21.5 -31.8
1.3 14.2 17.8
417.2 5 -3.1 3.7 -1.2 1.6
1840.4 -138.5 97.3 -9.4 -10.1 -1.7
2308.6 -297.1 23.1 -42.7 22.6 -29.2
1.2 13.5 19.5
417.8 4.8 -2.8 3.7 -0.8 1.7
1847.2 -135.9 100.8 -7.2 -4.3 0.9
2318.6 -298.4 20.8 -41.5 26.3 -26.6
1.2 12.7 20
418.3 4.8 -2.8 3.7 -0.7 1.8
1853.7 -134.9 101.4 -6.2 -3 2.7
2327.6 -304.5 17.1 -42.3 28.5 -26.3
1.2 12.6 20.7
418.7 5.1 -2.8 3.9 -0.5 1.8
1860.2 -131.2 104.4 -3.8 -0.7 4.4
2334.2 -307.1 14.1 -43.1 30.3 -26.1
1 10.2 23.3
418.9 5.5 -2.8 4 -0.6 1.6
1862.6 -124.7 104.2 -2.7 -2.3 0.6
2333.4 -300.8 7.9 -38.4 27.3 -32.2
0.8 8.2 27.1
419.2 6.2 -3.1 4.1 -0.6 1.5
1868 -119.4 102.8 -4.3 -3.4 -1.4
2339 -305.2 3.3 -42.5 31.5 -38.2
0.6 9.6 28.3
420.2 6.2 -3.1 3.6 -0.6 1.6
1879.3 -113.6 100.8 -13.3 -6.7 -2.2
2354.2 -304.1 -1.3 -41.6 36.2 -33.9
0.7 14.1 39.5
422.3 6.3 -3.1 2.9 -0.6 1.6
1909.7 -115.6 104.7 -28.2 -13.4 -6.4
2392.7 -337.2 7.7 -60.2 55.4 -41
1.3 11.9 67.9
426.7 5.7 -2.7 2.4 -0.7 2.6
1960.8 -129.9 111.6 -31.9 -29.6 -5.1
2514.7 -455.7 51.4 -106.5 61.1 -3.6
1.9 11.5 90
433.6 5.3 -2.4 3.7 -1 4.7
1991.9 -140.5 102 -26.3 -31.5 -6
2809.7 -660.7 -23 26 -121.1 169.6
2.5 11.8 236.3
442.2 8.6 -1.3 9.1 -0.2 7.7
2006.9 -148 92.4 -23.5 -30.7 -7.8
3245 -407.1 -217.1 263.7 264.5 400.1
winner is: 6
