Regression analysis information for: S10_selected_tokens_0024
number of formants: 3
number of coefficients: 5
72.1 64.8 151.5
560.1 -20.8 18.7 67.9 97.9 99.3
1688.2 235.2 -29.9 85.6 179.5 208.7
2487.5 28.1 -4.8 -70.6 64.9 175.9
71.1 17.7 115.5
560.7 -31.9 -6.8 32.7 62.5 70.8
1767.6 358.4 23.1 38.7 60.3 81.2
2741.1 -131.1 -59.7 -58.8 -58 9.8
71.7 17.3 27.7
558.1 -41 -12.5 31.2 59.2 66.5
1787.2 371.4 21.9 47.6 61.9 66.7
2847.4 -43.1 97.6 -22.1 -32.5 21.8
65.4 18.7 21.1
560.4 -40.8 -8.1 37.5 62.5 66.4
1797.8 377 21.3 49.9 60 62.1
2855.5 -20.1 90.9 -22.8 -25.1 15.4
66 20.2 18.8
544.3 -74.5 -31.8 23 53 60.1
1807.2 381.3 21.4 52.8 59.5 57.9
2872.4 -10.8 89.5 -22.2 -19.1 13.3
114.3 37.6 73.6
596 22.7 63.5 107.7 121 105.6
1833.9 419.9 55 85.7 84.7 71
2926.5 61.7 154.5 35.1 32.6 44.6
41 24 15.2
524 -120.5 -68.3 -6.3 25.2 34
1822 384.3 19 58.2 60.8 49.8
2905.1 -15.4 83.3 -25.4 -11.6 8.8
41.1 27.2 11.7
529.7 -113.5 -59.6 1.9 32.4 39.4
1830.3 386.8 14.5 53.7 54.9 42.3
2917.9 -27.5 70.7 -38.3 -17.6 -0.1
42.4 31.6 15.6
530.7 -114.3 -58.4 2.4 33.7 40.9
1839.7 394.9 13.2 44 44.3 33.9
2934.6 -26 71 -46.8 -18.1 0.5
44.5 35 22.3
527.6 -118.7 -59.8 0.2 31.5 40.8
1844.3 407.4 23.4 37.7 26.8 22.5
2940.3 -17.2 94.2 -47.4 -28 0.1
125.4 52.4 81.9
587.4 -1.4 54.5 106.1 124.9 114.9
1873.1 468.5 62.9 66 39 33.1
2998.6 80.5 189.2 31.6 34.8 51.7
169.8 61.7 118.6
642.8 103.6 146.7 179.2 171.7 131.2
1897.6 510.1 96.5 94.1 54.5 34.2
3045.7 163.4 266.1 101.3 85.4 73
184.5 61.9 136.8
698.2 209.6 227.3 231.8 183.9 103.7
1906.5 531.2 121.2 133.8 86.1 40.7
3075.6 249.8 315.4 166.8 116.6 64.5
200.6 83 140.2
754.4 308 294.1 258.6 159.8 37.4
1930.1 562.3 139.5 148.1 80.8 13.3
3126 314.2 359.4 191.9 109.9 20
200.8 82.1 141.5
760.6 310 298.2 259.8 160.7 35.2
1938.2 557 129.3 145.2 84.1 15.7
3155.6 295.3 364.9 172.5 115.4 13.7
199.5 85.8 146.4
769.4 305.2 303 259.8 166.2 34.1
1964.1 565.7 114.4 138.3 84.3 10.8
3207.7 251.9 373.4 138 128.9 2.5
255.1 81.8 168.5
836.6 388.2 357.9 260 116.5 -60.1
2019.8 601.3 53.3 69.7 21.3 -42.8
3311.8 242.4 361.5 125.8 138 23
138.2 103.8 72
916.8 414.3 405.3 344.9 138.6 42
2109.2 685.3 -21.8 49.1 54.5 -35
3677.8 477.3 188 -106.3 -59.6 11
127.5 52.1 48.7
1032.4 319.1 370 365 -54.7 90.8
2226.1 488 -165.7 169 -159.7 -60.2
3745.7 372.7 60.9 -36.2 -89.1 -15.6
125.5 54 47
1059.1 338.5 365.7 376.8 -67.3 80.8
2267.2 462.9 -178.4 200.4 -189.3 -51.6
3793 375.9 34.2 4.7 -92.7 -7.6
winner is: 8
