Regression analysis information for: S10_selected_tokens_0068
number of formants: 3
number of coefficients: 5
1.3 9.9 21.7
408.2 6.9 -2.8 2.3 -2.2 2
1693.1 -41.2 125.5 -53.2 33.2 -25
2196.4 -175.4 -32.2 -25.4 11.4 -4.1
1.3 9 18.5
408.8 6.5 -2.4 2.3 -2.5 1.9
1695 -38.9 126.1 -52.3 33.1 -25.8
2204 -179.8 -27.4 -29.1 10.1 -2.6
1.3 9.7 17.4
408.9 6.2 -2.7 2.3 -3 1.8
1698.6 -42 127.5 -53.6 29 -25.1
2211.2 -191.7 -22.6 -31.8 10.8 -3.8
1.4 9.1 17
409.1 5.7 -2.3 2.1 -3 1.6
1698.5 -41.6 127.3 -53.3 29.6 -26.6
2217.3 -198.5 -19.2 -33.4 9.3 -5.1
1.4 9.4 16.8
409.2 5.5 -2.2 2.1 -3.1 1.6
1699.8 -42.8 128 -53.7 28.6 -26.7
2223.1 -207 -15.3 -34.8 9.3 -6.1
1.4 9.7 17.3
409.5 5.5 -2.1 2 -3.1 1.6
1702 -42.6 129 -53.9 27.8 -26.7
2229.4 -214.1 -11.9 -36.1 9.6 -6.5
1.6 11.1 17.2
409.7 5.8 -2.1 2.1 -3.3 1.8
1706.6 -43.1 131.3 -54.4 24.9 -25.1
2236.2 -221.9 -9.1 -36.7 10.2 -5.3
1.7 10.8 16
410.2 6 -1.6 1.6 -2.9 1.6
1708.5 -37.6 133.2 -54.9 27.4 -26.8
2241 -221.7 -4.3 -45.1 15.2 -6.7
1.7 11.3 15.9
410.8 6.4 -1.4 1.4 -2.7 1.6
1713.3 -32.6 136.2 -55.1 27.7 -27.2
2247.5 -224.4 -1 -51.2 20 -8.2
1.8 13.2 16.3
411.3 7 -1.3 1.5 -2.8 1.7
1720.7 -28.8 140.8 -55 25.7 -25.9
2255.9 -232.5 2.2 -54.5 23 -8.2
1.7 12.2 17
412.3 7.2 -0.8 1.3 -2.5 1.6
1727 -19.2 145.3 -52.2 28.8 -27.3
2266.2 -237.5 3 -58.5 25.7 -12.4
1.7 13.3 17.6
413 7.8 -0.8 1.5 -2.6 1.8
1737.5 -11.8 152.7 -49.7 27.7 -24.9
2276.5 -250 4.3 -61 26.8 -13.5
1.6 12.6 16.3
413.8 8.5 -0.9 1.7 -2.7 1.8
1746.5 -1.3 157.3 -46.8 27.9 -25
2284.3 -250.8 -2.7 -57.3 26.3 -15.5
1.5 11.1 21.2
414.7 8.8 -0.9 1.8 -2.7 1.7
1752.6 7.5 156.7 -45 27.9 -28.5
2295.4 -248.1 -9.2 -49.1 26.9 -18.4
1.5 11.4 25
415.4 9.3 -1.7 2.1 -3.2 1.7
1762.4 10.6 155.6 -46.5 21.9 -29.2
2310.8 -253.8 -12 -39.2 28.8 -19.6
1.7 13 26.1
416.6 9.1 -2.4 2.3 -3.6 1.4
1775.5 13.2 149.3 -50.6 17.5 -31.7
2336.7 -268.8 -15.3 -30.1 34 -24.6
2.4 18.5 26.4
417.8 8.2 -3 2.9 -4.3 0.3
1799.4 16.8 137.4 -63 9.1 -32.8
2378.8 -304.1 -9.3 -16.8 48.8 -36.8
5.4 25.4 67.2
416.4 3 -4 4.6 -6.2 -3.4
1831.2 17.2 119.6 -77 4.1 -24.8
2459.5 -451 28.3 -12.8 107.5 -57
71.8 48.6 301.9
453.2 69.9 38.1 12.7 -45.7 -56.7
1847.4 -9.3 109.9 -56.4 24 0.9
3262 379.5 387.1 110.7 -76.6 -267
54.1 24.8 155.3
631.6 287.4 64.5 -53.8 -29 69.3
1878.2 2.4 90.6 -81.3 0.8 2.9
3663 294.9 -148.5 -28 18.2 29.1
winner is: 4
