Regression analysis information for: S10_selected_tokens_0015
number of formants: 3
number of coefficients: 5
7.1 35.8 95.7
585.6 -19.8 -12.8 -0.3 -18.7 4.8
1522.9 -44.9 165.1 55.7 3.6 48.9
2207.6 188.9 -148 19.9 86.3 -39.8
7.3 26.1 44.1
609.6 -29.6 -15.1 2.5 -14.9 5.6
1659.7 -1.3 182.5 81.4 34.3 46.6
2545.3 -169.3 57.8 4.7 74.2 96.5
8.2 25.9 20.7
632.3 -37.1 -27.7 5.5 -11 4.3
1773.8 58.7 93.5 38.7 12.6 0.6
2612.7 -147.4 6.9 43.1 73.1 39.2
9.4 25.9 23.6
648.2 -40.2 -39.6 6.3 -6.7 3
1836.3 94.2 56.8 15.3 2.6 -16.7
2647.7 -114.4 9.6 25 50.7 27.9
10.1 27.7 28.1
654.3 -41.8 -47.6 4.1 -4.8 1.6
1865.5 102.6 37.7 9 5.8 -17.3
2667.5 -106.9 4.5 10.2 35.4 20.2
10.2 28.8 33.5
654.6 -38.4 -48.7 3.5 -3.3 2.3
1886.2 113.4 32.1 7.1 8.6 -18.1
2686.2 -94.4 12.2 9.5 32.4 19.1
10.7 31.4 36.9
646.7 -28.8 -51.3 4.2 -7.8 5.6
1890.9 124.5 32 2.7 4 -15.5
2693.2 -93.6 13.3 3.6 25.2 16.5
5.8 30.6 42.5
636.4 -17.3 -51.3 2 -5.8 -0.3
1876.7 146.4 42 -5 2.5 -28.5
2690.9 -86 15 0.3 24.2 9.5
5.6 28.2 43.3
632 -12.2 -50.9 1.3 -7 0.1
1868.8 166.5 53.8 -11.2 -5.2 -33.4
2687.9 -77.8 14.8 -3.2 19.7 1.8
5.8 23.4 39.5
630.8 -10.3 -51.4 1.6 -8.1 0.7
1869.5 180.4 61.2 -12.1 -13.8 -38
2684.8 -75.9 13.1 -4.2 14.7 -3.7
6.8 17.4 35.5
629.5 -9.5 -54.9 2.2 -9.8 1.6
1880.1 195.1 67.5 -13.3 -19.1 -37.5
2689.1 -71.9 22.8 2.1 18.6 -2.2
7.5 16 31.8
630.3 -8.8 -55.4 1.4 -9.4 1.7
1887 205.3 68.8 -18.5 -23 -38.4
2688.3 -72 23.5 1.8 17.2 -1.5
8.4 20.2 23.7
632 -11 -55.6 2.2 -9.7 2.5
1889.9 196.1 66.9 -15.8 -23.9 -37.5
2690 -77 30.3 9.4 20.8 2.6
9.1 21.7 18.4
633.1 -12.5 -53.5 6.7 -10.9 0.2
1896.1 198.8 80.3 7.3 -17.9 -41.2
2707.5 -54.7 41.5 11.3 14.2 -0.8
8.4 20.3 15.5
637.6 -12.9 -52.8 6.2 -13.2 4.6
1920.6 213.4 80.5 3.6 -17.7 -23.9
2730.6 -27.8 61.7 17 7.4 -12.3
8.6 24.9 22.8
650.4 -19.8 -55.7 11 -19 9.7
1962.1 229.5 72.2 -15.4 -20.3 -7.4
2758.9 20.8 110.8 22 7.3 -43.2
26.2 131.9 211.7
709.1 -84.3 -59.5 58.2 -75.5 52.6
2065.5 148.5 96.6 7.9 -117.8 103.4
2884.7 -1.6 167.3 207.7 -197.1 14.6
22.1 165 113.9
872.4 -314 52.8 -15.1 -10.8 8.3
2184.3 -126.1 313.2 127.8 -292.2 -54.2
3276.4 -193.4 376.2 326.8 -324.3 -147.9
12.9 8.1 11.5
940.8 -316.7 -26 -11.1 34 6.8
2439.9 -89.6 -93.6 57.1 41.5 25.2
3710.7 24.2 -145.8 93.5 -12.5 16.2
9.8 7 11.3
965.9 -309.1 -44.1 -19 47.5 9.7
2453.7 -89 -85 52 39.6 23.6
3719.4 12.9 -131 91 -19.7 19.2
winner is: 20
