Regression analysis information for: S10_selected_tokens_0013
number of formants: 3
number of coefficients: 5
6 65.5 38.4
555.4 13.8 -57.4 -4.3 -2.2 12.4
1538.5 325.7 -136.1 80 79.4 39.1
2095.6 31.8 35.8 27 9.8 27.7
5.4 165.1 221.6
567.1 11.4 -60.9 -2.2 -3.7 9.3
1835.8 83.1 -126.3 24.1 67.2 -66.5
2444 -133.3 99.6 182.6 200.2 -31.2
5.3 11.1 60.6
576.5 12.4 -65.7 -4.4 -9 8.2
1981.4 -96.8 -38.4 -20.9 -5.3 13.4
2760.7 -176.2 85.5 72.8 52.1 -24.3
5.7 7.5 7
587.7 13.5 -66.6 -10.5 -13.5 6
1986.5 -87.4 -36.7 -17.6 -7.2 9.4
2790.4 -132.6 48.4 8.8 16.7 1.6
6.9 7.7 7.3
590.1 16.8 -70.1 -14.1 -15.7 7.1
1994.8 -85.8 -40.3 -19.3 -9.3 7
2803.6 -129.7 42.3 7.1 11.5 3.6
7.4 7.8 7.8
590.1 20 -70.5 -17.2 -16.1 7.6
2004.2 -83.7 -42.9 -22.1 -10.9 6.4
2818.8 -130 37.7 3.1 8.4 5.9
7.1 8.2 8.5
590 23.8 -69.6 -19.3 -16 7.4
2014 -79 -44.1 -25.1 -11.7 6.9
2833.4 -130 33.8 -2.6 7.5 9.1
6.6 9.3 10.1
585.8 28 -72.6 -18.8 -14.7 10.3
2020.4 -77.9 -47.3 -28.9 -10 7.7
2848 -132.1 31.4 -7.9 7.1 11.7
6.2 10 11.7
584.4 31 -73.7 -19 -13.5 11.9
2027.3 -72.8 -49.9 -32 -7.8 10
2860.5 -130.9 27.6 -14 8.8 15.8
5.8 9.7 12.6
585.7 32.9 -72.8 -19.9 -12.4 12
2034.9 -63.1 -51.8 -33.8 -5.5 13.9
2870.9 -125.2 22.4 -20.4 11.5 21.6
6 11.2 16.2
583.3 35 -75.5 -18.2 -10.7 14.5
2039 -59.4 -55.8 -35.7 -1.1 16.9
2880.5 -124.1 18.7 -24.6 15.2 26.8
5.4 9.1 14.8
584.2 34.5 -72.1 -17.2 -10.9 12.3
2043.5 -52.2 -53.9 -33.2 -1.6 19.1
2883 -120.9 20.8 -23.2 13.3 27.3
6.8 16.8 22.5
577.2 33.8 -71.1 -13.4 -9.4 14.4
2022.8 -53.4 -46.5 -29.9 2.3 26
2858.2 -119.7 33.2 -17 18 30.6
5.5 10.9 17.2
573.4 31.4 -69 -8.4 -7.5 12.5
2002 -60 -41.7 -7.7 9.9 22.7
2834.5 -120.6 36.5 10.6 22.9 20.6
4.7 7 13.3
576.2 30.6 -67.4 -8.1 -7.3 10.8
2006.2 -58.3 -41.3 1 10.8 18.9
2841.2 -117.9 30.3 13 23.7 19.2
4.4 6.9 15.5
579.2 31.1 -68.7 -8.3 -8 11.2
2021.7 -57 -45.5 3.7 5.2 21.1
2859.2 -121.7 25.5 14.7 16.9 25.4
5 15.6 22.1
585.5 33 -76.9 -9.3 -9.7 11.5
2080.3 -54.6 -75.7 1.1 -2.2 13.8
2893.6 -152 20 31 9.2 24.5
15.9 78.1 176.8
618.6 40.9 -109.2 -38.1 -23.7 11.4
2217.6 -52 -110.5 40.8 15.1 -41.9
3019.2 -332.7 -140.5 89.2 63.1 104.3
74 94.6 119.1
851.5 310.3 -86.5 -25.4 37.3 69
2354.5 6.2 -68.9 37 62.2 57.7
3594.9 121.5 -57.8 -2.6 41.5 133.4
33.1 9.1 23
949.1 371.2 -133.5 -17.9 62.1 28.7
2427.8 52.1 -11.9 42.1 42 -0.3
3695.4 116.5 20.2 -12 19.8 39.7
winner is: 4
