Regression analysis information for: S10_selected_tokens_0006
number of formants: 3
number of coefficients: 5
1.4 6.3 6
456.1 -18 -29.7 5.7 -6 0.6
2053.2 62.4 -42.9 34.8 -14.6 19.3
2751.1 -62.8 -71.8 21.5 16.4 17.4
1.4 6.1 5.5
458.8 -18.5 -29.1 5.6 -6.2 1.5
2054.2 65.9 -40.3 34.4 -15.2 15.1
2759.1 -38.7 -57.2 25.9 17.8 12.9
1.4 6.1 5.6
458.7 -17.5 -28.6 5.6 -6.6 2.1
2062.7 70.6 -37.4 33.9 -15.6 14.1
2779.6 -21.7 -55.3 25.5 21.7 13.3
1.5 7.3 4.1
458.3 -15.2 -27.3 5.1 -6.7 2.6
2074.1 69.6 -32.7 31.8 -16.1 14
2803.7 -12 -55.9 24.7 25.2 15.9
1.7 8.4 4.4
456.1 -12.4 -27.6 5.1 -6.8 2.7
2082.1 74.5 -31.7 32.6 -17.9 14.3
2823.9 -2.6 -58.7 25.5 27.3 16.2
1.6 8.9 8.4
453.1 -9.7 -29.3 5.1 -6.9 2.2
2086.3 86.7 -35.3 35.1 -22.5 13.8
2839.9 10.7 -62 26.3 25.1 12
1.6 11.5 10
453.4 -8 -27.8 4.3 -6.9 1.7
2092.8 91.9 -33 33.9 -25.4 12.6
2857.2 24.5 -63.8 24.5 20.5 10.3
1.5 11.8 13.9
452.7 -6.2 -27.7 3.9 -6.8 1.1
2095.2 106.5 -33.3 34 -28.2 9.3
2869.6 49.2 -60.7 23.4 15 4
1.5 11.9 19.9
451.2 -4.6 -29 3.1 -6.8 0.6
2095.1 125.9 -35.3 27.6 -29.2 4.3
2878.2 80.5 -56.7 6.6 7.9 -5.9
1.7 13.7 26.6
451.9 -3.6 -28.7 2.5 -6.8 0.4
2102.4 137.9 -30.9 20.6 -28.4 1.7
2899.9 116.1 -46.8 -7.3 2.4 -14.6
1.7 13.9 31.1
454.3 -3.1 -27 2.1 -6.8 0.1
2116.5 140.1 -22.9 17.7 -26 -0.5
2934.1 148.6 -35 -9.4 0.6 -22.3
1.7 13.8 35
455.3 -3.3 -26.8 2.2 -6.9 -0.2
2128.6 138.9 -16.2 17.4 -26.5 -3.3
2960.9 168.3 -21 -5.2 -5.5 -34.7
1.7 12.1 27.5
454.7 -3.8 -28.8 2.4 -6.7 0.3
2137.9 137 -21.9 17.6 -28.3 0.9
2976.3 163.2 -37.4 -8.4 1 -22.3
1.8 12.2 33.9
455.8 -4.4 -28.9 3.3 -6.9 0
2152 128.8 -20.8 29.2 -30.5 -2
3003.9 170.2 -32 16.7 2.8 -35.3
1.6 12.1 23.6
458.6 -6 -28 3.8 -6.9 0.1
2174.6 96.5 -21.4 40.7 -32.2 0.1
3032.6 131.2 -62.1 44.4 14 -28.4
1.7 12.5 38
458.8 -7 -29.9 4.8 -7.4 0
2196.7 70 -27.2 59 -43.9 0.1
3087.4 89 -101 107.7 -7.4 -62.2
1.7 12.1 69.3
460.4 -7.5 -30.3 5.1 -7.7 0.1
2233.1 54.2 -29 72.1 -56.2 5.9
3204 69 -148.6 201.6 -47 -86.8
1.7 7.5 62.7
462.6 -8.5 -29.4 4.1 -7.5 0.6
2279.4 47.7 -22.3 72.1 -59.7 17.9
3371.6 168.8 -127.4 247.5 -35.9 -26.8
3 11.3 32.2
459.7 -13.1 -31 2.2 -7.1 1
2343.4 47.8 -12.3 50.1 -50.3 30.2
3547.6 232.3 -201 126.3 -84.8 8
6 20.6 30.5
446.9 -27.3 -36.2 2.5 -6.4 1.1
2390.4 46.2 -5.7 28.2 -44.2 34.7
3607.6 140.8 -138.6 94.4 -71.7 28.9
winner is: 4
