Regression analysis information for: S10_selected_tokens_0110
number of formants: 3
number of coefficients: 5
10 7.7 134.8
907.7 7 -76.3 0 -35.3 -3.5
1668.6 -14.9 149.6 53.1 -3.7 -9
2310.8 95.1 -149 -18.6 44.6 -20.8
11.4 6.8 17.9
915.4 4.2 -74.2 0.5 -33.4 -2.6
1673 -15.9 137.1 51.4 2.1 -9.4
2521.4 -45.1 48 -8.5 0.9 -9.5
12.6 6.1 18.3
918.9 2.8 -74.2 -0.5 -32.1 -2.5
1679.5 -15.9 133.4 49.7 4.7 -10.3
2525.1 -42.3 40.7 -2.1 5.1 -9.2
12.8 6.1 15.2
919.1 3.1 -77.8 -1.4 -32.3 -2.6
1687.6 -13.4 132 46.3 3.5 -12.7
2536.4 -43.1 39.3 -3.4 4.5 -10.5
12.9 6 13
920.1 4.9 -79.8 -2.2 -32.2 -2.3
1692.4 -9 128.4 42.4 1.7 -12.5
2547.8 -39 36.4 -8.6 1 -10.6
12.5 6.5 12.4
920.8 6.7 -81.7 -3.1 -32.1 -2.3
1696.5 -3.5 124.7 38.7 0 -12.7
2557.5 -30.5 32 -13.6 -2.1 -10.7
12.2 6.2 12.9
921.7 8.4 -83.5 -3.9 -32.1 -2
1700.1 2 120.8 36 -1.9 -12
2565.5 -20.1 26.8 -17.1 -5.2 -10.1
11.8 6.4 14.7
922.6 9.6 -84.8 -4.3 -32.2 -1.6
1703.2 6.8 117.8 35 -3.4 -11.1
2571.7 -9.3 22.6 -16.3 -7.7 -8.3
12 6.1 15.8
926.3 9.7 -83.1 -4.9 -30.9 -1.4
1706.9 7.2 115.6 33.4 -1.7 -10.1
2581.9 -6.6 21.2 -17.1 -6 -7.7
12 5.9 16.6
929.1 8.8 -84 -5.5 -30.1 -1.1
1714.6 6.5 115 31.8 -0.1 -10.2
2598.1 -9 22 -16.4 -3.4 -6.7
11.7 6.4 17.6
931 7.6 -87.2 -6.1 -29.4 -0.5
1726.6 5.2 115.9 30.1 2.1 -11.1
2619.8 -13.7 24.8 -13.2 1.2 -4.3
12 6.4 17.6
935.8 5.9 -88.4 -6.5 -27.9 -0.3
1739.1 3.5 115.2 28.9 4.1 -12.5
2644.8 -18.2 26.2 -8.8 3.2 -4.6
12.6 6.4 18.4
943.3 4.3 -87.9 -7 -25.5 -0.6
1751.5 2.3 111.8 28.2 7 -14
2671 -21.2 25.1 -4.1 4.8 -8.4
12.9 7.4 19.8
948.5 4.4 -91.7 -6.8 -24.1 -1.5
1765.1 6 104.7 28.1 7.2 -18.8
2694.3 -15.9 15.1 3 2.5 -18.3
13.5 9.5 20.5
952.8 2.9 -93 -5 -22.8 -2.8
1776 5.6 103.1 31.9 9.1 -23
2714.7 -17.5 16.3 15.7 3.2 -22.5
14.3 11.6 22.9
959.3 -0.1 -94.8 -6.2 -21.6 -0.5
1791.6 2.6 99 28.1 10.6 -19.3
2742.7 -25.5 18.5 18.9 1.1 -13.2
15 14.2 25.9
971 -5 -96.3 -8.2 -21.9 2.7
1820.8 -0.3 94.3 21.2 7.1 -16.7
2791.5 -38 27.5 29.4 -10.5 -4.4
15.7 17.5 38.9
986.4 -11.9 -99.8 -10.4 -23.5 7.8
1868.3 -0.8 85.9 7.6 1.8 -11.5
2872.7 -60.7 52.2 59.7 -34.5 20.7
16.2 17.8 92.8
1007.7 -20.2 -100.1 -13.9 -24.9 12.5
1933.4 5.3 60.7 -23.2 -1 2.3
3023.5 -131.2 102.6 121.4 -122.5 82.7
15.7 20.4 166.3
1029.4 -27.7 -98.9 -17.1 -25.3 15
2006.4 17.2 22 -64.7 8.7 23.1
3295.6 -101.6 121.8 151.7 -270.8 138.2
winner is: 7
