Regression analysis information for: S10_selected_tokens_0054
number of formants: 3
number of coefficients: 5
7.1 22 99.9
536.8 115.3 14.4 -17.6 -14 -15
1286.7 132.8 209.7 -59.1 68.6 -22.7
2484.5 44.9 -74.4 -68.4 -145 -131.4
6.9 21.8 16.9
542.9 125 21.5 -18.2 -15.8 -16.7
1290.8 135.5 214.4 -61.2 68.5 -24.7
2568.7 180.6 61 52.3 -17.7 -13.7
6.1 21.9 14
545.3 130.5 26.8 -18.7 -14.9 -16
1289 139.8 213.6 -61.2 68.5 -24.8
2583.4 179.1 61.4 37.3 -22.6 -21.8
5.2 22.5 13.5
545.4 131.4 27.9 -21.2 -14.7 -15.1
1290.2 140.5 216.5 -63.4 70 -24.8
2599 186 65.6 26.6 -25 -25.9
4.8 23.2 14.8
545 129.8 26 -25 -15.8 -14.6
1295.1 137.9 223.2 -67.7 72.4 -25.1
2614.5 194.6 68.7 16.1 -26.7 -27
4.4 23.8 15.1
545.5 128.4 24.2 -27.2 -16 -14.1
1296.3 137 224.1 -69.6 73.4 -25.1
2630.4 199.5 70.9 5.4 -26.6 -27.9
4.6 23.4 17
546 127.6 21.6 -28.6 -16.9 -13.8
1296.6 136.6 223.7 -70.5 73.1 -24.8
2644.4 206.9 67.5 -0.5 -28.7 -26.2
4.1 24.6 15.9
549.7 128.6 22.2 -29.6 -16.2 -13.8
1295.3 137 222.3 -71.2 74.1 -25.4
2667.8 205.8 71.5 -15.3 -25.4 -29.2
5 23.9 17.4
550.7 128.6 18.6 -32.1 -18.2 -13.5
1299 135.3 227.3 -74.5 74.2 -25.4
2682.9 215 64.1 -22.6 -28.1 -24.7
5.1 23.9 19
552.8 129.9 18.1 -34.5 -19.3 -13
1299.9 134.4 230.2 -76.4 75.2 -25.5
2699.5 217.7 66.7 -37.2 -30 -22
5.8 23.2 22.8
555.4 132.7 17.5 -33.2 -18.7 -12.5
1294.1 138.6 227.5 -73.8 73 -22.8
2715.7 225.3 54.1 -36.8 -30 -16.3
6.7 22 18.6
552.4 129.2 17.5 -30.6 -17.7 -11.9
1290.9 139.4 222.8 -73.1 71.3 -22
2693.2 220.9 46.3 -16.6 -35.2 -15.5
6.6 21.9 18.5
553 129.9 16.5 -33.4 -19.8 -15.7
1294.7 138.3 228.2 -80.6 76.7 -23.8
2702.4 214.2 53.4 -21.8 -51.1 -24.3
7.7 23.1 13.8
553.4 129.5 19.6 -31.5 -16.8 -12.8
1288.9 142.4 231 -82 75.2 -21.3
2707 206.8 48.9 -13.7 -28.2 -18.5
42.4 61.2 49.3
509.9 138.4 95.3 -37.9 -66.7 -21.3
1286.8 136.7 240.9 -61.7 68.5 -52
2737.3 198.3 44.1 0.9 -32.9 -47.4
169.6 246.1 224.5
804.1 -49.7 -128.3 -9.3 109.8 -25.4
1875.8 -292.4 -243.9 222.7 211.5 -81.9
3306.9 -145.2 -423.2 243.4 78.2 -40.2
54.9 77.5 64
949.1 -128 -64 -150.3 22.5 52.7
1998.9 -306.9 -217.9 73.7 7.8 116.6
3508.6 -225.3 -310.1 115.6 -74.9 154.8
91 129.9 109.7
1013.9 -13.5 9.1 -127.2 24.8 44.1
2069.2 -175.2 -181.4 27.7 -35.9 37
3567.6 -103.2 -258.5 103.2 -92.2 114.2
24 41.7 40.7
1094.5 127.2 112.3 -83.2 18.9 -13.3
2213.5 39.1 -37.7 91.4 -48.8 -43.4
3679.5 62.1 -131.5 157.4 -102.1 43.9
27.5 42.3 41.2
1099.8 121.5 115 -85.1 20.1 -6.1
2245.9 59.7 -46.8 115.7 -50.9 -27.8
3693.2 63.9 -140.1 174.8 -109.3 47.5
winner is: 4
