Regression analysis information for: S10_selected_tokens_0087
number of formants: 3
number of coefficients: 5
43.1 224.4 139.3
785.4 -97.9 -46 -7.7 8 36.7
1975.3 -280.9 -301 -71.4 108 186
2560.8 77.3 -108 6.3 83.3 70.4
35.5 230.5 143.5
799.3 -68.6 -26.1 1.6 12.4 35.2
2023.7 -199 -248 -54 95.3 174.4
2642.4 57.2 -77.9 11.4 81.9 44.6
8 13.8 41.5
822 -18.1 10.9 23 16.5 22.6
2213.6 133.4 -22.5 26.1 24.4 1.5
2806.3 180.3 69.4 26.3 70.8 -69.4
5.6 17.9 61.9
822.4 -9.7 15.4 23.1 14.1 15.7
2205.7 121.9 -28.4 14.2 23.4 9.3
2784.2 150.9 58 -39.4 76.9 -10.4
6.1 16.8 71.5
821.6 -3.1 20.2 24.5 10.8 13.8
2207.6 113.4 -37.2 17.8 21.6 4.8
2788.6 141.7 66.4 -63.8 65.7 30.5
6.3 16.9 65.7
819.3 0.3 23.8 22.4 12.9 12.2
2211.3 111.2 -37.6 20.6 19.1 6.2
2781.8 156.2 101.3 -96.3 47.3 76.1
7.3 16.5 33.4
817.8 4.5 22.1 26.7 11 11.5
2215.7 118.1 -30.3 22.5 23.3 7.9
2875 110.4 17.6 9.8 72.7 -32.9
7 56 79.6
814.6 5.8 17.9 28.4 10.7 9.6
2198.2 174 -68.2 73.8 -17.8 56.6
2878.4 167.4 -24.7 64.6 40.4 4.3
6.3 18.1 64.7
809.3 -3.1 12.9 28.2 11.1 11.5
2226.6 133.1 -16.4 30.4 29.8 13.5
2901.4 170.9 -5.1 47.9 60.9 -4.8
5.6 18.4 35.8
805.9 -16.9 5.3 24.8 9.9 12.2
2231 141.4 -10.9 34.6 32.6 15.4
2938.7 149.2 29.7 29.4 83.8 -22.8
6.6 18 31.7
798.9 -35.5 -5.1 19.7 7.3 13.9
2236.6 151.5 -3.2 39.8 36.8 17.7
2962.3 157.1 37.5 40.9 79.3 -8.5
8.9 18.3 35.5
792 -51.6 -7.6 16.8 2.2 12.9
2240.4 154.7 1.6 42.8 37.9 19.5
2975.7 151.5 56.4 51.3 65.9 0.7
9 18.9 39
791.4 -58 -9.9 11.9 3 17
2241.2 150.8 1.7 41.4 36.5 22.1
2984 143.1 62.6 41.8 64.8 24.4
11.5 40 74.3
782.6 -76.7 -14.9 11.8 -0.3 15.5
2222.4 113.3 -19.5 32.1 37.7 34.8
2919.5 8.5 20.6 37.4 51.5 30.8
8.4 40.2 77
774 -79.4 -22.8 7.8 -2.7 5.9
2221.6 124.6 -6.3 43.9 51.3 34.7
2874.3 1.6 26.5 32.1 75.7 -27.6
7.5 31.9 67.2
774.3 -73 -28.8 12.3 -4.8 5.5
2229 142.6 -0.8 56.2 52.3 30.4
2879.6 32.1 -22.3 55.4 69.9 -34.4
6.7 18.5 42.8
781.8 -62.2 -33.1 15.1 -6.5 6
2244.9 168.2 -3.4 51.8 38.6 15.3
2962.4 131.5 -58.4 59.2 72 -8.4
15.8 9.6 73.1
804.1 -39.9 -28.6 17.3 -8.1 3.4
2267.4 190 0.1 50.9 29.1 10.9
3144.6 297.4 -63 45.3 60.9 -14
28 7.8 59.6
831.4 -17.9 -18 17.6 -11.5 -3.7
2284.1 191.8 5 50.2 25.5 10.7
3247.5 303.3 -76.6 32.8 36.3 -7.3
32.8 8.4 57.1
844.4 -19.2 -21.3 9.2 -24.4 -13.7
2298 193.3 14.2 49.8 26.3 9.3
3327.4 258.9 -68.5 30.4 15.5 -4.6
winner is: 11
