Regression analysis information for: S10_selected_tokens_0028
number of formants: 3
number of coefficients: 5
81.5 122.3 126.9
590.9 -1.8 27.2 86.2 82.2 75.1
1660.9 262.7 88.9 195.9 105.7 25.2
2056 530.7 185.1 70.1 -110.1 -3.9
83.5 101.1 161.1
637.8 71.3 67.1 90.1 67.2 51.3
1754.1 372 84.1 161.2 57.9 -40.2
2252.2 499.4 84.8 169.8 -103 -197.3
78.4 46.7 178.5
631 35.8 31.8 49.2 40.8 39.3
1779.5 397.7 74.7 118 31.5 -26
2689.8 294.7 -133.7 67.9 110.2 -190.5
89.1 36.4 32.5
636.5 27.2 29.2 43.3 45 56.6
1797.1 416.4 69.9 99.8 10 -34.6
2888.7 -48.2 100.9 18.7 -4.4 9.2
95.3 33.3 23.9
637.9 16.5 22.8 33.4 39.3 57.8
1806.3 417.6 67.5 91.6 4.8 -32.8
2895.4 -31.3 99.6 18.3 4 -3.6
105.1 52.5 52.4
672.5 76.7 73.2 65 49.5 49.5
1829.3 451.5 86 95.9 1 -37.8
2935.9 10.6 136.8 39.3 17.4 -12.1
113.5 54 52.9
654.8 42.7 46.8 46.7 39.1 48.3
1837.7 460.3 84.1 85.4 -10.1 -41.6
2954.4 4.7 139.8 35.4 18.7 -14.5
112 57.6 56.4
637.8 15.2 29.1 41.7 41.3 57.3
1844.5 474.1 81.6 73.2 -24 -46.2
2969 -8.4 144 28.8 16 -15.5
163.6 76.7 93.5
646.4 41.9 60.5 76 83 92
1863.9 507.2 110.9 89.7 -6.1 -27.2
3001.9 49.4 217 70.3 71.6 39.4
145.7 80.3 107.2
635.9 30.9 58.8 85.1 84.8 78.7
1857.1 502.8 104.4 86.1 -9.3 -30.4
2999.9 28.7 222.6 51.9 53.6 22.1
180.4 81.8 129.4
671.9 110.9 131.1 152.5 135.3 103.2
1844.9 494.7 136.8 151.5 58 5.9
3020.7 85.2 271.5 110.4 100.5 50.7
169.8 95.3 141.5
669.6 108.9 121 139.4 107.9 57.3
1831.7 483.9 139 173.7 70.5 -15
3027.4 80.7 244.7 97.6 77.1 -21.5
215.3 126.2 183
750.7 261.6 237.4 216.1 126.3 21.5
1864 540.7 192.4 223.5 92.7 -26.2
3077.9 208.5 289.7 200.2 106.9 -45.6
206.5 122.6 176.3
710.2 181.4 165.3 164.8 90.7 1
1854.5 520.2 162.2 202 73.7 -42.5
3072.3 156.6 216.7 182.9 80.8 -103.1
240.1 153.1 212.8
794.5 329.2 278.6 236.3 110.3 -24.9
1905.6 599.7 210.2 226.6 69.1 -69.7
3168.1 235.6 281.4 262.9 121.2 -136.2
250.3 165.3 225.9
792.9 313.6 263.6 224.5 100.7 -32.3
1923.7 618.6 217.9 233.8 70.8 -75.9
3225.6 196.9 297.2 282.3 156 -163.7
161.1 155.3 216.9
899.1 490 406.4 325.4 178.6 41.8
2060.1 814.3 281.9 179.1 -38.2 -150.5
3510.9 441.1 444.6 209.3 44.4 -246.8
177.2 162.6 177
1018.7 654.1 456.2 254.4 21.6 -125.6
2130.6 902.6 256.2 101.7 -117.5 -196.8
3740.4 398.9 427.7 174.7 -43.1 -253.1
115.4 138.1 144.5
1038.6 618 460.8 313 149 64.1
2156.2 912.5 195.7 74.4 -55.5 -76.4
3870.8 386.1 389.3 197.6 17.8 -101.4
171.7 84.3 102.8
1170.1 420.2 469 305.9 84.6 208.7
2113.2 832.2 85 15 3.4 32.4
3923.9 361.7 330.8 187 58.9 -5.7
winner is: 5
