Regression analysis information for: S10_selected_tokens_0083
number of formants: 3
number of coefficients: 5
5.3 112.9 74.3
746.4 -150.5 -72.1 -23.8 -20.2 7.9
1948.4 71.6 -387.2 -79.2 -195.8 68.9
2582.2 34.4 -246.2 89.3 -138.1 119.2
10.7 138.7 108.8
750.3 -136.6 -74 -19.5 -23.6 11.7
2094.3 298.6 -156 58.6 -123.6 83.3
2708.2 92.2 -34.2 111.3 -29.8 106.2
7 10.7 24.3
754.7 -140.9 -62.5 -24.7 -14.5 6.5
2175.6 239.2 -16.2 -10.6 -10.3 4.3
2769.2 16.6 66.2 28.8 51.5 27.6
7.5 10.9 22.7
753.6 -140.5 -56.8 -22.3 -12.1 6.3
2179.8 238.9 -24.8 -16.7 -12.3 4.6
2775.6 22.6 60.7 25 43.4 24
6.9 11.3 21.9
749.3 -140.5 -51.7 -19.2 -11.6 5.8
2186.8 242.9 -29.9 -21.4 -12.7 5.8
2786.9 30.6 63.7 23.4 40 20.6
6 12.1 21.4
742.8 -143.2 -50.3 -16.7 -12.6 4.1
2193.1 251.2 -33.4 -25.2 -11.5 8.7
2799.4 41.7 70.8 22.9 36.3 16.3
5.2 11.9 19.8
737.3 -144.1 -50.3 -14.5 -14.9 3.3
2198.6 258.9 -35.6 -28.4 -11.6 10.9
2808.8 51.4 76.7 20.3 32.7 10.9
5.2 11.9 18.6
734 -145.3 -50 -13.6 -16.8 2.7
2202.8 264.8 -37.7 -32 -12.3 13.1
2815 60.2 79.5 16.2 25.4 5.9
5.5 12.4 19.6
732.9 -146.6 -50 -12.9 -18.4 2
2207.2 267.3 -41.8 -34.7 -13.5 14.7
2821 65.3 78.6 10.6 13.9 -0.4
5.7 13.1 21.6
733.6 -147.5 -50.6 -12.4 -19.6 1.8
2213 267.8 -48.2 -36.4 -13.7 16.1
2829.9 70.3 76.4 4.1 0.4 -5.8
5.8 13.2 23
737.2 -147.1 -49.5 -12.6 -20 1.5
2222.1 264.9 -55.1 -37.8 -13.6 15.9
2842.5 73.1 75.2 -4.4 -13.4 -12.5
5.9 13.9 24.1
740.6 -148.7 -50.4 -12.5 -20.8 1.5
2234 264.1 -63.7 -36.8 -10.3 17.6
2861.6 79.4 77.5 -11.3 -26.9 -16.8
6 14.9 25.5
744.7 -150.9 -51.7 -12.2 -21.2 1.9
2248.4 263.1 -73.4 -34.2 -5.1 19.7
2883.6 85.3 80.6 -17.7 -38.7 -18
6.2 15.9 25.6
749.2 -153.9 -52.6 -11.2 -21.6 2.1
2264 261.7 -82.5 -29.4 0.7 20.7
2906.3 90.2 87.4 -20.5 -49.6 -19.8
6.4 18 25.6
752.3 -159.5 -52.7 -8.4 -19.9 4.4
2277.9 257.9 -90 -23.6 7.9 24.6
2914 74.2 98 -4.2 -36.6 -4.3
7.1 24 21.7
752.5 -167.1 -53.4 -4.2 -19.1 5.4
2281.1 249.7 -91.9 -11.7 15.4 26.2
2903.7 39.7 110.4 29.6 -7.6 18.5
5.9 15.4 21.6
748.6 -167 -48.4 -3.5 -19.4 4.3
2255.8 239.8 -61.2 0.8 7.3 21
2892.7 36.5 114.4 34.7 4.6 16.1
5.9 13.7 24.1
752.3 -165.6 -49.6 -4.5 -21 3.6
2273.9 258.2 -61.4 -3.2 1 15.4
2925.1 75.8 127 34.6 -6.3 4.2
6.4 15.8 35.8
761.5 -164.5 -56.4 -5.4 -23.1 1.6
2317.7 278.3 -98.3 -9.8 12.4 12.4
2996.5 171.7 166.1 9.9 -78 -47.5
8.9 20.3 28.5
782.1 -168.4 -74.5 -7.4 -25.7 -1.4
2371.6 276.1 -146.9 13.9 31.3 -3.9
3163 337.7 125 -154.9 -211.1 -59.2
winner is: 8
