Regression analysis information for: S10_selected_tokens_0096
number of formants: 3
number of coefficients: 5
11.5 171.7 40.4
666 -246.8 -72.2 21.7 19.9 4.3
1768.8 -425.4 1.9 291.7 48.2 -255.7
2765.5 -216.8 7.6 52.1 21.2 -67.9
5.8 75.9 26.3
680.6 -241.7 -85.3 5.9 23 15.2
2132 -80.6 -310.8 -195.5 -21.3 48.4
2854.6 -131.1 -85.4 -82.3 3.9 13.7
6.8 49.3 23.2
687.6 -240.2 -92.1 1.2 27.3 19
2258.3 143.7 -164.1 -158.4 -87.3 -65.6
2863.5 -114.1 -83.6 -102.6 -38.3 -30.9
8.2 14 12.4
685.8 -236.6 -92.5 1.5 30 17.6
2331.7 275.1 -45.9 -62.1 -16.4 -19.7
2908.1 -37.7 -16.7 -50.7 -2.8 -6.9
10.6 11.6 11.7
676.5 -228.9 -90.3 6.3 26.3 17.4
2335.7 272.3 -52.2 -64.8 -13.6 -17.3
2917.7 -32.8 -14.3 -51.8 -3.6 -7.9
12.6 10.5 12
664.3 -220 -90.4 15.4 20.9 16.8
2340.4 278.3 -56.1 -66.5 -9.7 -13.7
2925.4 -30.5 -13.1 -54.9 -5 -8.4
13.2 11.2 12.7
653.8 -212 -88.9 21.8 14.4 15.8
2345.1 291 -58.8 -65.6 -6.4 -10.8
2930.9 -26.1 -13.6 -58.4 -7.1 -10.5
12.6 12.7 14.4
645.7 -208.4 -84.2 26 9 13.1
2347.7 304.2 -61.9 -66.6 -5.4 -8.4
2930.5 -24.1 -15.2 -61.1 -10.6 -15.1
11.1 14.2 14.6
642.2 -207.4 -81.4 28 5.2 12.2
2348.5 307.8 -67.5 -70.1 -10.3 -10.2
2929.9 -23.9 -18.2 -64.7 -17.2 -19
10.2 16.2 13.7
642 -208.7 -79.8 29.2 3.1 11.7
2352.3 306 -72.3 -72.4 -14.5 -12.4
2933.3 -23.6 -19.9 -68 -23.9 -21.1
9 17.2 12.6
645.4 -211.7 -77.7 27.7 2.4 10.3
2362.4 304 -73.1 -69.9 -14.7 -13.5
2942.1 -18.8 -18.9 -71.2 -30.9 -23.8
8.7 18.1 11.7
648.7 -215.3 -77.7 28.6 1.7 10.2
2375.6 300.9 -76.9 -68.2 -13.3 -13.4
2954.6 -15.5 -19.9 -78.3 -39.9 -25.5
8.6 17.8 10.9
653.2 -220 -77.9 29.7 1.4 10
2394.3 300.2 -79 -62.3 -6.7 -10.2
2970.8 -10.7 -21.9 -88.2 -49.9 -26.7
8.9 18.8 10.3
658.7 -225.7 -78.4 31.2 1.3 9.9
2417.4 300.3 -81.2 -53.4 3.5 -5.9
2990.9 -2.9 -25 -101.5 -62.4 -28.8
9.5 19.9 10.2
665.2 -232.8 -78.9 33.3 1.4 9.7
2443.3 298.7 -84.6 -42.5 15.5 -1.9
3014.8 8.4 -28.3 -116.4 -74.2 -28.7
11.4 19.4 18.4
670.7 -240.7 -80.7 38.9 1 10.7
2469 294.8 -89.7 -32.1 27 0.4
3044.6 25.6 -29.2 -127.2 -74.7 -15.8
15.1 23.3 34.1
675.6 -246.9 -80.8 41.1 2.5 11.2
2486.7 289.9 -98.6 -26.9 35.8 0.4
3072.3 53.1 -24.6 -129.1 -61.2 7.3
11.5 17.4 49.6
665.8 -237.3 -77.3 38.9 0 11.7
2461.1 308.3 -82.6 -38.4 26.1 13.6
3049.9 60.9 4 -112.2 -63 16.7
10.9 14.5 31.2
668.5 -238.1 -76.4 36.5 -0.5 11.8
2460.3 306.8 -65.4 -28.7 28.1 9
3066.2 93 64.4 -38 -11.5 20.3
12.1 16.9 55.7
675 -246.8 -74.9 39.9 -2 14.2
2480.3 301.4 -66.3 -21.3 22.6 4.3
3172.6 274.6 207 60.6 50.3 51.6
winner is: 5
