Regression analysis information for: S10_selected_tokens_0003
number of formants: 3
number of coefficients: 5
3.9 2.9 32.7
731.9 40.1 -22.9 6.1 -16.8 10.1
1743.4 -101.6 -60.3 3.2 -27.5 8.7
2494.3 -82.7 -155.5 -14.8 -10.9 3.6
4.1 2 107.9
732.2 38.9 -20.8 5.6 -16.9 7.9
1746.7 -103.4 -55.6 1.4 -27.9 6
2566.8 -202.1 -63.6 -69.8 13.5 6.7
5.4 1.6 60.5
736.2 38.8 -19.9 7.4 -19.1 7.9
1749.8 -100.9 -56.2 1.2 -27.3 2.3
2733.6 -439.4 -14.8 42.1 -139.1 101.2
6 1.8 35.4
742 37.2 -19.1 8.7 -19.6 7.7
1756.1 -98.8 -60.3 2.5 -25.9 -0.3
2799.1 -521.9 5.4 37.6 -107.9 31
5.9 2.2 19
748 36 -19.1 10 -19.5 7.5
1764.2 -97.9 -65.2 3.6 -24.2 -2
2818.3 -532.9 10.9 10.2 -63.3 -8.1
5.3 2.6 13.6
753.7 36.2 -19.6 10.1 -18 6.4
1773.1 -97.4 -70.4 3.8 -22.1 -3.2
2827.2 -520.3 -9.8 12 -50.2 -15.8
4.2 2.8 9.2
758.5 40 -21.9 10.9 -16.4 4.9
1782.6 -95.5 -76.2 3.4 -19.8 -4.2
2841.6 -513.5 -28.2 15.1 -41.6 -18.6
3.4 3.1 6.5
763.8 45.1 -24.6 11.6 -14.8 3.6
1792.6 -92.3 -82.5 2.3 -17.7 -5.2
2858.2 -508.3 -45.4 17.2 -34.2 -20.4
3.2 3.3 5.8
769.7 51.9 -27.6 12.2 -13.1 2.7
1803 -87.7 -89.6 0.7 -15.4 -6.1
2876.2 -504 -61.8 18.2 -27.2 -21.5
3.3 3.6 5.5
776.1 61 -31 12.6 -11.5 2.4
1813.5 -81.1 -97.6 -2 -13.3 -6.6
2895.1 -499.9 -77.8 16.8 -20.3 -21.4
4.5 4.1 5.5
781.2 73.4 -36.8 12.3 -11.1 2.7
1820.4 -74.5 -109.2 -6.3 -11 -6.3
2911.1 -502.1 -97.5 15.1 -13.2 -20.7
5.8 4.8 5.4
788.5 86.5 -38.6 12.2 -11.5 4.7
1829.3 -63.9 -116.9 -10 -12.3 -4.3
2928 -497.6 -110.8 10.1 -8.3 -20.2
6.3 5.5 10.2
779.7 90.5 -35.5 0.9 -11.5 7.7
1816.1 -55.2 -108.7 -28 -9.9 3.2
2908.9 -491.7 -89.8 -17.8 -11.5 1.6
9.3 9.8 10.4
782.5 108.9 -23 16.5 -10.6 6.7
1810.1 -40.4 -104.6 -11.7 -16.6 -0.1
2898.6 -486.4 -73.2 -8.1 -13.7 -10.2
6 6.6 6.1
775.3 100.9 -25.1 24 -6.7 8.6
1801.1 -47.3 -107.7 0.3 -14.7 -1.2
2887.9 -486.8 -83.9 8.2 -17 -16.8
4.3 3.3 5
774.3 88 -36.6 15.8 -11.5 6.6
1808.8 -55.2 -112.7 -3 -14.6 -1.8
2905.5 -492.9 -91.6 12.4 -15.3 -19.5
3.7 3.9 7.6
785.9 85.4 -39.6 13.4 -12.6 8.3
1827.8 -64.2 -115.6 -6.8 -14.5 -1.3
2937.7 -514.5 -100 23.6 -16.4 -22.6
7.3 11 10.3
817.1 99 -44.9 1.6 -20.1 12.9
1860.1 -71.4 -133.3 -25.1 -17.4 9.3
2953.8 -565.2 -114.4 57.7 -2.6 -29.4
92.8 85.6 128.5
872.8 124.6 -78.9 -12.8 7.4 57.7
1795.1 -247.7 -230.3 43.8 148.2 130
2975.6 -672.2 -275.6 42.5 102.3 71.6
14 10.8 12.2
1083.4 374 -51.9 -33.2 -1.9 44.9
2118.8 177.3 -157.3 -55.4 -5.1 11.9
3556.9 120 -66.6 4.2 41.1 0.6
winner is: 9
