Regression analysis information for: S10_selected_tokens_0079
number of formants: 3
number of coefficients: 5
10.1 45.3 24.9
803.4 13.9 -12.4 2 -13.4 -3.9
2156.7 90.6 75.1 68.3 48.7 4.8
2793.3 21.5 71.5 21.3 17.4 -2.1
9.3 44.2 28.8
803.2 9.9 -17.9 1.2 -15.7 -5.2
2143.9 69.4 65.1 61.6 53 16.4
2771.5 -7.9 54.9 7.7 22.9 12.6
9.2 33.7 28.5
804.4 11.3 -18.9 3.1 -15.5 -4.9
2144.7 63.9 61.2 57.1 50.8 15.9
2777.1 -8.9 57.4 5.5 24.7 14.1
8.7 33.5 26.2
803.8 14.1 -18.3 4.3 -16.3 -5.1
2164.9 89.5 79.4 68.7 55.8 14.1
2790.3 -7.7 60.1 6.5 27 14.4
9.8 31.4 23.3
799.5 17.2 -17.5 4.8 -16.1 -5.3
2188.1 120.8 101.5 83.1 63.3 16.5
2805.6 -6.1 63.3 5.6 25.1 12.2
12.2 26 29.3
790.3 12.9 -20 2.4 -19.9 -8.7
2213.5 165.1 134.4 104.8 74.8 24
2813.6 -3.5 67.5 2.6 19.3 9.3
28.7 32.5 53.4
771.3 -10.5 -43.5 -15.6 -38.2 -23.1
2242.5 224.3 181.1 128.5 80.5 19.6
2844.9 56.7 130.7 47.1 54 40.3
37.5 146.6 58.8
758.8 -27.5 -58.7 -26.3 -48.6 -31.6
2159.7 71.9 34.8 -8.7 -43.3 -78.8
2850.6 77 142.4 40.5 28.9 5.7
36.9 143.4 76.5
756.3 -31.9 -61.4 -26.2 -47 -29.5
2164.6 80.9 42.6 -1.5 -37.7 -76.8
2879.5 128.8 180.3 61.8 30.3 -11.4
39.9 152 85.3
755.2 -38.1 -65.8 -29 -48.5 -29.7
2176 90.2 50.9 8.5 -26.8 -64.6
2912.5 170.8 217.3 89.6 45.8 -8.7
26.8 26 76.4
768.8 -21.6 -47.3 -14 -34.2 -20.7
2259 228 177.5 126.4 75.2 11.1
2969.6 248.4 290.4 157.2 103.8 29.8
20.4 26 72
778.8 -12.1 -37.8 -5.2 -25.7 -14.4
2273.9 225.1 167.3 119.8 71.3 4.8
2988.7 239.3 281 147.2 96.4 15.8
19.4 27.9 68.9
787 -8.3 -33.4 -0.5 -21.2 -11.8
2291.6 221.5 156.2 115.3 69.2 -0.7
3012.2 229.7 272.4 143.8 97.8 10.4
22.7 32.3 75.7
788.5 -18 -39.1 -2 -20.6 -11.6
2304.1 210.4 148 121.9 80.1 4.1
3042.3 231.2 275.8 152.5 106.5 7.4
41.3 41 97
777.8 -48.1 -66.8 -21.5 -38.6 -28.6
2315.9 202.3 144.2 131.4 91 1
3073.3 234.2 278.6 159.5 112 -8.7
32.7 41.7 119.7
771.5 -67.6 -81.8 -29.3 -35.8 -27.5
2311.3 183.5 133.3 151.9 129.8 25.5
3104.1 272.4 291.4 185.4 145.1 -12.1
22 44.2 51.4
761.5 -82.7 -96.3 -35.7 -33.1 -21.9
2249.1 80.7 52.4 116.7 148.7 74.1
2931.9 -31.9 39.9 44.5 122.8 48.2
19.9 30.7 33.9
769.3 -80 -97 -39.2 -38.4 -21.2
2312.7 163.8 93.2 119 122 53.1
2929.7 -79.1 -6.4 6.3 92.2 42.1
21.9 17.8 159.3
792.4 -70 -99.3 -47.7 -54.6 -27.4
2411.5 250.9 97 64.4 24.7 -12.7
3231.2 324.3 196.9 32.7 -33.1 -136.6
23.9 18 111
818.3 -69.2 -112.5 -60.2 -80.2 -32.1
2450.7 230.3 79.7 64.9 13.1 -2.2
3386.9 360.6 135 -5 -37.9 -30.6
winner is: 5
