Regression analysis information for: S10_selected_tokens_0056
number of formants: 3
number of coefficients: 5
4.7 12.3 22.4
567.5 185.9 60.1 25.8 14.2 19.1
1177.8 7.4 110.7 -59.2 22.1 -30.6
2676.5 159.4 -83.3 10 -29.3 24.8
5.4 12.6 21.3
574.2 189.2 57.2 23.7 14 20.5
1180.7 6.4 111.9 -61.6 21.8 -30.7
2683.1 147.9 -76.4 19.8 -25.3 27.8
7 11.6 20.8
576.2 185.1 51.9 20.1 13.6 21.7
1178.1 6.8 106.5 -63 18.1 -32.9
2700.4 139.3 -69.3 23.8 -19.7 29.5
7.8 10.8 21.4
574.3 176.8 43.1 13.4 9.8 21
1176.6 0.3 102.5 -68.8 14.2 -36.5
2716.4 137.2 -67.6 28 -18 32.7
5.6 11.8 22.7
560.9 148.7 14.5 -11.5 -11 5.9
1177.9 -10.3 102.9 -76.5 12.6 -38.7
2728.9 139.5 -71.7 33.5 -20.4 36.9
11.1 11.3 22.7
549.6 122.7 -8.1 -32 -26.8 -5.3
1174.5 -8.9 98.9 -75.5 10.7 -39.9
2745.8 129.6 -69.4 30.5 -19.3 35.7
11.4 12 24.6
543.4 111.3 -19.6 -41.7 -32.6 -6
1176.5 -16.2 102.3 -79.3 11.9 -39.4
2754.9 129.7 -78.6 33.3 -24.8 38
9.9 11.7 24.4
539.4 106.1 -24 -45.8 -33.7 -2.4
1174.6 -17 101.7 -78.1 11.6 -38.6
2761 123.9 -91.5 31.6 -31.3 37.6
9 10.9 24.7
538.3 105.3 -22.6 -45.8 -30.4 0.3
1170.8 -13.7 98.8 -74.9 12.4 -40.4
2751.8 115.2 -89.5 2.5 -28.2 35.6
7.2 11.1 26.5
532.5 98.6 -18.1 -33.6 -24 -2.8
1170.7 -14.3 97.8 -73.4 16.2 -38
2734.1 109.1 -80.2 8.2 -27.2 24.1
9.8 11.6 22.1
529.5 94 -21.2 -30.7 -22.6 -4.9
1174 -18.6 99.9 -76.8 17.2 -36.2
2724.9 111.3 -76.9 37.1 -18.2 33.9
12.3 11.5 22.6
529.4 93.1 -22.7 -35.1 -26.3 -6.5
1173.8 -20.3 100.4 -78.5 15.5 -38
2742.3 116 -76.5 43 -15.2 43.1
19.4 10.8 23.5
518.6 95.9 -9 -48.5 -40.6 -12.3
1166 -18.7 100.4 -76.1 10.9 -44.5
2777 115.3 -78.6 44.4 -17.8 51.8
214 528.5 279.7
671.6 64.1 -148.1 -6.8 45.4 119.8
1732.7 -200.8 -487.8 165.2 309.9 336.3
3180.7 29.3 -435.5 161.6 140.1 274.1
134.5 249 177.3
1005.8 -3.2 -38.5 79.6 32.5 121.3
2337.7 154.7 -193.1 472.3 435.1 119.6
3365.4 325.1 55.6 288.3 96.1 155.9
25.6 45 42.1
1057.4 35.5 11.8 12 -3.7 -14.8
2243.4 60.3 -256 106.6 146.5 90.3
3401.5 148 -25.4 190 100.8 93.1
25.7 66.2 53.2
1058.6 37.1 10.8 12.7 -6.6 -11.8
2312.5 66.7 -270.3 104.4 121.4 100.5
3437.3 158.9 -48.2 213.1 112.1 86.7
74.8 231.2 129.5
1030.8 -19.1 11.5 53.7 61.1 49.7
2435.2 2.8 -345.5 210.7 122.6 201.4
3439.2 191 -52.1 198.7 155.1 31.1
127.1 312.6 172.6
955.3 -109.6 -64.4 68.7 114.8 129.1
2393.1 -245.3 -565.2 467.3 292.8 470.2
3489 74.3 -190.8 146.4 182.2 227.6
92.1 376.1 139.7
803.9 13.9 -287.8 120.8 -5.5 29.5
2100.5 -388.5 -907.7 477.7 293.6 180.6
3581.3 40.3 -405.6 347.6 153.6 208.6
winner is: 2
