Regression analysis information for: S10_selected_tokens_0078
number of formants: 3
number of coefficients: 5
1.5 9.8 12.5
394.6 -10.6 0.2 -2.9 -0.2 -1.5
2191.4 59 100.6 -62.5 2 -17.6
2634.1 -19.1 82.3 45.8 42 12.6
1.2 9.7 12.2
394 -10.6 -0.3 -1.5 -0.9 -1.4
2196.5 61.1 103 -63 1.9 -16.9
2644.6 -13.6 83.3 44.8 41.5 12.7
1 8.4 12.1
393 -9.9 -0.2 -0.4 -1.4 -1.2
2201 65.5 105.7 -61.9 4.4 -18.2
2652.7 -14 80.7 45.2 40.4 10.2
0.9 8.3 12.2
392.1 -9.5 -0.2 0.1 -1.7 -1.1
2205.7 67.2 108.3 -61.9 4.6 -18.7
2661.5 -11.8 83.9 49.4 41.2 8.2
1.3 8.7 13.3
391.2 -8.8 -1.2 0.8 -2.7 -0.4
2210.7 63.8 110.2 -65.5 2.1 -19.6
2669.4 -13.3 87.6 50.8 42.3 4.1
1 9 11.2
391.4 -8.4 -0.8 0.8 -2.4 -0.5
2213 69.4 111.3 -62.3 4 -19.9
2676.8 -8.3 87.4 53.2 40.6 0.9
1.6 10.9 11.3
391.4 -8.1 -1.4 1.2 -2.9 -0.2
2218.7 67.5 112 -62.9 1.2 -18.5
2689.7 -1.7 91.9 59.8 42.9 -1.4
1.8 12.5 13
392 -8 -1.6 1.4 -3 0
2223 69 109.8 -60 -0.7 -16.3
2702.8 6 86.1 65.6 41.2 -1.1
1.2 11.5 13.1
392.9 -8.3 -1 0.9 -2.3 -0.2
2228.4 73.2 110.9 -57.3 3.6 -13.2
2715.4 9.5 78 64.3 43.4 3.8
1.2 11.6 11.8
393.6 -8.3 -1 0.8 -2.2 -0.1
2236.9 74.4 112.8 -57.8 5.3 -10.5
2736.6 19.8 77 63.2 45.4 4.7
1.6 11 14
393.9 -7.8 -1.6 1.1 -2.7 0.1
2249.6 78.3 118.8 -57.7 7.9 -6.2
2767 45 82.4 60.9 46.4 0.7
1.4 11.2 19.9
393.9 -7.4 -1.2 0.8 -2.7 -0.1
2251.6 91.2 128.8 -59.3 13.6 -6.1
2777.9 84.1 108.7 47.1 36.3 0.3
1.2 13.3 38.1
394.4 -8.4 -0.8 0.7 -2.2 -0.6
2264.8 96.2 134.5 -56.2 18.9 -3.9
2834 136.4 122.9 42.9 30.4 5.2
2.4 16.1 97.4
393 -10.6 -1.4 1.8 -2.2 -1.1
2279.9 100.1 137.7 -53.7 26.7 -1.6
2943.1 263.6 160.4 45.2 45.3 35.8
6 20.6 147.6
388.8 -15.7 -4 4.2 -2.1 -2
2292.4 105 150.4 -51.3 29.7 4.2
3022.6 356 166.1 -32.2 -31 26.5
9.6 21.7 149.1
384.2 -22.5 -5.8 5.7 -0.7 -3.8
2297.1 102.8 147.8 -48.6 26.9 1.7
3066.2 390.8 161.4 -55.2 -66.8 9.1
15.2 24.1 125.1
370.9 -34.1 -11.6 5.7 -3.9 -5.1
2318.4 97.1 150.4 -39 29.9 3.9
3137.2 432.7 145.4 -75.4 -93.9 -24
20.5 25.4 101.3
341.6 -40.6 -0.1 -4.5 -13.7 -5.9
2345.6 76.3 140.6 -22.6 26 8
3233.5 434.9 72.1 -53 -90.2 -64.9
324.3 162.8 145.3
499.7 -37.3 -391.1 77.6 352.2 -145.2
2477.1 43.6 -69.1 4.9 195.2 8.7
3478 349 -188.2 55.5 54.4 -156.7
262.7 113.6 87.1
830.7 -434.4 -297.7 120.5 6.8 239.7
2443.4 -2.7 138.7 -68.9 1.4 80.4
3729.1 126.5 -233.1 113.1 -137.4 77.8
winner is: 6
