Regression analysis information for: S10_selected_tokens_0023
number of formants: 3
number of coefficients: 5
6.5 270.8 189.9
379.8 -43.9 -2.3 -35.3 -6.5 -14.7
1609.3 218.5 19.9 43.4 -188.6 -129.2
2680.9 402.7 35.2 42.9 -140.3 -119.9
8.8 170.1 125.2
379.4 -45.1 2.3 -36.2 -9.8 -13.8
1762.3 409.2 -16.3 -198.9 -472.8 -203.6
2881.1 269 186.2 -188.5 -162.1 -214.2
6.5 212.7 100.7
383 -46.1 -1.4 -35.9 -5.1 -15.1
1996.7 474.7 -318 -116.9 -128.9 -217.2
2929.8 284 218.6 -176.4 -113.6 -210.3
6.6 121.5 55.8
384.1 -46.2 -1.2 -36 -4.7 -15.3
2111.9 656.2 -183.6 13 11.6 -71.7
2985.4 368.9 321.8 -46.7 -2.9 -103.9
6.5 103.2 44.2
384.5 -46 -1 -35.9 -4.4 -15
2129 660.7 -209.7 -3.7 20.3 -51.5
3002.8 377.8 340.2 -27.4 17.6 -71.5
5 94.1 42.8
385.5 -43.1 1 -33.7 -2.5 -13.3
2151.7 663.1 -222.1 -6.6 31.2 -36
3006.5 365.4 334.5 -29.3 3.4 -69.6
5.8 95 46.1
384 -48.3 -1.4 -36.3 -4.5 -13.9
2158.8 666.9 -246.6 -23.5 26.2 -31.5
3026.2 365.5 343.5 -46.6 -25.6 -74
4.8 92.5 42.3
382.9 -49.5 -2.5 -36.5 -4.8 -13.8
2158.7 669.1 -242.9 -24.4 17.2 -34.2
3037.9 385.1 360.8 -46.5 -38 -80.9
5.3 77.1 39.8
382.4 -51.6 -3.7 -37.3 -5.7 -14.2
2164.8 673.5 -230.2 -13.5 10.1 -25.4
3062.4 395.3 375.3 -33.7 -47.3 -79.4
8.1 69.9 41.7
381.2 -55.1 -6.6 -39.3 -8.2 -16.7
2178.8 679.8 -222.9 12.3 15.6 -17.2
3073.9 392.6 379.8 -15.8 -59.4 -94.3
4.3 64.9 48.1
384 -49.8 -2.5 -34.1 -4.4 -13.2
2205.1 666.8 -246.8 30.9 23.1 -19.4
3080 372.7 376 7.4 -72.8 -87
4.6 58.4 58.6
384.6 -50.4 -3.2 -33.5 -4.9 -13.2
2238.5 657.5 -291.6 54.6 41.8 -25.2
3088.6 344.4 369.9 28.6 -91.4 -65.5
4.9 46.7 68.9
385.3 -51.2 -3.8 -33.2 -5.3 -13
2267.2 649.8 -330.2 68.4 59.5 -12.5
3104.2 307 346.4 67.2 -100.3 -41.6
5.1 39.8 63.2
386.1 -51.4 -3.8 -33.3 -5.1 -12.8
2280.4 649.5 -336.7 74.6 60.2 -12.9
3163.3 305.1 300 41.3 -91.8 -21.3
9 39.7 65.2
384.1 -55.8 -9.6 -37.2 -9.6 -16.4
2295.1 662.1 -330.8 85.6 46.1 -11.4
3290.2 285.3 237.2 -14.7 -114.9 40.4
14.8 45.5 108.5
375.1 -28.9 -25.7 -20.5 -14.3 -12.3
2322.8 663.3 -324.2 108.7 21.8 1.7
3479.7 254.6 96.4 -136.3 -34.3 195.4
84.4 153.4 152.3
449.9 -183.8 112.5 -156.3 99.2 -111.9
2474 453.2 -155.7 26.1 101.8 -64.4
3629.7 140.3 69.2 -212.2 141 99.7
182.6 189.3 184.5
562.2 -183.4 294.4 -85 185.5 54.8
2545.4 374.9 -7.5 -27.7 141.9 16.3
3705.9 131.3 127 -109.8 57.7 262.2
192.4 166 158.4
529.4 -111.4 258.9 -67.4 215.9 9.8
2540.2 413 -4.5 -40 209.8 -74.3
3717.6 152.6 88.4 -89.4 88.5 191.3
215 189.6 129.7
530.1 -33.4 271.3 -12.7 249.9 33
2541.1 475.5 3.4 -13.2 260.4 -110.3
3743.6 197.8 42.9 -0.9 103.3 148.8
winner is: 14
