Regression analysis information for: S10_selected_tokens_0086
number of formants: 3
number of coefficients: 5
8.5 20.1 64.3
750.9 -200.9 -117.9 -24.9 -0.8 9.8
2237.9 125.2 -80.2 -22.4 -21.2 -14.8
2868.8 -98.7 -178.7 -199 -90.6 -50.3
7.6 53.9 72.6
753.8 -203.2 -117.6 -24.9 -0.3 9.3
2214.1 86.7 -123.9 -66.4 -69.6 -62.9
2904.9 29.8 -84.6 -166 -118.7 -127.9
6.8 40.9 80.5
753.4 -206.7 -113.8 -22.7 0.1 8.9
2227.8 111.6 -104.7 -45.4 -49.1 -43.1
2932.3 87.7 -54.6 -124.1 -87.6 -111.5
6.8 29.2 68.3
747.8 -209.1 -105.4 -18.4 -0.1 5
2241.6 127.9 -93.7 -31.7 -33.7 -26.5
2955.1 93.7 -66.3 -114.3 -75.5 -90.3
7.2 4.8 19.3
741.7 -207.6 -99.4 -18 -0.1 3.1
2259.6 153 -69.5 -5.6 -7.7 -1.2
3014.6 165.9 3.7 -32.8 -1.6 -17.6
7.2 5.3 10.9
737.6 -202.8 -95.8 -19.3 -1.2 1
2263.4 150.6 -69.6 -5.3 -7.8 -2.5
3042.5 187.3 27.4 -1.5 22.9 4.8
7.2 5.5 10.1
733.6 -202.1 -95.9 -17.9 -0.6 2.7
2263.1 152 -70.2 -6.1 -6.8 -3.5
3048 183.6 27.9 -4.2 24.5 0.5
7.3 5.5 10.8
731.6 -198 -98.8 -16.2 -2.2 4.6
2263.8 154.8 -70.3 -5.8 -6.6 -4.1
3050.3 182.3 28.2 -7.5 26.6 -4.8
7.5 5.5 11.9
730.4 -194.4 -101.2 -15.4 -3.6 6.5
2264.1 160.6 -72.1 -4.8 -7.2 -3.8
3050 191.9 23 -8.9 28.8 -9.1
7.5 5.6 11.4
731.1 -194.3 -102.6 -14.3 -4.3 7.3
2266.1 163.3 -73.3 -3.3 -8.7 -3.2
3055.2 196.6 18.2 -4.7 25.1 -7.9
7.6 6.9 11.7
734.9 -194.2 -102.1 -14.7 -6.4 6
2271.9 162.7 -70.9 -0.3 -10.7 -3.3
3066 190 16.9 3.9 17.6 -6.2
7.5 7.5 11.9
737.8 -196.7 -102.7 -13.8 -6.9 6.6
2277.8 160.2 -69.6 0.9 -11.9 -3
3082.7 178 19 9 12.4 -3.9
7.7 7.9 12.1
741.4 -199.7 -103.2 -13.6 -8 7.3
2285 156.5 -68.9 -0.2 -14 -2.6
3102.4 163.1 21.4 10.2 6.3 -0.8
7.6 7.9 12.1
745 -203.8 -103.4 -13.5 -9 8.6
2290.6 148.6 -70.2 -3.6 -16.9 -2.3
3120.1 141.9 22.4 7.6 -0.8 3.2
7.7 7.1 13.2
745.8 -209.7 -103.6 -11.4 -8.7 12
2291.9 139.4 -71.1 -4.9 -15.4 3.6
3130.6 116.3 27.6 6.5 -2.1 15.9
7.4 8 13.1
748.2 -209.2 -101.6 -14.4 -8.8 10.7
2294.5 136.7 -67.1 -5.5 -11.9 5.6
3131.2 111.7 31.7 2.1 3.9 17.6
7.4 8.9 10.6
749.4 -208.3 -102.3 -15.5 -8.7 11.6
2299.8 145.2 -63.9 -6 -12.5 5.8
3139.2 125.8 34.5 -0.9 2.3 17.7
8.7 12.7 16.1
751.8 -208.7 -105.7 -15.4 -6.4 13.2
2315.9 166.4 -58 -4.1 -13.4 1.9
3167.3 155.8 35.7 -0.4 -1.1 5.7
12.2 15.8 23.5
754.7 -217.3 -111.5 -11.4 0.4 19
2341.1 187 -50.6 -0.1 -14.7 -3.4
3215.5 176.4 36.7 5.5 -8.7 -12.9
28 17.4 26.6
747.8 -242.7 -123.2 4.7 25.5 42
2367.5 208.8 -46.5 3.3 -14.8 -6.1
3269.9 194.6 27.9 10.4 -17.3 -32.3
winner is: 7
