Regression analysis information for: S10_selected_tokens_0077
number of formants: 3
number of coefficients: 5
2.7 8.8 17.5
385.2 -8 -6.2 -5.9 -6 -1.1
1885.6 323.2 107.6 -80.3 18.3 -32.1
2620.4 142.8 86.4 53.5 21.4 32.2
2.3 9.2 16.8
384.7 -6.6 -5.6 -6.4 -5.5 -0.6
1887 326.1 106.6 -77.3 17.4 -33.2
2635.9 134.3 81 51.6 21.2 32.1
2.2 9.8 16
383.7 -5.7 -5.4 -7.1 -5.3 -0.5
1889.5 328.4 106.6 -79.1 15.9 -34.7
2650.8 131.6 75.3 50.8 19 33.2
2.1 10 15
383.4 -5.3 -5 -7.6 -5 -0.5
1892.3 330.6 108.2 -81.5 15.4 -36.2
2664.2 129.4 72 47.9 18 33.4
2.1 9.4 15.4
383 -5.1 -4.9 -7.6 -5 -0.5
1893.2 331 108.1 -82.5 14.8 -35.9
2671.6 123.6 67.3 47.4 16.1 35.7
2.4 10.3 16.6
383.2 -5.3 -5.6 -8.2 -5.5 -0.8
1902.5 336.9 112.8 -84.3 13.6 -35.5
2691.2 135.3 61.7 51.6 11.9 38.5
2.6 11.2 14.8
382.6 -5.1 -5.1 -7.7 -5.8 -0.8
1901.3 342.4 118 -76.1 14.7 -31.4
2681.1 137.2 75.5 69.9 1.8 42.2
2.9 12.1 17.2
383.5 -5.4 -6 -8.7 -5.8 -1.5
1914.8 351.2 123.5 -76.4 20 -31.7
2715.8 144.1 59.2 57 17.5 40.8
5.1 14.5 16.9
381.8 -7.2 -7.4 -11.2 -7.8 -3.9
1915.4 368.4 141.9 -69.3 32.9 -26.6
2695.8 168 94.4 53.8 27 36.1
84.9 42.7 42.4
417.9 60.3 62.3 57.7 60.9 64.3
1946.9 391.5 184.5 -26.7 65.2 10.2
2752.2 160 133.3 106.3 45.9 77.9
85.5 50.7 48.2
416.4 55.1 57 52.8 56.4 60.2
1967 411.8 199.8 -9.9 77.2 18.5
2801.3 172.5 136.8 116.2 65.9 87
145.8 65.1 81.6
455.8 133.3 133.2 124.3 124.7 121
1985.5 454.4 238 13.4 106 32.7
2839 269.6 218.9 166.2 137.6 121.5
219.4 99.7 112
523.9 266.4 264.1 250.4 245.7 232.7
2023.4 519.7 295.6 73.2 161.4 73.8
2902.2 358.7 281.7 242.3 209.5 159.1
225.8 107.7 119.3
520.2 256.1 255.5 246.3 242.1 232.1
2058.5 519.9 284.4 84.5 151.3 60
2996.8 361.6 230.3 265 205 128.8
208.1 121.5 217.3
621.9 451.1 438.5 404.3 352.8 294.7
2140.3 600.7 342.8 127.4 182.5 66.2
3307.9 485.5 80.8 287.7 207.1 74.7
162.1 92.5 102.3
693.4 590.2 566.4 500.2 373 246.9
2214.7 607.1 400 213.8 174.9 36.9
3574.8 538.9 -34.8 308.8 197.4 18.2
178.9 106.3 140
731.8 636.7 546.6 402.4 236.9 190.4
2271.7 576.6 367.3 156.4 112.9 62.2
3650.4 420.9 8.2 291.4 136.8 61.1
149.8 88.4 85.1
810.6 715.3 488.6 315.1 203.6 226.4
2283.5 528.9 376.1 173.2 134.3 97.5
3728.5 268.5 81 322.8 83.5 184.2
99.6 80.5 82
898.6 776.6 464.2 290.9 249.4 222.7
2308.7 547.6 406.7 180.8 134.3 97.6
3756.5 295.4 102 335.3 89.8 178.8
294.8 142.7 150.3
900.7 785.6 479 237.6 137.7 74.7
2388.7 674 446.4 98.4 -13 -60.6
3828.9 391.4 129.7 278.5 -18.1 61
winner is: 5
