Regression analysis information for: S10_selected_tokens_0085
number of formants: 3
number of coefficients: 5
2.3 50.6 65.7
799.5 -65.8 -54.4 -24.9 -20.6 -9.4
2051.8 -43.7 -86.8 -94.4 -82.4 -76
2390.4 -28.5 -150.1 -26.6 69.7 -102.8
2.7 64.4 95.7
798.3 -64.3 -55.4 -20.4 -18.5 -10.3
2008.8 65.1 -92.3 -132.2 21.2 -152.1
2444 -16.1 -116.5 -74.7 75.8 -183
2.8 81 189.4
794.4 -63.9 -49.7 -14.5 -18.6 -7.2
2017.1 106.7 -43.4 -109.1 95.8 -59.6
2442.7 25.6 -19.4 -103.3 179.5 -54
23.4 132.5 184.6
785.1 -49.1 -64.3 4.9 -34.9 11.6
1996.4 152.9 -145 46.6 -6.2 89.6
2403.5 26.9 -94.7 45.6 172.4 23.7
2.3 52.9 168.5
792.2 -65.8 -46.7 -12.8 -20 -4.1
2092.1 121.6 -26.5 -10.5 16.4 -3.4
2512.9 -76.5 5.1 -16.7 268.7 -12.1
2.9 7.5 101.8
796.8 -63.7 -44.5 -14.1 -21.6 -5.5
2123.4 73.4 6.8 -15.2 5.7 -11
2669.2 62.8 152.9 -35.3 156.2 -93.7
3.5 5.2 25.3
800.2 -63.4 -46.6 -15.9 -23.4 -6.4
2124 68.1 7.6 -11.6 3.5 -6.7
2777.7 17.4 146 29.7 -2.3 -43.2
4.2 5.3 20.4
803 -59.7 -48.2 -17.6 -25 -7.8
2125.8 67.9 6.8 -11.8 4.7 -6.6
2798.8 30.6 129.1 7.3 -9.2 -39.2
5 5.5 36.4
806 -53.8 -48.3 -18.2 -27 -7.6
2128.4 69.7 5.1 -12.2 5.5 -6.3
2807.8 70.6 97 8.7 -29.4 -21.5
5.1 5.5 21.9
806.3 -49.7 -49.2 -20.3 -27.4 -8
2130.1 73.3 3.7 -14 6.2 -5.9
2833.9 67.3 112.8 -28 -18.3 -35.3
5.2 5.2 20.9
805.9 -49.2 -51.7 -22.2 -27.6 -7.4
2132.6 76 3.4 -16.7 7.3 -5.7
2848.9 83.3 106.2 -44.8 -24.4 -36.3
5.6 5.4 21.8
807.3 -48.6 -52.3 -23.3 -27.6 -7
2135.6 77.7 2.9 -18.2 8.4 -5.4
2864.2 97.4 101.1 -56.8 -27.8 -36.6
6 6.1 24
810.9 -47.9 -50.7 -23.9 -26.8 -7.4
2139.4 77.8 1.8 -18 9.3 -5.4
2881.4 108.4 96.3 -61.5 -28.9 -36.8
6.4 7 26.1
812.6 -49.7 -52.6 -24.6 -27.2 -7.2
2143.7 75.4 -0.9 -18.7 8.9 -5.9
2900.1 109.8 85.5 -69 -34.2 -38
6.2 6.8 26.6
810.5 -56.3 -59.3 -24.2 -26.5 -3.5
2145.6 68 -7.3 -20.2 8.1 -5
2904.2 81.5 58.2 -76.3 -31.4 -26.4
5.7 8.8 30.6
809.4 -58 -58.8 -19.8 -25.1 -3
2141.4 62.7 -12.4 -14.4 6.6 -4.8
2877.2 46.6 52.7 -41.5 -8 -12.3
6.3 9.1 22
805.8 -60.1 -61.1 -15.3 -26.2 -1.1
2136.5 60.1 -12.3 -6 6.1 -1
2860.8 29.6 57.6 -14.7 -6 -10.7
5.8 7.8 20.8
808.1 -58.7 -62.8 -13.4 -27.4 -1
2141 64.4 -14.3 -0.4 4.7 0.1
2880.9 46 48 -9 -14.3 -12
5.7 7.5 23.1
816.1 -57.1 -63.1 -12.1 -27.5 -1.9
2154.2 67.9 -18 4.8 5.5 1
2921.9 65.8 34.6 -5.1 -20.1 -13.6
6.3 7.5 28.7
823.6 -56.6 -70.2 -10.6 -28.7 -1.8
2173.1 73.6 -21.8 9.2 7.8 1.1
2984.1 93.3 12 -10.4 -30.1 -22.6
winner is: 8
