Regression analysis information for: S10_selected_tokens_0012
number of formants: 3
number of coefficients: 5
6 6.6 47.8
518.4 2.1 -52.4 -15.7 -23.3 -5
2160.7 47 -17.2 15.2 -2.1 -17.7
2863.5 81.9 -106.4 13.1 -78.9 3.4
6.7 5.9 36
517.4 6.8 -49.5 -15.7 -22.6 -4.8
2165.7 44.7 -18.1 19.7 0.3 -17.3
2942.9 -44.3 -25 -24.6 -32.6 -34
5.4 6.2 24.7
512.8 6.9 -54.6 -16.8 -21.5 -6.5
2172.7 49.8 -8.8 24.1 0.7 -13.3
2985.1 -60.6 44.4 -36.7 -24.7 -28.1
5.5 5.3 22
512.1 6.3 -55.8 -17 -20.2 -7.3
2174 52 -6.3 24.4 -0.5 -10.9
2984.1 -52.6 53.6 -39.8 -32.1 -23.4
5.3 4.9 20.1
512.1 4.8 -56.6 -16.3 -19.1 -7.9
2176.3 55.7 -5.1 24.3 -0.4 -9.3
2990.5 -32.5 57.1 -42.6 -32 -19.4
5.4 4.9 19.9
512.1 2.8 -57.1 -16.3 -18.8 -8.3
2179.9 58.8 -5.1 25.4 0.4 -8.6
3000.7 -15.6 52.5 -41.6 -31.1 -20.4
5.3 4.9 20.1
512.4 1.4 -57.2 -15.9 -18.8 -8
2183.8 60.4 -6.1 26.1 0.9 -8.7
3014.6 -2.2 48.8 -39.5 -29.8 -22.7
5.3 4.9 20.8
512.5 1 -57.5 -15.4 -18.8 -7.9
2188.3 61.5 -6.8 27.2 1.5 -8.6
3032 6.8 48.8 -36.2 -27.7 -22.2
5.3 4.7 19.5
512.7 1.1 -57.6 -14.9 -19.1 -7.4
2193.5 63.4 -6.5 29 2.7 -7.6
3052.3 18 53.7 -29.6 -22.4 -18.9
5.3 4.7 17.5
512.9 1.6 -57.9 -14.5 -19.4 -7
2199.2 66.3 -5.3 31.5 4.2 -6
3073.8 30.4 61.7 -21.6 -15.9 -13.9
5.4 5.2 16.2
510.5 1.1 -61.4 -14.9 -20.9 -6.6
2204.6 72 -3.8 33.8 5 -5.8
3096.2 42.2 70.6 -14.6 -13.7 -10.9
5.5 5.7 14.5
510.6 2.1 -61.5 -14.4 -21.3 -6.3
2210.4 76.6 -1.4 37.4 6.6 -3.5
3118.4 59.1 83.9 -2.6 -6 -3.9
5.4 6.3 13.7
509.5 1.9 -60.8 -13.4 -21.6 -6.1
2210.1 76.4 4.9 45 7.2 -2.5
3121.6 59 105.7 18.4 -2 0.8
5.4 7.5 12.9
508 2.3 -60.5 -13.6 -21.7 -5.2
2205.5 74.8 8.5 48.3 7.4 2.5
3107.8 44.9 114.7 27.1 -1.5 16.2
5.4 6.5 16
506.4 4.8 -61 -14.1 -21.2 -5.3
2196.7 84.6 7.8 48.4 7.1 5.1
3084.6 73.8 106.8 31.3 -5.7 22.2
5.5 4.7 14.3
506.6 6 -61.1 -15.4 -20.6 -5.3
2193.7 92.6 4.6 36.2 8.9 4.1
3078.2 97.2 93.9 2.8 -0.8 12.4
5.5 5.1 12
508.4 6.4 -62.1 -16.1 -21 -5.6
2205.9 99.2 -1.3 31.6 7.4 2.2
3112.3 117.7 86.8 -6.9 -3.4 7.5
5.6 6.9 14.2
511.4 6.7 -65.1 -18 -21.5 -5.8
2235.2 110.6 -15 22.5 10 2.8
3194.7 156.8 61.3 -36.4 4 9.3
6.4 8.4 33.8
514.9 6.2 -71.3 -21.7 -21.8 -6.4
2279 125.3 -30 17.6 13.7 1.3
3345.8 236 25.1 -62.6 28.8 3.8
8.5 9.4 36.3
514.9 2.2 -81.4 -27.9 -22.7 -8.7
2320.8 134.7 -32.2 24.1 14.1 -2.5
3491.9 305.8 60.4 -26.1 45.4 -14.3
winner is: 17
