Regression analysis information for: S10_selected_tokens_0001
number of formants: 3
number of coefficients: 5
5.8 55.4 131.7
677.4 -8.6 -79.9 16.5 -19 18.3
1739.8 88 -197.1 95.3 -76.8 102.9
2094.7 -113.1 -78.7 149.1 -140.9 31.5
5.3 50.5 184.8
683.2 -6 -74.8 12.4 -19.3 15.2
1814 244 -152.3 89.1 -75.1 15.2
2181.8 2.9 -26 158.9 -142.6 109.6
5 31.7 205
690.7 -7.4 -73.9 9.5 -19.5 13
1842.4 213.4 -184.2 119.3 -57.8 6.2
2612.9 366.6 -63.3 157 -272.5 54.9
4.9 108.1 139.5
701 -13.9 -71.9 5.6 -18.2 10.8
1908.1 98 -103.4 101.1 -96.8 97.7
2928.1 -33.7 -80.6 125.4 -27.8 83.8
5 2.9 23.6
710.5 -23 -68.4 1.4 -15.7 8.8
1959.5 -1.5 -5.2 0.7 -1.5 0.1
2964.2 -118.6 33.8 6.3 54.7 -16.8
4.6 2.8 18.6
717.6 -31.2 -66.4 -1.6 -13.4 6.6
1962.7 0 -6.6 0.8 -2.5 -0.1
2963.7 -95.6 28.7 4.1 39.9 -13.8
4.6 2.6 17.1
717.6 -34.7 -62.4 -6.4 -9.2 6.8
1965.2 0 -7.8 0.4 -2.6 0.2
2980.5 -86.7 16 6.2 31.1 -15.7
4.6 2.9 15.8
715.4 -33 -63 -5.9 -7.9 5.6
1967.1 -0.4 -8.1 0.3 -2.1 0.5
2995.2 -86.5 12.1 2.3 28.5 -13.7
3.4 2.8 16
709.8 -27.9 -66.2 -4.4 -7.1 4.6
1966.3 -2.6 -9.3 -0.5 -1.4 0.2
3005.5 -94.4 9.6 1.3 30 -12
3.7 3.3 15.5
705.3 -20.8 -70.3 -2.1 -9.2 6.2
1966 -2.3 -9.5 -1.4 -0.9 0.5
3013.2 -100.5 7.8 -2.2 31.9 -11.8
4.5 3.6 17.4
699.9 -14.3 -77.4 1.3 -11.6 8.4
1966 -1.1 -10.8 -2.2 -0.8 0.8
3020.1 -105.1 4.7 -7.5 29.2 -10.4
5.2 3.8 17.9
698.5 -9.7 -80.9 3.2 -14 9.8
1967.1 1.1 -12.4 -3.3 -2.2 0.2
3028.6 -103.9 1.2 -15.3 25.8 -13
5.4 4.4 16.2
699.1 -6.7 -84 4.5 -15.7 11.4
1970.5 4.9 -13.8 -3 -2.9 1.7
3043.4 -96.4 -3.6 -20.7 22.9 -9.4
5.6 4.6 16.6
701.2 -4.8 -86.1 5 -16.6 11.4
1975.6 9.4 -15 -2.6 -4.2 0.8
3062.9 -84.7 -8.8 -25.4 15.8 -12.8
6.5 5.7 26
700 -2.5 -85.5 7 -18.1 11.6
1975 13.9 -11.7 1.3 -5.8 0.3
3059 -75.7 3.8 -12.3 11.3 -17.5
5.7 4.3 21.8
700.6 -2 -84.6 7.8 -18 11.6
1976.8 17.3 -8 4.2 -4.8 0.8
3062.2 -68.9 14.5 -4.9 14 -14.9
4.9 3.3 14.1
700.9 2.1 -85.2 8.4 -19 9.7
1978.8 27.4 -6.3 6.2 -6.6 -2.5
3061.9 -30 11.4 -0.2 2.9 -29
5.3 3.4 17.3
704.1 3.7 -87 7.9 -19.1 10.6
1985.2 34 -8.1 6.5 -6.6 -0.5
3082 -8.8 -2.9 -3.7 -2.6 -18.4
5.1 3.2 11.9
711.4 5.2 -90.9 6.6 -19.5 11.5
1999.9 41.2 -11.5 4.6 -6.5 0.8
3136.1 6.8 -22.1 -25.3 -7.5 -12
5.3 4.1 13.2
723.2 7.6 -98.5 3.8 -20.1 12.4
2022.2 49.8 -17.5 0.7 -6.4 1.2
3224.1 25.1 -55.7 -67.7 -16.3 -6.2
winner is: 19
