Regression analysis information for: S10_selected_tokens_0037
number of formants: 3
number of coefficients: 5
2.1 169.2 82.3
388.4 -52.8 15.9 -15.8 7.3 -5.8
1795.1 223.6 -401.8 -266.2 -266.3 -181.5
2490.3 -212.8 -15 -406.8 -184 -64.8
2 83.4 62.9
390.3 -52 17.4 -14.8 6.9 -6
1937.5 370.2 -367.8 -145.3 -118.8 -135
2683.6 -81.5 116.4 -129.3 -45.8 25.8
1.9 46.6 24.1
392.1 -52.1 18.5 -13.8 6.1 -6.1
1970.9 361.6 -421.8 -142.7 -77.2 -110.1
2734 -105.3 27.8 -82.9 -3.3 0.4
1.8 44.2 20.3
393.3 -53.4 18.9 -13 5.3 -5.8
1979.2 353.1 -420 -130.9 -88.8 -104.9
2743.2 -112.1 33.8 -79 -6.7 2.9
1.7 42.8 18.3
393.9 -55.5 19 -12.3 4.8 -5.2
1988.9 347.5 -419.7 -121.6 -98.6 -102
2757.2 -119.4 38.7 -76.7 -7.7 3.9
1.7 43.1 17.9
392.9 -57.2 18.4 -11.1 5.5 -4.4
2008.5 352.6 -409.8 -108.2 -104.7 -99.2
2770.5 -121.4 42 -77.1 -6.9 1.3
1.8 41.7 19.2
392.4 -60.1 18.8 -10.6 6.2 -3.7
2005.7 349 -423.3 -118.5 -111.4 -103.4
2777.7 -129.8 47.7 -73.5 -5.1 0.5
2 41.5 19.8
391.3 -60.7 18.4 -10.6 6.6 -3.4
2006.7 354.6 -422.7 -122.2 -113 -107.2
2768.6 -132.6 51.3 -62.9 2.4 0.7
1.9 39.6 22.1
390.7 -61.9 18 -11.1 6.5 -3.1
1998.1 345.3 -424.7 -128.5 -115.5 -106.1
2748.1 -155 51 -60.2 9.8 12.8
1.9 34.2 20.8
390.9 -62.8 18.3 -11.4 6.6 -3
1990.2 329.3 -429.1 -126.2 -109.3 -94.9
2748 -167.7 53.2 -63.9 13.8 17.3
2 31.7 21.2
391.1 -63.1 18 -11.7 6.1 -3
1998.7 319.4 -427.4 -121.8 -119 -90.1
2756.4 -181.5 51.1 -80.1 5.5 12.7
2.1 35.5 21.1
391.9 -64.1 18.3 -11.9 5.8 -3
2011.7 319.1 -432.5 -121.5 -129.1 -94
2776.4 -192.6 48.4 -96.4 3.7 9.9
2.4 43.1 25.9
392.9 -64.7 18.4 -11.5 5.5 -3
2035.9 323.9 -436.1 -108.2 -139.9 -100
2806.8 -201.3 47.9 -108.5 9.5 7.7
3.5 62.4 40.2
393.4 -63.6 17.1 -9.9 5 -3.4
2078.6 331.3 -437.9 -67.6 -157.9 -106.9
2852.2 -214.2 42.8 -127.8 22.6 -0.1
8 107 61.3
389.4 -52.9 9 -3.8 4 -5.7
2131.2 331.1 -451.8 8.6 -194 -105.5
2951.5 -226.7 51.2 -134.1 38 -38.3
132 262.4 215
492.8 -233.7 140.8 -60.5 -3.4 48.5
2445.2 -140.8 -53.2 -158.1 -110.7 -49.7
3386 -329.5 404.4 6.2 35.2 -1.4
64.6 161.1 129.2
557.6 -347.9 232.9 -117.8 25.3 45.5
2366.9 58.4 -202.5 -11.9 -183.3 -6.5
3432.1 -182.3 271 140.3 -21.5 24.4
69 142.3 121.7
570.8 -370.2 254.6 -132.1 32.6 51.3
2410.4 2.9 -149.7 -34.3 -168.3 8.8
3512.8 -176.3 248.8 129.6 -35.8 27.8
72.9 164.5 131.5
566.4 -362.2 250.3 -132.3 35.7 48.1
2492.8 -134.5 -38.3 -93.9 -156.4 55.2
3591.6 -191.5 263.6 71.7 -39 54.3
94.5 170.3 153.8
553.7 -343 233.4 -126.3 33 45.1
2586.4 -343.1 99.4 -222.6 -106.3 28.1
3667 -234.3 276.6 -11.2 -31.6 84.5
winner is: 11
