Regression analysis information for: S10_selected_tokens_0033
number of formants: 3
number of coefficients: 5
1.9 29.9 62
428.8 -55.4 24.3 -13.4 7.9 -3.1
1961.4 361.2 -337.7 -19.9 49.8 21.7
2548.8 52.1 11.2 -39.4 -113.7 109.9
1.8 24.9 62.2
430.9 -58.2 26.1 -12.9 7.7 -2.8
2025.1 495 -176.1 103.5 97.8 34.2
2699.3 -56.1 142.2 -31.4 63.8 25.2
1.4 45.8 44.6
432.7 -59.3 27.3 -13 8.2 -3.2
2085 556.7 -156.5 72.4 27.3 -24.5
2798.6 131.9 275 79.6 107.5 22.4
1.1 22.9 27.7
434.5 -60.6 28.6 -13.5 8.2 -3.5
2125.2 585.3 -185.1 17.4 -19 -30.3
2823.8 145.1 269.5 58.5 67.6 -19.4
1.3 11.8 25.1
436.4 -62.5 29.7 -14.1 7.6 -3.4
2146.5 601.4 -215.1 -13.9 -26.7 -10.4
2859.2 164.9 275.9 36.9 34.6 -47.9
1.1 13.9 20
436.5 -60.9 29.2 -14.1 7.7 -3.6
2165.5 598.9 -229 -20 -21.4 4.8
2885.6 185.4 273.4 16.6 13.3 -58.3
1.5 12.1 16.2
438.1 -63 30.3 -14.7 7.2 -3.3
2168.8 602 -236.9 -16.6 -14.9 5.8
2921.1 201.5 269.1 -12.8 -5.8 -57.2
1.6 10.7 13.3
438.8 -63.5 30.3 -15.2 6.9 -3.3
2174.8 600.4 -240.2 -11.2 -13 2.7
2950.3 215.9 259.8 -36.4 -15.3 -51.2
1.5 10.7 15.5
438.7 -62.9 30.1 -15.5 7.2 -3.2
2183.9 593.6 -239.1 -7.4 -14.6 0.9
2967.3 226 255.7 -51.6 -22.6 -47.2
1.6 12.3 21.9
439.5 -63.3 30.9 -15.9 7.1 -3.2
2188 594.6 -236.7 -5.2 -16.4 0.7
2984.9 235.4 261 -66.1 -34.7 -46.5
2 13.4 25.8
440.3 -65 31.1 -16.1 6.3 -2.7
2185.8 599.3 -242.7 -5.6 -17.9 -0.6
3002.3 237.4 253.5 -84 -46.2 -41.4
2.1 13.4 25
440.2 -64.2 30.7 -15.7 5.8 -2.1
2187.1 602.6 -241.5 -6.8 -18.5 1.9
3011.1 252.7 249.3 -93.4 -55.3 -31.7
1.2 11.1 15.6
438.6 -62.5 29.1 -14.8 6.9 -2.6
2187.8 591.6 -246.2 -5.2 -15.7 4.1
2978.2 234.6 228.2 -68.3 -22.4 -25
1.3 14.1 15.9
440.2 -63 30.5 -15.6 7.1 -3
2199.6 601.2 -240.6 -1.4 -15.9 3
3026.3 278.8 238.4 -94.6 -41.7 -35
1.7 14.2 17
442.2 -67.4 32.5 -17.3 8.3 -3.3
2196.2 598.7 -259.1 3.7 -12.5 7.9
3038.2 236.8 218.3 -108.4 -9.1 -12
5.7 21.1 29.1
438.7 -59 24.9 -10.3 3.1 1.8
2201.1 610.3 -276.6 33.2 -27.4 18.6
3069.4 225.7 217.1 -112.4 35.2 -11.8
48.3 114.8 126.1
533.7 -240.8 182.4 -134.9 87 -40.9
2456.7 126.8 144.3 -317.2 256 -185.4
3235.2 -12.9 379.8 -273.7 188.1 -26.1
84.2 52.7 236.5
594.2 -334.9 216.1 -93.9 -10 78.2
2506.9 100.6 63.9 -138.3 62 -23
3377.1 -87 312.1 -240.5 139.7 185
63.8 57.7 218
610.6 -356 212.8 -71.6 -35.9 89
2533 89.1 57.6 -116.9 55.1 -31
3560.2 -181.7 151.8 -84.5 100.5 120.6
53.3 44.4 95.1
627.3 -380.4 202.7 -45.2 -66.2 94.4
2587.2 31.3 86.8 -106.5 44 -46
3733.4 -221.5 -2.4 48.7 62 48.7
winner is: 8
