Regression analysis information for: S10_selected_tokens_0065
number of formants: 3
number of coefficients: 5
5.4 24 38.9
397.1 22.7 -19.7 9.2 -6.9 4.2
1566.4 -274.9 155.2 -57.9 25.3 -16.4
2400.9 -143.1 -33.9 -33.3 50.3 -38.5
6.1 24.2 32.1
395.2 25.1 -22 10.7 -7.8 4.1
1567.6 -280 156.2 -58.6 25.3 -16.3
2409.8 -153.8 -30.9 -34.8 47.9 -33.2
7.1 27.6 27.3
392.7 29 -25.6 13.5 -9.7 5
1569.5 -288.2 161 -62.5 28.4 -19.6
2418 -167.5 -25.6 -37.9 46.8 -29
8 31.6 24.6
390.5 33 -29.2 16.6 -12.1 6.6
1572.7 -295.9 166.6 -67.2 32.5 -24.7
2425.5 -180.1 -19.7 -41.5 46.8 -27.3
8.1 38.3 32.5
388.6 36.9 -32.8 19.7 -14.6 8.5
1577.8 -303.9 173.8 -74.1 39.9 -33.1
2428.2 -181.1 -19.8 -43.8 52 -35.4
8 35.1 39.7
389.7 35.4 -31.5 18.9 -14.2 8.3
1574.3 -293.2 165.4 -67.9 34.8 -28.8
2426.6 -168.1 -30.9 -36.2 47.8 -37.3
7.4 40.2 30.8
387.9 39.1 -34.9 21.6 -16.1 9.5
1583.2 -306.2 173.4 -74.4 41.2 -37.7
2438.2 -187.6 -21 -41.7 50.5 -36.1
6.9 40.4 29.5
387.7 40.4 -36.1 22.6 -17 10.2
1587.7 -305.5 173.5 -74.8 41.4 -38.9
2446 -188.3 -19.6 -41.9 49.8 -34.4
6.2 39.7 23
386.6 43.3 -38 24.6 -18.5 11
1591.3 -304.5 180 -78.7 43 -42.5
2452.8 -190.8 -7.1 -46.2 49.8 -33.5
6.2 40.5 18.5
386.8 44.7 -38.4 25 -19 11.2
1597.6 -299.9 183.7 -82.8 44.4 -44.2
2462.7 -186.9 -2 -49.5 48.8 -28.2
6.1 38.9 18.6
388.4 45.2 -38.8 25.8 -19.3 11.8
1606.8 -288.1 174.3 -77.2 45.3 -45.1
2480.9 -181.6 -9.8 -44.6 49.7 -25.3
6.5 41.9 21.5
392.3 47.3 -43.3 26.7 -18.5 10.9
1651.1 -278.5 134.1 -70 53.9 -60.6
2519.2 -173.1 -47.2 -34.4 56.3 -25.8
7.9 60.2 153
403.6 51.5 -56.5 25.6 -15.8 8.4
1785.8 -222.1 -39.5 -75.7 52.3 -81.9
2746.3 -106 -383.8 -82.4 135.2 -54.6
8.7 47.9 109.3
419 58 -71.5 23.1 -13.9 5.5
1884.5 -168.7 -98.9 -74.9 11.2 -78.8
2941.1 -12.4 -531.5 -174.3 1.1 -56.8
7 54.1 83.2
425 65.2 -72.7 24.6 -18.5 4.8
1943.2 -145.7 -60.9 -52.7 8.6 -86
3074.8 -56.8 -551.1 -79.3 -148 -85
7.5 60.1 69
427.2 67.9 -59.7 30.1 -23.8 6.1
1968.4 -112.6 -22.2 -20 4.4 -71.8
3189.6 77.7 -434.3 -26.8 -152.7 -105.2
9.3 73.7 57.8
426.3 73.9 -47.1 37 -23.7 6.7
1968.4 -113.2 22.3 -14.6 3.5 -71.8
3332 331.6 -179.1 170 -14.3 12.4
10.1 77.3 61.6
425.3 80.8 -37.3 42.1 -18.9 7.5
1956.7 -116.1 63.1 -7.8 -0.5 -75
3317.2 313.6 -134.3 169.5 -48.6 -8.7
10.7 75.3 67.7
424.8 86.7 -31.7 45.2 -14.1 7.7
1948.8 -121.7 94 -6.2 4.8 -84.3
3313.5 290.3 -71.3 177.3 -51 -34.2
11.6 72.7 83
422 89 -33.3 45 -12.7 7
1946.2 -129.4 113.6 -27.5 29.8 -102.8
3320.3 277.7 -24.8 157.4 -11.9 -62.1
winner is: 3
