Regression analysis information for: S10_selected_tokens_0088
number of formants: 3
number of coefficients: 5
28.8 179.9 69.8
755.1 -145.5 -130 -12.8 -54.6 14.8
2080 105.1 -312.5 -49.9 -247.3 -12.3
2613.3 179.1 -94.5 -73 -150.7 7.8
27.5 180.7 106.7
758.4 -143.9 -128.9 -15.5 -53 11.3
2078.7 106.4 -304.3 -42.5 -243.5 -5.5
2681.2 79.2 -33.3 -58.8 -150.3 45.9
20 110.6 75.2
765.4 -154.8 -116.3 -24.7 -38.8 3.7
2130 48.4 -203.9 -99.3 -155.5 -62.8
2729.9 23.7 1.2 -106.9 -109.3 -3.6
10.8 166.6 118.4
756.6 -161.6 -107.7 -29.6 -23.9 -6.9
2072.2 155.4 -290 -67.7 -124 -140.4
2725.2 77.3 -112.6 -84.4 -93.4 -51.3
35.6 182.4 140.1
731.4 -136.2 -109.6 -19.9 -10.1 -27.6
2053.2 347 -236.7 -62.6 62.7 -194.5
2699.7 209.3 -154.9 -170.5 70.4 -123.8
5.5 66.3 126.8
741.8 -170.7 -74.3 -25 -12.5 -8.4
2218.8 255.4 -20.6 -29 88.5 -60.6
2804.3 195.5 -54.4 -180.3 136.5 -66.9
5.7 52.1 128.7
740.6 -172.8 -66.5 -24.3 -13 -5.2
2235.7 223.3 -20.9 -7.4 55.3 -40.1
2830.5 198 13.5 -63.4 137.4 -97.6
6 5.7 23.4
739.3 -174.5 -68.1 -20.9 -15.5 0.2
2262.4 189.7 -13.5 14.2 11.3 4
2930.4 131.8 -23.5 -24.3 24.3 26.2
7.3 5.8 14.9
740.2 -169.6 -70.2 -19.1 -20.8 3.6
2265.2 187.7 -9.4 14.3 13.9 3
2941.5 125.6 -15.6 -18.5 18.9 22.8
7.9 5.7 18.9
738.4 -168.2 -79.6 -15.5 -25.1 7.5
2267.8 193 -5 14.8 14.6 4.2
2944.8 133.9 -7.6 -23.3 13.9 29
6.6 4.9 20.1
741.1 -161 -85.8 -13 -26.8 7.1
2269.9 191.7 -4.7 14.2 12.9 3.7
2956.6 136.5 -15.7 -21.2 9.9 26.6
5.3 4.4 21.7
739.7 -159.5 -96.2 -9.9 -27.4 7
2272.8 196.9 -5.1 14.5 11.4 3.1
2968.6 143.6 -34.7 -14.1 2.3 23.4
4.4 4.1 20.4
743.9 -156.2 -98.9 -9.8 -26.3 4.9
2275.9 196.6 -6.8 15.4 10.3 2.3
2984.7 147.6 -48.9 -8.8 3 18.6
3.8 4.7 18.9
742.7 -157.2 -105.8 -8.2 -24.6 3.2
2279.9 201.8 -6 15.7 11.5 1.2
2998.8 151.8 -62.9 -6.1 4.5 12.6
4.4 5.6 20.2
736.7 -161.8 -102.3 0.6 -19.5 -3.2
2278.8 199.2 -4.2 20.3 17.4 0
2994.9 138.5 -64 12.5 23.6 2.9
4 11.7 16.9
727.8 -161.9 -98 2.9 -17 -9.1
2260 183.2 -12.1 20.8 26.2 -4
2937.7 110.5 -56.5 33.1 38.1 -25.9
4.1 8.6 15.7
724.5 -154.3 -90.5 -2.6 -18.9 -4.5
2249.9 189.4 -11.5 18.9 21.5 -3.3
2902.5 147.2 -26.2 14.9 15.3 4.3
4.9 9.3 19.2
725.5 -153.3 -95.5 -4.4 -19.5 -2.3
2268 221 2 22.7 23.5 3.2
2941.9 187.2 -26.9 3.5 20.2 16.9
5.5 9.4 36.4
737.2 -153.2 -100 -8.2 -18.9 -2.2
2299.9 244.1 13.1 26.2 22.7 4.9
3057.1 267.7 -26 8.2 56.6 34.2
6.7 8.9 54.5
745.5 -162.3 -111.7 -10.4 -18.6 -0.3
2330.9 255.5 26.6 26.8 21.6 4.6
3200.6 371.4 -9.3 29.6 87.1 43.9
winner is: 14
