Regression analysis information for: S10_selected_tokens_0016
number of formants: 3
number of coefficients: 5
1.5 26.9 56.5
491.2 -36.2 -35.3 -4.5 -6.4 0.5
1930.8 243.9 -103.5 35.8 31.7 -37.3
2488.8 358.7 -194.4 23.2 77.6 -78.1
1.9 3.3 3.6
497.3 -42.3 -32 -3.6 -6.9 0.4
2050.7 36.7 10.8 15.3 -5.6 2.5
2721.6 -47 25.7 -13.3 0.2 -2.1
1.7 3.1 2.9
502.7 -44.8 -27.4 -5.2 -6.8 0
2054 34.1 11.2 16.1 -5.1 1.2
2725.4 -39.1 23.9 -6 1.1 -4.5
1.9 3 3.4
502 -46.6 -27.1 -5.4 -6.5 1.4
2061.7 36.5 13.3 18 -4.6 1.3
2740.9 -37.5 28.3 -0.3 2.9 -3.3
1.6 2.8 2.5
502.4 -43.5 -25.1 -6.5 -6.3 0.5
2067.9 33 15 16.8 -4.4 1.1
2753.2 -35.9 29.3 1.9 2.8 -3.7
1.7 2.7 2.5
498.9 -41.6 -27.8 -5.6 -6.5 1.6
2074.2 37.5 17 16.8 -4.3 1.9
2766.9 -33.5 34.7 3 3.5 -2
2 3.5 2.2
498.8 -36.9 -28.2 -5.1 -7.2 1.3
2077.7 38.9 15.2 15.7 -5 3.1
2775.3 -28.1 33.8 2.4 4 -1.4
1.9 4.2 3.7
496.2 -35.3 -31.8 -4.1 -7.5 2
2081.1 49.3 10.7 17.2 -6.8 5.1
2784.7 -20.2 32.3 2.3 3.3 -0.1
1.7 4.3 4.6
496 -33.4 -33.3 -3.7 -7.6 1.9
2083.9 59.3 2.9 20.3 -8 7
2791.7 -6.9 24.6 6 4.2 1.5
1.5 4 5
498.7 -31.7 -32.3 -4.3 -7.5 1.1
2092 62.3 -2.9 19 -7.8 6.2
2804.2 4.9 15.5 7.7 6.5 0.4
1.4 2.7 5.4
498 -32.1 -35.1 -3.7 -7.3 1.6
2101 70.7 -9.5 20.8 -7.4 5.5
2820.7 14 8.9 10.5 8.7 -1.8
1.4 2.2 6.4
500.9 -32 -33.6 -3.8 -6.9 0.8
2110.7 64 -11.5 22.7 -4.1 3.7
2833.5 11.5 3.1 18.6 16.2 -3.1
1 2.8 3.4
500.4 -33 -32.8 -3.2 -7.1 0.4
2106.2 54.5 -7.4 26.3 -4.1 1.5
2821.7 -4.5 10.2 23 12 -4.9
1 3.5 4.7
499.7 -34.3 -34.1 -3.3 -7.2 0.9
2116.2 56.9 2.4 21.9 -4.5 -1.4
2837.9 1.6 24.5 20 10.4 -8.5
1 4.1 2.7
502.6 -33.9 -32.4 -3.7 -7.1 0.1
2121.8 47.3 0.7 20.5 -2.9 -4.8
2846.9 -4.8 16.6 21.6 14 -10.5
1.2 6.1 2.9
502.5 -35.8 -34.7 -3.3 -6.8 0.6
2140.7 38.8 5.5 18 4.6 -7.1
2873.6 -8.6 19.5 24.9 21.6 -12.5
1.2 7.4 3.3
506.1 -36.3 -34.2 -3.7 -7.1 0.1
2173.2 19.5 8.7 12.1 7.4 -10.1
2909.6 -17.2 17.2 31.6 27.6 -14.9
1.5 12.4 16.9
503.6 -40.4 -40.4 -2.8 -7 1.3
2238.7 -15.3 31.6 0 14.2 -8.3
2996.4 -63.2 65.2 32.7 58.9 -24.2
2.5 10.5 62.8
494.1 -49.8 -54.6 -3.4 -7.2 3
2319.2 -38.2 38.4 -13.1 5.6 -10
3150.1 -129.9 92.9 125.2 84.3 -37.7
391.4 88.6 192.2
828.2 339.5 279.2 -67.9 -290 -392
2414.2 73.8 125.8 -15.7 -7.1 -1.3
3350 -85.2 272 170.5 -79.4 -6
winner is: 5
