Regression analysis information for: S10_selected_tokens_0009
number of formants: 3
number of coefficients: 5
9.8 33.7 28.2
682.2 26.5 -91.1 -23.2 -30.4 12
1653.2 64.7 -152.4 -75.8 33.4 -35.9
1949.2 -61.8 -14.7 -0.3 -14.1 37
8.6 56.4 108.4
693.5 25.6 -93.8 -23.5 -32.3 13.2
1781.5 -52.7 -94.7 16.7 12.9 -25.8
2192.2 19.9 -250.9 -240.9 -9.4 142.1
8.1 53.8 174.6
702.6 25.7 -97.8 -21.9 -33.2 13.1
1825.5 -83 -57.5 40.5 -2.6 -1.9
2613.6 -317.6 -222.1 -103.9 -29.8 -72.7
7 5.5 21.2
717.9 27 -91.2 -21.3 -33.2 11.1
1861.4 -123.2 -17.7 14.5 -0.8 17.3
2824.1 -194.7 64.7 3.9 -20.3 -2.1
7.4 5.2 17.5
723.4 29.1 -93.5 -18.8 -35.5 10.8
1871.3 -116.3 -19 16 -1.1 16.3
2821.6 -187.7 49.1 4 -19.9 -2.6
7.6 5.3 15.4
727 31.9 -91.4 -18.7 -37.4 9.7
1880.8 -112.8 -18.4 15.9 -2.4 15.5
2833.9 -186.2 44 8.3 -17.7 -5.4
8.3 4.4 14.5
728.1 34.6 -86.8 -16.6 -35.2 7.5
1886.6 -112.7 -16.3 18 -0.8 14.4
2849 -188.3 47.2 12.7 -13.5 -7.4
9.6 5.3 15.8
719.1 36.4 -89.5 -15.2 -39.1 7.9
1884.1 -113.8 -10.1 23.8 -5.1 12.1
2857.2 -194.3 51.5 19.5 -20.2 -11.7
9.9 6.4 16.3
714.4 36.6 -90.4 -15.5 -38.1 8.5
1880.5 -116 -7.2 26.3 -5.5 12.6
2861.3 -199 58 24.2 -23.5 -12.9
10.2 6.6 16.3
715.8 37 -87.8 -16.8 -35.2 8.3
1880 -117 -9.1 24.4 -3.5 14.6
2865.7 -200.9 60.6 25.1 -19.7 -11.8
11 7.3 18.6
712.4 37.2 -95.9 -18.2 -36.1 9.2
1881.8 -117.9 -17.9 21.7 -2.6 14.7
2871.8 -206.1 50.7 23.8 -21.4 -13
11 8 19.5
718.3 37.8 -94.8 -20.3 -33.7 8.8
1889.4 -117.5 -26.9 15.9 -0.1 16.6
2882.3 -207.2 41.7 22.1 -14.7 -13.4
11.8 10.1 24.1
716.4 37.9 -104.6 -24.1 -33.4 10.3
1892.6 -118.7 -42.2 5.4 4 17.3
2885.9 -213.6 22.6 9.3 -10.8 -15.2
11.4 11.8 24.1
718.1 37 -110.8 -26.1 -30.1 12.9
1897 -121.3 -59.3 -0.8 11.8 23.3
2889.6 -219.9 1.9 5.4 0 -10.9
10.4 11.5 24.4
722.3 40.2 -107.9 -27.8 -28.6 11.1
1898 -111.5 -63.7 -5 13.3 21.4
2886.5 -203.2 -1.2 3.3 5.8 -13.8
9.3 7.6 17.3
722 41.8 -105 -27.4 -31.1 11.7
1896.6 -104.5 -54.8 -1.9 6.1 24.4
2883.1 -191 9.7 7.7 -4.8 -6.1
9.9 6.6 16
725.7 44.1 -109.7 -24.8 -34.8 10.4
1916.2 -100 -52.7 10.3 4.6 23.9
2910 -197.8 6.6 24.9 -11.9 -9.4
12 15 26.5
754.2 59.4 -106.7 -25.3 -42 5.3
1983.4 -66.6 -44.8 27 3.8 35.2
2973.4 -211.1 2.2 62 -21.9 -13.9
24.6 43 49.3
805.8 104.4 -107.9 -21.4 -60.3 -4.9
2132.1 48.4 -44 9.2 -50.5 4.3
3200.9 4.1 152.7 262 77.3 10.6
32.1 21.7 64.3
879 155.4 -104.4 -14.7 -70.8 -13.5
2239.3 81.5 -90.7 -31.9 -67.5 18.3
3400.2 99.4 32.3 131.3 42.4 18.8
winner is: 7
