Regression analysis information for: S10_selected_tokens_0051
number of formants: 3
number of coefficients: 5
5 22.4 74.2
521.5 125.5 -30.2 -47.2 -32.9 -3.5
1550.1 22.8 192.2 -93.9 42 -10.3
2617.1 -178.8 -121.9 -86.8 -29.3 -53.3
5.6 12.4 26.3
533.4 133.9 -40.9 -54.6 -32.6 0.1
1566.5 26.7 188.2 -104.7 31.4 -11.1
2696.7 -39.9 -14.4 -25.7 9.9 -19.2
5.8 12 11.6
539.7 140.1 -41.8 -55.2 -32 1.2
1569 30.6 185.4 -104.6 32.6 -11
2715.2 -21.3 -2.6 -9.3 26.6 -1.8
5.7 11.8 12.1
538 140.6 -41.5 -54.1 -32.7 1.1
1573.6 28.9 188.5 -105.3 30.7 -8.6
2728.5 -20.5 -2.9 -13.3 28.8 -3.7
5.8 12.1 11.6
535.6 139.3 -38.1 -50.6 -32.7 -1.1
1570.1 32.5 185.6 -103.3 30.3 -10.3
2737.9 -16.3 -7.8 -13.9 27.6 -2.8
5.9 12.3 11.3
533.3 137.6 -35 -47.6 -33.4 -2.6
1569.9 32.3 187.2 -101.2 28.4 -9.7
2745.5 -12.8 -11.4 -12 25.1 -0.9
6.3 11.8 13.4
531.4 136.8 -37.2 -47.5 -33.1 -2.8
1571.1 32.4 186.6 -100.8 27.6 -10.5
2751.9 -7.2 -19.1 -10.7 27.3 -3.4
6.6 12.6 16.7
533.1 139 -35.2 -49.1 -34.9 -4.1
1568.5 36.6 184 -102.5 26.8 -14.8
2756.4 1 -28.5 -16.7 21.7 -7.5
8 13.3 18.6
534.7 139.6 -36.1 -51 -37.1 -2.3
1578.5 27.5 191.8 -103.2 22.4 -9.6
2781.4 -9 -24.9 -17.3 24.3 -7.5
8.1 12.7 23.3
531.4 136.7 -30.3 -46.5 -36 -4.2
1572.6 26.1 193.4 -100.7 25.3 -14.6
2773.8 -21 -21.5 -10.5 26.5 -13.3
7.9 12.6 25
532 139.2 -30.9 -49.3 -38.5 -4.5
1577.9 24.6 199.1 -104.2 25.1 -15.6
2783.9 -13.8 -11.4 -19.6 26.8 -19.6
8.2 12.5 24.8
535.6 142.7 -28 -49.3 -39.5 -7.2
1579.5 27 202.6 -104.6 27.5 -19.3
2794.9 -5 -1.7 -21.5 24.2 -24.6
7.7 12.3 22.8
534.3 140.9 -30.6 -49 -37 -5.2
1585.6 20.2 206.7 -106.4 30.7 -15.6
2797.7 -17.2 8.1 -15.3 32 -25
7.7 12.6 20.9
535.8 142.9 -28.3 -50.2 -36.2 -2.9
1585.9 20.9 206.5 -108.1 33.5 -15
2804.4 -21.1 2.6 -14.5 34.8 -21
10.5 14.1 21.8
527.6 148.6 -15.7 -62.2 -46.5 7.3
1587.9 19.4 220.6 -113.4 27.9 -8.5
2820.3 -18.7 4.7 -15.5 36.9 -19.7
156.3 238.2 212
630.8 137.6 -223.3 -11.3 143.5 -85.4
1801.3 -25.3 -176.7 21.6 367.5 -190.7
3035.7 -52.1 -364.9 108.2 341.1 -182.2
147.7 198 239.6
899.9 74.1 -507.2 -28.9 -92.7 30.1
2191.1 -103.3 -508.6 30 6.5 4.7
3504.9 -90.4 -764.9 69 -42 20
117 82.1 123
1130.8 404.7 -211.2 105.1 -173.9 -32.7
2371.7 46 -192.4 129.4 -66.4 36.6
3828.1 164.2 -299.2 232.4 -174.2 76.9
81.3 51.1 47.3
1159.4 361.8 -169.1 110.2 -165.4 28.1
2383.7 33.4 -187.6 105.3 -48.6 33.5
3830.3 161.1 -284.7 215.3 -118.1 84.9
82.3 50.7 42.6
1176.6 352 -150.3 110.7 -160.2 45.6
2409.8 38.3 -184.6 105.5 -43.3 34.8
3863.9 177.5 -264.6 228.6 -101.1 98.4
winner is: 3
