Regression analysis information for: S10_selected_tokens_0063
number of formants: 3
number of coefficients: 5
2 93.7 64.2
400.3 2.2 -7.5 -0.4 -5.9 1.8
1605.5 247.6 142 -167.1 -76.2 -98.8
2568.4 49.5 -6.8 46 -43.3 -8.8
2 19.1 39.2
401.5 3.9 -7.8 0.1 -6.4 2
1654.9 328.1 223.5 -86.7 4.2 -15.5
2587.7 84.3 19.6 80.3 -13.4 35.7
1.8 18.2 30.9
402.6 4.5 -7 0.4 -6.1 1.9
1655.8 326.2 215.5 -90.6 0.9 -18
2595.8 74.6 13.6 64.8 -22.5 24.1
1.8 17.9 29.3
402.6 5.1 -7.1 0.9 -6.2 2
1664 327.5 215.4 -96 -2.9 -17.4
2608.5 87.4 15 67.7 -25.3 26.5
1.5 17.8 26.1
402.4 4.4 -6.1 1.2 -5.7 2.1
1666.1 332.9 216.2 -96.2 -4.5 -19.3
2622 90.7 21.6 64.2 -23.6 23.3
1.4 18.4 24
401.5 3.4 -5.7 1.3 -5.4 2.3
1669.5 338 222.4 -98.5 -6 -19.6
2633.7 98.4 31.2 64.2 -20.8 23.2
1.5 21 24.5
399.5 1.1 -6.9 0.8 -5.9 2
1674.4 342.2 237.2 -96.8 -5.7 -21.8
2643.3 109.2 49.1 71.8 -11.4 26
1.4 28.2 59.1
397.8 -1.6 -6.5 1.2 -5.1 1.7
1638 300.9 243.9 -67.6 18.7 -18.6
2576.6 -3.3 14.8 65.9 2 24.6
1.4 28.8 38.1
397 -1.8 -6.6 0.8 -5.1 1.6
1621.9 276.2 243.8 -66.3 32.7 -9.3
2540.3 -63 -22.3 10.9 -32.7 -15.4
1.3 21.8 39.1
397.9 -1.1 -5.9 0.7 -4.5 1.2
1654.5 331.4 266.2 -65.1 25.5 -29.2
2619.7 73.1 92.2 101 53.8 40.2
1.4 34.7 38.8
399.6 0.1 -6.7 0.6 -4.3 0.7
1706 377.8 257.3 -113 -7.4 -45.3
2703.9 179 153.5 127.3 66.5 -6.3
1.4 38.5 98.6
402.7 0.7 -8.4 0.1 -3.5 0.2
1749.1 403.5 222.5 -147 -8.6 -37.6
2839 299.4 82.1 -30.2 -65.5 -49.1
1.6 35.8 104.3
405.7 0 -12.4 -0.1 -3.1 -0.2
1794.8 405.1 178.2 -179 7.5 -15.8
2935.7 340.7 -3.8 -117.3 -73.4 -16.8
2.3 33.5 99.7
409.5 -2.8 -14.7 0.3 -3.2 0.3
1829 381.5 155.3 -191.4 18.5 -3.1
3009.8 333 -80 -180.3 -72.4 45.4
3.5 45.8 101.8
414.3 -10.1 -14.8 2.9 -6.9 3.1
1888.6 282 181.8 -196.9 -8.7 41.5
3070.6 218 -72.4 -186.7 -118.1 99.1
3.8 38.4 88
421.4 -20.8 -12.5 8.9 -15.2 9.7
1957.3 180.1 200.4 -141.2 -92.6 109.9
3129.1 141.2 -62.5 -149.4 -187.7 158.9
6.2 36.9 87
425.5 -26.5 -11.2 13.7 -21 13.8
1977.7 158.8 208.8 -119.5 -106.8 114.9
3151.9 136.9 -46.9 -136.1 -197.9 167.8
6.1 38.3 90.7
423.7 -22.9 -14.4 15.5 -20.1 11.3
1984.7 169.7 203.9 -102.6 -110.5 113.5
3166 157.7 -38.2 -117.3 -188.7 173.2
3.1 40.1 94.9
420.3 -16.1 -16.2 12.3 -12.5 4.5
1964.1 227.4 190.3 -108.2 -68.2 80.1
3166.4 217.2 -27.4 -107.6 -158.6 158.6
2.4 34.1 86.3
419.3 -12.8 -18 11.4 -8.6 1.2
1950.5 280.4 175.5 -123.4 -15.4 38.4
3169.3 278.8 -9.6 -104.7 -119.7 135.8
winner is: 6
