Regression analysis information for: S10_selected_tokens_0019
number of formants: 3
number of coefficients: 5
5 307.1 159.4
400.9 -61.3 8 -20.6 1.4 -15.3
1788.1 310.3 -195.4 -144.4 -170.8 -208.8
2786.1 240.6 26.7 -333.4 -96.5 -153.3
5.6 174.9 112.4
402.4 -61.3 8.6 -20.1 1.1 -15.3
2026.4 403 -445.8 -174.3 -67.2 -172.6
2887.4 279.9 -47.9 -376.8 -103.8 -73
6.1 98.2 91.8
403.5 -58.3 8 -17.1 0.2 -13.8
2136.4 465 -436.1 -78.3 -17.1 -118.9
2952.3 282.8 -33 -280.8 -107.4 -53.2
6.1 51.9 66.9
404.6 -58 7.6 -15.1 -0.8 -12.4
2188 529.8 -359.4 11.9 27.3 -55
2994.7 302.7 16 -196.8 -87.4 -22.6
6.1 26.3 17.4
405.5 -60.4 7.5 -14.7 -1.6 -11.8
2205.8 558.2 -332.3 48.1 46.7 -26.2
3033.2 349.6 66.6 -144.7 -27.6 25.2
5.9 26 17.4
405.5 -59.4 7.6 -13.2 -1.9 -10.4
2218.3 548.5 -330.2 57.4 39.9 -22.2
3044.8 350.1 60.3 -145.4 -24.1 24.4
5.9 28 19.5
405.6 -62.8 7.9 -14.7 -2.1 -10.9
2217.1 552.2 -332.5 55.5 39.1 -22.4
3060.2 346 60.9 -154.7 -16.8 26.6
5.7 28.8 22.9
405.3 -63.9 8.4 -15.4 -1.8 -11.1
2217.7 554.3 -330.5 51.1 41.7 -21.1
3070.6 347 67.5 -167.2 -10.2 31.7
5.4 27.4 25.6
404.6 -63.3 9.3 -14.4 -1.7 -10.7
2224 547.8 -327.2 53.6 44.3 -17.2
3067.2 348.7 94.4 -178.5 -23.1 39.7
5.3 23.8 26.7
404.6 -64.6 9.5 -14.4 -1.7 -11.1
2224.5 540.5 -328.7 56.8 41 -17.5
3068 336.4 104.4 -179.2 -22.3 37.3
5.4 21.4 22
405.4 -67.4 9.8 -15.2 -1.8 -11.9
2222.7 539.1 -335.3 61.4 37.3 -23.4
3075 319.3 99.3 -176.5 -16.5 28.1
5.5 18.2 17.4
406.1 -68.1 9.8 -14.9 -2.1 -12
2232.1 532.2 -340 73.6 31.9 -27.4
3091 309.5 86.4 -172.6 -4.1 18.6
5 16.8 23.4
406.4 -66 9 -13.1 -2.8 -11
2245.6 521.8 -343.5 85.2 23.9 -29.6
3103.2 320.3 48.2 -156.5 2.8 13.8
5.3 16.7 33.7
407.3 -66.5 8.9 -12.9 -2.9 -11.2
2258.7 521.9 -342.4 95.4 19 -28.8
3141 319.7 32.6 -156.2 32.9 -0.9
7.1 19.5 47.7
406.7 -66.6 6.3 -12.3 -3.8 -12.5
2267.4 528.8 -345.5 108.1 13.4 -26.8
3190.9 300.2 21.6 -163.3 75.8 -18.6
26.8 29.4 50.9
387.5 -28.2 -24.6 9.6 -12.8 -15
2282.5 530.4 -353 131.9 -8.9 -18.2
3245.8 263.1 38.8 -194.5 127 -63.8
49.8 144.2 156.5
545.5 -332.6 223.3 -169.3 82.2 -33.3
2453.6 267.5 -149 43.6 -26.7 75.8
3416 66.8 182.4 -286.9 136.2 2.7
46.6 81.7 149.7
541.8 -337.3 213.1 -156 68.9 -16.2
2545.4 169.5 -82.9 38.8 -58.2 88.4
3500.3 61.4 167.8 -302.9 142.3 13
43.7 56 151.3
536.1 -348.4 212.4 -148.2 78.2 -6.7
2586.7 150.6 -67 39.7 -64.1 70.9
3571.9 50.8 146.1 -291.7 138.8 27.6
134 71.1 188.9
575.4 -288.5 304.6 -47 171.5 101.8
2631.8 162.9 -16.5 59.4 -29.1 86.6
3660.4 73.8 186.7 -206.9 173.6 93.8
winner is: 12
