Regression analysis information for: S10_selected_tokens_0100
number of formants: 3
number of coefficients: 5
15.4 40.7 95.9
956.9 19.7 -81.2 -23.5 -25.1 -11.8
1638.2 -53.5 18.8 -8.7 -13.8 -37.3
1855.5 -217.7 261.4 -198.1 184.1 -113
3.8 18.7 178.5
970.8 32 -70.7 -10.8 -16.2 -1.3
1665.5 -34.8 63.8 16.1 -1.1 9.2
2598.7 13.8 163.7 -171 -42.6 96.5
3.7 8.3 5.8
975.1 32.8 -72.9 -10.1 -17.2 -1.1
1677.8 -36.2 49.6 22.2 5.5 2.1
2743.4 -43.9 8.8 10 -2.4 2.7
3.5 8.6 6.4
976.3 32.4 -74.9 -9.5 -16.8 -0.3
1681.7 -36.3 46.2 22.2 6.6 3.4
2743.9 -44.4 10.6 8.2 -1.3 3.5
3.3 8.5 5.2
975.1 33.6 -74.9 -8.5 -16.6 -1.5
1681.8 -35.4 46.1 24.5 6.9 1.9
2749.8 -43.8 11 6.9 -1.6 3
3.4 8.1 5.4
970.8 34 -74.9 -8.6 -16.6 -0.9
1678.4 -33.9 51 26.5 7 2.4
2753.8 -44.2 10.5 7.7 -0.4 2.2
3.9 6.9 5.6
968.4 34.7 -73 -8.6 -16.9 -1.6
1673.5 -32.7 55.9 27.8 6 0.9
2754.6 -43.5 10.8 9.2 -0.3 2.8
4.3 5.8 5.6
967.4 35.3 -71.3 -9 -17.5 -2.3
1671.2 -31.3 60.4 27.3 4.2 -0.9
2754.7 -42.3 12.8 10 -0.6 2.5
4.7 5 5.3
968 35.8 -70.8 -9.6 -18.1 -2.7
1672.9 -29.7 61.8 25.9 3 -1.9
2756.5 -40.9 14.7 9.6 -1.2 2
4.9 4.5 5.2
969.8 36.2 -70.9 -10.2 -18.3 -3.1
1677.6 -28.6 61.5 24.5 2.5 -2.9
2761.2 -40.2 16.6 8.5 -0.8 0.7
5.1 4.8 5
974.2 36.9 -70 -10.6 -18.1 -3.6
1683.7 -28.2 58.9 22.7 2.6 -3.5
2767.9 -39.1 16.9 7.5 -0.2 0.1
5.2 5.2 5.2
977.9 37.6 -71.4 -11.5 -17.7 -3.8
1692.1 -26.3 56.3 20.8 3.7 -4.2
2776.4 -37.9 17.6 6 2 -1.3
5.4 5.5 5.9
981 38.1 -73 -12.5 -16.7 -4.7
1698.8 -25.3 53.5 18.9 5.8 -6.4
2782.9 -37.5 17.4 3.8 4.8 -4.7
4.3 6.6 7.2
980.2 35.2 -73.7 -12.7 -15.8 -3.7
1696.4 -32.8 52 18.3 7.8 -3.7
2780.1 -45.9 15.7 1.2 5.9 -3.9
4.3 6.6 8
980.4 31.4 -72.2 -12.1 -13.8 -1.1
1697.8 -40.1 54.7 19.4 11.5 1.3
2781.4 -54.8 20.7 1.4 10.8 0.4
4.4 7.4 11.3
986.2 29.1 -74.3 -11.8 -13.6 -1
1713.5 -41.9 56.7 21.5 12.6 1.2
2798 -59 28.9 2.8 15.3 -1.8
5.4 9.8 16.5
999.9 26.4 -74.3 -11.4 -14.1 -0.7
1737.4 -44.6 59.3 24.1 13.4 2.2
2821.8 -62.3 40.3 5.6 20.1 -2.6
7.3 14.3 23.5
1020.8 23.1 -73.6 -10.9 -15.1 -0.4
1772.3 -46.3 63.4 28.1 15.1 3.9
2851 -64.1 57.3 9.9 28 -3
8.9 20.8 32.3
1048 19.7 -71.7 -11.2 -17.2 -0.4
1823.4 -45 66.2 31.5 16.1 6
2881.9 -62.5 80.4 16.8 39.9 -2.1
10.1 29.3 44.2
1078.7 15.3 -67.7 -11.7 -19.5 -0.5
1905.6 -38.3 61.2 29.9 12 6.7
2911.1 -57.4 113.3 29.9 57.9 2.1
winner is: 10
