Regression analysis information for: S10_selected_tokens_0101
number of formants: 3
number of coefficients: 5
8.6 18.9 48
938.7 93.3 -34.3 4.3 -16.6 12.6
1722.2 -255 -122.9 -68.9 -19.3 8.5
2122.3 -438.2 288.6 -104 -3.1 27.3
9.1 18.7 38
942.9 92.4 -37.9 2.2 -16.8 12
1739.1 -229.7 -115.2 -82.6 -39.1 -1.7
2272.3 -544.5 143.1 37.2 -68 42.8
7.5 22.6 59.7
951.6 97.1 -33.6 3.3 -14.6 9.6
1779.2 -163.3 -68.1 -63.7 -43.4 -19.5
2392.2 -573.2 -62.1 70 -7.6 -1.8
7.3 27.1 53.3
956.8 106.5 -33.7 6.4 -13.6 11.3
1818.9 -96.8 -12.9 -23.1 -23 -16.6
2529 -493.1 -223.2 -16.7 104.2 95.8
7.1 5.5 99.9
962.7 109.7 -31.7 5.6 -12.6 10.3
1839.1 -66.2 14.2 -0.3 -1 -0.1
2685.4 -234.8 -72.2 23 100 109.9
7.7 4.8 59.5
965.9 114.1 -32 5.2 -13.6 10
1843.3 -64.9 13.3 -1.9 -1 0.8
2730.1 -169.8 -45.3 1.1 40.2 40.2
8.3 3.8 8.6
966.7 117.9 -33.6 5 -15.6 9.7
1846.1 -60.7 12.1 -2.9 -1.7 0.6
2769.4 -109.6 -15.7 -6.9 -1.9 -20.8
10.1 3.7 7.4
964.4 124.4 -39.6 7.2 -20.3 11.8
1846.4 -54.7 7.5 -1.4 -5.3 1.7
2771.9 -106.1 -17.9 -5.9 -1.3 -18.7
10.2 4.1 6.9
965.6 121.8 -39.4 5.8 -20.8 10.7
1847.1 -51.9 4.5 -1 -7.7 1.9
2775.1 -98.9 -20.3 -3.4 -2.4 -17.8
11 5 7.5
964 123.5 -43.9 6.6 -23.5 11.8
1848.5 -53.5 1 -0.7 -11 2.3
2777.9 -100.1 -24.1 -3.7 -5.6 -17.3
10.4 5.6 8.4
966.2 118.6 -42.4 4.9 -22.4 10.6
1851.7 -57.8 0.2 -1.5 -11.9 2.4
2783.8 -101.7 -24.7 -3.2 -7 -16.5
10.7 6.5 9.5
965.9 119.1 -45.8 6.2 -23.5 12
1855.5 -63.6 -1.5 -0.4 -13.2 3.9
2789.5 -109.1 -26.3 -3.4 -8.6 -15.3
10 7.5 10.5
970 113.8 -43.3 4.9 -21.4 10.9
1862 -69.7 -0.2 -0.5 -12.3 4.7
2799.1 -113.8 -23.7 -1.8 -7.1 -13.6
10.5 9.1 12.7
970.7 113.9 -45.6 6.1 -21.4 13
1867.4 -76.7 0.4 0.8 -11.7 8.1
2806.2 -122.5 -22.2 -1.6 -5.8 -9.8
11 11.8 16.4
971.1 106.7 -45.6 6.7 -20.5 11.9
1868.3 -93.2 0.5 2.5 -11.5 7.4
2805.7 -144.8 -25 -2.6 -7.6 -12.7
10.2 11.2 13.9
970.2 101.7 -44.2 6.8 -17.6 12.5
1866.2 -102.7 2.9 2.6 -6.5 9.2
2801.8 -156.6 -22.6 -2.7 -1.8 -10.7
9.3 10.8 13.2
975.4 97.9 -38.9 6.4 -17.1 11.7
1875.2 -105.1 9.6 4.4 -8.3 11
2813.7 -153.6 -12.2 3 -2.2 -6.9
10.2 11.6 15.8
984.7 99.7 -39.7 10.1 -18.5 12.1
1896.6 -107.3 13.5 13.1 -12.7 13.1
2839.5 -150.8 -3.7 13.3 -2.2 -4.6
9.8 15.6 18.4
1008.4 90.9 -34.3 10.4 -15.7 7.8
1937.6 -117.6 23 23.4 -18.1 14.9
2883.4 -147.8 15.1 26.7 3.7 -1
60.3 54.5 22.8
1073.7 15.3 27.4 -53.4 48.5 -58.3
2028 -191.5 72.7 -4.1 12.1 -29.5
2939.4 -153.7 28.5 48.5 -2.4 5.6
winner is: 7
