Regression analysis information for: S10_selected_tokens_0042
number of formants: 3
number of coefficients: 5
6 22.8 11.3
520.9 125.4 -30.1 -27.3 -0.4 -7.4
1234 136.3 117.5 -65.3 70.8 -25.5
2530.5 -8.4 -56.7 -17.6 -4.9 9.6
6.2 22.8 11.5
520.8 124.3 -31.3 -27.8 -0.5 -7
1238.4 132.7 122.9 -68.5 73.3 -25.9
2544.1 -13.4 -58.4 -14.6 -6.8 10.2
6.1 22.8 10
521.5 123.6 -31.1 -26.1 0.5 -6.9
1235.9 134 118.2 -65.7 72 -25.1
2558.7 -21.3 -57.8 -13.3 -6.3 8.2
6.3 22.8 10.3
521.6 122.8 -32.3 -26.1 0.5 -6.8
1240 130.9 123.5 -68.1 74.6 -25.4
2570.4 -28 -60.6 -8.1 -7.1 9.1
6.1 22.7 9.2
523.6 123.3 -32.1 -24.7 1 -7.2
1238.4 133.6 119.5 -65.2 73.3 -25
2585.7 -35.4 -59.6 -4.8 -6 6.4
6.3 22.5 9.2
525.7 124.1 -32.6 -24.3 0.9 -7.6
1240.6 135.1 120.8 -64.8 73.8 -24.9
2601.8 -40.1 -59.5 0.7 -6.1 4.9
6.7 22 11
527.7 125.6 -33.6 -25.1 0.3 -8
1246.4 134.6 127.6 -67.3 76.1 -25.4
2619.1 -41.3 -61.1 8.6 -7.8 5.1
7 21.6 10.6
531.6 128.3 -33.1 -24.5 0.2 -8.6
1246 139.7 125.3 -64.5 75 -24.4
2640.8 -43.4 -58.3 12.9 -8.1 1.7
7.8 20.9 13.6
534.1 131.2 -33.9 -25.8 -0.5 -8.6
1251.1 140.8 132.5 -66.6 77.2 -23.8
2657.4 -38.7 -63.4 24.8 -11.8 4.2
8.8 20.6 14.9
538 135.1 -32.2 -26.6 -0.7 -9.3
1249.9 145.1 131.8 -65.1 77.2 -22.9
2679.5 -44.7 -57.5 23.8 -10 -3.2
10.7 19.9 18
540.3 139.2 -32.2 -31 -1.5 -8.1
1253.7 144.2 141 -69.6 80.6 -21.9
2700 -47.8 -64.3 33.2 -13.9 -3
13.5 20.1 17.5
543.1 146.1 -28.8 -35.1 -1 -5.8
1249.7 149.3 140.2 -67.1 81.2 -18.8
2717.9 -46.8 -65.8 37.1 -13.4 -4.7
11.5 22.7 14.5
548.9 149.4 -32 -32.2 -5.1 -12.7
1255.8 144.5 143.8 -61.3 84.4 -23.6
2698.9 -7.3 -50.7 8.1 -2.7 4.2
12.2 23.5 12.5
553.2 153.3 -30.7 -31.7 -6.4 -14.2
1251.9 145 140.1 -54.6 86.9 -19.8
2709 -8.8 -45.8 9.9 -4.3 4
41.6 31.3 20.5
529.2 188.4 -3.3 -84.6 13.2 1.9
1241 153.5 155.4 -76.4 112.4 -21.9
2750.4 -54.7 -28.2 24.7 -21.3 24.7
65.5 159.8 100.8
701.3 24.7 -117.2 155.1 -111.5 -53.1
1562.1 -197.3 -84.8 388.4 -73.3 -119.7
3085.5 -459.7 -79.6 270.5 -108.5 -54.6
77.3 164.4 100.1
809.4 -101 -61.4 90.5 1.8 -61.3
1658.8 -273.9 -187.9 386.8 87.5 -122.1
3165.3 -501.8 -186.2 262.1 13.3 -62.3
120.2 239 177.2
856.6 -82.3 -52.6 95.5 72.9 -17.4
1816.2 -212.6 -321.2 284.3 196.8 -6.8
3248 -498.7 -368.5 128.2 41.9 7.1
154 386.3 232.2
934.1 114.3 -15.6 98.2 74 -59.7
2069.9 145.6 -318.4 165.6 -27.9 -115.5
3583.2 37.9 -79.4 161.8 37.3 56.8
94.5 148.9 56.3
855.1 414.6 -140.1 -32.9 87.7 -52.5
1991 582.4 -347.2 -182.1 196.9 -271.7
3627.7 284.3 -120.8 14.1 22.5 -49.4
winner is: 5
