Regression analysis information for: S10_selected_tokens_0004
number of formants: 3
number of coefficients: 5
2.1 4.3 7.8
511.7 21.8 -23.4 2.5 -3.1 2
1878.2 -215.1 -54.9 15.8 0.8 -1.7
2580.4 -419.8 125.3 -71.2 15.5 3.4
1.6 4.3 5.9
510.3 19.7 -21.7 0.1 -3.6 1.3
1877.9 -215.1 -55.8 17 -0.2 -2.4
2576.2 -409.5 114.2 -61.7 9.9 3.5
1.4 4.3 5.3
512.7 19.6 -20.8 -1.5 -4.1 0.2
1883.3 -211.1 -55.5 12.5 -1.6 -3.1
2573.7 -394.6 107.1 -60.6 6.7 3.5
1.5 4.4 6.7
512.5 21.2 -23.3 -1.9 -4.9 0.2
1885.4 -213.6 -60.3 12.8 -1.2 -2.5
2588.2 -415.5 110.2 -54.9 -1.7 11.6
1.5 4.4 6.5
514.9 22 -22.9 -1.8 -5.5 -0.3
1894.1 -209.8 -62.1 9.6 -2 -4.1
2597.8 -414.8 110.4 -56.7 -2.3 7.8
1.5 4.8 7.4
515 23.4 -25.6 -1.5 -6.1 0
1898 -212.8 -68.9 11.2 -0.8 -3.6
2615.8 -438 112.4 -47.7 -11.2 14.9
1.6 4.9 6.6
518.4 24 -25.1 -1.2 -6.5 -0.3
1909.8 -208.4 -73.1 8.7 -1.2 -4.6
2629 -438.8 112.1 -47.1 -12.5 11.5
1.7 5.4 6.2
519 25.8 -28.3 -0.9 -7.1 0.3
1916.3 -209.9 -83 10.4 0.2 -3.5
2650.4 -461.9 110.8 -33.5 -23 17.5
1.8 5.8 5.8
521 26.4 -29.7 -0.6 -7.5 0.3
1926.3 -208.1 -90.7 10.2 1 -3.2
2667.7 -473.2 108.9 -24.2 -29.7 19
1.9 6.3 6.6
524.4 26.3 -29.5 -1.1 -7.7 0.3
1941 -202.1 -96.9 5.9 1.1 -2.3
2681.1 -474.1 108.2 -23 -31.5 18.1
2 7 5.8
524.1 26.9 -33.1 -1.6 -8.2 0.6
1948.2 -201.8 -108.4 6 3.2 -0.1
2700.5 -493.4 103.4 -5 -43.2 23.3
1.9 7.3 6.5
526 24.7 -32.7 -1.8 -8.2 0.3
1960.8 -199.1 -113 3.4 4.2 0.6
2709.6 -499.4 104.7 -2.5 -44.8 22.4
1.9 7.3 5.2
524.3 23.2 -32.9 -1.7 -8.6 -0.1
1958.8 -201 -110.5 9.8 4.1 -1.1
2708.6 -503.1 106.9 6.3 -50.7 24.5
2.1 6 3.8
521.8 23.3 -35.4 -2.7 -8.7 -0.3
1949.8 -204.9 -109.4 15.4 7.3 -2.9
2703.8 -500.3 102.4 8.4 -47 21
2.2 5.2 3.6
524.1 22.4 -34.4 -3.8 -9.3 -0.5
1957.4 -198.1 -108 7.8 4.6 -1.6
2702.5 -489.1 103.3 -2.1 -42.1 18.2
2 4.6 5
525 24.9 -35.3 -3 -8.7 -0.1
1956.4 -200.9 -111.5 4.1 8.2 -0.1
2712 -499.3 103.8 -0.7 -38.6 16
2.3 4.8 6.2
526.1 21.6 -35.7 -3.1 -8.9 -0.6
1974.3 -196.8 -115.8 -6.1 8.6 0.1
2725.7 -516.4 115.8 -2.5 -33 9.8
4 7.2 8.4
508.9 7.6 -47.7 -3.6 -7.7 -0.3
2001.3 -210.4 -140 -18.5 24.9 4.5
2749.4 -610.6 162.7 27.8 -43.7 6.8
319.2 101.1 357.2
671.6 336.2 85.4 -30.9 -46.8 86.8
2118.4 -100.8 -64.3 34.5 59 23.7
3107 -232.8 477.1 18.4 -208.4 149.1
182 104 82.3
1179.6 473.7 -131.7 -47 191.4 -203.8
2271.4 -128.1 3.4 -100.4 90.9 -74.2
3780.3 43 87.7 -39.8 55.3 -36.4
winner is: 3
