Regression analysis information for: S10_selected_tokens_0097
number of formants: 3
number of coefficients: 5
15.3 234.2 154.7
800.6 -34.4 -43.2 -21.2 -20.8 -9.5
1879.6 -259.1 -109 42.9 25.9 -47
2619 -188 64 115.1 2.6 -89.7
16.1 139 108.9
812.4 -27.9 -35.3 -20.9 -23.6 -15.9
2000.5 -92.9 -128.4 -124.2 -167.3 -168.6
2690.4 -82.5 44 0.7 -118.6 -143.9
12.2 20.6 64.7
823.2 -15.9 -21.8 -13.5 -18.4 -9.9
2109.1 92.2 23.7 17.7 3.7 4.3
2737.2 -1 101.6 46.1 -48.9 -54.8
11.5 5 5.5
825.6 -10.6 -20.3 -13.7 -18 -7
2117.3 91.6 11.8 5.4 6.1 15
2778.7 12.9 33.1 -1.3 -2.3 9.5
13.3 4.8 5.5
821.4 -9.5 -28.1 -16.1 -22.2 -5.9
2122.3 95.8 14.9 7.4 5.9 15.7
2785.2 14.7 37.2 0.1 -3.3 8.9
10.4 4.3 4.8
816.7 -6 -35 -14.2 -22.5 -0.3
2126.8 99.2 15.4 7.7 5.7 15.8
2791.2 16.4 39.2 -1.4 -3.8 7.4
10.2 6.5 5.7
802.8 -9.8 -51.4 -12.3 -23 6.7
2127.3 113.9 10 13.6 2.6 21.2
2795.3 23.9 36.2 0.7 -7.1 10.8
11.5 7.6 8.8
792.3 -19 -57.6 -13.1 -23.4 4.3
2122.8 118.5 8.1 19.1 4.6 25.3
2789.5 23.5 30 4.7 -7.8 15.4
10.3 7.2 8.3
791.8 -21.5 -55.1 -12.3 -20.2 2.7
2119.3 109.7 5.8 18 8.9 22.7
2784.9 15.1 26.7 3.8 -4.1 13.2
9.9 6.9 6.6
792.4 -23.4 -54.3 -12.8 -19.5 0.8
2120.9 104.8 6.9 16.8 11.9 18.7
2786.8 10.8 28.5 2.5 -1.2 9.4
10 7.1 5.7
793.8 -25.8 -55.9 -14 -20.7 -1.2
2130.3 105.9 12 17.6 14.3 15.2
2796.5 10.9 34.2 2.3 0.1 5.5
9.5 7.8 5.6
799.6 -27.2 -54 -15.3 -20.2 -3.5
2145.9 106.3 17.9 16.4 16.8 10.1
2810.9 11.7 40.1 -0.5 -0.1 -0.7
8.4 8.5 7.1
809.3 -27 -49 -16.1 -18.1 -5.5
2165.4 106.2 23.1 14.5 19.4 5.4
2828 13.7 45.6 -3.9 -1.2 -7.7
8.1 10 9.6
818.7 -28.6 -46.8 -18.3 -17.3 -8.2
2189 108.9 28.6 13.1 22.9 1.8
2848.7 18 52.1 -7 -2.7 -13.7
8.8 12.9 12.5
828.5 -34 -46.6 -23.5 -17.2 -13
2216.8 110.9 35 9.8 27.9 -3.2
2872.7 22.1 59.2 -11.9 -5.2 -20.9
9.1 15.9 15.8
839.1 -39.6 -41.6 -26.7 -12.1 -16.1
2234.5 102.4 33.6 6.8 32.1 -6.2
2884.6 15.8 60.5 -16 -3.9 -25.3
8.4 14.4 12.7
829 -45.7 -47 -29.6 -14.7 -16.2
2211.1 79.4 24.4 -9.8 23.6 -16.3
2865.5 -2.1 50.4 -21.4 -2.4 -23
9.7 9.2 10.4
828.2 -37.7 -58.2 -22 -21.3 -6.7
2211 91.9 3.4 1.9 16.1 2.1
2867.7 9.1 37.7 -12.5 -9.2 -10.4
8.7 8.3 11.5
841 -37.2 -58.6 -19.4 -20.7 -4.6
2238.5 96.7 -2.3 10.6 20.4 9.9
2882.5 12 37.6 -13 -13.4 -11.8
10 13.2 15.7
855.7 -42.7 -67.8 -17 -24.1 -3.8
2287.9 112.1 -5.4 33 35.2 22.5
2894.5 13.3 38.4 -20.9 -26.9 -18.1
winner is: 6
