Regression analysis information for: S10_selected_tokens_0092
number of formants: 3
number of coefficients: 5
5.4 144.5 93.9
744.3 -190.6 -89.9 -26.3 -3.1 7.5
1785.3 -153.5 -488.6 92.7 1.4 270.6
2659.4 13.2 -222.9 155.9 -60.6 184.9
11.8 217.5 83.7
754.1 -183.7 -78.6 -26 -4 -5.2
1942.6 -151.1 -203 11.3 43.6 -51.5
2784 -82.7 -13.2 1.8 24.7 -28.2
15.2 212.1 95.1
758.2 -169.7 -67.9 -26.1 -4.3 -17.9
1980.9 -99.3 -184.7 -19.8 -41.2 -140.4
2791.1 -69 -1.7 10.8 0.9 -57.9
19.4 185.6 89.1
753.9 -168.8 -59.7 -17.5 5.6 -13.8
2089.9 95.7 -24.6 108.9 82.7 -11.3
2827.1 -8.6 44.4 46.3 30.4 -26.5
7.5 20 10.8
758.5 -160.1 -59.1 -30.7 -6.2 -13.3
2228.3 294.7 5.8 18.4 4.5 6.6
2890.8 72.2 41.2 -12.8 -9.9 -9
6.2 15.6 10.3
757.6 -153.1 -56.1 -30.8 -9.2 -8.3
2229.3 290.4 3.6 19.2 4.4 4.4
2893.1 72.5 40.7 -11.5 -8.3 -10.1
8.7 14.9 11.8
752.1 -153.9 -59.6 -29.1 -13.4 -2.9
2233.5 299 3.4 19.4 2.4 4.3
2898.7 73.6 42.2 -13.7 -7.7 -10.8
11.3 16.3 13.9
746.8 -152.7 -62.1 -25.8 -18.4 2.2
2237.6 307.5 3.4 22.3 -2.5 6.9
2903 75.7 43.3 -13.9 -9.5 -10.9
11.8 18.5 15
745 -153 -59.8 -24.7 -19.4 2.7
2242.8 311 6.5 24.9 -7 8.3
2905.4 79.4 43.5 -11.1 -13.8 -9.8
11.1 19.8 15.7
742.7 -156 -59.5 -23.7 -18.9 2.9
2248.8 318.2 10 25.1 -10.2 8
2908.7 82.3 44.2 -10.6 -16.8 -9.4
10.1 19.8 16.6
740.4 -161.3 -61 -22.1 -18.2 3.3
2256.5 328.2 12.8 24.1 -13 6.2
2913.7 83.4 45.3 -12 -18.2 -10.2
8.8 19 17.4
740.7 -164.8 -60.3 -21.4 -17 2.4
2266 333.8 16.7 23.5 -15.3 3.3
2918.6 83.6 46.9 -12.5 -18.9 -12.1
7.1 18.9 17.4
742.3 -167.4 -57.8 -21.7 -16 0.2
2274.1 333.2 22.5 24.3 -18.9 -1.2
2920.7 80.5 47.5 -12.8 -21.1 -15.3
5.3 19.5 15.9
741.7 -174.7 -57.8 -19 -12.4 0.2
2275.4 321.2 18.1 26.4 -16 -1.9
2918.3 66.5 42.7 -11.3 -17.2 -16.9
4.4 18 15.9
741.7 -180.9 -61.1 -18.2 -9.2 0.9
2276.7 310.7 1.2 20.2 -9.3 0.6
2919.1 55.8 37 -13.3 -10.3 -17.9
4 13.4 15.4
746.4 -182.6 -61.5 -19.2 -6.4 0.9
2277.3 282.7 -27.6 5.9 -8.8 1
2920.1 49.4 32.1 -11.3 -8.3 -19.3
5.3 16.2 17.2
748.4 -186.1 -66.2 -18.9 -3.9 4.5
2285.9 278.7 -49.9 3.7 17.6 30.7
2922.7 48.2 36.2 -9.2 -7.4 -21
9.1 32.6 18.4
749.4 -182.7 -71.3 -21.2 1.4 8.2
2304.5 309.3 -44.4 18.7 64.1 64.4
2920.9 49.5 32.7 -10.5 -9.1 -23.4
13.8 35.3 32.4
758.9 -184.9 -78 -25.3 6.3 11.7
2340.6 337.8 -29.1 36.8 80 71.5
2941.6 55.7 10.6 -13.9 16.4 0.4
22.9 44.1 122.2
768.9 -200.2 -97.6 -33.1 12.2 19.7
2391.1 386.6 -10.6 46 67.8 54.1
3016.5 100.8 -46.7 -12.5 151.1 106
winner is: 6
