Regression analysis information for: S10_selected_tokens_0080
number of formants: 3
number of coefficients: 5
8.9 91.9 12.3
711.7 -171.4 -139.6 -50.2 -23.9 7.6
1985.1 -357.3 -399 -269.4 -116.2 3.5
2783.1 -85.9 67.3 8.5 38 -25.3
7.2 71.7 13.1
715.8 -166.6 -136.5 -44.7 -24.5 4.3
2046.7 -268.6 -384.3 -327.1 -202.8 -68.3
2785.1 -76.4 67.1 7.7 40.5 -20.3
7.3 58.8 13.1
715.1 -162.3 -132.4 -37.5 -24.6 1.8
2092.1 -212.4 -382.2 -364.9 -251.8 -109.5
2795.1 -72.7 69 8.3 42.4 -19.3
9.1 61.1 10.8
713.7 -155 -123.6 -29.7 -24 1.3
2114.2 -193.2 -392.9 -393 -291.6 -158.8
2814.8 -61.3 64.9 -6 31.8 -17
11.5 173.6 81.1
711.6 -145.1 -113 -21.8 -20.7 4.3
2226.5 10.2 -207.3 -222.1 -130.3 -16.3
2878.6 34.6 140.7 43.9 76.9 39.6
12.2 184.5 88.8
707 -137.5 -108.4 -17.5 -21.1 8.7
2282.3 112.6 -109 -127.6 -35.3 63.3
2925 101 196.9 62.6 75.7 33.2
11.8 61.7 65.6
704.2 -129.7 -104.5 -13.8 -20.2 12.3
2390.2 319.4 61.6 -17.8 7.8 39.4
2979.6 189.8 254.3 63 45.9 -6.8
10 22.9 65.6
700.4 -128.8 -107.6 -14.9 -22.2 12.9
2414.2 371.4 98.3 -11.7 -11.8 1.7
3005.3 227 256.4 20.3 -1.4 -40.7
9.7 28 88.3
698.5 -128.6 -112.3 -15.3 -23.1 13.8
2407.2 363.4 91 -9 -0.4 12.6
3007.2 225.5 242 14.8 28 6.8
9.2 18.4 66.8
699.4 -129.8 -115.9 -16.4 -24.6 13.5
2416.8 370.5 88.2 -9.5 -5.9 2.6
3049.5 278.5 248.3 -6.9 -3.6 -20
8.4 15.8 62.6
704.1 -130.5 -117.2 -18.5 -25.4 12.6
2422.9 363.8 77.6 -3.1 0.2 5.9
3072 296 238.9 -11.8 -2.1 -5.6
8.2 13.1 59.4
707.3 -133.3 -121.5 -19.5 -26.6 12.4
2433.8 357.5 66.7 3.5 6.2 7.1
3104.1 314.9 235.6 -14.8 3.4 11.9
8.1 10.6 58.1
711.6 -136.5 -125.9 -20 -27.3 12.1
2447.2 350.1 55.3 11.3 12.1 6.8
3139.8 332.6 232.3 -17.5 8.3 26.4
8.1 8.3 57.4
717 -140 -130.1 -19.9 -27.7 11.9
2462.2 341.1 44 19.7 17.1 5
3178.1 347.3 227.7 -20.3 13.5 38
7.9 7.5 56.5
722.8 -145 -133.7 -18.8 -27.9 11
2478.4 330.9 35.3 28.1 20.7 2.3
3219.4 358.3 226.2 -20.2 21.1 45.2
9.2 8.7 54.1
724.9 -151.2 -142 -15.3 -29.3 10.9
2493.7 326.4 27 37.1 20.9 -1.1
3263.5 375.8 222.4 -12.8 28.2 50.3
10.1 12.6 87
722.5 -160.2 -139.2 -10 -30.4 10.2
2501.9 323.1 32.4 42.6 17.5 -0.1
3235 314.9 217.6 -10.1 14.6 49.2
10 15 77.1
715.9 -164.6 -134.9 -6 -30 9.5
2485.3 314.3 43.2 45.1 8.1 -9.4
3097.9 122 136.4 -39.3 -26 -2.7
9.6 15.3 58.2
718.5 -166 -136.1 -5.5 -27.5 9.2
2488.9 308 40.8 48.4 19.6 -7.8
3138.3 171.5 184.8 12.1 35.9 26.6
10 14.7 60.5
724.8 -168.1 -139.7 -3.9 -27.1 8.6
2507 308.1 34.8 55.9 26.5 -7.7
3261.9 345.4 306.5 99.4 94.3 47.7
winner is: 15
