Regression analysis information for: S10_selected_tokens_0075
number of formants: 3
number of coefficients: 5
0.9 58 130.8
414.7 -3.5 -1.4 3.3 -1.6 -2.2
1811.3 197.1 -11.4 82 -82.5 62.6
2605.4 298 -179 147.8 -60.3 -86.8
1.2 14.6 15.7
415.4 -5.6 -0.2 1.6 -0.6 -2.8
1863.6 97.3 80.3 2.1 -17 13.4
2790.5 -12.2 63.1 -0.7 -20.3 -27.2
1.5 14.6 14.2
415.2 -6.6 0.5 0.7 -0.4 -2.4
1865 97.4 80.2 2.1 -16.8 13.9
2804 2.3 48.1 -5.5 -20.5 -24.9
1.4 14.5 13.7
414.3 -6 0.1 1 -1.1 -1.2
1866.3 97 80.6 1.2 -16.3 14.5
2820.3 9.6 37.7 -14.9 -19.8 -21.7
1.7 14.7 13.5
413.3 -4.7 -1 2.1 -2.4 0.3
1867 97.2 80.6 0.3 -16.3 15.4
2835.9 14.1 29.7 -26 -18.5 -18.1
1.3 14.8 13.3
413 -4.5 -0.6 2.1 -2.3 0.4
1866.8 95.9 81.1 -1.7 -14.7 14.7
2848.8 19.8 23.2 -36 -18.4 -15.7
2.4 15.8 14.2
412.3 -3 -2 3.1 -3.5 1.6
1867.3 100.9 79.1 0.5 -17.2 18.1
2860.8 26.8 15.7 -46.7 -18.8 -9.4
2.5 16.1 14.2
412.2 -2.5 -2.4 3.4 -3.6 1.8
1867.4 104.4 77.3 1.8 -17.3 19.3
2871.9 39 4.3 -53.9 -17.3 -4.9
2.5 15.7 13.3
412.3 -2.1 -2.5 3.6 -3.7 1.9
1868.3 106.9 76.7 3.1 -17.6 20.4
2882.3 51.8 -4.4 -59.5 -18.4 -0.5
2.4 15.8 18.1
411.8 -2.6 -1.7 4.5 -3.7 1.5
1866.1 105 79.1 6.6 -18.8 18.6
2854.8 31.3 25.3 -24.9 -25 -20.5
1.5 14.4 12.1
412.3 -3.3 -0.3 4.1 -3 0.8
1866.1 101.8 84.7 7.6 -17.3 16.5
2846.9 28 52.7 -6.3 -27.7 -27.4
1.5 13.3 10.3
412.9 -3.2 -0.6 4.2 -2.7 1.1
1870.4 101.7 83.8 9 -15.3 19.6
2870.1 32.5 30.4 -12.7 -10.5 -8.4
1.7 10.8 71.8
414.6 -2.7 -2 3.5 -2.1 2
1883.6 103.9 76.2 5.5 -10.5 27.1
2994.6 88.9 -119.4 -127.9 56.2 109.6
2 10.5 55.9
417.5 -2 -4.3 2.3 -1.5 2.7
1906.5 108.9 70.2 7.6 -4.7 30
3176.8 183.9 -268.8 -217.9 85.6 97.2
2.9 12.3 60.6
418 -3.5 -8.5 1.8 -3.3 3.1
1939.4 119 81 27.3 1.7 29.2
3333.3 273.3 -248.1 -150.5 90.1 -4.5
3.4 16.3 37
414.9 -13.6 -13.6 -3 -6.4 1.3
1969.5 109.7 98.4 49.3 0.6 27.8
3431.8 253.5 -215.7 -70.9 94.5 -15.4
8.5 18.5 27.4
404.8 -32.3 -28.7 -15 -16.5 -2.8
1997.5 85.3 115.1 74.1 -10.9 27.6
3515.5 159.4 -186.7 -6 44.3 -16.5
143.3 96 75.8
468 96.6 102.1 113.9 115.5 130.1
2055.9 140.7 205.2 161.5 54.4 104.5
3600 150.5 -87.2 79.5 73.5 51.4
143.1 96.7 74.1
468 100.1 102.7 114.9 115.5 131.6
2062.2 128.8 213.8 159.4 52.9 111.2
3623.9 114.4 -63 76.2 66.4 63.5
143.9 95.8 77.5
465.9 107.3 96.4 121.4 107.5 134
2064.4 123.8 218.8 148.6 56.8 108.7
3630.5 99.1 -47.7 48.1 83 68.5
winner is: 12
