Regression analysis information for: S10_selected_tokens_0029
number of formants: 3
number of coefficients: 5
3.6 178.5 122.1
407.1 -61.4 22.4 -21.4 16.1 -10.1
1768.5 275.9 -209.3 -368.2 -293.3 40.1
2570.9 -168.3 42.5 -379.3 -94.4 -40.3
3.6 183.8 61.1
408 -62.3 23.3 -20.2 16.7 -10.3
1853.9 292.6 -148.5 -87.4 -263.6 -161.2
2672.3 -18.3 196.6 -207.7 -1.4 77
3.6 38.4 17.1
407.8 -60.1 21.4 -18.1 16.1 -10
2052.3 313.3 -450.7 -113.4 -64.3 -83
2802.5 -94.9 17.1 -65.1 35.2 -28.7
3.1 36.8 13.6
409.1 -62.2 22.1 -18 16.2 -9.7
2042.5 302.6 -458.5 -118.7 -73.7 -81.3
2805.7 -104.9 30.7 -66.6 28.8 -24.7
3.1 35.9 10.2
408.5 -61.1 20.6 -16.9 15.8 -9.5
2059.1 308.4 -443.2 -102.3 -79.2 -77.9
2815.8 -107.5 30.7 -64.2 27.1 -26
3 36.1 8.4
408.5 -61.9 20.6 -16.5 15.8 -9.3
2065.4 305.9 -444.3 -98.2 -85.2 -78.2
2829.7 -114.2 29 -64 27.7 -25
2.9 37.7 7.1
408 -62.9 21.4 -16.4 15.7 -9.5
2071.9 306.6 -447.7 -99.3 -87.9 -76.9
2841.7 -121.2 30 -66.2 30.4 -25.6
2.7 39.3 9.9
408 -65.7 22.9 -16.8 16.5 -9.5
2062.5 300.2 -466.8 -116.5 -90.8 -81.4
2845.3 -133.8 37.8 -64.8 35.8 -33.4
3.1 37.7 17.1
406.9 -63.9 22.2 -16.2 16.1 -9.6
2077.3 314.8 -452 -109.5 -85.7 -76.3
2838.5 -130.8 48.9 -56.4 39.9 -47.7
3.1 35.3 20
407 -67.2 23.3 -16.9 16.7 -8.8
2056 290.7 -474.1 -123.1 -85.2 -73.1
2827.1 -151.1 58 -55.1 38.6 -43.3
3.6 35.5 12.4
406.1 -66.5 22.5 -16.7 16.4 -8.5
2055.7 282.3 -458.9 -111.8 -83.7 -61
2814.1 -161.2 75.2 -61.5 25.7 -35.5
3.3 36.1 10.3
407.5 -68.8 24.2 -17.5 16.6 -8.3
2045.2 272.2 -469 -121 -91.5 -61.7
2827.9 -169.5 77.8 -75.4 22.8 -20.2
3.6 37.3 11.3
407.5 -67.4 23.4 -17.2 16.5 -8.3
2071.8 285.5 -457.2 -105.3 -94.3 -60.8
2850.8 -166.6 62.9 -81.3 31.5 -15.6
3.6 40.8 13.6
409.7 -69.4 25.3 -17.7 17.1 -8.2
2088.1 290.5 -469.8 -99.7 -104.1 -69.2
2896.8 -178.9 45.7 -91.9 47.6 -3.2
5 50.3 23.9
411.1 -68.8 25.5 -17.3 17.9 -9.1
2134.4 312 -460.4 -65.9 -124.3 -79.7
2970 -208 18.8 -111.5 69.6 -4.3
11.9 72.2 52.7
408.4 -60.2 20.9 -15 21.4 -14.9
2204.2 354.7 -420.5 8.8 -144.2 -66.9
3094 -291.6 -19.4 -114.4 50.9 -23.1
128.8 140.7 120.5
476.1 -167.2 75.8 9.6 -67.9 123.6
2361.3 254.3 -262.3 100 -209.3 150.6
3365.3 -297.5 141.9 5.9 12.9 135.9
103.6 214.1 142.2
514.4 -250.2 176.7 -106.2 61.2 -3.6
2509 -33.7 11.3 -196.4 97.7 -165.9
3545.2 -228.9 338.5 -41.4 217.2 43.6
91.8 187.1 133.6
567.9 -341.6 234 -120.2 37 51.6
2426.3 161.3 -145.3 -26.4 -45.1 -45.2
3577.5 -163.3 248.6 1.1 127.4 94.2
152.2 121 105.8
560.6 -322.3 207 -76.1 -18.1 124.1
2410.3 200.4 -200.8 42.8 -134.8 61.8
3614.2 -103.6 219.6 27.4 89.5 135.5
winner is: 6
