Regression analysis information for: S01_selected_tokens_0009
number of formants: 3
number of coefficients: 5
16.1 31.4 14.1
707.9 26.7 -71.5 15.7 -43 9.1
1749.4 -23.7 40.6 30 -25.2 -44.6
2000.6 -125.4 28.6 -11.9 19.8 -0.2
15 74.5 14.7
705 30.8 -70.6 11.2 -37 7.4
1717 -24.9 44.2 -55 3.9 7.8
1995.5 -124 31.7 -11.9 25.4 -0.9
12.7 67.1 12.8
690.4 48 -82.8 15.9 -32.1 1.8
1549 -44.8 12.7 -30.3 178.9 -35.9
1992.4 -113.7 26.2 -9.5 18.3 -3.2
12.1 38.8 14.2
682.4 42.2 -92.7 12 -35.9 -1.7
1496.3 -126.3 -28.9 -71.4 126.7 -62.8
1995.7 -117.1 23.3 -19.5 10.4 -14.7
11.7 33.4 10.1
680 53.1 -96.7 19.6 -41.3 1.1
1489.3 -35.6 -57.6 -16.1 61.4 -24.5
1990.2 -108.5 6.5 -9.9 0.7 -4.5
12.4 43.5 10.8
687.8 59.5 -92.7 23.5 -41.1 3.1
1559.8 5.3 -71.3 -12.9 61.4 -22.8
1978.3 -127.7 3.4 -11.6 3.2 -3.7
12.7 39.3 78
702.5 65.8 -88.8 30.8 -44.1 8.1
1733.6 127.4 -73.2 42.7 42.1 -59.7
2137.2 176 236.9 98.1 5.2 -72.7
14.8 55.9 194.2
717.7 62.1 -85.3 33.6 -46.4 15.9
1847.6 56.6 -133.3 79.8 -16.8 -37
2456.4 98.9 -44.1 199.7 -289.2 -104.5
18.9 52.6 108.7
730.6 47.1 -77.1 28.2 -43.3 21.9
1909.8 -51.3 -46.3 32.9 -6.5 -15
2760.3 -93.4 -243.9 176.8 -127.6 86.5
20.8 12.5 92.4
733.5 35.5 -73.2 21.2 -41.5 21.6
1948.2 -118.3 3.8 6.4 -4.5 2.2
2838.6 -228.2 -129 97.4 -90.3 85.1
21.7 14.2 25.2
727.3 27.6 -78 15.8 -39.3 19.1
1945.7 -121.7 -0.7 8 -6 4.6
2877.4 -308.5 -62.6 26.9 -23.1 16.5
18.8 19.9 86.1
719.1 25.3 -86.2 14.3 -39.7 14.8
1934.2 -129.7 -10.9 2.4 1.5 -2
2813.4 -276.9 -80.3 -62.8 89.2 -74.2
17 12.1 75.1
717.9 25.7 -83.4 16.4 -39.2 12.7
1934.6 -142.2 -6.6 4.7 -2.5 4.3
2813.1 -299.9 -79.3 -58.4 87.5 -70.4
16.6 11.8 66.4
716.3 27.6 -84.4 17.8 -39.5 12
1933.1 -143.5 -5.6 6 -2.1 3.2
2804.8 -288.9 -96.9 -24.5 65.8 -67.4
16.5 11.6 39.7
717.6 28.4 -84.7 19.6 -41.1 12.5
1936.7 -138.4 -3.6 6.7 -4.1 1.5
2841.1 -315.3 -93.1 19.6 -6.1 -12.6
16.1 11.5 23.8
720.1 28.9 -84.3 20.8 -42.5 13
1942.8 -130.6 -0.6 7.1 -6.4 -0.3
2867.3 -317 -79.4 19.5 -23.8 -1.3
16.7 12.1 15.9
722.8 29.7 -82.7 21.1 -43.3 14.1
1949.5 -121.6 3.6 7.1 -8.4 -1.8
2891.5 -312.3 -60.6 6.8 -24.6 -3.9
15 14.2 21.4
719 38.2 -87.6 22.2 -44.6 12
1952.4 -107.6 4.3 9.6 -14.9 -1.3
2888.8 -261.3 -74.4 25.2 -51.6 9.1
15.5 14.6 17.8
721.2 39.4 -85.7 20.7 -43 11.9
1958.6 -101.3 8.6 7.2 -13.3 -2.8
2921.1 -277.3 -38.7 -6.8 -30.4 -4.3
16.7 14.9 16.6
724.3 37.8 -83.1 19.4 -42.3 13.2
1964 -99.6 12.4 4.7 -11.3 -3.2
2933.7 -270.1 -32 -14.3 -23.5 -5.8
winner is: 17
