Regression analysis information for: S01_selected_tokens_0019
number of formants: 3
number of coefficients: 5
6.5 72.5 30.7
630.7 -55.9 -111.9 18.1 -40.1 3.9
1683.7 31.2 -69.2 -36 -27.8 -13.3
2114.7 -64.2 -54.9 -26.3 8.6 -83.2
6.7 98 34.4
628.7 -57.8 -112.3 21.9 -38.7 5.9
1697.5 16.2 -79.5 -28.7 -20.1 14.6
2106.7 -86 -64.6 -8.7 29.8 -79.7
8.1 124.2 41.2
621.1 -50.7 -116.2 24.3 -35 0.8
1673.4 9.3 -91.3 -2 12.1 0.3
2106.1 -93.9 -75.9 -10 31.3 -85.6
11.8 153.9 47.6
603.5 -29.2 -118.3 14.3 -21.5 -12.5
1565.9 89.8 -92.7 -59.7 74.3 -118.4
2104.8 -92 -76.2 -3.1 29.8 -88.2
9 148.5 40.9
590.2 -15.3 -110.1 1.8 -16.4 -13
1499.9 127.8 -1.5 -86.4 52.7 -105.3
2079.8 -77.1 -41.6 -24.7 27.9 -56.3
7.4 67 28
581.9 -11.9 -102.7 -1.5 -16.8 -8.1
1433.2 134.9 118.9 -56.1 34.4 -49.9
2067.7 -50.6 -12.4 -39.7 18.9 -7.6
6.5 64.1 36.4
584.1 -11.2 -99.9 1.6 -21 -3.7
1463.5 182.3 126.5 -45.3 21.7 -44.9
2086 -20.1 14.7 -2.7 53.2 21.9
6.9 60.3 40.4
597.9 -19.3 -98.4 8.6 -32.8 5.1
1513.3 271.7 144.7 -89.3 0.2 -105
2100.7 11 57 49.2 112.4 62.9
30.5 207.7 154.7
616.7 -29.7 -93.7 4.7 -36 16.8
1548.9 266.9 144 -61.1 -65 -161.8
2224.7 -2.1 133.4 200.1 -9.7 120
28 213.5 223.1
657.8 -86.2 -82.4 41 -66.9 25.4
1840.2 -56.1 97.9 22.3 -94.4 72
2688 -25.6 -26.4 80.2 -235.3 168.1
20.6 28.5 40.9
687.1 -101.1 -82.2 19.5 -61.9 30.1
1996.1 -80.5 -53.2 -52.9 -1 31.7
2871.4 -122.3 -113.2 -17.7 -71.7 14.9
20.4 28.4 40
692.2 -109.5 -78.7 13.6 -56.4 27.2
1997.8 -81.5 -53.8 -53.3 -2.2 29.2
2876 -126.2 -110.6 -23.4 -76 9
20 27.9 41
685.3 -105.9 -79.7 11.3 -52.4 26.8
1998.3 -84.9 -55.5 -54.1 -1.3 28.6
2882.8 -139 -114.1 -29.7 -76.4 9.9
16.6 27.9 43.6
666.4 -84.6 -87.1 12.2 -47.4 23.5
1996.4 -88.2 -56.6 -54.3 1.7 31.6
2886 -152.8 -121.1 -30.1 -72.9 19.9
11.9 29.9 48.6
643 -56.3 -92.7 7.1 -36.5 13.6
1990.6 -87.4 -56.1 -55.4 5 38.8
2881.5 -155.8 -132.4 -20 -71 37.2
7.6 34.8 50.8
626.3 -39.8 -96.1 3.4 -28.7 5
1980 -80.5 -57.8 -52.4 3.9 50
2863.5 -138.6 -146.7 0.5 -68.3 52.4
6.5 35.8 44.2
618.6 -32.6 -95.1 1.9 -26.2 1.8
1968.5 -72.8 -55.3 -54.7 4.2 56.8
2824.7 -98.3 -162.7 17.7 -60.7 37.6
6.1 34 36
613.9 -29.6 -91.9 0.6 -26.4 1.8
1952.5 -64.3 -46.6 -57.6 -0.4 66.4
2774.6 -67.4 -133.9 22.5 -68.5 18.1
5.9 32.1 40.2
614 -29.7 -90.9 1.1 -26.5 1.3
1952.3 -63.4 -41.9 -55.7 -0.5 65.1
2774.8 -66.6 -112.6 30.2 -70.9 9.7
5.9 31.5 43.4
617.5 -29.5 -90.1 1.8 -26.9 0.8
1969.2 -55.7 -32.1 -52.2 3.6 58
2811.5 -61.1 -105.2 34 -65.1 24.4
winner is: 18
