Regression analysis information for: S01_selected_tokens_0109
number of formants: 3
number of coefficients: 5
15.3 55 11.1
744.2 -23.7 -27.5 30.5 -2.2 22.7
1536.4 -67.4 32.5 20.7 66.3 25.1
1878.6 -4.8 25.2 11.5 -7 3.6
13 59.7 11.1
751.9 -17.4 -37.6 16.5 0.2 23.8
1565.2 -49.9 -13.7 -40.5 73.1 46
1891.1 6.5 -2 -15.1 5.7 11.9
10.7 75 13.1
756.2 -10.9 -50.6 11.5 2.8 18.8
1526.9 -63.7 -111.6 -96.8 55.2 -42.5
1901.9 16.4 -26.6 -22.8 19 9.4
11.3 73.7 17
754.3 -10.7 -52.3 15.6 1.4 19.5
1521.9 -77.8 -132.9 -102.5 38.5 -55.2
1904.1 15.7 -22.1 -18.9 21 13.6
14.8 80 33.3
750.5 -15 -51.8 26.2 -0.5 23.9
1487 -42.3 -200.5 -10.3 -37.6 26.7
1901 36.6 -7 14.9 28.3 33.4
15.4 80.5 31.7
751.2 -21.6 -46.2 31.9 -1.8 24.6
1505.9 -95.5 -178 14.3 -73.5 37.3
1888.9 37.4 -7.1 6.8 31.7 14.1
21.2 85.4 32.6
748.8 -23.5 -45.6 31.1 -10.1 27.7
1516.9 -108.7 -141.1 10.7 -92.1 64.3
1898.4 22.6 -7.7 15 13.9 30.5
22.6 102.3 103.8
754.6 -25.4 -47.1 29.9 -14.7 27
1548.2 -116.4 -128.6 6 -100 61.4
1959.8 -27.2 41.6 52.6 -45.9 113.3
19.3 115 169.5
769.2 -21.3 -47.1 30.3 -12.7 26.6
1614.4 -92.1 -121.1 19.9 -80.2 41.9
2019 -26.9 141.4 98.5 -52.7 192.5
27.4 90.7 157.3
784.6 -24.3 -70.2 15.9 -25.4 9.8
1713.8 -8.8 -64.5 73.1 -11.7 75.7
2106.8 38.6 270.8 208.9 41.6 288.1
22 61.3 247.3
814.3 -7.6 -89.5 16.9 -21.4 6.6
1766.7 0.9 -7.9 30.3 24.9 41.2
2295.6 49.1 242.8 81.7 -10.9 243.6
23.7 68.1 351.6
835.3 -0.5 -112.9 8.5 -15.7 1.6
1772 -4.5 32.4 14.2 33.7 34.9
2476.8 29.8 113.9 42.1 -6 117.3
18.6 45.2 179.6
856.1 1.4 -132.9 4.2 -14.1 -0.5
1794.8 0 4.8 -12.7 21.6 20.1
2660 80.3 13.1 25.6 44.4 49.3
17.2 10.4 97.1
862 1.2 -138.5 7.2 -14.6 -2.4
1815.4 25 22.9 0.4 10.8 2.9
2725.2 152.3 67.9 50 15.9 -11.5
17.5 9.5 88.7
856.4 -1.4 -133.8 11.2 -16.1 1.4
1817.1 23.3 25.1 0.5 10.1 4
2761.8 106.4 111.4 27.1 27.7 -9.9
17.7 9 45
848.5 -8.1 -122.6 14.9 -15.9 5.3
1816.5 20.2 27.3 0.4 8.7 5.3
2803 21.9 187.3 -23.7 68.8 -36.1
18.7 9.2 57
839 -13.1 -112.4 17.7 -17.1 9.4
1814.4 16.6 29.4 -0.3 6.5 6.3
2792.8 -15.8 193.4 -27.5 51.7 -31.4
21.4 10.8 84.5
828.1 -14.6 -105.7 20.6 -18.4 13.7
1809.5 13.1 30.2 -1.9 3.5 6.2
2761 -63.1 195.9 -43.2 35.5 -43.8
20.7 11.6 86.6
821.2 -17 -100 21.6 -19.1 18
1805.3 11.9 32.3 -0.8 3.2 9.4
2740.7 -78 219.8 -32.1 47.1 -23.8
20.3 12 79.7
818.9 -17.4 -98.6 21.7 -19.3 19.8
1803.7 12.4 33.3 0.7 3.8 12.3
2737.6 -75.6 232.7 -22.8 56.6 -4.7
winner is: 16
