Regression analysis information for: S01_selected_tokens_0082
number of formants: 3
number of coefficients: 5
14.2 91.2 34.1
635.4 -61.9 -71.1 -29.3 -34.4 -14.2
1788.1 -37.8 3 -15.5 -20 -14.4
2395.7 197.8 41.2 57.4 31.2 48.4
14.1 81.8 47
637.3 -63.4 -70 -28.1 -33.1 -14.9
1874.9 46.3 106.7 26.7 38.1 27
2414.3 206.9 51.2 85.3 47.4 71.6
10.6 72.8 50
637.2 -60.6 -64.3 -22.3 -27.2 -10.7
1982.1 100 203.3 76.9 74.8 52.6
2415.7 222.5 44.1 105 56.8 80.6
10.8 75.9 50.4
628.3 -53.7 -58.3 -19.9 -26.2 -12
2058.8 98.1 219.4 143 36 42.4
2397.8 238.9 60.2 84.3 77.4 69.3
26 233.9 84.9
573 14.5 -81.1 10.5 -56 -3.3
1681.7 648.2 46.8 419.5 -154.3 -70.6
2354.6 241 127 30.3 47.8 58.9
22.1 185.2 44.9
540.7 -20.2 -54.6 -13.6 -20.5 5.1
1227.9 302.7 88.8 377.2 300.1 326.5
2342.8 307.4 121.4 70.8 58.4 65
18.4 160.7 48.5
548.2 -15 -54 -8.8 -25.2 1.1
1346.4 425.7 158.4 435.2 278.2 206.3
2380.7 368.1 167.6 101.5 70 57.7
31.7 307 146.6
563.4 -43.9 -59.1 -14.2 -12.6 5.2
1419.4 351 266.7 343.1 471.6 -23.6
2464.2 280.7 295.6 25.6 193 -69.3
32.2 249.3 172.4
598.8 -58.9 -36.3 -22.2 -15 -23.9
1986.8 182.7 467 225.6 -63.5 -192.4
2885.6 5 350.9 114.2 -95.1 -60.7
13.1 38.5 68.8
635.3 -61.2 -48.6 -43.8 -35.6 -6.6
2253.8 267.2 102.3 -12.2 7.1 57.7
3065.9 40 76.6 13 37.9 85
14.3 55.6 79.4
646.2 -62.3 -56.1 -48.4 -35.6 -3.7
2240.7 273 121.3 -26.1 1.8 76.6
3053.2 41.9 90.6 6.4 36.1 96.3
15.4 52.7 79.3
643.4 -54.4 -54.5 -52.7 -34 -3
2244.8 268.1 115 -25.7 6.9 71.3
3054.9 38 87.8 2.2 36.3 93.3
14.4 39.7 82.7
629.3 -47.8 -60.7 -48.8 -33.6 -4.9
2257 265.7 106.7 -12.7 5.7 60.5
3066 46.9 97.7 8.6 40.1 99.6
14.4 51.4 64.1
607.7 -34.2 -72.3 -36.5 -35.4 -1.9
2255.8 271 114.6 -20.3 3.1 68.8
3086.9 43.7 84.4 31.5 45.7 78.8
10.6 21.5 48.2
583.9 -30.1 -90.1 -19.7 -33.2 0.9
2276.9 268.9 83.8 17.3 10.5 26.6
3108.1 45.2 73.1 59.7 56.8 61.5
9.3 23.6 59.9
570.9 -31.7 -96.9 -12.4 -31.4 0.8
2274.8 284.8 83.4 25.6 11.8 24.7
3108.4 48.8 75.1 68.2 65.5 74.2
10 28.3 85.4
559.4 -34 -98.1 -8.1 -29.6 0
2260.1 292.6 79.3 35 11.8 22.8
3086.3 24.8 61.1 83 81 96.5
9.6 38.9 22.4
553.3 -33.2 -96 -9.3 -28.6 -0.3
2197.5 236.5 21.3 11.7 -5.5 11.1
2999.7 -96.9 -53.1 17.7 6.1 23.7
9.3 32.7 21.3
550.8 -31.8 -95.1 -10.7 -30 1.8
2197.2 253.3 35.7 17.1 -8 14.4
2994.1 -95.7 -60.1 11.2 -9.7 13.3
9 26.9 28.9
551.4 -30.7 -94.2 -12.3 -30.2 2.9
2220.8 291.6 66.1 28.5 1.4 20.8
3008.4 -76.7 -46.6 11.5 -2.7 24.3
winner is: 19
