Regression analysis information for: S01_selected_tokens_0022
number of formants: 3
number of coefficients: 5
1.2 49.2 37.7
520.2 -14.7 -3.6 0.3 -4.8 -0.1
1508.6 224.9 -159 76.8 -77.8 -58
1941.1 140.1 -234.8 -5.1 -14.9 -74.3
1.3 43 19.8
519.8 -16.7 -0.1 -3 -2.7 -0.2
1478.3 208.6 -143.3 67.6 -65.6 -70.7
1890.2 169.6 -184.9 -58.6 20.1 -40.5
1 38.5 18.2
521.5 -19.2 4 -5.6 0 -0.6
1488.6 220.8 -112.4 84.1 -51.7 -41.4
1880.3 175.3 -180.3 -75 25.7 -31.6
1.2 38.5 20.9
524.4 -23.9 8 -9 2.4 -2
1519.5 274.8 -94.9 110.2 -41.6 -21.1
1877.1 163.8 -197.7 -79.2 27 -31.6
1.1 50.9 21.4
527 -25.9 10.7 -9.1 3.5 -1.1
1529.9 307.1 -120 143.5 -49.1 -14.3
1906.4 196.4 -174.9 -37.7 47 -20.7
1.4 64.6 92.5
531.9 -32.5 16.2 -12.5 5.9 -1.7
1654.5 124.8 19.3 -10.1 38.4 -50.2
2183.6 -186.3 233.2 -235 221 -44.6
1.6 25.3 93
537.2 -38.7 18.9 -13.1 6.2 -2.1
1722.1 121.9 -13.7 -34.9 1.6 -19.9
2346.8 -175.7 331.5 2.9 152.6 114.9
2 15.6 94
541.2 -42.1 16.9 -11.8 5 -3
1761.1 134.4 -52.3 -63.9 -12.7 4.3
2502.5 -198.5 243.2 119 70.6 48.4
1.7 7 36.7
541.9 -38.4 11.8 -9.6 4.1 -3.2
1775.6 131.4 -69.7 -53.6 -10.9 -5.5
2705.5 -115.8 70.4 110.5 96.9 -31.7
1.4 6.7 23.1
539.6 -30.7 3.7 -6.7 2.6 -3.7
1779.8 133.7 -77.9 -56.8 -7.8 -5.2
2784.7 -68.4 18.2 5.4 70.8 -18.4
1.4 6.6 27.3
538 -23.4 -0.6 -6.2 2.6 -4.1
1785 140.6 -80.8 -58.8 -7.8 -7.2
2795 -49.6 7.1 -8.4 51.8 -30
1.4 7.3 34.3
536.5 -20.4 -2.5 -7 2.3 -3.8
1784.5 145 -84 -63.3 -6 -5.5
2780.3 -5.6 -24.4 7.9 43.7 -31.8
1.3 7.1 35.8
535 -18.5 -2.6 -7 2.7 -3
1783.6 148 -83.4 -65.4 -5.8 -5.3
2761.5 30.3 -57 23.7 32.1 -25.7
1.4 8 32.2
533.6 -19.2 -1.4 -7.4 2.5 -2.9
1777 146.9 -79 -67.8 -6.4 -2.2
2751.3 39.5 -56.9 24.3 33.9 -22.5
1.4 7.9 34.3
532.5 -19.4 -0.6 -7.3 2.7 -2.7
1770.2 144.2 -73.8 -66.6 -5.4 0.2
2736.1 38.2 -53 25.2 43.3 -20.9
1.3 6.5 30.7
532.5 -20.2 0.5 -7.3 2.9 -2.5
1767.7 141.4 -69.3 -64.1 -4.3 1.9
2745.2 7.8 -24.4 16.6 52.9 -18.2
1.1 5.8 25.2
532.9 -20.7 1.8 -6.9 2.8 -2.2
1767.1 138.6 -62.2 -58.7 -7 -0.2
2760.5 -34 9.5 8.9 54.1 -18
1.2 5.4 18.6
534.2 -23.4 2.8 -7.4 2.6 -2.1
1769 134.2 -63.1 -57.2 -6.4 1.4
2797.3 -92 54.3 -13.5 65.2 -18
1.2 4.9 27.1
536.7 -25.1 4.1 -7 2.6 -1.8
1781 135.8 -63.4 -52.2 -9.4 -1.7
2865.1 -183.9 125.6 -54.8 80.9 -22.5
1.5 5.5 79.6
541.1 -29.1 5.5 -7 2.4 -2.2
1800.9 141.2 -69.9 -47.4 -9.7 -4.2
3043.4 -449.8 349.9 -200.7 161.1 -49.1
winner is: 18
