Regression analysis information for: S01_selected_tokens_0035
number of formants: 3
number of coefficients: 5
6.1 44.1 39.9
516.7 -63.4 9.5 22.8 2.2 -7
1820.3 259 -90.8 -13.6 -60.4 12
2281.4 467.8 -155.9 -72.4 19.1 38
4.6 47.1 45.5
506.5 -70.7 15 23.4 -3.6 -6.7
1833 323.4 -73.9 -55.2 -63.7 41.5
2275.8 490 -152.2 -82.1 19.1 46
2.7 118.7 54.1
492.1 -88.6 11.7 23.5 -4.8 -5.9
1812.1 422.1 134.2 42.2 -127.9 -39.7
2246.6 473.7 -125.5 -76.9 -14.5 33.6
2 57.4 45.6
484.5 -101 9.1 27.8 -0.5 -2.4
1519.6 -58 -44.2 93.6 -42.8 8.8
2208.4 415.7 -132.8 -54 8.7 37.5
2.4 56 53.8
485.7 -105.5 6.6 27.6 1.2 -3.1
1585.7 -102 -98.6 93.9 -30.6 -27.7
2220.4 417 -128.7 -74.2 -0.8 52
3.8 75.5 71.4
493.1 -110 5.9 27.3 3.4 -3.8
1704.3 -98.6 -154.9 125.1 -28.1 -41.6
2297.5 323.8 -92.3 -104.8 34.8 55.6
4.8 98.2 78.7
503.1 -113.5 5.3 27.5 4.1 -4.5
1876.3 42 -332.3 -57.8 43 142.4
2707.3 -220.8 -21.1 -31.4 37 -30.9
5.6 152.7 88.9
509.5 -112.9 6.6 26.8 2 -5.1
2045.1 301 -209.6 -58 4.4 134.3
2800.3 -97.2 49.8 -9.2 2.3 -45.2
5.2 48.1 50.6
511.3 -110.3 9.8 28.5 -1.4 -7.2
2127.4 444.1 -135 -38.1 -27 60.7
2850.5 -47.8 110.6 23 2.7 -50.8
3.8 46.6 51.8
507.5 -107.7 10.2 27.7 -1.5 -6.9
2132.8 447 -132.6 -43.8 -29.3 64.9
2858.6 -56 126.3 22 3.4 -58.7
3.9 45.2 53.3
503.9 -108 9.9 29.4 0 -6.2
2131.3 457.6 -129.5 -42.7 -33.1 65
2853.6 -51.9 138.1 19.6 9.3 -58.3
3.3 49.2 54.4
500.2 -108.6 8.2 29.7 1.2 -4.9
2126 455.7 -112.7 -25.8 -29.4 52.3
2799.3 0.8 96.5 34 8.6 -47
3.2 53.7 55.8
499.5 -109.7 7.7 30.1 1.4 -4.6
2115.8 452.6 -107.2 -12.5 -23.8 49.9
2782.9 -15.4 80.3 24.2 10 -37.9
3.2 62.2 52.1
499.9 -110.8 7 29.5 2.2 -4.1
2124.1 443.9 -125.2 -18.1 -5.3 60.1
2792.1 -47.2 83.7 16.2 18.1 -36.6
3.4 63 44.5
501.6 -111.9 6.6 30.1 2.6 -4.3
2136.7 451.5 -146.2 -25.2 6.4 70.2
2835.4 -94.3 101.9 13.1 32.6 -35.6
3.5 58.3 37.7
503.8 -113.4 6.2 30.3 3.2 -4.5
2156.1 462.8 -159.1 -35.4 8.8 74.5
2896.9 -152.3 120.7 11.6 55.7 -36.6
3.7 50.8 34
506.4 -115.4 5.6 30.4 3.7 -4.5
2179.8 473.8 -168.1 -48.8 5.2 75.1
2966 -210.8 133 25.9 76.2 -32.6
3.8 42.9 38.4
509.1 -117.6 5.3 31.6 3.5 -5.4
2196.7 488.7 -182.5 -60 -2.1 71.6
3036 -279.1 139.4 55.1 67 -31.8
3.5 36.8 35.2
509.9 -118.7 4.6 32.5 2.8 -5.5
2200.9 479.5 -190.5 -61.7 -2 67.6
3053.6 -309.2 126.7 94.2 37.8 -44.2
3.3 28.2 44.3
511.9 -120.2 4.4 33.8 2.4 -6.1
2222.1 498.1 -197.9 -74.7 -14.7 59.7
3118.9 -345.3 135.3 149.7 9.6 -55.1
winner is: 19
