Regression analysis information for: S01_selected_tokens_0057
number of formants: 3
number of coefficients: 5
17.7 44.2 67
503.9 36.9 -7.5 -5.5 -17.2 -16.3
1539.7 -217 -30.6 -138.3 13.2 -10.1
2317.5 -582.3 -163.7 212.8 98.7 -14.4
17.2 42.7 95.4
503.5 40.6 -3.7 -6.4 -14.9 -16.8
1552.8 -192.8 -11.7 -125.8 16.5 -15.8
2340.4 -603.8 -194.9 235.6 121.5 -20.1
17.9 48.9 112.6
504 46 1.2 -6.5 -14.1 -16.2
1573.4 -158.7 10.4 -119.7 8.9 -30.6
2347.3 -582.7 -164.7 262.9 144.4 -0.5
19.4 65.4 154.3
504.6 52.8 4.9 -5.8 -13.8 -15.4
1597.2 -121.9 27.5 -129.3 -20.3 -68.3
2365.5 -535 -107.8 259.9 71.9 -101.2
22.8 78.7 251.8
501.8 56.4 4.8 -6.4 -19.4 -14.2
1611.7 -80.2 77.5 -115.1 -21.4 -50.6
2345.6 -315.7 200.5 293.7 -70.7 -200.6
21 63.1 262.2
501.8 64.8 4.5 -2 -17.6 -10.4
1628.7 -62.8 87.4 -91.1 21.6 -23.9
2256.4 -294.3 270.4 175.9 6.8 40
20.7 41.1 204.2
501.8 67.5 3.2 -2.2 -17.9 -9
1647.3 -14.9 124.4 -73.5 32.9 -21.7
2237.1 -171.5 88.3 180.1 39 146.4
20.9 26.3 198.2
503.8 69.8 3.9 -2.9 -18.2 -8.7
1656.1 -12.6 119.7 -61.6 30.2 -32.8
2487.3 -240.2 -7.3 151.5 71.8 213
21.4 33.7 87.7
505.8 71.8 4.8 -4.6 -18 -9.1
1656.3 -8.2 146.3 -27.1 64.3 -23.3
2758 -26.9 -55.8 83.7 27.1 64.6
21.1 10.8 10.6
507.4 72 5 -6 -19.1 -10.1
1671.4 4 142.4 -52.7 43.9 -27.7
2809.4 -3.4 -32.9 27.7 7.9 8
19.4 10.2 10.2
507.5 71 6.7 -5.8 -18.6 -9.9
1671.2 2.9 143.6 -53 44 -28.6
2814.4 3 -25.8 33.7 13.1 14.2
19.1 9.3 11.6
505.5 67.7 4.8 -6.7 -19 -10.7
1670.2 2.3 143.5 -51.8 44.5 -28.4
2816.1 5.9 -23.4 35.9 13.5 14.8
18.4 9.4 13.4
503.4 64.6 2.3 -7.8 -20 -11.1
1668.1 1.2 141.6 -50.6 44.4 -27.9
2813.8 4.7 -25.2 39.1 14.1 16.2
18.1 8.9 13.8
502.7 63.7 1.5 -8.1 -20.3 -11.2
1667.2 0.8 140.8 -50.1 44.3 -27.5
2813.6 5 -25.9 40.6 13.8 16.7
18.1 9.2 14
502.5 63.4 1.2 -8.3 -20.3 -11.1
1667.4 0.1 141.1 -50.3 44.7 -27.2
2816 5.7 -24.2 41.3 15.4 17.7
19.2 9.8 14.4
501.9 62.5 -0.6 -9.5 -22.2 -12
1669.5 -1.1 142.7 -51 44.3 -26.2
2820.4 8 -21.2 42.6 17.4 19
19.5 10.3 16.3
502.4 62.4 -0.7 -9.9 -22.3 -12.3
1671.8 -2.4 144.5 -52.5 45.1 -26.8
2828.4 9.6 -17.3 41.9 19.8 18.5
19.7 11.3 18.8
502.5 61.5 -1.2 -10.6 -22.4 -12.6
1673.4 -6 146.2 -55.4 46.7 -27.8
2829.6 -0.9 -19.8 34.3 20.9 15.2
19.5 11.6 16.9
503 61.1 -0.5 -10.7 -21.8 -12.1
1675.8 -12.4 149.8 -59.4 48.6 -28.4
2830.1 -17.5 -19.3 22.1 20.9 12.8
19.8 13.1 20.5
504.5 60.8 -0.4 -11.4 -22.1 -12.3
1683.2 -19 155.6 -64.5 49.7 -29.3
2850.4 -23.8 -13.6 16.4 20.3 10.5
winner is: 11
