Regression analysis information for: S01_selected_tokens_0015
number of formants: 3
number of coefficients: 5
12.6 56 31.5
689.4 -49 -86.5 -14.8 -33.4 -3.2
1549.1 -69.5 -165.4 21.6 -6.7 -11.8
2126.4 101.5 -106.9 -29.1 73.4 4
11.1 68 30.6
682.2 -46.4 -94.1 -9.5 -31.8 -1.8
1490.1 -40 -240.2 47.2 16.1 -0.9
2129.5 97.6 -122.6 -19 82.8 -1.2
10.7 64.5 34.9
679.4 -44.1 -91.6 -7.5 -28.5 -5.1
1448.8 0.4 -249.6 36.9 72.5 -15.9
2130.5 94 -129.4 -12.6 93.6 -7.7
11.6 53.3 46.7
677.3 -43.5 -84.3 -6.6 -29 -7.3
1429.9 15.8 -219 39.8 98.4 -14.4
2117.9 97.2 -112.4 -16.8 96.9 -2.4
10 68.5 21.5
671.8 -39.2 -74.3 -5.3 -37.5 -8.3
1402.6 30.6 -146.1 63.4 63.1 -26.1
2069.9 107.5 -25.8 -42 35.5 36.4
13.2 60.2 19.4
675.6 -38.7 -63.2 -7.3 -36.7 -10.3
1393.8 39.9 -104.1 62.4 48.9 6.7
2072.7 102.3 -36 -34.7 35.8 29.6
16.4 113.5 21.8
680.3 -37.9 -62.1 -3.1 -38.5 -4.6
1393.6 -16.7 -151.2 64.2 62.6 48.3
2073.2 100.5 -47.1 -43.2 43.9 29.4
16.7 107.4 161
695.7 -38.2 -53.5 -2.8 -40 -6
1577.7 276.2 -2.3 163.1 71.7 -70.7
2210.9 368.6 148.6 59.7 69.3 -36.6
17.2 126.3 249.2
704.8 -39.9 -59.7 -2.1 -44.6 -1.8
1727.6 244.2 -108 203 -42.4 -26.8
2395.4 162.8 80.7 364 -202.2 -57.6
18.7 116.2 209.9
710.7 -52.6 -64.9 -5.4 -33.4 5.4
1771.5 275.3 -171.1 245.2 -62.3 89.5
2524.5 125.2 -1.8 454.8 -153.9 -63
15.2 161.5 144.9
726.4 -57.4 -58.2 -19.4 -30.3 -2.1
1894.7 160.4 -23 98.7 30.2 15.2
2890.8 94.6 33.3 92.4 11.7 -22.7
12.5 10.1 19.3
733.6 -67.7 -52.3 -31.1 -27.8 -4.7
1986.4 85 59.9 -4 -6 8.1
2973.3 17.7 114.8 8.1 -11.9 -20.2
13.5 10.3 19.3
732.6 -71.5 -50.2 -36.6 -26.4 -5.7
1987.6 86.8 58.9 -5.2 -6.9 9.9
2978 17.7 109 8.6 -13.7 -18.8
14.3 10.9 19.2
730.5 -67.3 -46.3 -38.5 -23 -8.3
1985.3 87.4 62.6 -9.3 -5 8.3
2979.4 17.8 110 6.8 -12.9 -19
16.2 12.4 20.6
725.1 -61.4 -49.1 -34.7 -24 -7.7
1981.7 89.2 67.4 -10.6 -5.1 6.5
2978.5 19.8 115.8 3.5 -13.3 -21.7
17.4 13.8 22.7
719.1 -54.1 -54.9 -28.8 -26.3 -6.1
1977.9 90.8 70.8 -9.3 -5 4
2976.3 22.7 122.8 2.3 -12.4 -26.5
18.2 15 23.9
711.7 -47.7 -63 -22.4 -30.4 -3.4
1972.6 93.7 74.7 -5.2 -8 3.6
2971.6 25.5 132.8 2.6 -14.1 -30.9
16.4 17 27.1
704.4 -40.9 -72.1 -15.3 -32.9 -0.9
1964.4 95.9 72.2 4.6 -8.2 4.7
2962 25.8 135.5 13.5 -10.3 -31.3
14.8 16.6 28.9
702.7 -39.3 -74 -13.7 -32.3 -2
1957.6 93.6 67.1 10.8 -7.5 3.3
2949.5 20.9 124.7 24 -10.4 -30
14.2 15.1 25
699.5 -39.3 -80 -11.8 -33 -1
1955.1 92.5 56.3 16.3 -5.3 6.8
2939.5 10.2 99.9 33.3 -5.1 -22
winner is: 12
