Regression analysis information for: S01_selected_tokens_0029
number of formants: 3
number of coefficients: 5
6.9 112.4 68.5
492.2 -85.3 -36.6 -17 -20.4 -8.4
1675.6 111.1 -374.6 -59.6 -170.7 -2.5
2391.4 472.7 -248.5 39.2 27.4 42.8
6.1 109.4 83.1
484.7 -93.8 -32 -19.4 -18.9 -3.1
1757.5 2.8 -262.4 -227.1 -120.5 -12.1
2456.9 340.8 -119.2 -68.9 99.1 33.6
7.4 256.5 80.5
468.4 -110.2 -22.3 -6.6 -15.1 -1.8
1593.4 -134.2 -177.8 -182 -53.9 171.9
2463.3 293.5 -82.6 -81.1 113.2 47.8
2.8 97.6 97.6
463.8 -110.5 -15.6 -0.1 -14.8 -4.2
1381.4 -321 18.1 67.8 14.5 113.2
2456.5 289.1 -82 -68.2 105.1 64
2.8 114.4 72.5
464.1 -107.8 -14.3 4.5 -14.9 -4.4
1400.2 -276.9 -48.5 126.2 -45.5 148.7
2381 453.9 -197.9 19.3 73.3 61.3
5.4 210.3 82.8
471.1 -99.1 -11.8 8.1 -14 -5.9
1551 -74.1 133.3 359.9 132.5 274.2
2409.8 567.5 -154.9 109.3 115.3 98.5
7.7 220.4 114.4
482 -88.9 -12.1 8.1 -16 -10.2
1986.2 466.7 210.5 196 -182.6 -150.1
2600.4 681.6 -115.1 103.6 -73.6 59.1
16 102.9 180.7
486.9 -78.8 -23.7 9.6 -22.1 -11.9
2233.5 567.5 -246.7 -23.8 29.5 118.4
2805.4 488.2 -186.2 138 -88.7 100.5
9.9 48.4 126.3
494 -86.6 -21.1 3.3 -17.5 -15.4
2284.5 521.6 -266.2 8.7 74.1 39.4
3051 92.9 32 72.2 -63.2 97.4
9.8 36.9 63.3
490.4 -95 -21.6 5.3 -14.8 -15.5
2305.1 521.5 -240.4 -1.8 92.6 21.6
3097.9 37.7 93.9 10.6 -7.7 46.5
7 39.8 67.8
483.9 -103.5 -21.6 7.3 -11.7 -10.9
2325.1 545.1 -228.9 4.8 96.2 16.6
3115.2 59 108.6 17.3 0.2 55.3
5.2 46.4 102.2
477.6 -109 -20.6 7.5 -13 -9.3
2341.2 568.7 -220.7 6.4 96.5 8.9
3139.6 98 158.4 51.8 26.3 76.8
49.9 84.2 122.3
493.1 -73.2 17.5 45 24 29.4
2306.9 522.1 -252.1 -25.2 77.3 20.5
3122.4 73.5 172.7 80.2 57.7 108.6
50.5 85.3 129
492 -72.7 17.8 45.4 23.8 30.3
2289.9 502.4 -256.6 -28.3 78.2 35.9
3106.2 51.9 174.3 84.8 62 110.3
51 72.5 142.8
491.6 -71.5 17.6 45.6 23.8 30.8
2305.9 538.2 -227.5 -3.8 100.7 47.7
3115.3 90.9 196 97.3 71.4 107.9
51.2 61.5 162.7
491.5 -71.4 16.5 45.7 23.1 30.8
2329.6 575.2 -206.1 24.3 124.6 55.9
3147.3 170.1 230.8 134.4 72.9 107.2
50.6 57.5 161.7
491.4 -72.4 14.7 44.7 21.4 29.5
2345.4 590.3 -209.4 28.8 127.5 49.4
3160.6 196.9 221 134.9 50.5 117.1
54.5 56 176.1
493.9 -68.8 18.2 48.4 24.9 33.4
2353.1 590.5 -211.7 34.2 131.8 54.2
3160.3 176.8 193.4 121.5 47.7 137.4
54.7 48.8 159.3
494.5 -70.2 17.2 47.8 23.6 32.9
2360 590.9 -216.3 26.2 111.9 39.1
3178.5 128.8 147.3 60.7 15 138.8
102.2 60.2 177.1
514.5 -34.3 53.9 86.1 62.1 72.4
2380.4 611.3 -214.6 23 92.2 15.7
3264.8 154.1 138.1 8.6 11 183.2
winner is: 10
