Regression analysis information for: S01_selected_tokens_0061
number of formants: 3
number of coefficients: 5
21.2 203.1 347
433.7 -11.6 -1.1 -18.9 -22.8 2.9
1066.4 -41.1 -22.2 -112.9 -152.4 49.7
1972.8 124 48.5 -152.6 -290.6 -121.3
19.3 176.8 10312.6
421.5 -22.6 4.7 -1.9 -5.1 -13.3
796 15.4 164.7 -229.9 -51.9 -98
1695.6 306 82.1 -550.6 -259.4 -324.3
23.2 168.4 10276.7
418.8 -16.3 2.4 -14.7 4.4 -12.7
769.3 -9.1 243.1 -161.3 -59.9 -179.6
1629.5 273.7 348.3 -285.2 -189 -566.5
32.6 192.5 465.3
427.7 -7.6 22.3 14.5 9.8 -13.1
1112.6 -5.9 126.5 24.1 121.4 -170.5
2527.7 270 -9.6 148.6 179.9 -420.1
5.7 39.7 87.7
452.6 -1.5 3.3 3.7 -0.1 -4.4
1251.2 -66.1 58.5 -45.4 78.5 -58.6
2879 57.7 -158.4 -22.6 21.2 -70
4.7 22.7 25.5
457 -1.4 1.4 4.3 0 -1.6
1259.3 -79.1 65 -38.9 63.1 -39.1
2897.3 12.4 -113.1 -16.5 -15.1 -17.2
4.3 22.5 21.8
456.8 -3 -0.9 3.2 -0.4 -1.1
1260.7 -79 64.8 -38.2 63.7 -39.1
2903.4 14.4 -101.4 -12.4 -12.7 -18
5 21.8 21.1
449.9 -7.9 -5.3 -1.2 -2.3 -2.8
1262.2 -82.6 65.4 -40.3 64.9 -40.2
2926.9 9.2 -97.1 -3.8 -11 -16.3
4.4 23.8 25.6
434.5 -16.1 -7.2 -5.2 -4.1 -1.5
1253.8 -90.6 59.3 -45.8 62.6 -39.8
2974.8 -3.7 -85.3 -0.8 -2.2 -21.8
5.4 26.2 38.6
422.3 -20.4 -2.5 -6.9 -7.1 -3
1234.4 -103.2 56.7 -57.3 51.5 -41.8
3010.6 -27.8 -96 -10.3 -0.3 -28
4.5 27.5 35.2
418 -19.9 2.3 -6.8 -6.3 -2.2
1220.3 -100.4 65.2 -60.8 47.1 -36.8
3018.7 -25.3 -115 -0.9 -1.3 -30.3
4.2 27 35.2
415.7 -19.8 4.5 -6.5 -5.9 -1.9
1211.8 -98.8 75.2 -62.7 47.2 -33.1
3024.1 -15.2 -116.5 10.1 5.5 -23.3
4 25.7 36.3
414.6 -19.6 5.9 -6.2 -5.6 -1.8
1207 -98.2 83 -63.2 47.5 -31.2
3039 -21 -96.4 11.4 20.4 -14.4
4.1 24.6 43
413.9 -19.8 6.1 -6.2 -6 -1.8
1206.5 -100.1 91.2 -63.9 49.6 -29.6
3054 -29 -74.9 15.3 35.9 -7.1
4.1 23.9 53.5
413.9 -19.6 6.8 -6 -5.8 -1.7
1206.4 -99.5 95.1 -63.4 50.3 -28.7
3072.2 -30.7 -53.6 24.4 49 0
3.8 23.5 65.5
414.4 -19 7.8 -5.6 -5 -1.6
1205.6 -96.3 94.1 -61.5 49.4 -28.9
3094.4 -28.8 -39.3 36.2 56 5.4
4.2 22.8 70.7
413.7 -20 7 -5.6 -6.1 -1.9
1204.7 -101.7 96.7 -61.6 48 -29.7
3077.1 -59.5 -49.6 53.7 39.1 1
4.4 21.8 52.3
412.3 -20.2 7.7 -6.9 -7.1 -1.8
1197.4 -101 102.1 -68.3 42.8 -28.2
3004.4 -49.8 -23.8 -6.1 4.6 -3.8
4.4 22.2 38.6
412.9 -19.3 7.9 -6.7 -6.8 -2.2
1200.3 -97.4 101.5 -67.2 44.5 -30.1
3025.8 -10.9 -30 -2.6 19.4 -25.4
4.8 21.7 40.9
414.9 -17.8 8.3 -5.8 -6.3 -2.5
1208.4 -93.5 101.4 -64.2 46.9 -32.1
3105.7 10.6 -19.6 12.3 27.5 -34.1
winner is: 8
