Regression analysis information for: S01_selected_tokens_0023
number of formants: 3
number of coefficients: 5
2.2 45.9 63.1
498.7 -40.6 15.6 -8.4 -0.9 3
1981.8 200.5 -177.6 -34.1 -93.7 -19.6
2425.9 164.2 -107.5 -38.6 -38.7 -57.3
2.6 64.7 71.6
491.2 -38.6 18.4 -9.8 0.3 4.4
2064.6 220.2 -243.5 75.8 -80.2 -23.5
2477.2 254 -122.9 -133.4 -40.6 -43.5
3.4 134.1 62.5
483.6 -38.2 19.6 -12.6 -4.6 3
1965.7 399 -287.2 -22.3 29.8 -6
2412.4 502.6 -312.7 15.7 -30.8 -49.4
10 279.5 75.5
474.5 -42.9 24.8 -8.9 -1.2 3.7
1792.1 403.5 -82.1 -175.5 126.6 118.8
2401 510.8 -259.5 44.2 0.9 -1.3
6.9 202.9 69
473.2 -47.9 21 -18.1 -13.5 0.2
1601.5 289 229.7 -289.6 -431 -16.6
2347 484.4 -222 -13.3 -125.2 -55.2
3.9 238.7 123.7
475.8 -47.5 24.8 -17.1 -13.4 2.3
1587.1 95.9 18.3 -408.8 -473.4 -63.3
2368.8 341 -207.7 -127 -75.7 -155.4
14.6 268.8 125.8
476.1 -46.9 34.3 -19.7 -17.4 10.7
1980.1 289.6 -226 -187.4 31.8 -48
2749.5 -36.9 43.6 -158.2 53.2 -31.8
2.7 18.6 11.9
488 -46.6 22.8 -11.5 -5.2 3.6
2132.1 222.4 -262.4 81.3 -9.2 -23
2827.2 -84.9 43.8 -25.3 -9.5 19.5
2.3 18 11.8
489.4 -45.4 22.6 -8.1 -2.8 5.5
2137.7 223.3 -261.4 78.1 -15.3 -22.3
2831.9 -87 41.3 -29.3 -4.3 16.9
2.3 19.4 13.5
482.6 -49.9 24.6 -6.8 -4.2 8
2143.4 227.6 -272.6 80.5 -3.1 -22
2836.7 -94.6 44.2 -26.9 2.8 16.1
1.8 29.2 19.6
475.3 -53.4 25.2 -7.9 -6.7 7.3
2136 203.2 -285.7 107.5 40.6 3.8
2826.3 -103.3 59 -20 -1.8 16.4
1.7 35.8 23.7
470.7 -55.9 24.6 -9.8 -9.7 6.2
2100.5 170.7 -279.3 131.7 56.7 11.1
2799.9 -110.3 77.6 -20.6 -28.4 16.9
1.5 37.4 19.5
468.5 -55.7 24.4 -11.1 -10.2 5.4
2063.8 136.9 -269.9 132.9 32.4 -11
2771.9 -106.9 63.3 -34.7 -53.2 21
1.9 30.1 17
467.9 -56.2 23.9 -11.8 -11.1 5.1
2048 127.2 -278.3 112.4 11.4 -33
2759.9 -98.5 56.6 -43.5 -61.3 30.1
1.8 22.3 16.3
468.2 -55.4 24.2 -12.2 -10.8 4.8
2062.9 137.4 -287.6 97.8 1.3 -42.6
2762.3 -98.9 61 -48 -55.4 27.5
1.9 16.8 18.4
469 -55 24 -12.7 -11 4.4
2094.7 161.3 -308.2 82.3 0.8 -54.1
2767.6 -110.8 72.6 -50.9 -49.5 23
2.1 32.7 25.9
470.3 -55.2 23.7 -13.4 -11.6 4.1
2138.7 201.3 -333.1 60.5 7.8 -57
2774.3 -136.6 92 -55.6 -38.7 12.8
2.1 35.1 30
471.7 -54 24.4 -14.1 -11.7 3.6
2182.5 245.7 -329.5 38.6 -17.9 -59.3
2784.2 -165.8 101.7 -58.3 -17.8 -2.5
2.3 32 42.5
473.9 -53.7 24.3 -14.9 -12.3 3.3
2250.5 330.9 -317.6 17.9 -21.8 -32.1
2799.5 -230.6 88.8 -71.9 13.9 -46.4
2.5 30.3 120.5
477.1 -52.4 25.1 -15.3 -12.2 3.4
2305.6 389.9 -296.1 21.2 -27.1 -14.4
2888.8 -234.2 49.3 -145.6 29.9 -94.3
winner is: 9
