Regression analysis information for: S01_selected_tokens_0004
number of formants: 3
number of coefficients: 5
6.8 146.6 51.7
553.9 -32.4 -47.2 -1.2 2 4.1
1858.9 -174.3 -265.7 -203.4 -155.4 -103.4
2265.8 -85.3 -62.5 -57.6 -46.4 -48.2
3.7 62.1 27.8
560.8 -31.4 -44.6 2 1.5 5.9
1943.2 -44.8 -112.4 -42.9 -87.7 -52.2
2311.3 -24.3 7.2 -13.7 -0.3 -26
3 23.7 11.6
564.3 -32.7 -45.5 3.9 -0.2 6.6
1982.7 -36 -82.8 13.2 -52.5 -11.1
2331 -22.4 26.3 -2.1 16.1 -13.8
2.5 20.1 13.6
566.4 -34.3 -46.1 6.3 -2 6.8
2015.2 -59.2 -102.2 24.2 -54.2 -7.2
2341.9 -36.2 31.2 -4.5 14.2 -17.6
2.6 20.4 20.2
562.6 -39 -42.3 12.5 -4.6 5.7
2071.6 -51 -146.5 -0.3 -47.4 -7.5
2349.6 -60.4 49.4 10.3 -0.5 -16.6
3.2 63.4 47.8
552.4 -34 -32.6 5.6 -5.4 8.5
2086.6 -102.4 -116.7 23.4 -105.8 1.5
2331.7 -83.2 41.3 7.1 28.9 2.3
4.3 96.4 35.5
539.7 -23.9 -32.5 7.5 -5.2 6.3
1940.5 -55.2 197.2 -102.4 -279.4 56.1
2318.5 -50.2 58.9 -12.9 46.3 -25.1
2.7 89.1 29.4
530.5 -16.8 -35.3 9.8 -3.6 3.4
1766.9 62.6 213.3 -128.4 -85.2 -67.4
2307.4 -13.7 38.5 2.2 34.1 -28.9
2.1 58.3 15.2
524.9 -8.2 -40.4 10 -4.3 4.5
1702.6 204.8 78.1 -60 -128 -22.7
2297.2 9.7 4.9 38.7 -4.9 5.8
2.4 56.4 17.6
527.5 -10 -41.4 9.3 -3.5 3.9
1762 176.8 61.6 -82.9 -132.5 -43.4
2296.3 10.2 2.7 39.3 -10.9 6.4
3.1 144.8 205.3
539.2 -18.9 -43.2 10.2 -2.5 3.7
1912.5 129.3 21.8 -176.2 -121.6 -7.2
2415.5 38.8 -191.6 -70 210.5 88.8
5.1 22.7 82.3
553.9 -34.3 -42.5 12.7 -4.2 5.2
2182.7 -88.9 -132.9 -50.3 -69.7 -20.3
2973.6 -623.2 -193.3 129.5 119.9 50.2
7.3 22.1 64.4
563.8 -46.9 -40.4 15 -6.6 7.9
2183.8 -84.5 -128.5 -48.6 -68.4 -22.5
2973 -594.7 -201 96 122.8 47.3
8.4 21 64.7
566.3 -51.2 -39.2 16.1 -7.9 9.6
2186.5 -86.6 -127.2 -47.9 -67.3 -21.9
2999.3 -613.9 -215.1 88.7 137.7 53.8
8.6 19.7 73.7
562.9 -48.3 -40.1 17.3 -9.3 10.9
2184.6 -92.9 -132.9 -46.8 -66.2 -16.9
3024.7 -638.5 -231.4 94.8 152.9 59.5
7.7 18.1 78.7
559.8 -44.2 -38.9 15.1 -8.4 9.9
2190 -94 -128.1 -46.1 -63.7 -17.9
3055.2 -661.3 -248 89.7 170.7 64.2
7.3 20.9 130.5
553.1 -39.4 -38.3 15.4 -7.1 7.7
2179.8 -111.7 -133.3 -41.1 -58.9 -18
3029.3 -725 -211.2 178.3 201.6 10.5
4.7 19 153.7
543.8 -29.7 -37.2 12.8 -7.5 6.7
2173.7 -114.7 -145.9 -49 -58.2 -4.5
3007.4 -730.9 -190.3 232.6 174.5 -40.6
3.4 17.7 101.4
540.6 -24.4 -37.1 10.6 -7.2 6.2
2174.1 -96.7 -141.8 -52.3 -62.4 -8.8
2941.9 -668.5 -123.8 188.1 95.9 -7.2
3.3 22 79.1
538.2 -19.1 -38.5 8.8 -7 6.7
2165.2 -66.8 -139.8 -52.1 -62.1 -7.7
2854 -513.4 -130.1 98.2 72.9 41.4
winner is: 4
