Regression analysis information for: S01_selected_tokens_0039
number of formants: 3
number of coefficients: 5
3.4 65.7 86.5
499.9 -74.2 9.8 3.6 -3.8 0.4
1753.4 114 -240.8 4.9 -70.8 -32.6
2283.2 327.9 -339.9 -80.7 -95.8 -75.9
4 131.7 125
492.4 -80 15.3 7.4 -1.9 2.4
1726.1 119.6 -210.7 -22.6 -89.7 -6.5
2242.6 337.6 -311.8 -71.1 -45.7 -93.2
3.2 145.5 153.2
489 -82.5 16.6 7.9 -1.4 3.8
1664.3 104.8 -97.5 28.3 -63.3 75.6
2210.7 322.5 -257.1 6.5 26.2 -61.6
3.1 88 57.6
488.7 -83.9 17.4 8.9 -0.8 4
1697.5 151.7 -75.6 16.7 -97.9 43
2197.2 349.7 -127.4 141.8 59.7 -106.5
3.5 56.9 59.8
489.3 -85.4 16.9 7.9 -0.8 4.3
1767.1 179.2 -102.9 -45.5 -144.7 35.2
2244.3 384.8 -139.5 90 -22 -127.2
4.3 59.3 56.6
491.7 -88.9 17.8 6 0.6 4.7
1836.1 160.7 -162.9 -66.9 -91.9 34.1
2288.4 396.2 -155.9 40.4 -73.4 -99
5.1 93.7 94.4
495 -95.5 19.7 4 2.7 4.4
1859.4 191 -268 -46.4 -51 12.9
2358.1 325.2 -114.1 -8.3 -73.4 -51.7
5.8 64.7 125.5
497.5 -101.9 20.4 1.1 5.3 3.2
1917.3 129.7 -266.4 -27.8 -33 -11.3
2687.2 -114.6 113.4 -242.4 71.4 88.4
6.2 57.3 86.2
499.3 -107.6 20 0.7 6.6 2.7
1938.8 98.7 -338.1 11 17.2 -45.8
2780.2 -194.1 57 -196.5 93.8 78.9
5.8 45.5 84.4
497.7 -109.5 18.7 0.5 6 0.8
1936.5 70.1 -349.2 50.4 57.9 -48.6
2798.5 -279.4 1.1 -153.3 22.6 26.2
5.7 43.7 48.8
497.8 -108.5 17.8 2.4 5.8 0.8
1933.1 72.3 -350.6 49.1 49.9 -56.3
2861.7 -316.8 -41.7 -73.9 25.2 0.8
5.4 37.4 33.2
497.6 -104.8 14.8 4.2 4.1 0.3
1959 101.4 -343.4 40.9 27.3 -74.1
2890.2 -310.3 -15.8 -53.6 29.6 15.8
5.6 42.2 28.1
498.6 -102.7 14 6.3 3.4 0.4
1974.4 128.2 -349.8 21.1 0.4 -92.2
2901.7 -290.1 -4.3 -37.3 38.1 27.3
5.5 43.4 18.6
499.1 -101.2 13.1 6.6 2 0.5
1999.5 154.5 -347.3 7.2 -20.6 -103
2905.5 -258.8 -6.3 -13.1 39.8 46.5
5.9 46.5 24.3
500.5 -101.5 14.2 6.6 2.1 0.4
2013 174.8 -357.9 -20 -45 -113
2918.1 -263.9 13.1 -12.7 59.8 40
6.3 51.5 29
501.5 -101.8 15 5.7 2 0.2
2033.5 197 -363.9 -45.7 -68.1 -120.8
2926.1 -267.7 27.5 -8.9 76 39.5
6.6 56.6 28.8
501.4 -102.5 14.7 4.1 1.5 0
2051.4 210.7 -365.5 -62.9 -83.4 -122
2923.2 -280.8 28.3 -10.5 85.2 42.1
6.7 42.7 34.8
499.6 -105.2 15.8 3.4 2.2 0.2
1994.6 146.9 -363.8 -26.6 -38.9 -89.4
2898.3 -325.8 5.9 -67.6 39.4 11.6
7 52 37.9
499.8 -104.8 15.3 2 1.7 0
2015.4 164.4 -369.6 -52.4 -55.8 -82.3
2899.5 -322.9 13.8 -61.6 47.7 10.7
7.6 64.7 40.5
501.4 -104.8 14.7 1.4 1.1 -0.1
2049.8 195.7 -393.3 -96.7 -85.4 -78.4
2905.3 -329.3 18.1 -44.6 60.7 5.7
winner is: 14
