Regression analysis information for: S01_selected_tokens_0010
number of formants: 3
number of coefficients: 5
1.3 27.4 14.6
500 -8.7 -4.6 -3.5 -4.1 0.2
1862.8 -0.6 17.4 -97.6 -5.1 -39.5
2197.7 -53.1 -118.6 -8.5 -12.8 29.6
1.3 26.8 13.9
499.7 -8.8 -4.3 -3 -4.2 0.2
1879.7 -6.3 23.6 -101.5 -2.4 -42.5
2202.8 -48.6 -122.5 -10.1 -20.4 26.8
1.3 22.4 15.1
499.4 -9 -4.2 -2.3 -4.4 0.5
1907.4 -9.9 41.7 -92.6 -0.3 -31
2206.8 -50.5 -121.9 -10.1 -21.7 20.4
1.3 24.2 14.1
498.6 -9.7 -2.8 -1.4 -4.3 0.1
1890.3 -34 55.9 -85.5 -16.6 -35
2178.2 -83.7 -97.5 24.5 4.9 25.8
1.4 26.4 8.3
498 -10.1 -3.2 -0.7 -4.7 0.7
1869.1 -82.7 67.3 -51.9 -5.2 -8.2
2172.5 -65.2 -108.1 35.1 -10.6 28
1.6 14.3 6.9
497.5 -9.1 -3.5 -0.9 -4.6 0.7
1828.2 1.1 33.3 -45.4 -10.6 -5.6
2178.2 -68.7 -99.9 17.8 -4.6 30.1
1.7 22.8 7.7
498.7 -9 -3.1 -1.1 -4.4 0.6
1895.6 12.4 47.1 -57.9 -23.3 -12.6
2180.7 -76.2 -107.5 22.7 -2 34.3
1.9 36.7 21.5
500.5 -8.9 -3.9 -0.7 -4.7 0.9
2006.4 -11.3 25.9 -40.7 -1.2 7.4
2199.8 -43.2 -89.2 5.5 -42.8 16.6
2.1 7.7 77.9
503.4 -8.8 -4.7 -0.6 -4.4 0.8
2058.9 -23.1 -16.7 -0.3 12 14.5
2382.5 -23.2 -87.6 -44.5 -71.6 12
1.9 5.2 64.1
507.5 -9.2 -5 -0.7 -4.1 0.6
2068.2 -27.4 -26.7 2.1 8.4 14.7
2768.6 -55.5 -56.7 -54.9 -67.4 -6.8
1.6 4.7 7.6
511.3 -9.6 -6 0.3 -4 0.7
2075 -30.5 -31.4 4.7 6.6 14.7
2841.8 -30.1 -10.8 -33.1 9.9 -3.7
1.4 4.4 7.5
514.5 -10.1 -5.9 0.4 -2.9 0.1
2081.3 -33.6 -33.6 4.4 6.4 14.3
2849.3 -33.8 -11.4 -31.1 8.1 -2.1
1.4 4.6 8.2
515.4 -10 -6.1 0.6 -2.4 0.4
2084 -34.5 -35.3 5.8 6.6 14.3
2858.2 -39.3 -9.6 -31.2 9.1 0.2
1.5 4.9 8.5
515.1 -9.8 -5.9 0.3 -2 0.7
2085 -34.8 -35.6 5.4 7.5 14.4
2864.1 -39.7 -6.7 -31.6 12.8 0.8
1.5 5.1 8.4
514.6 -9.8 -5.5 -0.3 -1.8 0.8
2085.7 -35.2 -34.9 3.5 8.6 14.7
2867.3 -37.1 -4.1 -32.2 17.4 0.6
1.5 5.2 8.4
513.8 -9.7 -5.3 -0.4 -1.9 1.1
2083.9 -34.4 -33.8 2.7 9.3 15.3
2865.5 -34.9 -2.3 -33 19.9 0.7
1.9 7.1 13.8
511.1 -9.3 -5.6 -0.3 -2.9 1.9
2070.7 -28 -28.7 0.9 9.4 18.1
2831.5 -26 -10.7 -33.9 9.3 0.8
1.8 6.3 11.3
511 -9.9 -5.5 -0.9 -3 1.9
2069.2 -29.8 -28.3 -1.2 7.9 21
2823.5 -36.5 -19.6 -38.9 1.8 4.2
1.8 6.2 12.8
511.6 -9.8 -6 -0.5 -3.4 2.4
2073.5 -30.8 -30.5 1.2 5.2 22.1
2836 -38.6 -19 -37.1 -3.5 9.4
1.8 6.1 15
513.5 -9.9 -5.8 -0.8 -3.5 2.2
2084.9 -34.8 -33.7 1.6 1.7 22.7
2863.8 -37.6 -12.3 -36 -5.9 14.6
winner is: 12
