Regression analysis information for: S01_selected_tokens_0108
number of formants: 3
number of coefficients: 5
6 38.1 22.1
728.3 -19.2 -12.6 7.5 -12.5 14.3
1479.1 -68.3 95.9 -14.5 57.7 0.4
1787.8 -53.9 35.9 -27.8 34.2 -2.6
6.1 45.2 19.9
730.6 -19.1 -16.4 7.6 -14.2 12
1480.2 -65.5 89.2 -12.6 56.6 -5.7
1795.5 -67.3 11.1 -41.3 22.8 -21.8
6.1 42.1 26.6
734.4 -18.1 -18.9 8.5 -15.8 10.4
1487.3 -68 87.6 -10.6 50.7 -5.8
1812.9 -67.1 2.6 -43.2 24.3 -31.4
6 35.3 35.2
738.4 -16.9 -18.8 8.9 -17.4 10.1
1498 -73.2 93.1 -7.5 43.8 2.7
1827.3 -57.8 0.9 -40 27.6 -32.4
6.4 25.8 47.3
740.3 -15.1 -14.2 11.4 -18.6 11.1
1513 -86.3 114.1 -5 37.3 16.6
1830.9 -44.9 21.2 -26.3 39.8 -27.1
7.5 27.4 56.2
742.7 -11.2 -9.9 12.8 -17.7 12.9
1525.7 -94 132.1 -5.2 32.8 30.3
1843.7 -19.3 47.4 -11.4 65.3 -5.1
10.3 57 70.3
747.2 -4.9 -10.8 14.5 -16.4 16.1
1512.7 -48.3 90.5 40.9 -12.9 83.6
1884.3 34.7 75.5 38.6 85 65.5
13 56 112.6
757.9 -0.3 -14.5 17.7 -15 16.3
1528.2 -53.2 88.8 41.3 -11.7 80.2
1978.7 75.7 147.9 93.2 142.7 149.9
15.2 48.1 138.8
774.2 4.6 -19.8 21.2 -15.9 14.2
1549.3 -65.3 92.9 32.5 -5.4 65.1
2061.2 70 145.2 97.6 161.1 185.3
16 35.6 170.8
791.9 8.9 -25.8 23.9 -24.2 8.8
1571 -81.6 106.9 14.3 8.3 40
2147.1 46.3 123.4 84 178 183.6
20.9 35.6 199.6
807 18.5 -31.6 23.1 -35 -5.6
1580.5 -83.6 111.6 2.6 18.3 23.4
2282.9 -12.9 107.8 112.7 99.5 227.3
20.6 27.6 179.3
824 19.9 -35.3 25.3 -51.2 -10.9
1593.4 -102 116.1 -1.8 13.7 24.3
2548.2 -33.3 104 157.2 -129.4 141.1
22.1 12.3 120.4
829 18.3 -35.4 24 -58.2 -17.2
1603.4 -113.1 131.4 -16.5 23.7 4.2
2674.8 -139.4 230 48.3 -117.7 -27.5
22.2 11.8 112.7
823.4 15.9 -31.7 20.3 -57.5 -16.3
1600.8 -114.9 133.1 -18.4 22.9 4.2
2616.7 -150.8 291.8 7 -115.2 -16.3
22.8 12.1 108.4
829.1 22.3 -41.4 15 -52.5 -19.4
1604.7 -113.1 129.5 -20.1 24.9 4.7
2702.6 -134.8 187.5 -30.1 -89.7 -15.8
22.3 12.2 88.8
841.8 27.8 -57.5 12.3 -46.5 -21.2
1610.2 -110.9 123.6 -21.4 28.2 4.2
2842.8 -103.2 16.4 -59.4 -19.8 -6
21.7 15.5 50.3
854.9 32 -76.4 11.2 -39.2 -20
1613 -107.3 121.2 -25.4 30.9 8.7
2905.9 -77.8 -27.8 -53 3.4 -13.1
21 13 35.4
864.5 34.8 -90.7 10.2 -29.8 -15.5
1617.1 -106.2 112.9 -21.6 34.8 5.3
2931.3 -36.9 -27 -15.3 18 -17.9
20.8 13.9 44.7
865.6 34.9 -94.6 11.5 -26.5 -11.5
1617.3 -104 111.9 -19.4 36.3 7.5
2945.6 11 -15 17.3 41.3 7.5
18.7 15.6 62.9
864.8 35.4 -94.8 13.8 -28.2 -7.5
1618.6 -102.3 113.4 -15.5 34.9 12.1
2969.4 53.1 13.6 62.1 63.6 54.4
winner is: 1
