Regression analysis information for: S01_selected_tokens_0117
number of formants: 3
number of coefficients: 5
6.8 42.2 27.1
739.3 1.5 -14 7.5 -3.9 8.9
1634.5 79.2 41.7 -26.9 63 1.5
1934.4 76.3 77.3 19.7 2.8 -3.2
6.4 38.1 41.4
743.6 2.6 -19.1 3.6 -4.4 8
1678.9 86.3 -1.3 -40.9 79.8 8.3
1946.7 88.5 80.1 13.6 2.7 -5.6
7 39.1 67.7
746.8 5.1 -23.1 2.8 -4.1 8.9
1699.2 85.4 -15.9 -37.3 75.1 4.5
1979.4 114.4 76.6 6.6 35.8 12.3
6.8 46.3 83
748.7 5.8 -26.3 1.2 -5.4 7.8
1704.1 85.5 -29.8 -32.9 58 -9.5
1999.6 126 58.8 -9.9 55.6 17.8
5.4 49.7 81.1
747.2 7.7 -24.9 -1.8 -6.7 6.9
1682.4 136.8 -39.5 -52.3 71.2 -27.4
1986.5 122.4 70.4 -17.5 34.9 22.9
13.8 62.6 77.4
737.9 -2.4 -32.3 -11.7 -22.1 -5.7
1646.4 158.6 -54.8 -63.2 22.7 -29.3
1965.1 107.6 88.2 5.8 6.6 -5.4
3.8 46.6 59.2
742.8 9.5 -22.2 5.3 -8 7.1
1648.1 184.5 -70.6 -2.1 24.4 -9.5
1947.3 119.4 52 33.2 -5.2 36.8
4.3 27.6 73.3
748.3 10.7 -27.2 7.2 -7.9 9.3
1706.6 193.1 -60.4 63.4 32.7 7.5
1970 168.2 63.1 26.8 35.3 78.4
4.4 27.3 74.8
759.5 10.1 -34.3 6.3 -9.5 9.8
1760.2 156.3 -55 88.5 -18.6 13.1
2015.4 200.2 -2.5 2.2 84.4 78.7
5.2 29 80.1
774 11.7 -43.5 2.8 -12.6 9.5
1784.4 141.7 -37.2 75 -23.9 17.9
2157.2 231.3 -188 -4 133 53.5
6.6 29.4 162.7
788.5 17.4 -51.8 -3.6 -18 8.2
1831.1 77.5 16.6 43.4 -23 36.6
2592.7 -129.6 -180.9 85.9 -84.2 258.4
15.3 49.5 147.1
794.7 14.3 -59.6 -14.1 -24.7 7.9
1826.6 39.1 6.1 17.6 -17.1 36.2
2702.9 -148.2 -129.1 50.3 -59.7 135.8
6.6 12.7 18.4
804.7 28.6 -47.8 -16.3 -30.2 -5.7
1849 56.3 39.5 16.2 -7.6 12.3
2820.5 -112.5 38 -5.2 1.2 -0.4
6 13.1 16.1
802.4 30.1 -45 -16.5 -30.8 -8.8
1849.4 59.1 41.7 17.4 -8.5 12.5
2827.4 -116.5 43 -4.3 -0.4 1.6
5.9 13 15.5
800.2 31 -43.3 -15.1 -30 -11.8
1848.6 60.1 43.3 17.4 -7.9 10.4
2830.7 -119.9 49.9 -5.3 -2 1.9
5.8 13.3 18.4
796 30.1 -44.8 -13.8 -26.7 -12.5
1845.5 61.7 42.7 16.2 -4.7 7.5
2828 -118.5 53.3 -8 2.4 -3.4
5.2 11.7 24.3
790.1 23.9 -48.1 -9.9 -22 -8
1838.6 55.2 36.6 15.2 -3.1 6.7
2810.1 -113 36.9 -2.4 5.5 -5.4
5.6 11.2 28.3
788.4 21.7 -52.2 -8.9 -21.4 -6.3
1835 52.2 29.1 15.2 -5.6 6.9
2795.2 -101.4 10.1 8.5 -2.1 -2.7
5.9 12.6 25.2
787.2 21.4 -56.5 -8.7 -21.8 -4.4
1833.1 54.3 22.9 18 -9 10.5
2788.2 -91.8 -9.2 18.1 -8.5 4.8
5.9 12.7 22.6
788.8 21.3 -58.9 -8.5 -21.2 -3.3
1834.7 54.5 20.3 20.2 -9.7 13
2793.3 -92.1 -17.8 24.9 -13 14.4
winner is: 15
