Regression analysis information for: S01_selected_tokens_0045
number of formants: 3
number of coefficients: 5
5 54.7 85.6
513.1 54 2.8 13.7 -7.9 -4.4
1601.9 124.5 61.7 -81.7 45.1 -41.3
1985.7 28.9 123.9 26 230.9 -219.3
6.3 68.1 53.6
506.3 63.9 1.4 15.1 -12.5 -1.3
1347.3 438.9 -21.2 28.9 -105.5 70.6
1842.3 407.5 288.9 49.6 -26.8 -47
17.8 159.3 172.2
492.4 40.5 -10.2 9.1 -12.9 0.8
1148.6 22.9 -97.7 106 90.9 143
1777.5 174.3 272.8 15 153.7 27.7
17.6 138.1 167.4
493.3 27 -17.6 -2.1 -14.5 -6.6
1191.1 -236.8 -44.6 -114 215.9 68.9
1880.5 -208.8 463 -244.4 242.2 -45.3
18 185.5 229.6
507.9 33.6 -2.2 5.2 -24.1 -11.7
1487.7 -74 115.8 -44.3 -179.6 -162
2650.1 -256.1 125.4 25.3 -238 -204
5 13.1 24.7
523 46.3 -2.7 7.5 -15.7 -1.3
1641.7 79 61.6 -48 -10 11.2
2824.4 -105.1 9.7 30 4.8 -35.6
4.8 13 21.6
525.5 52.1 -4.6 9.3 -16.4 -0.2
1642.8 77.6 60.4 -48.2 -10.2 11.4
2824.8 -118.2 13.2 23.4 4.8 -35.2
5.4 13.5 20.7
522.3 57.8 -6.4 10.6 -17.1 0.3
1643.7 78.2 60.1 -48.2 -9.9 12.2
2836.7 -129.6 15.1 17.7 6.7 -34.4
6.3 14.4 21
515.1 58.9 -6.6 12.3 -15.2 0.2
1641.5 81.6 60.1 -48.9 -8.7 10.7
2852.5 -137.2 18 13.6 6.8 -33.3
7 14.9 24.9
507.7 55.6 -7.4 12.8 -14.6 0.4
1636.4 87 61.1 -49.3 -7.7 8.9
2862.3 -137.6 21.6 12.9 9.8 -36.9
7.2 14.2 34.4
499.7 48.1 -8.9 11.1 -13.8 1
1624.7 91 68.7 -51.6 -6.9 4.9
2844.4 -126.5 46.1 28.2 3.6 -50
6.6 13.3 31.9
496.3 43 -11.6 10 -13.6 1.6
1618.7 86.8 69.7 -50.9 -5.8 4
2811.2 -139 65.8 50.9 21.4 -47.9
7.2 12.6 22.8
495.5 41.5 -13.1 9.2 -14.8 1.3
1619.2 82.3 69.5 -51 -7.1 5.7
2810.4 -160.2 69.2 48.8 22.8 -37.7
7.1 12.6 20.8
496.3 40.8 -13.6 9 -15.1 1.5
1623.6 78.7 66.8 -51.4 -8.4 8.1
2837.1 -174.8 53.3 40.3 21.4 -29.7
7.1 12.8 21.7
497.6 40.5 -14.3 9 -15.3 1.9
1630 75.9 63.2 -51.8 -9.3 11.2
2874.7 -181.1 33.4 28.5 21.4 -22.2
6.5 12.4 23.4
499.6 40.6 -14.3 9.1 -14.9 2.6
1636.7 74.2 58.4 -52.8 -10.1 13.8
2914.5 -179 7.7 12.5 20.5 -15
6.5 12.8 27.6
501.2 40.8 -15.3 8.9 -15.1 2.9
1643.7 73.8 53.7 -53.7 -10.4 17.2
2954.8 -169.9 -18.7 -6.5 20.5 -5.6
6.8 13.7 29.9
501.6 41 -17.7 8 -15.9 2.6
1647.6 75 46.9 -55.4 -10.1 19.2
2976.3 -156.1 -60 -29 23.3 -0.7
7.1 12.6 24.4
501.8 41.4 -17.4 7.6 -15.9 2.5
1648 76.2 47.8 -57.3 -9.5 19.2
2978.9 -150.2 -52.9 -37.2 20 -3.1
7.2 12.5 25.8
503.7 41.8 -18.1 7.4 -16.1 2.7
1655.7 76 44.9 -57.8 -9.5 22.2
3025.2 -139 -73.3 -58.9 20.5 4.2
winner is: 7
