Regression analysis information for: S01_selected_tokens_0032
number of formants: 3
number of coefficients: 5
2.9 71.3 22.9
548.4 -36.7 -8.8 -1.5 -0.9 -2.8
1512.1 -136.3 -261.8 -113.5 -143.7 -4.5
1840.3 -24 -166.5 -10.2 -24.1 -10.1
2.2 83.8 21.9
549.2 -35.5 -6.6 0 0.7 -1.8
1517 -146.8 -230.3 -118.6 -146.7 -27.2
1846.3 -18 -169 -15.9 -31.6 -16.6
1.7 63.5 153
552.7 -31.1 -3 1.6 2.5 -0.5
1658.7 6.5 -89.5 -60.5 -104 -15.8
2080.7 394.9 126.9 128.3 -48.9 -131.7
1.5 26.3 56.8
555.4 -28.8 -1.4 2.4 3.7 0.7
1726.3 29.8 -76 -42.3 -41.4 40.6
2134 471.6 192.5 164.7 -24.4 -71
1.5 18.9 51.3
557.4 -29.3 -2.1 1.9 4.2 1.3
1773.7 -0.7 -130.1 -27.9 -7.2 24.2
2183 483.1 190.6 89.6 -80.5 -35.4
1.4 16.2 63
558.9 -30.5 -3.8 1.2 4.5 1.5
1789.5 -15.2 -128.3 -19.9 -4.8 7.7
2280.8 462.8 153.7 54.8 -57.1 13.4
1.4 15.9 86.9
559.5 -34.6 -7.1 -0.3 3.9 0.8
1790.8 -21.8 -129.2 -22.3 -3.2 4.2
2422.2 413.9 109.6 49.6 -23.9 60.3
1.4 16.1 87.7
559.7 -37.3 -9.5 -1.2 3.1 -0.3
1792.9 -23.1 -130.5 -21.9 -3.4 3.4
2519.5 380.1 82.5 91.4 -0.3 55.9
1.5 15.9 119.2
560.8 -39.6 -11.6 -1.8 2.4 -1.1
1797.3 -22.3 -130.2 -19.3 -4.5 4.9
2706.1 207.8 54.1 108.2 42.5 58.4
1.6 16.1 101.8
561.8 -42.3 -13.5 -2.8 1.3 -2
1798.8 -24.1 -132.9 -19.9 -6.3 4.5
2940.8 -296.1 -23.2 -97.4 56.8 -148.6
1.9 16.5 76.1
563.2 -43.9 -13.8 -2.7 1.2 -2.5
1797.5 -26.8 -136.4 -21 -6.8 2.4
3047.8 -299.7 -49.6 -41.9 -16 -100.9
2 16.5 41.1
564 -42.3 -14.3 -3 0.5 -2.3
1799.3 -24.8 -137.1 -22.6 -8.2 2.4
3107.7 -227.5 -42.5 -68.9 -4.6 -45
1.9 16 20.4
565.9 -40.2 -14.7 -3.4 -0.8 -1.8
1804.8 -20.3 -135.6 -22.9 -10.5 4.2
3129.8 -178 -0.8 -35.4 28.7 -11.8
2.2 16 13.5
567.9 -38.3 -15.3 -3.8 -1.5 -1.3
1807.8 -18 -136.8 -24 -11.3 4.8
3144.3 -152.3 23.9 -13.9 49.1 7.3
2.6 16.2 12
569.6 -37 -15.5 -4.1 -1.3 -1
1807.6 -17.9 -140 -26 -10.4 4.1
3152.1 -149.3 27.4 -12.6 50.4 6.6
2.4 15.7 10.6
570.9 -35.8 -15.9 -4 -1.5 -1
1812 -15.3 -138.9 -24.8 -11.1 5.4
3156.5 -146 22.3 -11.7 50.1 5.8
2.2 15.9 10
570.9 -36.5 -16.3 -4.4 -1.6 -1.3
1809.6 -17.5 -141.9 -26.5 -10.4 4
3161.3 -146.2 25.8 -10.4 52 7.2
1.9 15.8 9
571.1 -37.1 -16.6 -4.4 -1.8 -1.8
1809.8 -18.3 -142.7 -26.4 -10.7 3.4
3164.6 -150.5 24.9 -10.7 51.4 5.7
1.5 15.1 8.7
570.6 -36.8 -16.3 -4.5 -2.4 -2.7
1811.2 -16.7 -139.9 -25.6 -12.3 2.8
3152.7 -150.9 17.2 -18.1 43.8 -3.4
1.4 15.2 9.8
571.3 -37.9 -16.9 -4.2 -2.2 -2.8
1809.9 -19.9 -143.7 -26 -11.3 1.6
3165.3 -162.4 19.3 -13.9 45 -3.7
winner is: 19
