Regression analysis information for: S01_selected_tokens_0101
number of formants: 3
number of coefficients: 5
30.7 60.2 24.3
826.1 -19.1 -70.9 28.6 -22.6 -5.1
1619.7 -14.4 205 214.1 14.2 -76.7
2063.4 12.2 46.5 11.8 -22 3.9
39.2 72.3 32.8
821.3 -31.9 -67.9 51.1 -4.8 -12.7
1653.4 -44.3 164.2 252.9 81.4 -66.2
2068.1 -0.1 64.7 10.8 -19.1 6.1
54 101.9 53.2
800 -51.3 -56.1 90.6 4.3 -29.6
1671.5 -78.1 156.3 292.9 97.6 -61.2
2063.5 -6.5 62.4 6.7 -10.3 8.9
57.3 185.9 113.6
777.9 -53.2 -39.8 105.8 -18 -26.6
1611.7 -31.6 117.2 347.6 -11.7 -6.6
2065.6 7.5 -19.9 19.8 6.8 28
98.6 252.6 155.5
710.6 9.8 -5.4 57.3 -30.2 26.8
1400.4 211.6 116.7 145.7 113.8 84.6
2070.7 71.4 -159 19.9 122.7 -35.5
44.6 136.5 104.9
678.6 37 8.3 37.6 -13.8 -15
1308.2 230 227.7 118.3 22.6 137.9
2030.1 111.1 -132.2 8.3 52.6 71.3
36.3 116.9 90.7
686.8 31.9 2.7 42.2 -21.6 -28
1295.1 197.8 249.1 126.1 29 159.5
2025.9 104.3 -117 11.4 31.7 69.2
86.7 261.1 261.1
726.4 26.3 -23.5 18.5 -3.5 -15.8
1372.8 187 125.8 91.8 289.5 170.6
2178.5 15.5 -201.1 -115.1 330.8 -8.1
78.4 201 236.7
797.8 -51.3 -93.3 79.6 59.4 -20
1618 59.6 -108.2 252.7 396.7 -104.5
2531.4 -251.4 -373.4 -7.8 427 -219.1
14.2 84.6 128.8
878.8 -43.8 -102.2 2.7 -36.9 22.3
1873.6 -1.7 -81.4 76.5 66.8 92.1
2874.9 -385.5 -288.4 -162 16.5 115.6
12.8 81.4 147.9
891 -44.7 -94.1 3.7 -45.6 22
1880.2 5 -78.7 66.6 49.5 72.9
2901 -329.4 -245.9 -141 28.1 118.4
14.3 46.6 131.4
896.7 -30.9 -92 6.4 -55.9 16.8
1911.6 52.4 -60.6 53.1 9.3 26.8
2978 -201.6 -162 -114.1 6.9 71.4
20.7 44.9 112.6
886.1 -4.4 -101.7 14.9 -67.4 20.3
1912.8 57.9 -68.1 47.9 -2.4 17.4
3018.5 -145 -118.6 -87.1 11.1 52.9
23.1 15.5 13.3
864.2 32.4 -96.9 11.2 -70.7 19.2
1928 102.4 -47 56.6 -13.1 -5.2
3084.2 -38.7 -45.7 -45.9 5.8 5.4
23.6 18 16.2
835 61.6 -78.7 -1.1 -64.8 16
1915.3 115.5 -40.2 54 -15.9 -5.1
3085.2 -29.7 -48.8 -48 0.8 7.5
21.6 22.5 20.6
809.9 71.4 -66.8 -2 -59.4 9.9
1896.7 126.4 -24.6 51.6 -21.6 -11.3
3076.5 -16.4 -42.3 -55.4 -6.1 11.4
20.3 26.5 23.8
793.3 67 -54.2 5.8 -50.2 6
1879.9 127.6 -4.7 55.9 -26.4 -20.2
3063 -4.5 -28 -61.8 -12.9 13.7
19.2 28 23.9
780 58.9 -50.1 14.8 -41.3 3.7
1866.5 124 6.1 63.1 -26.5 -28.9
3048.5 -5.5 -21 -60.7 -11.3 12.4
19.8 28.1 24.6
769.6 50.3 -49.9 23.4 -35.4 3.1
1855 115.8 11.8 74 -22 -33.7
3028.2 -24.6 -16.2 -44 5.7 15
20.2 24.4 19.6
765.7 42.7 -47.9 29.7 -30.4 3.6
1848.4 103.7 16.7 86.4 -13.4 -34.8
3014.4 -54.4 -8.8 -19.1 31.8 18.1
winner is: 14
