Regression analysis information for: S01_selected_tokens_0024
number of formants: 3
number of coefficients: 5
0.6 5.8 18
534.7 -29.6 -1.2 -0.7 -2.9 1.8
1645.3 103.3 0 -15 17.3 18.2
1914.7 36.1 -23.9 62.9 -95.4 7.4
0.8 17 19.1
530.4 -26.7 -3.4 -1.5 -2.3 0.9
1664 125.5 -6.7 -21.6 4.7 8.5
1881.7 -15.8 -48.5 83.7 -88.6 35.4
1.3 42.3 21.9
523.6 -20.1 -7.2 -2.2 -2.4 -0.1
1600.4 78.4 -99.7 -23.9 -50.3 21.1
1822.9 60 -75.7 103.2 -68.3 4.2
0.9 23.5 16.5
520.9 -17.2 -6.7 -3.4 -1.4 -0.8
1543.8 14.1 -104.2 -23.9 -62 12.8
1787.8 121.1 -66.5 51.2 -21.8 -18.9
0.8 14.9 13.1
519.5 -17.5 -5.6 -5.1 -1.4 -1.6
1521.1 13.1 -55.1 -30.5 -86.3 5.7
1781.3 138.3 -67.6 37.6 -7.3 -23
1.1 16.1 12.5
520.8 -19.4 -3.1 -6.4 -0.2 -2.2
1537.9 24.9 -21.7 -28.9 -72.9 4.6
1789.9 128.9 -72.8 41.7 -18.8 -15.9
1.7 22.1 9.5
524.7 -22.9 0.8 -8.5 2.1 -3.4
1600.4 94.6 -18.7 -42.5 -95.2 -13.3
1788.2 83.4 -68.6 65.3 -20.7 8.2
8 77.7 200.7
529.5 -23.7 -1.7 -2.9 -2.7 3.6
1649.6 154 -86.8 -2.4 -71 11.9
1968.3 -75.7 197.4 -97 93.7 -128.3
17.4 145.1 282.1
539.5 -38.4 19.1 -15.2 -0.8 4.3
1627.6 140 89.6 -14.8 2.3 20.6
2663.7 -213.3 361.3 -32.1 -80.1 209.7
2 6.5 12
557.1 -45.8 -0.3 -3.3 4.6 -1.8
1718.7 136.6 -40.1 -4.4 21.2 -1.5
2927.7 -160.4 -7.7 -47.5 7.6 37.8
2.1 6.5 10.1
558.5 -46.2 -5.7 -1.2 3.9 -2.5
1720 138.7 -40 -4.5 21.1 -1.9
2940 -159 -4.3 -41.9 7.3 38.9
2.3 6.8 9.7
554.5 -40.6 -10.4 0 3.6 -3.2
1720.5 137.4 -42 -4.5 20.1 -2.9
2952.9 -160.1 -8.2 -45.9 6.7 34.1
2.2 7.4 9.3
548.5 -36.8 -11.6 -0.6 3.1 -3.9
1718.4 137.6 -43.1 -6.1 20.8 -2.8
2959.3 -172.3 -18.6 -49 5.7 32.5
2.1 8.5 11
542.4 -32.4 -10.3 -1.4 2.6 -3.7
1714.1 135.6 -44 -7.5 21.7 -2.7
2951 -191 -34.2 -58.4 4.1 27.2
0.8 8.9 21
536.1 -26.9 -6.6 -3.5 0.7 -2
1705.7 133.4 -42.2 -12.2 21.6 0.6
2892.1 -174.8 -29.6 -89.6 4.4 39
0.6 8.1 14.6
535.1 -27.1 -5.4 -3.3 0.3 -1.9
1701.9 130.7 -39.6 -10.5 22.6 2
2853.2 -182.3 5.9 -75.2 -5.8 43.6
0.7 7.8 14
535 -28.5 -5.4 -3.5 0.1 -2.1
1700.5 129.8 -39.1 -10.1 23.5 3
2849.5 -199 12.5 -65 -8.3 42.2
0.6 7.2 13.2
535.8 -28.2 -5.1 -3.1 0.2 -1.9
1702.7 130 -39.1 -8.8 22.8 1.8
2866.8 -193.3 15.4 -63.1 -5.7 38.9
0.8 6.5 14.6
537.4 -29.9 -5.2 -3 0.1 -2.3
1708.6 136.2 -36.9 -6.6 22.8 0.4
2918.3 -197.6 13.6 -52.2 0.1 36.4
0.8 5.5 20.7
540.7 -30.2 -5.2 -2.2 0 -2.3
1721.3 145.5 -35.6 -3.8 19.3 -4
3012.8 -183.5 -2 -50.8 1.5 31.7
winner is: 11
