Regression analysis information for: S01_selected_tokens_0073
number of formants: 3
number of coefficients: 5
5.1 35.5 45.6
444.6 -23.2 -10.3 -1.9 -4.9 -0.8
1730.5 155.9 41.1 -57.1 14.5 -31.8
2701.1 -29 -58.3 -12.5 -15.9 2.9
4.9 21.2 28.9
444.7 -21.9 -9.7 -2.1 -4.7 -0.7
1739.6 168.8 55.9 -40.3 28.5 -16.4
2708.7 -8.4 -37.7 9.4 6.6 23.4
4.7 14.3 26.8
444.1 -20.6 -10 -2.5 -4.3 -0.7
1746.3 175.2 64.9 -30.1 35.3 -7.6
2717 -5.3 -21.3 20.9 16 32.6
5 14.5 24
442.3 -18.6 -10.7 -3.5 -3.3 -0.9
1749.8 172.5 65 -27.7 33.1 -6.7
2727.2 -18.3 -13.1 23.9 13.8 30.9
5.1 14.4 21.2
440 -17 -12 -4.2 -2.6 -1.2
1752.5 171.5 64.9 -26.4 32.3 -6
2739.3 -29.4 -3.5 24.2 15.3 30.3
5.4 15.6 32.8
436.5 -16.5 -13 -5.4 -2 -2.4
1753.8 171.3 64 -26.3 32.4 -5.5
2749.8 -19.3 -8.4 44.7 7.3 47.1
5.5 24.5 203.3
433.5 -16.7 -11.4 -5.3 -1.5 -1.7
1740.3 181.8 68 -38.9 43.1 -6
2622.6 155.6 16.6 -146.8 199 -24
5.3 22.4 164.8
432.6 -17.1 -11.1 -5.1 -1.6 -1.9
1735.3 177.6 73.4 -41.6 40.7 1.8
2642.8 118.9 31.5 -148.4 173.1 39
5.3 16.6 32.2
432.5 -17.5 -11 -4.8 -1.7 -1.8
1739.2 166.9 68.3 -28.6 33.6 -2.4
2758.7 -41.4 -23 34.6 11.6 46.3
5.2 16.6 27.9
432.8 -17.4 -10.9 -4.7 -1.8 -1.9
1741.5 167.4 69.4 -27.9 31.1 -2.8
2762.5 -46.1 -13 30.3 16.8 39.1
4.6 16.2 25.2
433.6 -16.3 -10.2 -4.4 -1.1 -1.5
1746.4 172.2 67.4 -27.5 31.5 -4.1
2772.6 -39.2 -6.9 30.6 20.4 38
4.5 15 24.4
433.8 -15.6 -10.2 -4.6 -0.9 -1.8
1750.2 180.9 67.3 -28.9 34.5 -6.9
2782.4 -26.9 -2.3 34.2 24.9 40.1
4.5 14 23.2
434 -14.9 -10 -4.9 -0.8 -2
1751.7 190.2 69.2 -31.8 38.4 -9.8
2789.4 -15.2 2.6 35.2 29.8 40.5
4.6 13.8 22.3
434.2 -14.2 -9.8 -5.1 -0.6 -2.3
1753 198.4 71.4 -34.6 42.7 -12.7
2794.1 -3.9 7.1 34.7 35.7 39.4
4.7 13.1 21.4
434.5 -13.8 -9.6 -5.2 -0.5 -2.5
1755.6 203.9 73.6 -35.7 45.4 -14.5
2799.4 4.5 11.8 34.6 41.3 38.4
5 11.9 20.6
434.5 -13.5 -9.5 -5.4 -0.5 -2.7
1755.9 209.5 77.3 -38.5 49.3 -15.1
2800.9 12.7 19.1 32.6 48.3 38.3
5.1 13 21.6
434.3 -13.9 -9.4 -5.5 -0.7 -3
1755.1 207.6 81.2 -36 47.5 -17
2799.1 10.5 24.9 35.5 44.9 34.4
5.2 12.8 23.6
434.6 -14.5 -9.8 -5.6 -0.8 -3.1
1760.2 200.1 77.5 -34.9 47.5 -16.9
2805.3 -1.2 19.6 34 45.6 34.4
5.6 15.3 25.4
435.6 -15.2 -10.2 -5.8 -1.4 -3.5
1777.6 192.4 73.3 -30 44.6 -16
2827.1 -7.6 16.9 36.2 47.1 39
8.5 21.7 31.6
436.2 -18.5 -13.5 -7.9 -4.5 -5.8
1809.6 180.4 63 -20 38.9 -12.2
2861.8 -6.8 14.7 45 54.9 53.9
winner is: 16
