Regression analysis information for: S01_selected_tokens_0042
number of formants: 3
number of coefficients: 5
16.5 37.8 44.2
530.2 32.5 10.1 18.5 18.9 1.6
1026.9 -66.9 71.3 -48.7 23.3 -41.9
2045.5 -466.3 -248.1 -135.7 -71.9 2.7
16.2 40.1 247.9
505.8 23.8 9.2 7 8.2 -7.6
984.1 -122.2 37.5 -82.1 -15.7 -66.5
1954.2 -643.5 -141.5 136.7 -107.5 -151
10.5 28.3 10086
490.3 30.1 10.7 1.1 14.4 -4.4
971 -126.2 37.9 -85.7 6.8 -46.4
1470.6 -269.7 247.1 -202.9 139.5 -145.6
10.2 42.1 10236.3
496.5 41.9 18.5 14.5 11.5 2.9
973.1 -109.2 45.7 -85.5 -6 -52.6
1673.1 -499.7 74.7 167 -281 101.7
22.5 77.9 10474.3
505.4 38.9 15.2 18.6 12.3 11.3
993.4 -96.2 61.9 -33.3 48.2 13.4
2097.6 -410.8 50.5 734.2 30.5 23.3
5.7 21.3 151.9
525.9 64.5 31.9 25 17.6 7.4
1054.5 -9.1 124.1 -12.1 50 -14.8
3007.1 331.5 -220.8 88.9 -51.1 50.9
7.1 17.6 58
529.5 66.2 32.6 20.3 20.8 5.8
1060.4 -3 122.4 -19.5 48.3 -17.8
3076 192.5 -105.3 11.8 -63.8 22
9.6 18 52.9
527.4 67 33.9 17 24 5.1
1059 -1.6 124.6 -23.3 51.8 -18.1
3097.7 183.1 -124.3 31.7 -58.6 13
11 20.5 141.9
517.4 67.9 39.3 14.6 21.9 5.4
1047.1 -3.2 136.2 -28.2 48.9 -18.3
3084.1 239.5 -116.9 -12.5 -50.8 28.6
10.5 23 128.4
506.9 59 32.1 14 19.6 2.6
1030.7 -18.6 125.7 -27.6 45.5 -21.8
3075.1 305.6 -76.6 -87.1 -42.3 71.2
8.6 20.9 103.8
501 49.9 23.9 10.3 16.1 -0.2
1018.6 -33.9 109.1 -33.6 37.9 -26
3090.2 296.9 -39.6 -20.6 -53.9 8.6
7.2 20.2 99.1
499.6 44.2 19.3 8.3 13 -2.8
1016.2 -42.8 102.2 -37.3 33.8 -30
3179.6 253 -103.9 92.1 -44.3 -21.7
6.7 20.7 54.4
500.9 40.5 16 7.7 10.8 -4.7
1019.7 -49.2 101.8 -40.4 34.1 -33.3
3246.4 154.2 -194.2 119.1 -103 23.2
6.4 21.1 55.3
503.9 38.3 14.4 8.9 10 -4.9
1023.1 -50.9 100.9 -40.6 34.3 -34.2
3283.6 111 -205.5 124.3 -134.6 83.4
6.2 21.1 47.1
507.8 36.8 13.7 11.5 10 -3.7
1024.8 -49 98.1 -38.5 33.4 -33.1
3302.3 104.4 -186 138.9 -132.3 94.6
6.7 22.5 43.6
512.2 35.4 13.1 13.1 9.1 -3.5
1029.6 -51.5 101 -41.8 35.9 -35.8
3322.6 114.8 -169.9 160.4 -123.4 104.1
6.8 22.2 45.1
515.6 36.5 13 15.9 10.1 -2.1
1028.8 -46.6 97.8 -39.8 34.6 -34.4
3339 117.6 -161.9 171.9 -120.5 114
6.2 22.2 43.4
512.8 39.4 14.9 13.2 11.4 -2.1
1027.4 -46.1 99.1 -40.7 33.6 -33.2
3335.1 121.1 -162.7 169.4 -119.8 113.6
6.3 23.4 44.4
512.5 41.8 19 10.9 12.2 -0.6
1029.3 -49.3 101.5 -44 33.8 -35.3
3322.8 137 -153 152.2 -110.5 111.5
7.3 26.5 46.3
516 42.7 23.6 11.6 13.6 1.9
1028.9 -48.4 98.8 -44.9 33.2 -38.4
3334.8 131 -138.9 151.9 -115.7 121.7
winner is: 18
