Regression analysis information for: S01_selected_tokens_0026
number of formants: 3
number of coefficients: 5
10.7 28.7 63.6
553.2 -31.2 -19.2 -13.4 -18.2 -11.8
1704.8 117.8 -23.4 46.6 -5.9 44.1
2041.1 220.8 -60.4 117.7 -41.7 -11.4
11.4 42.1 62.6
549.1 -39.9 -24.5 -17.6 -21.8 -13.2
1702.8 102.1 -28.1 48.9 19.1 73.3
2047.1 179.6 -66.1 134.5 -64.3 11.3
11.1 57.9 40.3
544.4 -45.1 -24.9 -19.9 -22.1 -12.9
1573.9 -121.1 -150 -15.4 4.2 94.3
1990.7 145.3 -18.9 137.3 -63.5 24.1
10.3 47.5 31.1
541.8 -44.2 -27 -21.8 -21 -14.8
1569.2 -100.2 -146.1 -4.8 -4.5 78.7
1949.7 219.2 -28.4 79.3 11.8 -32.1
11 55.4 35.5
543 -46.6 -27.1 -23.5 -22.2 -15.8
1602.6 -86.7 -124.2 -21.9 1.3 78.3
1969 209.9 -30.9 98.3 -1.7 -18.6
12 91.4 73.1
551 -42.4 -20.5 -21.6 -19.3 -15.3
1695.2 -3.7 -101.2 -62.5 1.7 55.1
2030.8 202.4 -2.5 159.8 -25.7 -6.2
13.9 93 69.6
559.3 -41 -18.4 -22.2 -18.8 -16.1
1776.4 269.4 -33 85 -57.7 72.5
2287.5 447.7 19.4 116.9 -196.6 -130.2
13.5 19.9 89.7
569.2 -40 -14.3 -20.9 -14.3 -15.8
1827.6 201.3 51.2 16.8 28.7 5.3
2729.1 18.5 250.8 -93.3 -44.5 -67.5
10 16.6 22
576 -37.7 -13 -16.4 -8.5 -11.7
1831.9 203.2 49.9 20.4 33 8.2
2961.2 -78 -6.8 27.3 -0.1 15.1
9.2 16.3 21.9
574.9 -43.8 -19.9 -17 -9.1 -11.4
1833.4 203.4 49.2 22.9 35.7 9.6
2963.2 -75.7 -2.8 25.6 1.7 13.6
10.8 17.8 23.8
568.3 -51.9 -32.2 -20.9 -14.4 -13.9
1831.4 200.2 46.7 23.1 36.7 9.4
2963.1 -81.3 -2.4 25.8 3.9 13.5
10.3 18.8 25.2
564.6 -52.3 -34.3 -20.5 -16 -13.6
1824.8 190.7 41.9 22.2 37.2 10.1
2958.6 -90.2 -6.3 28.7 9.1 18.2
9.2 17.7 23
564 -48.8 -33.3 -18.6 -14.5 -13.2
1817.2 178.1 32.8 18 35.9 10
2949.6 -95.9 -17 29.8 8.5 23.9
8.9 16.8 21.7
564.1 -48.5 -33.5 -18.5 -14.6 -13
1816.8 177.1 31.2 16.5 34.6 9.7
2947.2 -93.8 -21.7 30.4 4.9 24.7
9.1 17.3 21.6
563.4 -51 -35.7 -20 -16.2 -13.8
1819.8 181.8 32.3 14.3 30.6 6.3
2950.4 -90 -22.4 27.8 -1.8 19.4
8.9 15.4 19.7
565.9 -48.8 -34 -18.7 -15.4 -13.2
1824.7 187.6 34.5 15.1 30.4 6.5
2961.7 -84.9 -14.8 21.6 -3.2 15.8
9.4 16.1 19.7
565.7 -51.8 -36.8 -21 -17.4 -14.6
1831.6 197.3 37.3 12.1 24.8 1.7
2973.4 -81.5 -10.4 12.8 -10.5 6.4
10.3 15.8 19.9
566.4 -52.8 -37.8 -22.3 -18.9 -15.9
1838.4 207.3 41.8 12.2 22.5 -0.3
2984.9 -75.6 -3.4 6.5 -14.9 -0.1
10.1 15 19.3
568.7 -50.2 -34.9 -21.5 -18.6 -15.5
1844.9 217.3 48 13.2 20.5 -1.6
2997.6 -67.7 11.3 -1.5 -18.5 -7.8
13.7 19.3 25.5
567.2 -55.7 -41.8 -28.4 -25.3 -21.8
1861.7 243.2 57.2 7.7 7 -14.7
3021.3 -44.2 18.8 -20.5 -43.3 -37.2
winner is: 16
