Regression analysis information for: S01_selected_tokens_0066
number of formants: 3
number of coefficients: 5
4.8 45.2 56
415.6 -12.8 -8.1 1.7 -10.7 0.5
2183.5 213.9 -355.6 -170.3 -42.5 11.7
2772 26 -92.8 -39.3 -33.1 34
4.1 51.1 50.2
414 -11.2 -9.4 1.6 -10.6 0.7
2249.7 315.4 -287.2 -143.3 -60.5 -30.4
2822.8 -37.2 -52.3 -69.1 -60.1 52.8
4.3 63.9 44.6
413.2 -10 -11.3 1.4 -10.8 1.6
2308.4 417.7 -204.8 -91.8 -45.5 -44.9
2838.4 -25.4 -32.7 -88.1 -83.4 17.5
5.8 57 62.5
411.9 -9.3 -14.6 1.1 -12.4 2.5
2327.2 507.6 -157.8 -3.3 -8.9 19.8
2922.1 169.5 104 24.3 -57.8 18.5
7.3 38.1 43.8
410.6 -8.2 -16.8 0.9 -13.6 3.5
2333.9 483.4 -136.3 -13.8 4.9 7.6
2938.3 158.8 135 18.5 -34.1 6.6
8.7 36.3 49.2
408.3 -10 -18.7 0.7 -13.9 4.8
2337.2 486 -138.8 -13.1 2 4.8
2941.5 173.4 121.5 18.4 -43.8 6.3
8.4 31.1 31.2
404.9 -11.2 -17.3 3 -11 7.6
2350.4 483.4 -139.4 -22.7 6.3 -2.8
2964.3 162.1 132.1 -8.7 -32.4 -8.5
8.6 32.9 24.3
403 -6.8 -10.5 5.5 -10 8
2356.2 479 -155.9 -24.4 8.2 -4.7
2977.4 148.3 124.7 -23 -22.8 -8.3
8.9 33.4 35.8
398.6 -4 -3.3 7.5 -10.6 5.7
2363.3 475.7 -173.7 -23.9 10.7 -4.8
2981.9 159 90.3 -17.4 -29.7 17.7
7.9 35.2 42.6
392.9 -4.4 1.9 8.8 -12.8 3.5
2373.1 479.3 -187.4 -21.3 17.3 -7.1
3008.3 166.3 49.3 -27.7 -2 38.4
6.8 35.1 45.4
388.8 -9.1 1.1 6.1 -11.8 3.3
2382.1 484.5 -188.5 -16 21.3 -13.5
3022.1 166.2 51.2 -38.5 11.5 36.3
7 34.9 39.9
383.4 -17.3 -4.9 2.3 -12.7 2.7
2389.6 496.3 -182.7 -13.5 22 -17.1
3031.1 167.3 67.6 -47.4 13.9 26.6
7.1 34.5 39.4
379.1 -23.6 -9.2 -0.7 -13.6 1.4
2399.8 511.8 -174.7 -10.8 23.7 -21.8
3041.7 163.6 77 -59.2 23.4 17.6
7.4 36.2 39.4
376.8 -26.4 -10.6 -2 -13.6 0.6
2412.2 531.9 -163.3 -7.8 27.5 -27
3037.1 151.1 59.4 -67.1 30.5 24.1
7.5 39.6 45
375.8 -27.5 -10.8 -2.5 -13.3 0.2
2422.6 548.7 -153.6 -7.7 32.1 -30.8
3009 96.1 14.4 -88.4 39.9 34.1
7.6 44.3 50.5
375.1 -28 -10.6 -2.9 -13.1 -0.1
2395.3 501.4 -200.4 -58.2 7.4 -50.5
2987.2 68.6 2.7 -88.5 64.2 44.7
7.7 53.2 60.9
374.6 -28.2 -10.1 -2.9 -13 -0.4
2378.7 481.5 -220.7 -90.1 -1.1 -55
2961.6 54.5 30 -60.6 86.7 44.6
7.8 62.6 57.6
374.1 -28 -9.5 -3.1 -13 -0.3
2349.5 486.2 -187.3 -95.3 27.2 -23.2
2924.3 57 95.6 -45.3 54.8 18.9
7.7 64.5 45
374.2 -28 -9.1 -3 -13.2 -0.4
2377.2 528.5 -150.8 -75.5 32 -21
2912.7 47.7 128.3 -44.7 15.6 6.3
8.4 55.3 50.9
374 -27.4 -9.9 -2.2 -14.3 0.3
2414.9 580.1 -115.5 -45.9 40.4 -9.4
2929.3 54.8 139.5 -49.3 -4.8 -8
winner is: 8
