Regression analysis information for: S01_selected_tokens_0041
number of formants: 3
number of coefficients: 5
15.1 129.7 188.4
522 55.4 14.2 7.9 1.3 -4
1143.3 -151.2 -19.6 -47 172.9 -59.3
1635.8 -206.4 480.2 -220.8 238.8 -37.2
15.2 80.1 246.4
529.3 56.9 14.5 5.8 -1.2 1.7
1241.1 -128.8 92.8 37.4 186.7 82.4
1933.7 -238.9 800.4 64 121.8 296.9
10.6 74.7 260.1
540.9 70.6 21.2 14.1 4.6 9
1330.2 5.9 157.8 13.7 88.5 -14.9
2249.8 -5.4 901.1 98 -298.4 89.7
14.5 87.3 223.7
544.8 75.9 23.6 15 -2 -0.9
1313.5 34.9 234.4 -11.3 -20.1 -64.6
2400.6 81.2 804.2 -59.5 -472.4 144.7
18.7 91.4 275.2
544.8 81.9 27.6 6.6 -15.5 4
1338.9 55.9 206.9 -62.8 -42.7 -9.5
2644.5 122.1 403 -205.2 -254.6 288.3
7.1 30.5 165.5
549.8 85.2 12.4 3.9 -1.1 7.3
1377 58.8 135 -63.9 12.7 4.1
2870.9 33.5 51.4 -16.2 -106.5 170
4.9 14.8 49.4
549.5 83 8.1 6.5 0.5 5.7
1385.5 56.9 112.2 -42.8 14.8 -11.2
2946 17.1 -95.5 94.3 -49.6 68.1
4.7 15.9 52.2
546.1 80.5 5.4 6.8 2 4.6
1383.5 60.1 110.2 -42 16.9 -14.5
2958.3 19.9 -85.9 90.2 -56.1 69.6
4.2 16 42.8
542.3 76.9 4.2 7.4 3.3 4.5
1381.5 60.6 111.2 -42.9 20.5 -18.4
2971.3 22.3 -77.1 77.8 -54.7 57
3.7 17.2 25.2
536.8 70.8 3.2 6.1 2.3 2
1378.3 56.8 118.4 -46.5 26.4 -25.7
2995.3 7 -48.2 44.7 -23.1 21.1
5.8 19.7 27.1
529.5 61.6 -0.2 3.4 0.8 -0.6
1374.5 46.4 129.3 -51.6 35.7 -33.1
3002 29.1 -44 46.5 -18.3 10.4
6.5 19.8 36.2
526.6 58.6 0 0.5 -0.3 -1.4
1370.9 41.1 137.7 -59.2 40.4 -34.8
2994.4 5.3 -29.3 54.3 8.3 26.3
6.9 20 31.4
526.2 57.5 0.3 -0.3 -0.6 -2.1
1371.3 37.4 141.3 -62.1 42.2 -36.9
3001.4 -13.4 -9.7 39.7 9.7 23.3
6.9 19.6 35.3
526.7 56.8 0.3 -0.9 -0.8 -2
1373.6 34.3 142.8 -63.3 41.7 -35.7
3018.6 -32.9 5.5 26.7 4.9 30.5
6.3 17.5 41.9
527.8 56.7 0.8 -0.8 -0.7 -1.6
1374 35.1 139.9 -61.5 37.8 -33.3
3043.4 -38.4 18.9 9.7 -10 27
7.3 17.7 55.4
528.2 56 -0.6 -1.9 -2.8 -2.6
1378.8 30.8 142 -63.9 36 -33.3
3068.5 -33.3 24.3 0.7 -32.6 25.5
7.5 16.9 63.6
528.9 55.4 -1.5 -2.2 -3.7 -2.9
1380.8 29.1 140.2 -63.6 33.3 -32.7
3085.7 -33.2 23.2 -4.4 -46.3 23.3
7.9 15.7 65.4
528 53.6 -2.7 -2.5 -4.9 -3.9
1378.7 26 137.4 -63.1 30 -34
3067.9 -55.6 8.1 -2.1 -54.9 19.7
7.9 16.1 66.4
529 53.2 -3.5 -2.2 -5.7 -4.5
1381.3 23.9 136.5 -63.5 28.7 -35.4
3081.1 -55.2 -0.6 -8.4 -72.2 5.9
7.7 17.5 75.3
531.8 53.2 -4.5 -1.8 -6.5 -4.5
1387.3 21.7 137.4 -65.7 28.4 -35.5
3121.9 -40.8 -1.2 -22.1 -94.4 -2
winner is: 10
