Regression analysis information for: S01_selected_tokens_0096
number of formants: 3
number of coefficients: 5
11.6 86.1 45.3
558.5 -131.8 -55.4 58.4 3.8 17.2
1674.7 -258.4 -198.2 -156 115.7 165.8
2297.4 107.7 -149.7 -83.5 -76.4 20
10 105 43.3
560.2 -134.9 -52.9 63.5 1.4 11
1715.5 -251.1 -235.7 -159.7 135.6 189.8
2314 86.4 -124.2 -86.1 -70.9 8
10.8 123.7 49.6
549.4 -120.8 -41 54.7 -0.9 14.1
1740.4 -239.1 -245.2 -177 138 230.7
2317 81.6 -120.8 -102.4 -57.2 20.9
10.7 202.1 62.9
539.6 -101.7 -33.9 45.4 2.1 13.3
1888.9 24 -118.7 -265.4 -62.6 18
2332.8 161.9 -140.8 -137.3 -86.9 -9.9
10 119.4 51.2
534.6 -87 -26 36.1 4.7 16
1966.9 214.8 -33.5 -352 -99.7 52.1
2353.2 252.2 -151.4 -133.1 -74.9 28.8
9.6 79.1 48.1
533.9 -77.5 -20.9 33 5.6 17.9
1980.8 298.1 67.3 -297.5 -54.9 80.7
2363.2 283.4 -147.5 -115.5 -60.2 48.4
8.1 76.2 48.4
537.5 -74.9 -20.3 33.1 6.7 19.7
1986.3 297.3 66.9 -289.9 -58.4 77.8
2367.6 295.1 -158.7 -112.2 -55 53
7.1 72.5 52.1
541.8 -75.2 -23.8 37.4 8.7 19
1999.5 296 53.7 -279.6 -60.7 70.5
2374.7 295.2 -162.5 -120.6 -42.9 53.6
8.2 71.7 56.6
545.4 -82.6 -29.5 40.7 9.9 15.2
2019 292.1 42.8 -270.9 -62.1 68.1
2384.8 280 -146.1 -140.6 -29.6 51.9
7.2 69.4 61.6
548.7 -94.2 -36.3 47.9 10.2 11.2
2037.2 282.4 43.1 -259.3 -81 74.1
2383 266.8 -118.6 -159.9 -28.2 49.8
9.9 91.3 67
559.2 -110.6 -50.4 68.7 10.6 2.6
2025.6 280.2 80.8 -287.5 -125.7 133.6
2381.2 249.2 -93.9 -191 -9.1 50.5
16.9 144.7 127.5
574.3 -133.2 -61.1 88.6 8.1 -7.3
2068.6 276 -38.6 -266.6 23.8 49.3
2466.4 172 -184.9 -113.2 92.5 -96.6
15 96.7 206.3
601.2 -167.6 -70.7 115.6 -7.6 -12.5
2144.2 195.1 -141.9 -78.1 -64.7 -28
2666.4 -76.9 -222.4 53 -0.4 -159.1
12.5 33.7 26.2
623.7 -198.9 -71.5 127.2 -17.6 -7.3
2181.2 148.1 -159.6 -78.4 -31.1 -0.9
2831.7 -326 -104.6 -15.8 0.8 -29.3
11.6 35.6 24.9
636.2 -216.5 -67.1 127.8 -22.3 2.5
2183.9 145.1 -156 -73 -27.4 3.2
2837.9 -323 -109 -18 7.2 -24.4
11 39.1 28.4
632.3 -210.5 -70.2 125.4 -21.5 3.3
2183.1 140.1 -166.9 -84 -35.8 -2.5
2840.5 -331.8 -117.6 -25.1 5.6 -25
11.5 40.1 29.4
624.6 -199.6 -71.2 121.5 -22.9 9.4
2186.1 142.2 -172.4 -91 -40.9 -3.9
2845.5 -334 -121.6 -27 8.3 -22.1
12 36.5 30
592.5 -163.2 -58.7 90.7 -6.6 12.5
2170.5 135.4 -173.1 -84 -25 1.6
2844 -327.6 -121.4 -26.8 9.5 -20.6
9.7 35.8 28.6
581.1 -148.3 -52.1 81.6 -2.4 13.2
2184.6 175.9 -148.8 -74.7 -17.7 4.3
2836.4 -315.7 -121.6 -22.3 8.7 -14.6
5.7 39.4 23.8
572.1 -137.2 -44.7 74.8 -0.9 11.1
2201.5 229.4 -116.5 -71.2 -22.6 -10.5
2819.9 -296.4 -114.4 -21.1 8.1 -11
winner is: 20
