Regression analysis information for: S01_selected_tokens_0068
number of formants: 3
number of coefficients: 5
3.2 15.6 32.4
419.3 -1.4 -24.5 -4.3 -9.3 -0.1
1982.4 13.9 -30.2 -13.5 14.1 -17.8
2531 -138.9 -39.2 14.2 -30.3 -78.4
3.2 14.9 33.2
419.3 -1.9 -24.7 -4.8 -9.7 -0.9
1987.3 17.5 -22.6 -11 16.9 -16.5
2554.9 -121.7 -64.9 -12.7 -16.4 -50.5
3.9 15.4 20.1
418.4 -1.8 -26.7 -4.9 -11.1 -0.9
1995.2 20 -8.8 -9.5 24.1 -16.5
2572.9 -110.6 -80.9 -46.9 -20.3 -29.1
4.3 21.5 58.2
417 -1.1 -28.6 -4.5 -12.4 -1
2002.7 12.9 -4.2 -19.3 25.5 -23.3
2522.5 -157.7 -27.4 -20.6 -85.2 -118.4
4.9 23.6 64.6
414.7 1.5 -31 -3.8 -13.3 -0.1
2016.4 7 15.1 -20.7 43.5 -23.8
2506.6 -163 34.9 -24.6 -130 -117.3
4.4 26 56.9
414.3 3 -30.7 -4.1 -12.3 -0.7
2005 6.2 -2.1 -15.8 33.8 -20.1
2531.3 -112.6 -13.8 -12.6 -110.5 -41.9
4.3 30.7 36.3
414 4.1 -30.5 -4.2 -11.8 -0.6
1996.7 18.7 -11.3 -15.1 34.6 -28.5
2550.5 -99.6 -52.2 -27.7 -75.4 -16.9
4.6 41.3 20.2
413.6 5.1 -31.2 -3.8 -11.8 0.2
2003 18.6 2.9 -30.7 47.9 -46.5
2584.2 -111.7 -82.3 -50.3 -12.4 -28.2
4.6 40.8 27
414.1 5.5 -31.2 -3.9 -11.7 0
2011.5 33.2 6.5 -33.5 45.5 -54.1
2589.4 -110.7 -71.8 -58.1 -6.7 -38.2
4.7 37.9 27.3
414.8 5.7 -31.2 -4 -11.9 -0.3
2027.4 40 12.3 -37.9 33.6 -58.7
2596.5 -108.3 -68.2 -60.1 -12.4 -40.4
4.5 29.1 24.3
416.3 5.3 -30.1 -4.6 -11.9 -1.1
2050.9 28.7 28.2 -45.4 22.5 -55.7
2608.5 -110.4 -60.7 -60.3 -19.1 -37.5
4.7 19.9 21.9
416.9 4.9 -29.8 -4.7 -12.4 -1.1
2072.6 7.5 47.9 -58.3 17 -54.4
2618.4 -120 -53.3 -64.4 -22.9 -36.4
4.9 13 19.2
417.4 4.6 -29.4 -4.9 -12.7 -1.1
2089.8 -11.3 66.5 -69.8 15.4 -53.9
2626.8 -130 -45.1 -69.2 -24 -35.6
5.4 11.2 16.6
417.1 4.6 -30 -4.6 -13.4 -0.3
2104.5 -29.4 82.8 -81.5 14.5 -54
2634.2 -145.7 -36.4 -77.9 -23 -37
5.5 11.4 13.9
417.4 4.4 -29.7 -4.7 -13.4 -0.1
2114.9 -38.7 94.4 -85.2 14.5 -50.6
2641.1 -156.1 -27.8 -82.5 -21.3 -35.7
5.1 11.2 11.5
418.5 3.5 -28.3 -5.3 -12.7 -0.7
2123.3 -46.2 104.4 -86.1 19 -46.8
2650.4 -167.1 -14.8 -87.9 -15.4 -35.2
5.5 12.6 12
418 3.6 -29.2 -4.8 -13.3 0.1
2129.8 -56.5 109.8 -87.9 16.3 -42.5
2654.9 -179.4 -9.9 -92.3 -15.5 -34.1
5.4 12.1 13.9
418 4.1 -29.1 -4.8 -13 0
2129.4 -49.9 113.2 -88.8 24.4 -43.5
2651.3 -169.9 -12.5 -92.4 -11.2 -39.2
5.1 14.5 18.8
418 4.9 -29.4 -4.7 -12.7 -0.2
2125.9 -22.6 106.4 -84 33 -53
2647.2 -155 -20.8 -88.1 -9.9 -43.1
5.2 17.6 15
418.8 5.5 -29.6 -4.5 -13.1 -0.1
2147.8 5.9 107.7 -70.6 22.2 -47.8
2652.4 -152.9 -26.1 -81.7 -12.6 -35.9
winner is: 16
