Regression analysis information for: S01_selected_tokens_0018
number of formants: 3
number of coefficients: 5
0.8 19.2 24.8
553.7 -3.4 -5.5 -0.4 -2.1 -0.1
1927.3 -3.9 15.1 -1.6 -37.6 -11
2217.2 39.4 -128.9 57.3 4.8 34.2
0.9 23.3 33.6
552.1 -2.6 -5.8 -0.2 -2.3 -0.3
1943.7 29 8.5 26.1 -35.1 19.4
2210.5 -10.8 -159.9 76.6 23.3 52.6
1.1 37.5 15.8
550.8 -2.3 -6.1 -0.4 -2.7 -0.8
1932.6 42 -40.2 38.5 -64.7 35.1
2184.6 -63.5 -198.2 83.4 23.7 37.8
1.1 50 41.7
549.1 -1.4 -5.4 -0.6 -3.7 -1.1
1904.8 43.8 -116.6 49 -117 6.9
2069.4 -34.5 -45.5 79.6 -36.2 4.4
1.2 33.7 16.5
548.4 -1.1 -5.1 -1.2 -3.7 -1.1
1861.8 33.4 -91.8 40.2 -144 -17.4
2047.7 11.7 -33.6 13.1 16.4 31
1.2 35.4 20.1
548.4 -0.7 -5.4 -1.7 -3.3 -1.5
1886.6 44.7 -110.7 29.3 -109.3 -31.5
2058.1 43.6 -26.6 -14.2 5.3 11.1
1 31.7 22.5
549.6 -1.3 -4.5 -2.1 -2.8 -1.7
1937 33.3 -63.9 31.5 -72.9 16.6
2111.3 82.5 -55.1 -19.1 -40.4 -49.4
0.9 31.4 41.5
552.1 -1.3 -4.3 -2.4 -1.9 -1.8
1969.8 35.5 -33 33.6 -34.2 39.7
2285.2 176.4 -134.9 -34.5 -92.4 -85.8
1 49.1 106.4
555.4 -1.2 -4.7 -2.2 -1 -1.5
1973.1 26.2 -50.4 20.2 -41.4 25.7
2609 249.8 -204.2 -26 4.9 -87
0.9 13.2 121.9
559.4 -2.8 -4.5 -2.1 -0.8 -1
1999.7 19.1 -17.2 8.7 -1.2 7.9
2806.8 65 -106.8 21.3 51.7 -90.9
0.6 3.9 5.9
561 -5.3 -3.8 -1.6 -1.5 -0.3
2008.7 8.5 -10.1 4.6 0.5 9.2
2904.7 -94.4 -3.2 2.6 0.1 22
0.9 4.5 6.3
560.4 -6.4 -3.9 -0.5 -2.7 0.3
2007.9 5 -9.3 7.2 -0.2 9.9
2907.4 -98.2 -1.8 4 1.4 22.1
1 4.9 7.7
558.6 -5.8 -4.3 -0.4 -3.5 0.3
2002.6 1.5 -6.3 8.5 -2 10.1
2904.3 -103.8 2.2 5.8 -0.7 23.2
1.2 4.1 7.7
556.8 -4.8 -5 -0.6 -3.6 -0.1
1994.3 -1.9 -4.2 8 -3.5 8.3
2893.3 -108.7 4.4 6 -5.2 22.4
1.1 3.3 7.3
555.8 -3.6 -5.8 -0.7 -3.6 -0.6
1990 0.1 -6.7 5.8 -3.8 5.5
2883.5 -100.9 -4 5.1 -8.4 19.7
1.2 3.1 7.4
555.7 -3.1 -6.2 -0.8 -3.5 -0.8
1990.4 3.3 -8.8 3.6 -3.7 4.1
2881.5 -92.5 -10.1 3.4 -9 18.3
1.3 3.2 7.9
556 -2.8 -6.7 -0.9 -3.6 -0.9
1993.6 5.7 -13.2 1.6 -4 2.6
2884.8 -87.4 -18.5 2.6 -10.2 16.6
1.4 3.5 8.8
556.5 -2.3 -7 -1 -3.5 -1
1999.2 11.8 -16.2 0 -2.8 2.5
2891.4 -77.9 -23.5 2.7 -8.5 17.4
1.5 4.2 7.7
558.1 -2.2 -7.3 -1.1 -3.5 -1
2013.9 18.8 -20.8 -2.2 -2.8 2.3
2914.1 -80.2 -22.5 -0.9 -5.2 15.7
1.9 7.5 7.6
561.4 -1.6 -7.8 -1.3 -3.4 -1.3
2046 37.2 -28.2 -5.3 -1.2 1.3
2954.9 -83.6 -18.8 -5.6 3.3 11.8
winner is: 11
