Regression analysis information for: S01_selected_tokens_0027
number of formants: 3
number of coefficients: 5
23.8 237.4 76.8
570.2 -86.3 -7.4 27.8 15.5 -14.9
1800.6 497.3 117.2 -30 -312.5 -257.2
2497.1 594.7 -256 -84.4 -48.3 -22.5
4.9 180.6 80.8
580.1 -78.7 -10 1.4 4.2 2
1944.8 627.8 186.3 -118.1 -378.2 -84
2555.1 660 -220.5 -136.8 -102 -26.3
28.2 191 93.6
568 -90.7 11.6 20.5 -1.1 -9.9
1845.7 526.7 412.4 67.1 -349.3 -108.7
2518.5 653.1 -141.3 -56.5 -99.4 -38.6
11.1 227 121.5
572 -79.4 2.4 -1.3 2.7 10
1936.1 599.3 292.7 -114.7 -267.9 126.1
2515.3 630.4 -214.8 -55.4 -6.1 89.9
9.3 162.7 95.7
571.3 -74.9 2.7 -7.2 0.2 12.5
1980.4 666.6 247.7 -243.9 -335.7 147.3
2578.7 737.3 -218.1 -130.2 -106 1.3
10.2 148.9 69.7
570.6 -71 -1.9 -8.2 6.6 9.3
2008.3 729.1 168.3 -318.2 -283.6 175.2
2589.1 747.9 -273.3 -190.4 -120.3 -1.7
9.3 143.3 71.3
573.8 -72.3 -8 -3.6 9.4 3
2085.2 751.9 37.7 -313.4 -144.9 205.4
2616.7 748.6 -314 -203.6 -85.3 7.4
16.3 207 70.6
572.6 -77.5 -2.5 2.7 3.1 -4.1
2103.2 706.2 13.9 -234 -127.7 93.4
2642.4 768.6 -327.2 -182.3 -51.6 -38.1
7.4 207.1 84.8
583.1 -86.7 -14.4 6 6.7 -8.6
2183.1 664.7 -43.1 -124.6 -88.1 5.8
2701.6 815.8 -314.3 -121.8 -7 -77.2
6.5 196.3 110.1
588.4 -98.6 -15.8 6.8 5.4 -9.7
2209.7 655.7 -61.3 -122.2 -74.5 16.9
2749.1 861.7 -272.9 -101.3 3.7 -111.8
6.2 156.2 143.2
593.1 -112.4 -14.5 7.1 2.1 -9.2
2283.3 609.4 -138.8 -12 -88.8 -53.7
2840.1 885.7 -253.3 -5.8 -2.5 -156.3
9.5 190.5 227.3
596.1 -124.6 -11.7 8.9 -2.7 -5.9
2257.8 660.1 -174.8 4.7 -98.7 -63.4
2953.3 763 -120.3 -97.7 97.9 -282.1
23.4 130.2 163.3
591 -118.3 -16.1 12.1 -3.8 -7.2
2330.8 629.5 -243.1 -3.7 -57.5 -21.1
3205.9 376.1 86.6 -112 -44.9 -84
11.9 51.8 85.2
601 -140.8 -1.1 6.1 -3.7 5
2387.5 575.4 -250.7 -33.4 -23.7 33.3
3259.9 299.2 129.9 -153 -78.7 -42.7
12.7 42.5 76
600.1 -144.9 2.7 5.3 -0.4 7.9
2409.2 575.2 -282.8 -37.7 7.6 38.7
3281 325.9 140 -159.8 -75.4 -42.4
13.2 43 77.6
596.1 -146.5 4.9 5.9 3.6 8.9
2414.4 576.4 -291.1 -39.7 12.9 37.8
3304.4 353.1 140.4 -171.5 -79.6 -37.3
13.1 43 81.8
590.1 -146 4.8 8.1 6.6 8.7
2414.4 581.6 -297.5 -42.4 15.4 37.3
3330.3 377.5 134.7 -190.4 -86 -33.8
11.8 41.1 86.9
576.1 -146.4 6 11.4 11.5 4.9
2419.1 594.1 -290.9 -56.3 11.2 46.4
3407.5 485.6 139.4 -242.8 -102.9 -22.3
9.5 51 173
567.6 -143.5 6 12.1 10.5 4.1
2385.1 607.3 -233.4 -67.6 -35.8 53.7
3355.4 513.9 312.5 -130.2 -191.3 -208.7
7.8 44.9 201
564.7 -141.8 2.7 12.8 10.3 2.8
2377.9 608.6 -221.2 -59.2 -42.5 48.6
3291.8 440.4 306.3 -14.9 0.6 -42.4
winner is: 15
