Regression analysis information for: S01_selected_tokens_0074
number of formants: 3
number of coefficients: 5
7.5 132.5 66.2
432.5 -33.3 -22.6 6 -9.8 4.8
1593.2 -276.8 -453.3 -142.5 173 234.4
2638.4 -59.7 -148.2 85 -82 108.9
5.9 110.5 43.8
432.2 -33.5 -22.7 3.6 -10.6 4.9
1581.2 -289.7 -381.7 -65.3 209.6 158.3
2650.5 -104.2 -107.1 58.4 -40.4 78.5
6 155.7 84.5
431.4 -30.7 -21.5 2.7 -10.1 4.7
1561.2 -256.8 -405.7 -28.1 228.4 166.8
2611.8 -14.8 -177.5 107.9 -62.5 68.8
7.4 194.6 158.3
432.3 -25.7 -22.5 5.5 -12.1 5.9
1905.9 301 -293.3 -289.7 -166.2 -124.9
2679.3 195.6 -150 87.1 -150.3 -49.3
8.7 35.6 92.9
432.2 -20.2 -21.7 5.4 -11.8 6.2
2068.1 513 -16.4 -98.1 -15.4 -5
2753.5 173.3 -23.3 141.7 -92.9 34.4
8.6 26.9 74.7
432.3 -16.7 -17.3 3.1 -11.3 5.8
2066.8 492.8 -18 -96.1 -3.1 4.6
2764.5 144.9 -31.8 137.1 -103.2 50.4
10.2 29.3 87.4
429.3 -16.5 -16.6 4.1 -13.6 5.7
2072.9 513.6 -33.1 -97 -8.8 27.4
2777.8 155.5 -40.5 144.6 -130.8 72.1
10.1 30 92.5
427 -18.9 -16.9 4 -13.2 6
2083.8 527.6 -26.9 -102.9 -8.8 29.4
2798.6 148.1 -16 124.2 -128.3 53.4
8.7 32.1 85.3
426.4 -21.2 -15.6 3.2 -11.4 5.7
2088.9 538.1 -18.3 -104.9 -13.5 29.5
2811.2 141.8 5.2 105.7 -123.6 34.7
8.4 33.2 84.5
424.5 -23.7 -16.4 3.2 -10.9 5.9
2097.7 557.9 2.3 -103.1 -25.7 14.3
2812.8 136.4 22.5 99.3 -128.8 18.3
9.1 29 65.7
422.7 -24.5 -18.2 3.6 -11.2 6.1
2092.2 545.9 33.7 -81.3 -4.7 -13.7
2768.5 18.6 42.3 129.3 -14.9 42
9 26.8 46.1
422.6 -24.4 -18.6 3 -10.7 5.9
2105.7 560.4 19.5 -104.3 -13.1 -7.8
2759.1 -10.2 21.3 108.3 -8 40.3
7.9 31.3 42.6
423.6 -24.5 -17.4 1.8 -9.3 4.9
2116 568.6 6.1 -113.7 -5.7 4.1
2797.4 34.3 21.4 62 -42.9 4.3
7.9 29.1 49.7
424.2 -24 -17.5 1.4 -9.2 4.7
2118.3 563.8 -7.3 -117.2 5.9 12.2
2855.1 116.8 36.4 25.5 -86 -25
9 26.9 56
424.1 -23 -18.7 1.8 -10.3 5.1
2124.3 564.1 -15.3 -120.1 14.4 15.7
2905.3 184.5 58.6 11.4 -104 -33.8
8 24.7 60.2
425.4 -23 -17.5 1 -9.3 4.4
2130.9 565.5 -23.6 -121.5 17.8 16.8
2943.3 230.2 77.6 7.4 -115.5 -36.8
8.2 24.4 66.9
425.6 -22.9 -17.5 1.2 -9.4 4.3
2136.4 568.1 -27.2 -123.1 20.1 18.7
2961.9 254.4 99.4 20.6 -116 -39.3
9.3 25.8 70.6
424.5 -23.1 -18.8 1.9 -10.3 5.4
2133.3 563.8 -25 -125.2 19 23.1
2928 198.1 86.4 35.8 -89.8 -9.6
9.4 25.2 79.2
424.7 -23.2 -18.7 2.5 -10.6 5.3
2131.4 559.6 -16.1 -112.7 15 13.8
2952.6 223.5 116.5 70.8 -76.7 10.9
9.5 22 90.2
425.6 -23.5 -18.8 2.9 -10.7 5.4
2145.8 560.2 -26.3 -111.7 20.8 20.7
2999.4 258.9 156.7 110.8 -66.2 37.7
winner is: 13
