Regression analysis information for: S01_selected_tokens_0025
number of formants: 3
number of coefficients: 5
9 80.9 37.8
537.6 -75 -38.6 -15.2 -12 -7.5
1677 128.5 -123.4 1.5 -80.3 -88
2262 523.4 -18.8 -56.5 -22.3 -16.7
10.8 144 37.4
530.4 -85.8 -39.8 -6.1 -3.6 -7.4
1684.2 143.2 -94.6 32.5 -101.4 -167.4
2261.8 515.3 -12.8 -34.7 -19.7 -46.8
10.2 228.6 47.6
523 -90.7 -41.5 -6.5 -1 -7
1658.2 163.5 -33.2 100.2 -96.6 -270.3
2227.6 535.6 -6.2 -14.8 -5.2 -60.4
7.6 274.7 51.4
518.8 -94 -42.1 -10.7 -3.2 -3.2
1607 92.7 -113.5 -17.9 -171.1 -282.1
2219.6 535.9 -18.3 -36 -16.3 -44.7
6.5 238.2 42.6
518.8 -94.1 -42.6 -12 -3.1 0.4
1546.7 -12.9 -159.3 18.2 -23.4 -44.2
2227 544.6 -19.3 -36.6 -10.6 -24
7 244.5 81.7
523.1 -90.4 -40.9 -11.5 -2.4 3.2
1730 246.6 33.2 143.8 34.1 -17.9
2280.3 618.9 33.5 1.4 54.7 34.9
7.2 107.6 115.9
527.9 -90.7 -41.3 -13.9 -4.7 5.2
1946.4 483.6 104.8 63.5 -48.8 65.8
2357.7 695.7 73.5 -15.1 67.5 84.9
7.1 51.8 123.4
533.9 -94.6 -41.7 -15.2 -6.7 5.7
2023.4 538.3 77.8 22 -111.7 -16.6
2426.5 577.8 147.3 -78.1 70.2 73.3
6.5 57.3 154.6
539.1 -100.9 -43.2 -13.7 -7.6 5.3
2061.3 539.1 28.9 42.1 -67.9 -40.9
2660 183 377.5 -126.5 -25.1 213
5.6 69.8 143.9
541.7 -108.3 -47.7 -9.1 -5.4 4.1
2086.1 534.6 -16.8 36.5 -46.6 -47
2818.7 34.4 320 30 -83.3 231.9
5.9 106.8 136.8
542.4 -113.6 -53.1 -4.6 -1.1 3.7
2071.4 503.5 -51.9 14.3 -52.3 -41.2
2911.5 -24.6 223.5 132.3 -29.1 164.5
6.1 131.9 131.6
542.1 -113.3 -59.7 -1.7 2.8 0.6
2031.5 439.9 -85.1 16.3 -32.2 -14.9
2936.5 -18.3 176.2 198.5 -11.5 146.6
6.7 127.4 113.3
542.2 -112.9 -62.7 -1.2 5.2 -0.9
2026.2 432.9 -88.9 20.8 -24.3 -10.2
2940.5 -7.2 133.2 235.7 -15.5 130.8
7.3 114.5 111
542.3 -111.9 -64.5 -1.4 6.4 -2
2043.2 461.6 -78.2 21 -29.9 -21.1
2930.1 16 99.8 250 -25.7 131.9
7.7 88.7 123.9
542.7 -111 -63.9 -2.7 6.4 -1.9
2086.1 530.5 -44.9 23.4 -40.1 -37.1
2958.2 17.5 140.1 247 12.3 123.6
8.1 52.3 132.8
543.9 -109.3 -62.5 -4.3 6.3 -1.6
2141.7 614.6 -4.1 24.8 -50.9 -51.1
3022.3 64.7 228.7 244.9 32.6 72.8
8.4 42.9 125.6
544 -108.8 -59.9 -6.4 5.1 -0.5
2161.5 635.8 -11.2 0.6 -58.4 -34
3094.6 98 354.9 234.6 59.3 8.8
8.3 76.6 150.2
542.1 -110.2 -57.2 -9.4 4.2 1.9
2128.4 576.6 -49.2 -18.4 -49 -9.2
3048.4 -66.7 341.4 102.6 46.1 1.3
8.8 45.7 144.4
542.7 -110.4 -56.3 -10.7 3.6 2.5
2158.6 623.9 -25.6 -20.5 -53.5 -1.4
3089.6 -71.9 429.6 99.5 94.1 17
9.2 51.8 157.6
544.2 -110.6 -57.5 -11.8 3.7 2.3
2174.5 636.9 -52.7 -64.3 -81.6 -1.9
3201.5 32.5 545.3 113.6 124.4 -21.5
winner is: 1
