Regression analysis information for: S01_selected_tokens_0036
number of formants: 3
number of coefficients: 5
0.9 14 32
539.2 -18.3 -6.8 -0.7 -2.5 -0.3
1773.7 263 -20.8 22.2 -72 3.3
2077.2 333.8 -84.8 30.2 7.5 -15.3
0.9 16.3 33.4
537.4 -20.9 -7.6 -1.2 -2.8 -0.7
1786.6 276.7 -11.7 20.3 -74.5 3.3
2073.9 340.2 -77.6 26.7 8.2 -17.2
1.1 23.4 35.3
535.4 -24.3 -9 -1.9 -3.2 -1.5
1798.5 288.6 2.2 18.4 -79.8 -3.4
2059.8 328.1 -83.3 18.8 3.4 -35.9
0.6 22.1 21.6
533.6 -25.7 -9.9 -1.9 -2 -1.5
1755.6 255.3 -21.2 17.1 -72.9 -47.3
2009.9 300.7 -100.7 -7.8 54.4 -22.1
0.6 22.8 15
533 -27.2 -9.6 -2.8 -2.1 -0.9
1738.7 189.2 -35.8 -1.8 -74.8 -16.5
1996.6 318 -68.2 -30.1 41.9 -1.2
0.8 19.9 14.7
534.3 -29.4 -8.2 -2.7 -1.5 -1.3
1755.2 158.7 9.3 14.6 -44.2 -15
2028.8 296.6 -89.1 7.6 19.3 -6.2
0.8 34.6 20.1
537.4 -31.3 -6.4 -3.5 -1 -1.5
1804.2 216.2 27.8 5.5 -54.3 -13.5
2094.5 217.2 -120.5 83.6 -27.7 13.5
0.8 18.9 49.6
541.4 -33 -5.1 -4.2 -0.7 -1.7
1886.1 283.4 47.8 -50.9 -33.7 3.4
2606.8 -289 287 97 -73.5 -2.5
1 13.2 53.7
545.6 -31.3 -5.3 -4.7 -0.6 -1.3
1894.3 284 30.7 -58.4 -22.3 13.8
2781.9 -203.4 87 32.4 -53.1 -13.7
1.1 11.1 10.8
548.2 -28.3 -7 -5.4 -0.9 -0.7
1898.7 286.1 26.6 -58.2 -18.4 14.6
2842.6 -187.1 -9.2 9.7 29.2 9
1.1 10 11.5
547.6 -25.7 -10.3 -5.6 0.2 -0.1
1901.5 289.2 23.5 -60.4 -15.6 16.7
2853.8 -192.4 4.5 9.4 27 12.3
0.9 9.4 10.8
547.3 -24.8 -11.4 -5.7 0.3 -0.1
1901.8 288.7 21.9 -60.5 -14.8 16.5
2854.4 -195.1 -2.3 1 24.4 10.5
0.8 8.8 9.9
546.4 -25.6 -12.2 -5.5 0.8 -0.4
1901.5 288.1 19.7 -62.3 -14.4 17
2852.2 -198.5 -4.1 0 28.9 11.9
0.8 8.7 9.2
546.1 -26 -12.2 -4.9 0.8 -0.8
1900.5 286.5 19.2 -61.8 -14.7 16
2848.9 -202.2 -6.5 2.5 29.5 9.9
0.7 8.1 7.9
546.7 -25.7 -11.9 -4.2 0.9 -1
1900.9 286.2 20.3 -58.8 -13.9 14.5
2850.5 -204.3 -7.8 7.3 27.8 5.8
0.7 8 8
547.1 -25.6 -11.9 -3.8 1 -1.2
1902.8 288.3 21.1 -57.3 -12.7 14.6
2856.5 -201.3 -5.7 12.9 29 4.9
0.7 8.5 11
547.2 -26.2 -11.8 -3.7 0.7 -1.5
1904.1 290.9 22.7 -57.4 -13.7 14.4
2864.1 -201 3.1 18.8 26.7 3.6
0.7 8.5 10.4
548.2 -25.4 -11.6 -3.1 0.7 -1.4
1906.8 293.8 25.2 -53.8 -12.2 14.1
2873.1 -196.6 3.2 24.8 22 4.4
0.7 8.2 10.6
548.7 -25.5 -11.6 -3.1 0.8 -1.3
1910.9 300.3 27.5 -53.3 -10.4 15.8
2886.4 -186.8 12.7 29.8 26.1 8.8
1 9 7.8
551.2 -23.5 -11.1 -2.5 1.5 -1
1921.9 314.3 33.4 -47.6 -4.7 17.8
2922.1 -161 25.1 38.8 32.8 15
winner is: 15
