Regression analysis information for: S01_selected_tokens_0048
number of formants: 3
number of coefficients: 5
14.3 42.2 10129
530.8 87.9 31.9 -23.1 -22.6 -10.6
910.6 177.6 164.7 -31.4 -0.2 -59.4
1845.4 293.1 2.7 140 -126.8 -106.8
16.7 52.6 10330.4
532 73.1 32 -28.6 -27.8 -4.4
933.5 103 218.6 -60.1 32.9 -67.9
2006.7 -164.1 230.1 -34.8 -159.9 -1.4
15.5 47.4 10171.2
522.2 54.4 30.9 -26.7 -34.8 -8.5
921.1 45.4 243.8 -45.1 75.5 -69.2
1890 -555.3 183.4 -164.5 -120.3 -19.1
15.5 41.1 10092.6
528.1 58.3 29.9 -29.4 -30 -6
927.8 44.4 245.9 -61 77.8 -82.6
1856.4 -673 173.1 -31.2 29 64
16.7 75.4 442.7
543.6 78.1 18.3 -32.5 -16.8 3.6
950.1 83.5 208.5 -127.4 14.3 -108.9
2318.9 -79.2 231 -266.5 -266 -50.5
13.3 69.3 136.9
561.8 95 1.3 -35.6 -3.6 15.4
987.2 138.9 207.8 -130.4 34.2 -66.1
2930.8 419.8 -71 -236.7 141.6 3.7
13.1 71 71.9
567.8 98.4 -4.5 -28.5 2.5 14
989.6 150.3 195.8 -126.4 33.6 -58.1
3007 368.1 -191.1 -117.4 163.2 -130.1
13.1 69.5 71.6
562.1 91.5 -3.6 -27 -4 8.7
980.4 140.3 202.3 -114.9 33.9 -63.7
3018.2 406.5 -254.7 -64.6 130.7 -103.4
13.5 51.8 116.6
550.3 74.7 0 -24.6 -12.1 7.1
950.6 106.1 216.1 -77.5 52.9 -75.7
3007.9 412.9 -176 -49.2 16.6 -81.4
9.9 46.1 93
545.2 61.3 3.8 -21.3 -16.8 8.4
938 92.2 215 -69.1 61.3 -77.8
3069.9 367.8 -158.3 -72.3 39 -57.5
10.1 46.6 63.6
548 49.5 4.2 -17.8 -24.5 14.6
937.6 85.8 217.6 -76.8 66.8 -83.6
3154.6 269.1 -163.6 -67 73 -24.8
11.6 45.6 101
555.5 40.9 3.9 -14.3 -29.3 22
939 80.6 223.5 -81.8 68.1 -85.2
3241.8 126.4 -127.6 -3.6 -23.4 36.3
12.1 39.6 71.6
563.5 35.8 -0.2 -13.1 -31.9 26.3
959.9 43.3 252.8 -90.4 53.8 -62.3
3320.4 9.3 -90 28.4 -101 98.8
13.7 53.4 67.8
572 33 -7.4 -11 -34.5 27.5
983 2.8 287.7 -100.6 37.5 -35.4
3339.6 5.1 -108.2 48.5 -115.3 78.4
14.3 61 67.9
580.2 32.8 -11.8 -7.7 -35.7 26
986.3 -4.5 302.8 -108.9 37.1 -30.7
3353.6 11.3 -103.2 42.6 -114.8 73.8
15.1 54.9 68.3
585.3 34.9 -17.1 -5 -37.4 20.3
969.3 25 294.9 -115 51 -53.8
3363.8 22.9 -105.7 43.6 -118 72.3
15.9 47.9 68.6
589 38.2 -19.2 -2.2 -40.2 13.9
946.9 62 279.4 -117.6 68.4 -80.2
3372.6 32.9 -105.2 43.1 -121.3 70.9
18.7 42.7 67.9
583.4 49.9 -20.8 -1.5 -29 -1.9
942 74.6 264.7 -106.9 57.4 -66.4
3365.9 45 -99 48.2 -123.2 58.4
18.4 43 67.6
583.5 55.8 -21.9 -3.8 -24.8 -5
946 67.8 266.9 -105.1 51 -62.2
3365 56.1 -100.2 53.1 -122.6 57.4
18.5 44.9 68.3
592.2 59 -22.6 0.8 -24.7 -5.8
937.8 67 274.2 -111.9 49.1 -59.9
3377.4 62.7 -98.8 58.7 -116.4 56.7
winner is: 11
