Regression analysis information for: S01_selected_tokens_0083
number of formants: 3
number of coefficients: 5
18.8 49 34.9
755.1 26.3 15.6 21.6 16.6 16.6
1718.5 -11.8 49.6 56.3 61 -5.7
1935.8 46 74.4 -14.9 26.9 19.4
17.2 33.3 33.9
758.6 28.5 14.3 22.9 15.6 16.6
1752.2 13.3 65.3 30.6 50 4
1975.3 57.8 64.9 20.4 32 -4.6
17.4 32.6 42.5
759.9 29.9 13.7 24.1 14.8 17.5
1774.5 16.6 67.7 16.7 44.6 9.2
1993.4 64 68.4 39.7 35.6 -10.1
18.9 30.7 48.3
758.9 29.8 12.7 24.6 14.5 18.4
1788 22.9 72.4 25.6 51.6 19.3
1982.6 39.8 62.3 37 39.1 -9.6
19.3 43.7 49.3
753.8 25.6 10.6 24 11.7 15.7
1747.4 -35.8 68.1 60.3 47.4 -9
1947.2 27.8 54.4 5 20.5 -11
11.8 62.6 33.1
737.2 10.9 -7.4 2.4 -5.5 -0.3
1611.1 -11.4 5.3 -16.8 3 -46.7
1944.2 39.8 53 -14.7 21.4 1.3
12.3 63.3 20.3
738.6 12.5 -10.9 2.3 -7.9 -0.3
1640.2 29.9 -42.9 3.7 -30.7 -35.3
1930.7 63.2 39.6 12 -1.6 29.6
18.2 74.2 32.2
741.9 10.9 -17.6 -0.5 -13.1 -4.4
1721.6 47.5 -82.6 0.1 -60.7 -40.6
1917.8 74.3 62.6 24.8 12.5 21.9
17.3 55 65.8
757.7 28.9 -5.6 14.5 0.1 9.3
1785.9 58.5 -58.6 -0.7 -71.9 19.1
1998.7 173.6 75.1 71 53.1 -26.3
21.7 38.2 156.9
772.9 38.2 0.3 23.4 6.5 17
1816.3 65.2 -21.5 11.6 -45.9 36.6
2249.1 365.1 52.7 82.7 10.1 -110.8
22.8 31.9 200.9
786.7 42 5.9 29.8 11.6 22.6
1833.2 62.5 3 10.5 -25.7 34.3
2640.1 435.9 -188 30.9 23.5 -46.6
23.4 47.5 208.7
795.1 42.5 10.4 32.9 14.8 26.4
1830.9 108 -7.4 52.1 -33.9 67.7
2921.5 209.6 -184 108 -35.4 69.1
23.7 21.1 37.9
800.6 41.4 13.5 33.9 17.5 27.8
1861.6 52.6 46.1 1.7 12.8 25.6
3111.7 -112.1 33.7 -24.8 32.2 5.6
24.2 21.4 23.4
803.1 40.3 16 34.3 19.4 28.8
1863.1 52.2 46.4 1.7 12.8 25.9
3121.4 -119 32.5 -12.6 13.3 18.4
24.6 21.9 21.7
803.5 40 16.6 34.5 20.2 29.6
1864 51.9 46.6 1.6 13.2 26.5
3126.6 -119.2 34.3 -14.2 13.8 17.7
24.2 22.6 21.8
801.5 39.9 15.4 35.2 19.4 29.9
1863.5 51.8 46.7 2.3 13.9 27.3
3133.8 -122.8 37 -17.2 14.8 19.4
23.2 22.9 23.1
799.2 39.2 12.3 34.8 16.8 29
1863 52.1 46.3 3.1 14 27.9
3138.2 -126.3 39 -17.8 17.5 21.4
16.6 25.9 36.4
786.4 24.9 -5.3 22.5 -0.2 15.8
1848.8 35.4 28.2 -8.4 -1.5 17.5
3122.3 -152.5 22.7 -25.5 5.5 16.2
13.9 22.2 50
780.3 24.2 -8.1 17.8 -3.1 13.1
1843.2 41.9 30 -6.9 -1.3 18.2
3081.5 -151.7 1.1 -24.7 -14.7 3.9
14 18.6 32.4
779.2 22.6 -12.3 15.2 -7 10.4
1848.8 53.8 37.8 3 5.6 27
3096.8 -110.7 24.1 4.1 6 27.4
winner is: 20
