Regression analysis information for: S01_selected_tokens_0092
number of formants: 3
number of coefficients: 5
13.3 161.2 61.6
594.6 -103.9 -91.3 -20.8 2.5 28.7
1822.9 168.2 173.1 39.2 136.1 174.2
2256.1 391.4 209.4 -66.4 69.8 -39.2
14.5 173.5 61.2
602.7 -114.7 -100.2 -13.9 -6.3 24
1874.3 149.6 89.6 19.4 98.8 91.1
2357.8 288.3 195 54.3 -28.1 1.5
12.2 155.4 73.4
609.9 -116.6 -102 -0.2 -6.2 27.4
1921.3 190.7 79.9 -5.4 76.1 34.7
2400.8 249.6 177.2 89.7 -55.4 -16.8
12 99.5 72.8
613.8 -120.1 -102.6 3.8 -8 26.5
1979.8 271.1 131.1 41.9 125.6 69.4
2429.5 227 192.3 115.7 -52.5 -11.6
10.9 71.2 70.3
608.9 -116.5 -98.5 0.8 -5.2 25.3
1970.7 270.7 177.9 70.7 90 -4.3
2424.5 209.1 230.8 106.5 -76.3 -25.1
11.1 74.1 83.3
605.5 -112.3 -96.6 -4.1 -3.2 23.5
1984.8 318.8 210.1 41.2 20.6 -54.7
2430.6 262.9 239 58.6 -81.5 -68.7
10.4 63.3 70
603.1 -108.8 -99.2 -6.4 -0.4 23.4
2012.9 343.8 187.3 6.1 23.3 -38.2
2403.3 310.4 234.2 35.5 -51.4 -88.5
10.5 49.6 54.7
604.5 -109.7 -104.2 -7.4 -0.6 23.3
2076.3 384.3 124.3 -48.1 40.5 -11
2399 336.8 235.2 65.5 -86.9 -70.2
10.8 22 65.1
608.9 -112 -110.6 -7.9 -0.6 22
2105.4 414.9 117.4 -64.9 12.4 -22.8
2500 389.9 121.8 -16.7 -95.6 11.3
12.1 58.9 64
614.5 -117 -118.7 -5.8 0.3 22.2
2105.6 388.8 97.2 -81.9 -19.9 -61.6
2650.7 403.8 -51.9 -128.1 -76.4 82.5
13.2 49.1 71.7
623.7 -123.4 -125.5 -4 1.8 20.3
2127.3 405.4 119.2 -55.5 -3.5 -51.8
2776.3 308 -177.7 -38.9 21.3 25
15.2 33.1 68.2
631 -129.5 -132 0.3 3.6 19.6
2147.6 420.6 139.7 -35.7 12.6 -38.4
2868 190.7 -179.4 28.4 -9.3 5.6
17.2 26.2 69.7
641.8 -139.5 -135.1 2.5 4.9 16.7
2158.5 415 146.3 -29.2 21.7 -32.7
2983.8 41.5 -81.7 36.9 -42.4 55.5
17.5 26.5 47.9
650.9 -149.9 -135 4.3 4.9 15.6
2166.7 407.9 148.3 -29.8 22.2 -33.5
3046.8 -52.3 -4.4 -23.1 -6.4 22.8
16.3 29.8 44.5
651.5 -153.7 -130.1 1.7 6.4 16.2
2171.9 409.3 152.2 -33.4 21 -36.1
3066.6 -59.1 11.3 -36.5 8.5 8.4
14.8 29.6 44.3
652.7 -157.4 -123.8 -1.2 4.7 16
2174.5 408.9 155.7 -33.8 22 -36.4
3079 -44 20.5 -34.8 12.5 8
12.6 30.2 45
650.2 -158.9 -118 -0.9 0.3 20.1
2174.7 407.5 158.7 -37.8 15.4 -36.8
3090.4 -31.3 37.5 -31.8 15.9 8.2
10.8 21.6 48.8
641.7 -153.3 -115.6 0.4 -3.9 21.4
2146.8 378.9 138.7 -49.8 7.2 -31.2
3035.1 -86.7 14.3 -40.3 11.6 14.3
10.9 23.1 34.5
639.8 -153.3 -117.1 6.1 -6.7 23.1
2137.7 366.7 134.1 -45.8 5.6 -28.4
3009.9 -117.6 7.9 -36.6 -2.7 -8
12 31.9 37.1
639.8 -152.4 -118.8 9.6 -9.1 22.9
2155.9 405.9 163 -22.2 4.8 -39.6
3018 -86.4 24 -12.2 -14.3 -14.6
winner is: 19
