Regression analysis information for: S01_selected_tokens_0062
number of formants: 3
number of coefficients: 5
8.1 19.3 71.8
436.7 -17.9 -7.8 -8.6 -10.5 -9.1
1703 83.4 12.4 -6 11.1 -0.5
2786.9 -26.3 -136.6 72.9 -71.3 73.3
7 17.4 58.9
436.3 -16.3 -6.1 -6.8 -9.9 -8.5
1706.2 81.6 10 -8.8 10.4 -1.2
2795.7 -26.4 -112.8 67.7 -47.5 74
7.8 18 55
435.1 -16.9 -7.6 -7.3 -11.3 -9.4
1710.4 82.7 13.2 -9.7 11.9 -1.4
2794 -27.8 -107.3 62.6 -44.2 70.6
8.2 18 43.8
434.4 -16.2 -8.7 -6.6 -11.6 -8.9
1714.7 84.1 16 -10.5 11.7 -3.1
2803.3 -43.1 -83.6 43.6 -28.8 55.3
9.7 19.4 24.3
431.7 -17.4 -12.9 -7.4 -14.1 -9.3
1722.6 85.8 22.4 -12.6 15 -5.9
2822.9 -74.2 -48.3 12.4 -2 25.8
10.2 22.7 63.5
427.7 -18.6 -14.5 -8.4 -13.5 -9.4
1723.7 102 9.8 0.3 -0.3 5.7
2821.2 -50.4 -76.4 42.1 -36.9 55.5
9 37.6 123.3
422.4 -20.7 -15.1 -9.2 -12.4 -8.8
1708 147.4 -32.9 37.8 -37.7 33.1
2778.8 57.8 -184.4 143.6 -133.5 142.3
8.1 26 123.3
413.6 -25 -14.8 -11.2 -9.6 -5.6
1722.9 127.2 -15.5 16.9 -23.1 15.6
2794.9 52.5 -192.2 146.3 -139.4 138.5
6.3 28.4 111.1
405.1 -28.3 -9.9 -10.3 -6.9 -4.8
1708 65.3 -0.1 -4.2 8.5 9.5
2835.9 -28.8 -156.3 106.5 -74.1 105.3
5.8 37.6 114.8
401.8 -29.7 -10.3 -10.6 -7.2 -5.7
1664.6 5.4 7.3 -0.2 37.4 16.5
2814.1 -93.7 -29.8 -4.1 -25.3 79.4
5.4 36.6 26.6
401.8 -29.1 -9.7 -10.5 -6.3 -6.1
1656.6 -1.7 3.5 -4 35.2 12.1
2876.5 -163.5 -55.8 7.9 29.1 20
5.5 41.1 24.6
402 -29 -10.6 -11.2 -7 -6.7
1676 21.6 6 -13.1 26.8 4.3
2886.2 -150 -54 0.5 19.4 15.5
5.4 38.8 22.9
403.1 -27.5 -10 -11.3 -6.6 -6.9
1699.7 51.8 4.8 -25.6 11.1 -7.5
2903.1 -135.8 -57.7 -11.1 9 10.6
5.8 37.8 22.4
403.4 -27 -10.7 -12 -7.5 -7.2
1728.6 91.3 16.8 -32.1 4.1 -15.8
2921.4 -122.8 -58.1 -19.9 3.9 6.2
5.7 35.9 21.3
404.4 -25.1 -9.7 -11.8 -7.1 -7.3
1754.4 132.8 30.3 -35.9 -8.1 -28.8
2937.5 -110.3 -59.3 -29.4 -4.9 -0.4
5.9 39.2 22.2
404.9 -24.2 -9.5 -11.9 -7.3 -7.4
1780.8 175.9 50.9 -32.3 -11.2 -35.8
2951.2 -100.5 -59.3 -36.6 -10.1 -5.8
6.7 46.5 32.1
403.8 -24.2 -10.6 -12.4 -8.8 -7.8
1783.2 208.4 71.6 -22 -9 -30.7
2938.6 -86.4 -64.8 -31.9 -20.1 -5.1
6 41.8 27.5
402.7 -24 -9.3 -11.2 -7.1 -6.6
1727.2 162.3 65.8 -6.7 20.7 -1.7
2893 -86.5 -64.1 -19 -8.9 5.8
6.9 43.6 26.3
401.6 -25.7 -11 -12.6 -8.5 -7.6
1722.5 157 65.7 -12 23.8 -1.9
2893.6 -80.1 -56.1 -20.5 -1.3 7.8
7.3 49.3 27.7
401.8 -26.1 -11.4 -13 -9 -8.1
1739 170.1 75.1 -4.2 28.6 1.2
2907.1 -89.7 -55.6 -25.7 -2.1 3.9
winner is: 5
