Regression analysis information for: S01_selected_tokens_0115
number of formants: 3
number of coefficients: 5
8.7 43.8 27.6
720.2 -37.5 -24.3 0.4 -24.8 2.4
1517.1 207.5 96.7 46.5 -36.3 -4.6
2000.9 308.3 37.4 103.5 3.6 23.8
16.4 50.5 27.1
718.3 -29.2 -30.9 3.4 -32.1 7.3
1498.3 251.5 43.3 72.3 -86.3 20.3
2003.3 310 35.3 98 -1.3 16.9
16.2 65 27.9
716.6 -30.2 -30.7 2.5 -31.1 8
1473.7 287.8 3.3 104.6 -126.4 52.4
2000.6 309.9 36.2 95.7 0.3 14.1
15 71.6 26.2
716.2 -33.4 -29.3 0.7 -28 8.2
1473.1 280 8.9 104.9 -121.6 64.6
1995.2 306.9 35.1 95.5 7.9 18.4
17.3 77.7 26.5
716.5 -31.2 -31.4 1.6 -29.9 12
1486.2 278 21.5 106.6 -118.5 85.2
1994.2 311.5 35.6 96.4 12.5 20.9
23.1 88.9 54.2
716.4 -24.3 -39.1 4.5 -35.8 18.7
1517.2 284.3 46.4 102.5 -101 101.1
2010.6 300.9 66 75.3 44.5 -3.2
24.7 96 86.4
721.4 -20 -40.3 3 -37.6 19.3
1555.3 278.9 70.6 83.6 -92.9 95.8
2028.1 281.7 98.6 56.1 73.9 -27.8
12.8 84 154.3
732.8 -24.4 -32.8 -11.5 -29.4 6.7
1600.6 289.1 95.1 35.3 -59.4 50.3
2073.6 219.4 185.7 -7.1 149.2 -104
19.5 90.7 164.6
740 -13.4 -42.5 -10.3 -38.1 9.8
1649.6 304.3 80.4 32.5 -60.5 71.8
2094.6 260.4 199.5 -13.9 129.7 -129.8
13.9 76.4 201.6
754.2 -16.2 -41.1 -17.9 -35.4 0.9
1720.6 269.4 91.7 15.8 -20.6 46.8
2182.8 149.6 357.6 -154.5 229.1 -233.7
11.9 48.7 157.6
768.1 -19.2 -48.4 -19.4 -37.1 0
1812.8 220.6 53.6 40.8 3.2 33.3
2283 -7 531.2 -271.7 261.9 -173.9
14.4 67.4 214.8
781.5 -22.9 -64.3 -16.4 -36.8 5.7
1807.8 202.7 58.1 52.6 49.6 59.1
2376.6 -98.9 535.6 -240.1 187.7 -141.3
16.6 34.6 65
797.7 -17.8 -81.4 -24.9 -45.5 11.1
1860.2 206.3 12.9 50.7 2.3 36.3
2781.3 -281.1 209 -140.5 36 2.9
19 33.2 55.3
806.5 -11.7 -90.7 -29.3 -50.4 13.2
1864 211.1 11.8 51.7 0.3 36.4
2800 -280.5 211.2 -155.1 37.6 -8.6
17.8 31.7 49.8
810.9 -5.2 -89.3 -31 -53.5 10.7
1869 216.4 13.8 53.1 -0.3 35
2813.7 -274.8 211.7 -157.6 41 -13
16.2 31.3 53.7
804.6 -0.1 -85 -26.6 -56.1 7.2
1871.1 230.3 17.1 60.6 -1.6 36.7
2822.8 -273.4 227.8 -158.6 41.4 -11.4
14 31.1 71.8
797.5 3.9 -75.6 -21.8 -56 2.4
1869.6 242.1 21.6 67.1 -3.6 37.5
2799.9 -230.3 218.9 -129.3 10.4 13.9
13.2 30.3 88.6
790.5 6.6 -67.1 -18.2 -55 -1.4
1863.5 250.6 26.5 69.4 -7.3 34.7
2751.4 -164.3 204.7 -95.3 -25.1 32.1
13.6 29.7 83.8
786.1 8 -60 -16 -53 -3.2
1860.5 258.3 40.1 71.5 -3.5 34.8
2731.4 -153.9 244.2 -110 -11.7 17.3
13.8 32.3 79.9
783.3 8.4 -55.2 -15.1 -50.8 -3.2
1859.1 266.2 56.5 74.1 4.5 39.4
2725.8 -163.6 288.3 -137.4 17 -2.3
winner is: 1
