Regression analysis information for: S01_selected_tokens_0017
number of formants: 3
number of coefficients: 5
7.5 36.1 18.1
631.1 11 -101.5 -33 0 6.8
1722 -40.7 -98.7 112.5 -33 -5.1
2067.8 70.4 -80.1 -78.3 13.5 8.1
8.6 32.1 10.9
636 3.3 -111.5 -23.5 3.5 2
1722.2 -68.9 -117.7 91.8 -60.4 9.1
2101.6 36.4 -127.1 -27.7 -0.2 -20.4
13.7 38.8 18.2
623.3 -1.7 -87.2 -17.3 -11.4 -4.3
1715.5 -107 -124.8 89.6 -71.9 -1.8
2103.5 20.8 -117.4 -10.3 -27.6 -17
13.6 46.9 13.8
603.3 -2 -62.5 -14.9 -12 -8
1651.7 -93.4 -77.7 88.6 -30.2 -41.6
2043.6 62.2 -52 -75.8 -8.4 4.9
9.2 18.2 10.8
594.8 -1.5 -53.2 -18.4 -13.7 -0.3
1617.9 -79.2 -14.2 58.2 -39 2.4
2046.8 56 -57.7 -69.2 -11.1 5.8
8.1 16.7 13.6
599 -0.8 -52.3 -18 -14.5 -1.1
1652.9 -87.3 -3.4 79 -42.9 4.3
2049.2 60.8 -60.9 -74 -7.2 3.5
7.8 24 33.7
607.2 -0.5 -59.8 -16.8 -13.5 1.1
1723.2 -83.4 11.4 127.7 -34.6 17.1
2051.1 88.9 -34.1 -61.4 17.3 32.3
11.6 68.6 41.4
626.1 -5.3 -88 -26.6 -18.6 -3.8
1780.6 -105 -14.7 94.2 -58.2 -36.6
2030.7 59.6 -15.4 -46.6 -21.6 41.1
23 141.2 241.6
687.6 23 -137.7 -54.8 -1.8 25.3
1794.5 -74 138.8 76.3 -39.4 58.5
2266.6 -1.6 -229.8 210.4 36.8 28.1
15.1 23.4 94.7
750.4 44 -192.5 -80.6 -10.4 9.6
1960.9 61.8 -67.4 -37 -37.3 3.3
2666.6 220.6 -341 183.3 -95.2 24.8
13.4 6.1 12.4
769.1 48 -205.8 -93.9 -15.3 4.9
1985.1 20.4 -35.4 -58.7 -24.1 2.3
2881.9 -131.6 -5.6 -15.3 25.6 4.9
13.4 5.7 12.7
768.6 50.5 -197.8 -105.7 -17.6 10.9
1986.7 21.3 -36 -60.4 -24.4 2.4
2886.1 -128 -8.2 -17.4 21.2 2.4
12.4 5.1 11.8
754.2 51.8 -178.9 -106.7 -22 13.4
1987.1 23.5 -34.1 -62.3 -26 0.8
2892.2 -124.9 -6.1 -21 21.5 2.2
11.5 4.6 13.4
719.7 43.5 -147.2 -96.6 -25.7 14.6
1981.4 23.3 -30.5 -65.9 -27.8 0.8
2889 -130.1 -9 -29.7 21.6 1.5
12.2 5.9 17
685.8 26.2 -122.7 -69.3 -22.8 13
1971.4 18.8 -25.4 -63.3 -29.3 3.1
2872.6 -141.7 -16.3 -27.1 29.6 10.2
10 6.5 18.4
675.5 19.5 -109.1 -54.6 -21 6.1
1964.1 15.3 -19.6 -58.4 -30.3 -0.3
2854.6 -145.8 -21.4 -14.3 36.6 17.6
7.1 7.1 11.8
663.9 10.9 -103.5 -41.9 -16 5.3
1951.9 3.3 -14.1 -45.8 -24.3 1.6
2826 -169.7 -18.1 14.9 51.6 21.4
7.2 7 10.6
664.1 11.5 -103.5 -40.7 -16.3 4.4
1952.1 5.1 -12.5 -43.2 -23.9 0.7
2825.5 -154.5 -17.7 25 48.5 22.7
6.7 5.9 8.7
669.7 13.6 -103.2 -41.6 -17.2 2.8
1958.3 10.9 -11.6 -43.6 -25.2 -1.8
2840.4 -144.3 -11.9 26 46.6 24.1
7.5 6.9 9.9
672.9 15.5 -108.2 -42.9 -16.5 4.5
1969.5 21.5 -10.4 -42.1 -24.3 0.4
2869.1 -126.9 6.8 35.6 53.5 29.4
winner is: 19
