Regression analysis information for: S01_selected_tokens_0119
number of formants: 3
number of coefficients: 5
19.2 83.5 15.8
764 73.5 -3.5 -79.1 -88 -30.2
1484 165.3 120.1 25.4 -142 -125.1
1929.9 64.5 -14.7 -0.1 10.2 -19.1
15.6 82.7 17.6
774.9 80.3 -9.6 -82.9 -88.4 -23.1
1532.1 180.4 105.4 60.9 -189 -72.7
1944.7 67.7 -19.1 6.1 -8.7 -33
14.9 92.6 25.1
777.9 76.3 -22.5 -83.4 -85.5 -16.6
1516.3 175.3 72.1 130.9 -213.1 -100.1
1955.5 54.1 -40.8 13.9 -22.8 -33.3
22.9 57.3 11.9
771 59.4 -39.6 -82.9 -73.9 0
1396.6 -10.1 -12.6 213.8 -101.8 -25.9
1944.1 23.1 -44 49.7 8 -12.7
22.3 80.4 11.8
776.5 53.3 -58.1 -88.6 -57.2 17.8
1441.6 -9.2 -48.2 145.7 -147 -35.5
1950.7 24.9 -47.9 55 7.6 -19.5
14.4 81.3 47.7
790.5 59.8 -65.8 -95.9 -54.5 16.5
1564.5 55.3 -116.8 15.6 -158.1 66.6
1978.5 34.7 -77.1 26.8 -11.6 10.9
11.4 63.2 81.1
800.6 70.4 -63.7 -99 -58.9 10.5
1621 98.7 -120.8 -25.4 -179.6 69.5
2016.2 60.9 -116.1 -38.4 -52.5 49.5
12.8 62.7 125.8
809.9 82.6 -57.5 -98.8 -60.4 5.9
1685.2 172.3 -69.1 -17 -179.8 62
2056.7 124.1 -111.7 -70.4 -85.6 38.6
14.4 64.4 118.1
815.3 91.5 -46.1 -93.1 -61.1 -1.1
1689.9 199.1 34.9 84.8 -145.9 69.7
2132.8 326.1 128.8 117.8 -75.2 -132.1
16.8 63.6 96.3
815.4 93.8 -40.2 -86 -57.4 -5
1659.6 176 67 152.9 -110.9 37.2
2124.6 329.6 160.7 175.1 -15.3 -102
14.6 83.1 65.7
813.1 87 -40.1 -77.9 -48.3 -5.1
1664.8 206.3 16.7 166.5 -132.1 69.5
2095.4 278.8 157.3 224.4 62.1 -6.3
16.2 71.6 157.7
814.6 86.3 -60.6 -72.5 -48.8 0.7
1739 126.4 47.9 98.4 -60.1 -10.1
2149.7 170.2 287.7 111.3 147.7 -102.1
10.3 64.2 166.1
836.4 80.8 -78.4 -84.6 -42.1 -7.9
1740.1 19.1 140.7 131.9 -25 -75.8
2209.7 84.3 383.5 45.8 177.3 -164.1
11.7 45.5 138
858.4 80.1 -103.3 -87.1 -44.6 -11.5
1859.9 83.9 -3 -20.2 0.5 27.2
2575.7 265 49 -329.7 158.5 -90
12 36.8 159.5
878 77.1 -120.1 -81.7 -51.1 -16.3
1868.9 89.4 -33.1 -10.8 30.5 -13.9
2757.8 52 -22.3 -135.2 74.7 -138.7
12.1 4.9 15
891.9 75.7 -125.9 -74.9 -57.8 -19.1
1893.8 52.7 -18.1 -8 13.2 3.7
2871.3 -114.9 39.6 -78.2 -50.7 -19.9
11.5 4.9 14.8
895.4 72.8 -130.3 -71.3 -62.6 -18.8
1896.7 52.5 -19.4 -6.1 11.3 4
2877.5 -112.1 37.4 -78.6 -51.3 -21.3
11 4.9 15.3
894.4 72.8 -126.7 -67.4 -64.5 -18.8
1898.2 53.1 -19.7 -4.3 10.3 4.4
2884.8 -107 38.3 -76.7 -51.3 -22
10.1 4.6 16.3
883.4 72.4 -112.8 -63.3 -66.7 -17.5
1896.3 54.3 -16.9 -2.4 9.5 5.2
2888.9 -102.8 43 -73.3 -51.9 -21.1
10.6 4.5 17.8
868.2 71 -96.5 -57.6 -64.8 -17.2
1891 55.9 -11.2 0 9.8 5.7
2887.1 -100 53.6 -66.9 -52.2 -20.3
winner is: 19
