Regression analysis information for: S01_selected_tokens_0013
number of formants: 3
number of coefficients: 5
14.2 61.3 35.2
627.3 -64.7 -8.6 11.6 -13.1 -12.6
1702.6 -40.7 10.9 124.2 32.6 -73.9
2135.2 -48.4 48.5 1.6 64.2 18.6
17.5 80.1 63.5
618.8 -75.8 -8.1 10 -19.7 -20.1
1715.5 -103.1 25.4 148.5 25.3 -86.6
2127.6 -72.8 12.2 -17.7 35.6 -35.1
23.4 205.8 98.3
599.3 -69.1 -1.2 -0.7 -10.8 -33.2
1637.1 -32.6 68.3 58 220 -215.1
2134.6 -93.7 5.8 -9.3 -9 -57.4
39.8 141.6 54.8
569 -52.6 -4.1 8.3 -10.9 -35.9
1400 98.9 245.8 -142.7 253.8 -36.9
2057.1 -139.6 38.4 -71.2 -8.9 39.7
24 168.9 150.5
578.1 -67.9 5.6 9.8 -24.8 -10.2
1489.1 -45.3 278.1 -115.8 161.8 78.6
2140.9 -216.9 124.1 -42.6 -37.8 140.1
24.7 187.7 177.4
584 -56.7 -2.3 8.9 -25.2 -22.4
1549.1 -65.3 266.8 -68.1 140 56.1
2201.2 -296.4 189.5 -30.2 -52.8 181
29 362.3 255.1
599.3 -37.5 -23.7 -3.8 -41.7 -8.1
1499.6 143.2 28.7 212.7 -26.2 130.4
2275 -252 144 125.4 -126.1 125.9
27 242.5 228.1
635.6 -29.6 -47.6 -27 -52.6 1
1744.8 135.4 -134.5 253.7 -229.9 -19.3
2589.9 -142.2 -72.9 176.2 -190.1 41
26.2 127.1 97.7
655.4 0.4 -85.4 -53.9 -57.6 20.8
1832.1 173.5 -251.4 143.2 -184.6 65.8
2701 -63 -164.6 163.1 -71.7 84.2
25.4 129.9 100.5
663.7 -8.4 -77.2 -69.1 -52.7 23.6
1886.7 75.5 -172.6 91.7 -163.8 76.2
2747.9 -137.8 -104.6 123.1 -52.3 83.1
21.1 14 34.4
663.2 -35.5 -44.5 -69.7 -39.7 20.5
1983.3 -103.6 -5.7 -44.8 -63 18.7
2818.9 -262.5 2.7 27.6 21.4 47.6
22.3 13.8 40.8
642.6 -53.6 -16.9 -48.2 -34 8.6
1978.3 -102.9 -3.1 -41.1 -69.1 20.6
2814.2 -267 -2.1 38.4 21.2 56.3
16.1 15.3 47.1
629.6 -63 -4.5 -30.7 -25.9 1.6
1974.4 -106.9 5.8 -39.4 -72.4 19.7
2806.9 -274.8 14.5 49.9 22.8 62.1
12.7 15.6 45.6
621.5 -63.8 -2.4 -19.8 -21.9 -1.4
1973.1 -112.4 12.6 -37.6 -71.5 18.3
2802.3 -285.6 31 63.9 31.2 65.7
13.5 15.3 41.1
614 -57.7 -10.4 -11.4 -24.6 -0.3
1973 -117 12.3 -34.6 -70.3 18.3
2808.2 -285.9 48.6 85.8 48.2 70.1
11.5 13.8 36.1
610.4 -47.7 -14.7 -6 -23.1 -0.8
1977.3 -116.4 16.4 -34.8 -64.7 16.2
2813.5 -290.5 49 90.4 56.8 70.3
10.6 14.7 30.3
604.6 -36.2 -24.2 0.1 -25.2 -0.1
1978.3 -112.9 11.8 -32.4 -63.3 16.1
2817.6 -292.2 43.7 95.5 61.4 68.7
9.9 25.5 28.9
596.2 -20.7 -36.6 7.5 -29.2 1.7
1955.3 -68.7 -30 0.6 -89.1 37.5
2796 -262 2.1 116.3 37.1 78.3
8.6 18.1 22.3
594 -15.2 -38.5 7 -28.2 -0.4
1941.5 -40.1 -44.5 5.9 -88.2 28.8
2780 -221.5 -7.9 112.9 45.4 63.9
9.2 14.5 28.1
593.9 -12.5 -42.6 5.6 -29 -0.6
1945.4 -28.7 -52.4 0.4 -81.7 24.7
2799 -183.8 4.3 119.8 72.7 68.8
winner is: 19
