Regression analysis information for: S01_selected_tokens_0033
number of formants: 3
number of coefficients: 5
2.3 38.9 97.6
512.8 -47.5 1.2 4.4 -6.9 -5.6
1955.5 168.9 -181.2 -139.4 -153.7 -15.6
2315.6 120.8 -275.7 -48.8 -84.6 -168.9
4.1 119.9 85.1
501.1 -54.7 2.3 1.3 -6.5 -0.2
1921 29 -383.5 -251.7 -150.1 39.3
2286.1 99.8 -377.3 -83.5 -138.8 -207.7
2.4 127.3 63.7
493.8 -54.6 11.1 6.4 -7 -0.9
1419.8 -353.3 -54.5 285 101.7 -30.9
2152.8 116.9 -438.1 -42.9 -49.5 -123.9
5.3 162.3 140.5
491.8 -55.4 12.5 6.9 -5.3 2.6
1531.4 -132.2 101.4 270.5 44.9 -107.1
2168.8 239.1 -328.3 -88.6 -71 -123.5
9 152.9 126.4
493.6 -54.8 17.4 11.1 -3.2 -0.9
1709.1 19.9 141.1 194.4 -199.6 -289.6
2236.2 276.4 -273.3 -135.2 -85.6 -187
3.5 158.1 131.1
502.1 -49.2 15 2.2 -8.6 -0.6
1902.5 141.4 -58.2 -90.3 -302.6 -102
2417.7 152 -135.7 -257.8 32 -217.9
3.9 98.6 171.7
506.6 -48.7 13.2 0.7 -7.7 0.7
2006.4 160.9 -263.9 -182.6 -167.2 5.3
2657.2 -51.4 -86.2 -65.4 -62.6 -91.4
3.3 59.8 82.7
506.6 -52 13.2 4.5 -4.9 1
2074.5 169.7 -358.5 -139 -57.1 -28.8
2745.3 -110.9 -31.4 -34.6 -32.4 -35.5
3 74.7 57.2
503.9 -55.5 11.7 4.7 -2.4 2.2
2060.3 177.1 -328.5 -158.3 -82.8 -5.6
2768.8 -140.4 -17.4 -32.7 -35.9 -20.8
2.6 59 29.7
501.1 -58 11.2 7.8 -0.6 3.6
2077.2 171.4 -362.7 -143.7 -57 -28.4
2790.6 -179.8 -7.3 -23.5 -44.7 8.4
2.8 56.3 30.5
498.4 -59.7 11.3 9.8 -0.5 3.9
2069 158.9 -370.3 -137.8 -40.7 -16.5
2775.1 -188.8 -21 -10.8 -47.3 27
2.9 59.5 33.8
497.3 -60.2 12.4 11.2 -1.5 2.4
2066.1 153.2 -370.9 -126.7 -34.3 -22.8
2762.8 -189.6 -22.8 -1.1 -63.5 17.9
2.9 62.1 34.1
497.2 -60 13.3 11.4 -2.1 1.8
2067.9 155.8 -366.5 -122.7 -39.6 -34
2763.5 -188.7 -9.8 -0.5 -68.2 9.3
2.8 62.2 33
497.8 -59.9 14 11.3 -2.6 1.2
2074.4 163.4 -361.9 -124.4 -52.4 -44.9
2775.6 -198 10.7 -8.1 -62.4 -4.3
2.9 61.8 39.1
498.7 -59.9 14.6 11 -2.8 0.8
2086.8 175.3 -362.8 -132.7 -66.4 -53.1
2792.3 -209.5 31.1 -14.4 -49.4 -14.4
3 60.9 47.2
499.8 -59.8 14.9 10.6 -2.9 0.5
2104.4 190.4 -369.5 -146.7 -81.7 -60.4
2807.4 -219.9 48.4 -14.8 -35.6 -18.9
3 59.3 52.7
500.5 -59.6 14.9 10.2 -3.3 0.1
2124.1 207.8 -367.5 -151.7 -91.8 -64.8
2818.3 -220.3 57.6 -11.7 -31.9 -21.1
3.5 54.4 57.3
501.8 -59.4 15 10.3 -3.2 0.2
2135.3 214.5 -387.4 -171.7 -99.8 -58.9
2834.3 -225.1 69.9 -12.4 -25.9 -31.6
3.6 52.7 59.1
502.7 -59.1 15 10.3 -3.3 0.5
2147.5 223.1 -395.7 -181.5 -101.7 -50.8
2851.8 -214.4 74.6 -10 -28.4 -30.9
3.7 57.9 59.5
504 -58.8 14.8 10.5 -2.8 1
2159.7 225 -406.6 -174.8 -93.3 -58.1
2884.2 -193.2 68.2 -23.9 -23.1 -7.6
winner is: 11
