Regression analysis information for: S01_selected_tokens_0107
number of formants: 3
number of coefficients: 5
4.6 67.3 29
729.3 -24.5 -7.7 0.4 -5.6 15.5
1572.8 0.2 95 -16.8 72.5 28.8
2002 39.2 59.4 35.5 17.8 47.2
5.1 75.2 41.7
733.2 -23.1 -15.8 -3.5 -3.6 17.5
1577 0.5 57.9 -24.2 71.9 32.7
2015.6 49.1 64.6 37.1 34.1 57.4
5.2 74.4 43.1
737 -20.6 -21.3 -6 -1.8 17.9
1587.8 20.2 40.6 -20.5 77.7 32.4
2017.9 37.5 53.1 18.5 33.1 46.5
5 70.8 45.7
739.5 -18.8 -23 -6.9 0.2 17.4
1600.4 44.6 42.3 -11.3 89.5 31.4
2020.6 33.8 53.3 11.7 39 41.8
5.6 67.7 53.5
737.1 -15.3 -15.8 -6.8 -3.6 13.7
1604.3 82.5 85.5 -9.3 99.4 12.4
2021 39.1 75.1 15 50.1 36.8
6.9 62.4 56.4
736.7 -13 -10.2 -3.8 -5.2 7.6
1619.6 103.9 129 2.7 102.9 -14
2037.6 67.7 112.5 42.4 75 44.4
6.8 57.6 55.6
738.9 -9.4 -9.2 -3.7 -7.6 6.2
1626.1 125.9 124.1 13.7 77.5 -9.6
2066.1 119.4 149.8 73 88.4 49.2
8.1 39.8 43.7
747.2 -2.9 -12.6 -7.1 -12.8 1.9
1650.7 156.4 102.4 16.8 35.3 -10.6
2064.8 156.5 136.8 103.4 70.9 70.6
10.4 35.2 45.2
763.7 6.1 -22.6 -14.8 -19.8 -4.4
1710.3 151.6 73.4 -7.1 16.9 -7.6
2076.2 184.8 155.4 95.9 47.8 50.7
15.2 60.2 81.3
790.6 16.8 -45.7 -25 -27.1 -11.5
1798.9 62.1 13.2 31 38.2 24.4
2091.3 250 156.7 20.5 13.3 54.6
21.2 57.7 111
819.8 22.3 -78.6 -35.1 -33.3 -13.1
1847.1 18.4 50.2 35.6 -35 21.1
2262.2 270.7 69.1 -10.2 -81 50.6
19.8 39.3 131.1
844.6 22.8 -108.8 -39.2 -30.7 -14.7
1868.7 7.2 37.1 13 4.7 22.4
2506.4 68.4 -105.2 53.9 -3 38.5
18.4 19.4 91.8
852 17 -117 -32.8 -26.4 -15.7
1878.5 -9.7 37.9 9.8 12.8 -0.3
2602.8 -111.5 -30.1 -39.2 48.4 -47.2
15.2 11.8 61.3
845.4 6.6 -111.8 -21.1 -21.4 -14.1
1883.4 -24.7 47.4 4.5 18.9 -1.4
2642.3 -195.2 22.1 -62.9 66.6 -33.3
15 14.1 66.4
833.4 0.4 -102.4 -15.3 -16.5 -9.9
1881 -28.1 49.9 9.9 22.1 0
2639 -207.2 35.3 -43.3 81.1 -31.7
12.4 14.3 66.5
823.8 -0.7 -91.5 -15.8 -17.6 -5.5
1878.7 -28.7 53.7 12.3 24.6 2.2
2630 -205.8 58.7 -39.8 89 -27
10.1 13.8 66.6
815.6 0.3 -83.3 -19.5 -18.9 -1.5
1874.7 -28.3 57.2 11.3 26.5 5.6
2606.2 -195.1 93.7 -55.9 93.8 -14.8
7.9 14.2 59.4
810.3 6.1 -75.7 -24.9 -20.5 -0.8
1868.5 -19.2 61.6 5.5 29.7 3.9
2561.5 -137.9 120.9 -87.7 109.1 -16.7
7.1 15.5 53.8
809.4 9.2 -72.2 -24.4 -24.8 -2.3
1868.1 -9.3 66.7 9.5 28.4 4.3
2548 -84.5 121.5 -45.9 91.8 -6.3
8.6 15.6 50.2
812.9 12.2 -74.9 -24.7 -27.5 -2.6
1875.1 -3 69 14.3 25.3 7
2577.3 -54.4 135.2 -3.4 102.4 17.1
winner is: 20
