Regression analysis information for: S01_selected_tokens_0020
number of formants: 3
number of coefficients: 5
3.2 20.1 9
512.3 -20.6 -9.1 -4.3 -2.3 -2
1831.8 25 17.6 -7.1 -19 5.8
2336.8 -0.4 -31.4 44.5 -15.3 7.7
3.8 32 20.2
507.1 -18.4 -10.6 -4.3 -2.2 -1.6
1853.4 10 40 -7.6 -4.9 14.5
2323.2 -4.1 -46.3 48.4 -12.4 10.5
3.3 95.8 13.6
502.1 -14.3 -11.2 -3.2 -2.9 -2.4
1735 143.8 -64.8 61.3 -11.1 27.9
2281 -55.5 -102.8 15 -31.4 -6.8
2.8 53.7 8.6
497.5 -12.3 -11.2 -3.8 -4.7 -1.7
1563 234.8 -116.3 41.9 8.6 26.2
2272.1 -55 -101.4 17.7 -25.6 -0.9
2.1 22.1 7.4
496.9 -10.7 -9.6 -3.1 -5.6 -1.4
1547 235 -43.8 39.4 -46.2 24.4
2278.9 -48.4 -88.6 20.4 -28.6 -1
1.9 21.8 8.5
497.7 -10.7 -8.7 -3.4 -5.7 -1.8
1597.3 275.6 -3.7 54.9 -53.1 23.3
2276.7 -56.9 -94.8 15.2 -32.9 -2.3
1.9 36.4 19.3
500.1 -11.4 -7.6 -4.1 -6.4 -1.4
1687.8 339.8 20.7 40.2 -112.4 9.1
2270.5 -60.4 -88.8 38 -2.5 23
1.9 53 33.2
504.8 -13.5 -7.8 -5.3 -8 -1.4
1735.7 425.9 -121.2 41.3 -187.1 51.4
2340.5 91.6 -3.1 67.8 -30.5 -43.5
2 133.4 141.1
512.7 -16 -7.8 -6.8 -7 -2.7
2039.3 11.4 76.1 -144.5 -33.9 0.7
2741.2 19.4 215.9 -127.5 -149.4 -49.5
2.2 9.7 12.7
517.5 -18.6 -11.4 -6.7 -5.1 -3.5
2211 -94.3 -124.1 17.2 -21.8 -2
2952.4 -38.9 -101.8 -48.6 0.3 -3.9
2.2 8.8 10
518.9 -18 -12 -5.4 -3.1 -3.5
2215.4 -93.6 -120.5 16 -24 -2.7
2959.1 -40 -96.1 -47.4 -7.2 -7.9
2.8 9.8 10.5
515.3 -16.3 -13.5 -4.7 -3.6 -1.9
2214 -96.8 -122.2 18.2 -20.2 -1.2
2965.8 -49.8 -102 -42.3 -4.5 -9.1
2.8 9.8 11.9
512.2 -12.7 -13 -3.5 -3.9 -1.4
2215.2 -99.8 -121.9 18.8 -20.7 -1.4
2968 -49 -105.7 -42.5 2.2 -12.3
3 11.2 17.5
509.3 -11 -14.1 -3 -5.4 -1.1
2209 -97 -126.6 23.2 -18.3 -0.8
2951.8 -33.5 -112.6 -46.3 11.3 -4.7
2.7 11.7 22.7
508.1 -9.9 -13.9 -2.8 -6.2 -1
2203.9 -89.9 -131 26.8 -20.5 -0.6
2933.5 -8.6 -117.4 -50.5 12.9 2.3
2.5 11.4 19.1
507.7 -9.3 -13.8 -2.8 -6.6 -1.3
2200.5 -81.9 -133.4 28.8 -22.9 -1.8
2921.9 10.6 -118.6 -54.5 12.6 -0.2
2.3 9.2 15.2
508 -8.6 -12.9 -2.7 -6.5 -1.4
2199.3 -78.8 -135.9 26.6 -28.9 -4.3
2917.1 19.3 -118 -58.8 7.2 -6.9
2.4 10 12
507.4 -8.8 -13.9 -3 -7.5 -1.5
2194.6 -73.3 -139.2 27.6 -30.6 -4.4
2911.6 20.1 -110.9 -58.8 -8.9 0.6
2.3 7.9 10.3
509.1 -8.4 -12.8 -2.7 -7.1 -1.4
2209.2 -78.7 -129.7 26.3 -35.2 -3.8
2942.3 4.9 -114.3 -45.7 -15.6 -9.7
2.5 7.4 12.7
510.4 -9.2 -13.5 -2.9 -7.9 -1.6
2229.3 -88.2 -116.5 24.9 -33.6 -2
2990.8 -27.2 -132.1 -17 -28 -19.1
winner is: 19
