Regression analysis information for: S01_selected_tokens_0002
number of formants: 3
number of coefficients: 5
1.5 95.1 3.4
497.9 -34.2 -7.5 9.3 -6.8 2.7
1501.8 -209.7 156.2 300.3 136.1 88.5
2151.6 -50.1 -21.7 2.4 2.1 4.6
2.1 99.3 18.3
484.8 -21.6 -6.6 9.2 -8.2 4.3
1261.3 -169 375.2 236 53.5 255.1
2160.8 -20.5 6.1 26.6 25.7 25.9
2.1 101.1 48.7
475.6 -9.6 -8.3 6.8 -6.2 3.6
1087.5 140 240.5 189 185.1 153.9
2185.6 30.8 53.7 71.2 68.4 62.6
1.2 124 88
472 -2.2 -12.2 5.3 -2.6 1
1061.3 75.1 169.5 148.1 147.1 133.7
2223.2 101.9 121.9 133.3 126.1 111.6
0.9 5.6 1.2
471.6 1.8 -16.9 3 -1 -0.8
968.8 -143.8 6.4 5 -12.5 0.3
2146.6 -48.5 -24.7 -1.4 -1.3 1
34.4 36.9 1.2
436.1 -70.7 -38.1 39.4 67.3 65.2
791.4 -307 89.6 106.4 35.2 27.6
2142.5 -51.3 -22.6 0.5 -1.1 1
2.3 140.6 75.5
494.1 -15.3 -23.1 5.8 -2.6 0.9
1755.7 598.5 -405 69.7 143.5 -215.2
2833.1 448.9 -301.8 80.9 41.1 -132.8
2.3 1.1 7.8
509 -31.3 -21.1 8.1 -5.9 3.9
2132 -49.2 -16.4 0.6 -1.8 -0.3
3094.4 -32.8 2.4 -17 -11.1 -18.3
3.5 1.2 7.1
517 -43.2 -15.5 9.5 -9.2 6.2
2129.5 -49.2 -19.5 0 -1.6 -0.4
3080.1 -34.7 -15 -22.7 -12.3 -19.7
2.7 1.3 7.6
518.1 -49.8 -8.7 6.3 -5.9 3.3
2130.8 -47.6 -20.7 0.2 -2.2 0.3
3083.1 -20.4 -20.1 -17.7 -19.4 -14.9
1.9 1.3 9.6
513.2 -50.2 -1.5 -0.7 -1.3 0.3
2133.8 -45.6 -20.4 0.1 -2.2 0.6
3096.3 -6.7 -13.3 -11.6 -21.2 -14.3
1.3 1.4 11.5
501.7 -42.2 -0.3 -2.5 0.5 -1.3
2134.8 -46.3 -20.8 -0.5 -2.5 0.3
3109.8 -4.4 -8.5 -16 -24.6 -18.2
0.7 1.6 13.8
488.9 -29.8 -3.8 -1.4 0.3 -2
2131.3 -50.8 -21.7 -1.4 -3.9 -1
3110.7 -25.3 -19.6 -32.7 -35.7 -25.8
0.5 1.4 14.8
480 -19.1 -7.9 0.9 -1 -1.3
2124.1 -55.7 -19.8 -2.4 -5.4 -2.6
3093.8 -64.3 -40.9 -52.8 -43.2 -32
0.5 1 10.8
476.1 -13.6 -9.3 2.3 -2.1 -0.4
2116.1 -55.6 -13.3 -1.4 -6.2 -3.7
3074.4 -72.8 -45 -49.8 -37.4 -34.2
0.9 1.3 10.1
473.5 -10.9 -10.9 3.3 -2.8 0.1
2107.8 -53.8 -10.4 0.2 -6.8 -4.4
3047.4 -53.1 -56.2 -33.6 -30.4 -29.4
1.2 1.5 9.1
472.2 -9.1 -11.5 3.7 -3.1 0.6
2099.4 -46.4 -9.6 2.7 -6.8 -2.3
3007.9 3.6 -85.9 1 -36.9 -9.3
1.2 1.6 14.4
472.6 -9.2 -10.3 3.6 -2.9 0.6
2095.3 -43.3 -0.5 7.8 -7.1 -1.9
3008.3 16.5 -56.6 16.7 -32.1 -9
1.2 1.6 17.4
473.4 -9.2 -10.2 3.5 -2.8 0.7
2106.2 -35.8 0.4 7.8 -3.3 1
3051.2 50.1 -24.5 23 -23.7 -7.5
1.4 1.7 24.1
474.2 -8.9 -10.9 3.8 -2.7 1
2125.1 -24.6 -0.4 6.9 2.3 5.2
3132.1 130.3 40.3 45.5 -8.7 -5.2
winner is: 5
