Regression analysis information for: S01_selected_tokens_0102
number of formants: 3
number of coefficients: 5
46.1 75.6 24.6
711.1 -4.9 39.1 72.4 22.2 -20.7
1363 -51.6 64.9 16.5 128 -44.7
1764.2 -41.1 -19.1 -36.2 27.5 -22.6
35.5 74.9 25.4
782.8 -64.6 31.9 119.8 -16.4 -14.5
1427.9 -96.2 62.5 64 123.8 -62.6
1776.8 -45.3 -18.3 -33 40.3 -31.8
28.7 76.4 28.5
817.5 -73.9 42.1 125 -47.3 -0.5
1462 -114.8 80.5 84.7 109.7 -35.4
1783.3 -47.9 -7.6 -38.8 50.5 -33.3
43.4 90.2 25.2
779.6 -32.8 53.9 72.3 -24.5 -5.3
1411 -72.6 82.3 29.1 140.2 -48.7
1779.5 -59.8 -4 -56.4 45.6 -39.4
27.1 58.7 27.3
740.5 20.6 53.7 18.2 -7.2 -5.8
1367.1 -68.7 63.1 -19.1 131.1 -56.1
1771.5 -54.4 -19 -51.8 33.8 -38.9
20.1 46.6 24.9
729.5 54.3 34.1 -1.3 -16 -9.3
1357.4 -59.4 45.8 2.1 111.1 -40.7
1766.6 -40.2 -30.9 -34.7 23.8 -26.3
25.4 52.3 9.3
758.2 84.7 28.7 -8.8 -49.4 -12
1335.4 -46.5 31.3 41.3 125.8 -7.6
1753.5 -23.5 -54.4 -14.3 3.4 -6.3
57.3 69 20.5
784 82.4 18.9 -12.7 -36.7 6
1308.6 -45.6 41.4 54.6 162.7 -19.4
1754 -34.2 -54.7 -5.4 -8.4 0.4
99.4 169.4 10345.6
851.8 77.8 27.7 10.6 -79.1 -27
1368.1 33.8 128.5 57.5 25.7 -81.4
2018.2 118.2 165.8 102.5 -206.3 -8
113.8 163.2 361.4
929 13.1 18.9 69.3 -96.7 -34.8
1518.8 -43.1 192.5 83.6 -42 -17.8
2419.2 77.3 275.3 285.1 -223.8 87.7
123.8 185.3 401.2
965 -13.3 -31.5 45 -80.8 -0.2
1577.6 -64 81.7 75.6 -14.6 17.6
2546.2 16.6 80.1 253.6 -143.7 125.9
102.6 181 355.7
987 -30.9 -37 64 -66.2 -7.2
1583.5 -102.7 29.9 111.2 0.9 38
2621.6 -181.6 108.7 214.6 -5.3 65.4
77.3 102.9 217.4
1018.7 -36.4 -94.6 49.5 -42 5.1
1663.3 -107.6 -28.1 46.8 42.3 25.7
2785.4 -191 -2 88 65 42.6
22.9 24.9 64.9
1052.4 10 -123.7 3.5 -68.7 -11.6
1721.1 -43.1 -58.1 -21.5 2.2 12.8
2902.7 -65 -34.4 -34.9 -22.3 12.1
23.6 7.4 33.2
1050.7 21.5 -132.3 4.7 -72.7 -18.3
1732.3 -22.7 -45.2 -17.5 -4.4 -3
2922.4 -33.1 -1.1 -24.2 -32.6 -16.5
25.2 7.6 36
1046.6 30.5 -142.7 6.7 -76.7 -21.1
1731.9 -22.7 -46.9 -18.1 -5.3 -3.6
2922.3 -39.8 -7.8 -26.9 -31.6 -20
25.9 8 45.7
1040.3 42.5 -150.4 10.4 -78.4 -23.1
1731.6 -21.7 -48.1 -18 -5.8 -3.9
2921.9 -31.1 -25.3 -20.8 -36.3 -21.9
28.2 8.7 49.7
1029.5 54 -150.7 10.6 -76.8 -22.6
1730.3 -19.9 -48.6 -17.3 -6.1 -3.2
2923.2 -17.9 -42.5 -12.8 -41.5 -20.2
31.1 9.4 48.5
1015.3 60.1 -140.6 4.7 -71.3 -21.1
1728.3 -19.2 -47.4 -17.1 -5.4 -2.4
2923.8 -5.9 -51.6 -8.7 -44.2 -15.8
30.6 10.1 50.6
988.5 65.8 -113.3 -2.8 -68.1 -16.7
1724.5 -19 -43.2 -16.5 -4.4 -1.4
2914.8 9.8 -43.4 -14.7 -42.7 -10.5
winner is: 15
