Regression analysis information for: S01_selected_tokens_0111
number of formants: 3
number of coefficients: 5
9.5 70.5 33.2
736.1 37.3 -5.8 17.6 0 13.2
1425.6 -4 129.3 -5.4 30.2 41
1927.4 95.2 54.3 2.1 -6.6 -1
8.3 63.7 35
748.3 46.2 -7.9 19.7 -2.6 12.2
1469.3 5.3 125.2 9.8 17.9 56.4
1940 100.1 56.8 1 -3.8 -0.4
7.4 64.6 24.9
755.4 45.2 -16.2 23.8 0.6 11.3
1508.8 -11.5 101.5 26.9 37.9 57.1
1933.7 115.4 34 15.6 -8.7 -0.2
7.8 56.5 20.4
753.8 31.2 -33.4 25 4.2 9.3
1514.5 -39.1 7.1 47.4 56.4 36.1
1925.3 108.4 11.7 19.5 -17 -1
7.3 51 19.6
753.1 16.1 -50.7 18 -4.8 4.6
1545.5 -118.8 -63.4 48.4 9.2 19.5
1921.6 102.4 7.1 2.5 -18.2 -12.1
8 54 38.5
758.7 12.1 -62.3 10.1 -13.8 -0.7
1599.6 -156.9 -97.5 46.6 -5.2 34.1
1933.7 97.1 13.4 -3 -2.1 -25.4
9.8 38 81
772.5 23.7 -58 7.6 -17.5 -2.9
1657 -189 -70.3 5.8 18.4 19.8
1981.5 15.8 68.4 -57 50.3 -52.2
12.1 42 65.5
792 50.9 -39.2 9.8 -22.1 -4.1
1676.9 -159.1 -63.4 -16.7 6.1 14.5
2028.8 -108 139.1 -107.8 40.8 -11.9
16.7 80.7 112.2
810.1 79.3 -24 10.4 -26.8 -4.2
1681.7 -151.6 -68 -37.5 -4.1 52.8
2108.2 -165.9 250 -115.6 138.5 66
16.4 50.7 139.6
825.9 104 -8.9 20.6 -19.4 1.8
1778.7 5.1 36.5 43.9 41.2 47.2
2253.6 13.2 455.6 -48.9 191.1 52.3
13.1 46.5 157.9
836.6 116.6 -4.6 22.9 -22.5 -3.1
1794.7 25.3 38.8 33.9 25.3 26.3
2301.5 78.2 433.9 -60.5 135.5 21
9.6 32.1 160.3
842.9 119.4 -14 19.5 -27.6 -7.6
1807.4 40.8 36.8 31 15.9 10.4
2308 135.1 349.2 -33.4 124.6 43
12.5 52.1 154.7
844.8 105.6 -36.8 18.1 -26.7 -11.9
1804.6 29.5 29.8 47.5 33.6 18.6
2421.1 205.1 254.5 -157 16.8 72.8
12.5 40.7 151
853 96.6 -57.9 9.8 -37.4 -18.8
1824.2 70.2 47.3 -4.5 -33.8 4.6
2565.4 212.3 179.5 -185.7 -35.9 -1.1
11 40.3 149.3
864.5 85.6 -78.7 10.4 -39.5 -25.5
1829.4 69.4 19.2 -16.4 -2.2 -21.6
2733 126.2 -28 -174 144 -47.4
11 18.8 83.6
871.3 77.3 -89.7 11.5 -42.2 -26.9
1844.9 46.3 5 1.8 -26.5 -22.3
2853.8 -38.6 -63.4 -31.9 8.1 -53.1
11.7 19.4 49.2
873.9 70.8 -94.4 12.2 -45.2 -25.7
1847.4 41.6 2 -0.2 -29.2 -21.7
2903.6 -118 -42.3 -9.2 -60.9 15.3
12.3 19.8 40
870.5 67.3 -86.8 12.3 -48.8 -21.2
1847.2 38.7 5.7 -0.2 -30.5 -20.4
2910.6 -127.4 -34.3 -17.4 -52.5 6.2
11.5 20 30.9
865.2 67.2 -75.9 12.5 -46 -18.3
1845 37.8 13.4 0.9 -28 -20.2
2915.6 -136 -18.3 -21.5 -41.3 -1.3
11.3 20.6 24.5
856.5 65.2 -67.9 12.1 -43.1 -13.7
1840 37.1 22 5 -24 -15.3
2912.2 -149.5 0 -22 -28 -3.5
winner is: 20
