Regression analysis information for: S01_selected_tokens_0099
number of formants: 3
number of coefficients: 5
8.9 32.1 75.2
588.5 -31.2 -0.5 2.9 -6.1 2.3
1858.9 -21.3 -3.4 14.9 -41 16.3
2074 78.1 112.7 9.1 66.2 -22.9
8 51 89.2
583.5 -35.7 4.8 3.2 -6.4 3.1
1847 -47.4 -33.9 -16.2 -64.8 -16.4
2069.2 2.1 114 30.2 99.2 26.3
7.6 44.2 105.2
582 -33.8 5 3.4 -8 4
1855.8 -36.5 -24.2 -9.3 -57 -13.2
2109.2 -0.2 139.7 43.3 112.1 32
6.8 17.2 88.5
578 -18.3 -0.3 4.7 -7.4 2.6
1880.9 -0.4 31.8 25.7 -7.5 33
2199 195.8 224.2 106.7 181.8 45.1
7.2 42.1 72.2
565.9 0.3 2.8 4.8 -13.7 4.8
1828.6 58.3 41.7 -10.3 22 9.7
2136.4 278.5 287.1 98.2 90.2 -31.1
6 23.7 63.6
560.1 11.3 1.6 5.5 -18.3 4.6
1785.5 134.6 -3.4 16 6.8 25.2
2155.8 378.2 279 109.9 -40.2 -53.5
7.2 20.3 50.8
561.2 7 -2.9 9.1 -18.1 5.6
1814.3 111.6 -17.2 34.7 -0.5 30.9
2120.4 323.1 270.4 152.6 57.1 20.1
7.4 21.6 59.9
568.1 -2.6 -8.3 13.2 -19.4 4.7
1848.7 57.7 -0.3 40.2 -8.9 38.2
2133.7 340.3 223.1 107.2 42.9 -3
11.6 78.9 81.2
587.3 -17.3 -26.4 21.5 -23.3 0.4
1814.3 62.9 98.3 -78.8 10.5 116.7
2169.5 392.9 198.7 53.3 -15.1 -38.6
16.9 93 205.3
626.5 -42.4 -57.4 43.7 -24.2 -9
1842.4 28.3 23.9 75.2 -32.4 -15.3
2578.6 171.5 -128.7 337.8 -85.3 -31.1
18 13.6 21.2
660.8 -60.9 -83.3 48.4 -18.9 -6.5
1901.2 -12.2 22.5 24.6 -5.4 22.5
2908.7 -116.8 5.8 1.3 7 35.6
16.5 12.9 19.5
667.1 -58.3 -81.1 34.4 -15 -1.7
1905.4 -10 24.2 22.2 -5.4 20.7
2914.6 -110.4 5.2 4.7 5.1 35.3
12.8 11.8 19.4
642.1 -44.7 -48.6 19.1 -25.8 8.8
1907.4 -2.5 31.2 26 -5.3 21.5
2926.3 -99.7 18.3 13.4 11 37
10.8 11.2 22
623.7 -31.9 -27.7 10.6 -27.9 11.9
1907.4 3.1 39.7 27.8 -3.8 21.2
2933 -90 34.7 17.8 16 38.5
9.2 12.3 25.7
612.1 -22.4 -21.4 9.6 -26.2 9.5
1904.8 8.8 45.7 30.7 -3.1 21.5
2930.8 -79.2 50 21.1 17.6 41.3
8.5 13.2 27.7
605.4 -17.6 -19.1 10.8 -24.8 7.9
1900.6 13 49.6 34.2 -2.9 21.8
2917.9 -65.8 61.5 26.3 14.6 44.8
8.2 14.2 29.1
602.6 -15.4 -20.9 11.7 -24.2 6.6
1898.3 16.3 49.1 37.1 -3.6 21.8
2908.8 -55 58.9 33.7 11.3 45.4
7.3 12.6 26.7
601.9 -16.2 -21.7 11.1 -23.2 6.1
1893.7 9.9 43.6 33.6 -4.5 20.9
2895 -62 41.5 28.2 4.9 42
7.7 12.6 25.8
601.6 -16.2 -23.8 11.6 -23.9 6
1892.8 9.4 40.3 34.6 -5.6 21.1
2894.5 -62.4 33.1 33.5 3.7 41.5
7.9 12.9 27.3
602.6 -15.9 -23.8 11.4 -23.8 6.1
1894.9 10.7 41.2 35.6 -4.5 20.7
2902.4 -61.2 35.5 37 9.5 38.5
winner is: 13
