Regression analysis information for: S01_selected_tokens_0089
number of formants: 3
number of coefficients: 5
16 92.8 35.7
671.3 11.6 -12.1 -4.5 -32.1 9.8
1653.1 -145.8 -114.6 -126.6 -9.4 54.5
2108.7 -89.2 24.7 40.1 -32.3 49.3
11.1 41.4 30.4
695.1 42.7 -6.7 -13.1 -45 -3.1
1724.2 -43.7 -45.8 -77.1 -23 -16.8
2169.2 -63.9 32 -17.2 -35.8 38.1
10.3 19 25.9
706.1 55.5 -3.3 -18.3 -46.6 -7.7
1758.3 -17.2 -29.1 -48.2 -12.2 -18.9
2219.9 -38.9 53.7 -58.7 -49.1 0.1
11.5 14.2 36.7
708 62.4 -3.1 -23.5 -47.5 -9.7
1785.9 -10 -25.1 -29.7 2.2 -7.9
2246 -43.2 67 -96.5 -49.8 -18
19.6 49.5 50.2
688.8 45.7 -19 -40.3 -56 -14.6
1739.4 -128.4 -140.7 -148.7 -71.9 -59.5
2245 -82.8 75.1 -147.8 -51.7 -29.3
13.4 58.4 60.3
648.7 10.8 -22.6 -25.1 -24.8 11.7
1651.4 -197.8 -112.6 -197.9 -3.1 85.5
2190.3 -182.1 116.4 -111 43.3 13.9
14.9 89 100.6
614 44 -23.5 -0.1 -27.1 -3.4
1455.8 -9.8 -91.8 -83.6 -35 -6.1
2113.1 -88.2 69.3 -43.4 60.1 -59.9
12.2 94.6 101.5
624.2 55.4 -6.4 5.6 -15.9 -12.3
1483.2 17.6 -76.7 -83.9 -27.2 -57.9
2116.4 -109.4 57.1 -60 53.3 -52.9
14 144.7 166.3
641.7 86.9 -1 20.4 -19.5 -11.8
1542.5 140.8 -97.7 -14.6 -69 -34.5
2175.7 74.7 144.6 49.2 35 -57.7
13.5 88 144
668.7 108.1 3.5 23 -21.9 -17.2
1725.2 218.5 11.6 -5.8 51.3 -14.9
2302.3 205.4 375.9 64.5 86.8 -142.8
19.7 125.2 205.4
692.2 106.1 3.2 14.1 -25.5 -7.8
1798.7 128.4 2.6 -7 75.8 -3.9
2381.5 185 307.3 34.4 106.6 -230.9
18.1 101.2 216.8
716.6 85.4 -28.6 3.1 -26.9 -6.1
1897.3 69.9 -66.4 79.7 15 -64
2745.4 100.4 -42.3 20.2 145.1 -135.8
21.1 9.4 53.6
731.7 71.8 -40.2 -6.5 -32.7 4.8
1969.4 -8.7 -30.2 51.7 -25.2 14.6
2888.9 -78.8 1.5 -13 21.4 80.7
22.5 9.8 53.7
735 63.3 -44.2 -11.3 -38.1 6.5
1970.9 -14.7 -33.3 47.5 -27 14.7
2893.1 -87.9 -5.5 -16.7 23.9 76.6
23 9.8 49.5
720.4 62.1 -42.9 -11 -41.6 7
1971.6 -19.2 -34.2 47.7 -27.9 14.3
2915.4 -90 -3.5 -13.2 16.9 63.6
16.2 9.5 47
700.9 62.7 -40.2 -8.1 -46.6 3.7
1966.6 -26.2 -35.9 44.5 -33.5 9.3
2930.3 -92.1 1.9 -17.9 7 54
14.8 10.9 51.8
687 70.2 -41.5 -2.9 -48.3 1
1959.6 -25.9 -36.3 44 -37.6 3.3
2931.4 -89 12 -21.6 -3.3 49.1
12.6 15.9 84
672.6 77.6 -45.2 4.3 -46 -1.6
1937.2 -13.9 -48.4 49.3 -41.3 -2.6
2860.7 -2.5 -27.7 -4.5 -19.4 53
14.3 19.9 81
669.9 78.9 -41.5 6.9 -44.6 -3.2
1923.8 -2.8 -53 55.8 -43.8 -3.5
2813.7 46.4 -35.1 0.8 -29.5 64.9
14.7 19.5 70.7
669.7 82.6 -44.7 6.5 -46.4 -4.2
1921.9 7.5 -57.1 56.5 -42.3 -6.7
2812.8 57.6 -43.3 5.7 -25.6 62.9
winner is: 3
