Regression analysis information for: S01_selected_tokens_0011
number of formants: 3
number of coefficients: 5
6.6 19.1 12.1
694 38.1 -20.6 24.1 -1.2 13.4
1709.7 -44.3 -33.9 52 26.8 12.1
2202.5 -95.6 -12 4.6 3.1 23.8
8.2 38.5 14.8
692.2 30.3 -22.3 22.2 -0.5 14.3
1723.9 -59.2 -40.4 51.1 40.2 31.2
2205.5 -118.5 -17.4 -7 2.7 22.5
15.4 52.3 34.5
678 17.4 -41.8 14.5 -18.9 6.6
1742.7 -224.5 -110.1 -42.9 19.7 -41.2
2187 -90.8 -46.2 20.1 -33.3 51.8
21.8 150.3 33.5
661 44.1 -52.9 36.5 -22.5 18.4
1725 -165.2 -211.8 236.4 -79.3 122.1
2134.7 -26.7 -29.4 20.1 8 39.6
17.9 271 67.2
647.9 84.9 -51.9 53.8 -9.4 20.8
1477.8 151.5 -170.9 183.8 115.4 -72.2
2153.3 40.3 34.4 82.2 61.4 82.1
19.7 190.8 57.1
637.4 82.8 -62.6 43.4 -17.1 13.4
1344.6 211.8 -155.3 36.4 86 -71.1
2144.3 21.4 17.7 63.7 49.4 66
12.8 93 66.3
647 85 -43.5 47.9 -11.2 28.9
1286.8 358.4 -81 -18.9 162.8 -5.2
2154.2 37.9 34.4 81.4 64.8 79.1
11 163.9 148.9
654 77.4 -33.3 38.2 -2.1 18.3
1342.2 306.8 -23.3 -75.4 190.2 -8.4
2201.8 -59.4 115.6 15.2 105.7 65.8
39 210.4 166.5
651.8 80.6 -13.5 -5.5 43.1 -17.7
1534.7 44.9 161.9 -189.3 202.9 12.6
2341.8 -319.8 288.6 -60.8 115.3 71.4
16.2 184.4 137.3
675 55.8 -5.9 8.1 16.6 0.5
1717.2 -21.2 222.4 -59.3 59.3 162.2
2484.9 -306 422.2 89.7 22.6 141.9
6.5 150.1 123.3
691.6 48.8 -3.3 13.6 5.8 5.2
1835.3 -43.9 268.9 -50.3 -38.7 245.1
2573.2 -327.6 472.4 163.2 -73.1 100.7
20.6 193.2 161.4
690.8 50.9 5.9 12.6 -15.2 9.1
1929.1 -41.8 235.6 30.1 -244 29.2
2856.5 -192.1 182.9 -0.5 -211.5 10.5
8.5 13.9 10.8
698.7 59.3 -24.1 20.5 -14.8 13.6
2073.6 -42.9 -35.5 37.4 -5 17
2972.4 -193.3 -34.3 13.9 -7.9 -7.2
11.7 15.5 10.7
694.2 69.1 -39.9 28.1 -25.3 19.2
2075 -40.7 -35.8 38.5 -6.3 20.1
2975.7 -190.1 -30.3 9.7 -10.1 -6.9
12.1 18.3 11
689.2 72.8 -50.4 30.2 -30.2 20
2075.4 -37.1 -39.6 41.9 -10 24.7
2980.4 -187.5 -32.3 4.6 -13.4 -6.7
11.1 21.6 11.9
683 75.6 -57.4 30 -30.6 17.4
2074.3 -33 -45.9 46.1 -15.2 29.7
2983.9 -187.3 -38.7 -0.4 -18 -6.5
9.8 25.4 15.1
674.9 78.1 -61.9 28.7 -29.5 14.7
2069.3 -28.2 -57.2 51.4 -24 35.1
2981.9 -192.2 -53.2 -5.5 -26.7 -6.3
5.6 20.1 17.1
658.4 85.8 -70.6 30.1 -22.3 4.4
2048.6 -23.2 -82.5 56.7 -32.4 27.9
2958.8 -219.6 -77.4 -1.1 -28.5 -3.6
6.4 16.6 17.2
646.3 91.6 -65.8 20.8 -15.1 3.6
2020.8 -19.2 -91 44 -22.9 11.2
2927.2 -244.1 -76.1 17.9 -10.2 -4.5
6.5 13.6 16.1
643.9 90.5 -64 20.5 -14.6 3
2010.3 -28.5 -84.4 40.6 -18.4 3.2
2907.7 -259.8 -54.6 33.4 0.1 -10.7
winner is: 13
