Regression analysis information for: S01_selected_tokens_0063
number of formants: 3
number of coefficients: 5
16.5 144.4 178.4
433.2 -2 13 10.8 3 -9.7
1313 -284.9 178.2 198.7 190.6 -49.7
2060.8 -225 -22.7 55.2 348.4 5.7
23.7 97.4 162.8
427.3 -7 12.2 15.8 12.5 -5.3
1312.2 -340.4 78.2 125.5 210.8 70.4
2116.4 -544.3 -299.4 -135.1 280.2 109.2
5.9 79.4 134.9
435.1 3.8 2.3 -6.4 2.7 4.9
1394 -255.3 27.6 -7.7 107.5 92.6
2436.7 -643.8 -434.3 -209.3 26.6 187.2
2 74.2 124.9
435.9 9.2 3.8 -11.7 -2.9 3.1
1421 -220.1 30.3 -27.5 70.4 62.5
2542.2 -647.4 -465 -194.3 -30.3 86.6
1.6 62.7 129.6
436.2 11.5 5.8 -12 -4.6 3.2
1442.9 -188.7 34.1 -50.4 29.6 20.5
2623.9 -517 -420.8 -236.6 -146.3 -43.5
1.9 27.1 142.1
437 12.9 7.4 -9.9 -5.7 3.3
1466.2 -147.7 53.3 -60.5 -3.8 -35
2826.8 -153.1 -155.5 -94.9 -119.5 -132.1
2.3 15.3 19.9
437.2 14 7.5 -6.9 -6.5 3.9
1475.4 -132.5 70.6 -49 11.3 -22.8
2909.7 -0.6 -10.8 27.4 26.5 9.4
2.6 16 17.1
436.4 14 7.2 -5.5 -6.6 4.1
1476.1 -132.4 71.2 -49.7 11.5 -22.9
2922.2 6.9 -12.4 8.8 22.6 10.3
2.6 16.6 22.8
434.5 13 6.5 -4.3 -5.8 3.7
1474.7 -133.3 70.5 -47.8 12.4 -22.2
2948.6 30 -16 -20.2 11 19.9
2.1 22.4 75.8
431.1 13.5 5.3 -3.7 -4.6 3.1
1462 -128.6 57 -27.4 3.9 -6.4
2949.2 41.9 -1.3 27.8 8.8 8.3
2.6 16.6 34.8
428.1 15.6 6.6 -6.1 -3.7 2.9
1465.6 -147.8 74.3 -41.4 18.5 -21.1
2988.8 39.5 -14.6 -15.4 10.9 16.2
2.2 15.8 44.7
425.7 18.1 7 -7.5 -2.9 2.3
1462.1 -146.4 78.2 -43.8 17.4 -21.7
3017.8 51.2 -43.5 -57.6 -8.7 41.6
1.5 15.7 43.6
423.7 20.8 7.2 -8.7 -2 1.6
1455.8 -138.5 82.4 -49.8 17.4 -20.2
3024.6 51.7 -41.5 -62.8 -14.6 40.6
1.1 15.7 49.9
422.2 22.9 7.2 -9.3 -1.5 1.3
1448.1 -128.5 87.6 -58.5 19.6 -19.4
3025.7 70.8 -29.8 -84.5 -19.9 48.6
1 15.9 57.5
421.5 24.3 7.1 -9.4 -1.4 1.3
1442.2 -120.1 91.2 -65.9 23.1 -20.4
3017 105.5 -13.5 -114.9 -20 60
0.9 17.2 65.8
420.9 25.1 7.1 -9.4 -1.2 1.4
1434.2 -111.9 92.4 -68.4 27.2 -20
2990 147.1 2.1 -136.8 -17.8 73.2
0.9 17.3 75.1
420.4 25.4 7 -9.4 -1 1.3
1427.4 -107.2 91.6 -68.6 32.1 -22.9
2959.7 167.9 0.6 -137.6 -5.2 58.6
0.9 16.9 65.3
420.3 25.2 7 -9.1 -0.6 1.1
1423.9 -107.3 89.7 -62 34.1 -23.7
2943 148.8 0.8 -95.7 10.4 47.4
0.9 17.7 48.8
420.6 25.2 6.9 -8.7 -0.5 1.1
1426.7 -109.4 87 -55.6 34.5 -25.5
2956 139.5 -8 -57.1 24.8 34.7
1.1 18.8 54.7
421.5 25.5 6.7 -8 -0.7 1.1
1440.4 -112.4 82.2 -50.8 30 -28
3022.4 157.7 -33.5 -47.8 25.2 36.7
winner is: 8
