Regression analysis information for: S01_selected_tokens_0016
number of formants: 3
number of coefficients: 5
2.5 41.2 15.7
527.8 -49.2 -24.3 19 -18.6 6.6
1617.4 -155.8 31.1 90 -160 20.6
2140.3 47.3 -77.2 40.2 -44.8 3.1
2.3 39.1 28.3
527.7 -50.7 -20 17.1 -17.6 8.3
1632.3 -168.8 109 104.5 -126.4 39.5
2154.3 24.5 -71.4 55.1 -72.5 29.8
3 47.9 41.4
529.7 -51.8 -18.1 14.9 -15.3 9.2
1685.5 -147.1 189.8 115.9 -72.3 57.1
2173.7 -8.8 -64.1 70.3 -106.8 62.1
4 56.7 60.9
533.8 -53.1 -18.4 13 -13 9.9
1751.1 -103.9 246.7 126.7 -26 52.3
2233.1 -18.8 10.5 127.8 -95.1 144
5.8 57.8 71.3
538.8 -53.6 -21.2 12.6 -11.5 11
1796.4 -46.6 237.1 143.9 -39.4 28.6
2336 4.1 150.6 228.4 -48.9 244
7.6 62.5 86.1
543.9 -53.9 -22.8 10.1 -8.5 10.6
1824.6 -12.1 240.3 145.7 -75.2 -15.7
2413.8 -27.5 245.4 260.1 -55.6 275.8
9.6 101.6 175.6
546.4 -52.7 -30 11 -9.2 11.6
1899.4 28.5 80.1 130.4 -24 23
2513 -81 119.5 272.6 -1.1 378.6
7.9 104.9 201.3
544.4 -45.9 -37.5 14.1 -11.1 11.7
1889 80.6 56.4 128.9 -51.3 57.9
2491.8 -56.7 -85.3 362.4 -68.2 329
6.3 101.6 199.9
540.2 -40.8 -38.2 11.6 -6.4 6.4
1869 76.8 133.5 120.5 -95 24
2347.9 21.1 -76.4 213.9 -34.5 254.6
3.8 95.7 95.2
538.9 -39.7 -35.7 6.2 -3.2 2.4
1872 77.3 179.5 102.6 -151.6 -14.9
2241.1 148.2 -9.1 146.2 60.2 138.6
3.1 111.8 113.6
542.6 -44.4 -26.1 -2.5 0.5 -1.1
1884.3 111.8 147.2 119.6 -178.3 -65.8
2309.5 137.3 208.9 163.3 99.1 73.1
5.2 98.5 192
555.7 -61.3 -12 -16.7 10 -6.8
1971.1 86 78.4 21 -28.9 -27.5
2586.7 -31.4 315.7 -58.4 307.6 153.6
7 83.5 119.2
567.1 -71.7 -7.8 -20.9 11.8 -7.3
2034.5 117.3 25 -78.8 -39.4 63.7
2926.5 121.9 158.5 -293.2 77.8 140.3
9.5 13.2 91.2
574.3 -74 -13.6 -15.6 7.8 -5.2
2085.7 94.5 -60.4 -18.5 15.2 -11.5
3047.7 21.7 27.2 -128.6 83.3 39.7
11.9 11.5 13.2
576.4 -70.7 -25.3 -3.6 -0.7 -0.8
2089.9 91.4 -62.9 -12.4 10.3 -10.1
3127.6 -63 -25.5 4.3 3 5.3
10.1 9.6 6.7
576.3 -65.9 -32 5 -7.6 0.7
2094.4 89.6 -63.4 -7.4 7.1 -10.1
3137.4 -68.3 -25 13 -3.7 5.2
7.5 9.3 7.6
566.4 -60.3 -33.8 12.8 -12.3 1.4
2092.6 88.8 -65.8 -4.8 4.5 -10.5
3138.3 -69.9 -28.1 12.9 -7.6 5.4
3.1 7.9 12.6
555.3 -52.2 -33.5 16 -13.3 -0.5
2084.7 93.9 -67.8 -0.2 3.4 -12.9
3124.7 -53.1 -44.9 28.4 -16.5 5.3
2.4 7.2 11.4
549.6 -48.6 -30.8 12.9 -12.4 1
2075.6 99.4 -66.6 -2.7 5 -11.6
3105.1 -35.1 -63 42.6 -22.2 8.3
2.9 8.7 10.8
546.9 -47.1 -30.5 10.9 -11.1 2.2
2069.3 102.3 -64.5 -9.4 8.9 -9.2
3097.6 -37.7 -61.6 36.7 -13.4 6
winner is: 19
