Regression analysis information for: S01_selected_tokens_0067
number of formants: 3
number of coefficients: 5
1.5 17.8 47.2
427.4 -27.4 -11.6 1.1 -1.5 2.1
1470.8 -123.4 26.5 -36.7 -19.1 7.8
2398.2 -203.3 -224 -60.8 -86.2 14
1.5 29.1 63.8
427.1 -27 -11.7 1.6 -1.7 2.7
1464.7 -104.4 8 -16.9 -36.4 27.3
2414.8 -145.7 -219 9.1 -118.2 34.7
1.3 15.7 91.6
426.2 -27.4 -11 2 -1 2.4
1478.9 -125.6 30.1 -42.3 -13.4 2.6
2386.7 -204.6 -263 -6.7 -101.7 68
1.4 22.6 169.7
423.3 -27.7 -10.3 2.5 0.3 2.4
1461.8 -120.7 34.4 -75.5 10.9 -16.4
1949.6 -135.9 -312.4 95 338 -78.4
1.5 17.9 89.7
422.9 -27.5 -9 2.2 0.4 2.2
1468.9 -142.3 52.3 -52.5 -19.3 -4.5
1877.2 -152 46.5 -72.7 241.5 0.8
1.4 56.1 184.9
425.1 -25.3 -8.2 1.9 -0.8 1.8
1458.8 -132 57.8 -66.1 12.4 5.9
2270.8 -140 54.3 -151.5 -82.5 34.2
1.4 15.9 5.9
428.3 -22.1 -7.9 2.5 -1.5 1.7
1506.3 -117 45.1 -46.5 0.1 -2.4
2512.2 -90.4 -99 30.1 -36.5 18.8
1.4 14.8 5.7
428.3 -22.6 -8.2 2.7 -0.6 1.6
1509.4 -114.3 38.3 -43.7 3.5 -3.1
2518.3 -90.2 -96.5 28.5 -37.2 19.9
1.6 13.7 6.5
426 -24.6 -9.1 3.3 0.3 2
1500.6 -122.9 39.1 -40.2 5.7 -4.3
2515.6 -89.6 -102.7 32.8 -38.3 20.1
1.5 13.2 8.8
424.3 -26 -9 2.8 0.9 2.1
1478.2 -129.7 43 -37.7 5.2 -1.4
2498.2 -96.8 -110.3 34.6 -35.3 16.4
1.6 12.7 6.7
423.5 -26.3 -9 3.1 0.8 2.4
1467.4 -136.4 51.9 -39 5.7 0.1
2478.2 -103.5 -108.5 33.7 -30 17.1
1.5 11.5 5.3
423.8 -26.4 -8.7 2.8 0.9 2.2
1467.7 -134.6 52.6 -39 3.9 -0.7
2483.3 -106.5 -101.1 30.4 -32.4 17.8
1.6 12.2 5.6
424 -26.2 -8.8 3 0.7 2.3
1476.7 -137.2 54.4 -41.8 6.2 -2.7
2496.5 -108.2 -98.2 30.6 -35.3 20.4
1.5 12.2 8.3
425 -25.9 -8.5 2.7 0.8 2.1
1488.9 -133.3 52.1 -43.6 6.6 -4.2
2522.3 -112.5 -89.6 28.7 -40.8 24.4
1.7 14.1 12.6
426.2 -25.1 -8.4 2.9 0.6 2.2
1511.8 -133.2 53.8 -49.2 10.9 -8.1
2554.8 -114.2 -80.8 28.5 -46.4 30.2
1.8 15.4 18.7
428.3 -23.9 -8.1 2.8 0.7 2.2
1544 -124.9 50.6 -56.2 17.9 -11.6
2599.5 -112.4 -65.7 22.8 -47.6 35.2
1.9 16.9 23.5
431.4 -22.1 -7.8 2.4 1.2 2
1586.4 -103.5 38.7 -65.2 29.9 -12.9
2654.2 -98.3 -44.3 10.4 -40.8 35.3
2.6 32 23.2
434.2 -20.2 -8.3 2 1.6 2.1
1641.2 -84.7 12.3 -89.2 58.7 -8.1
2713.5 -74.6 -28 -11.3 -28.2 27.2
3.1 55.6 42.4
437.7 -18.6 -8.7 1.2 2.7 2
1711.5 -55.6 -47.9 -115.8 105.7 8.5
2800.1 -37.4 -17.9 -52.7 4.8 21.6
3.2 53.2 51.8
441.1 -16.7 -9 0.3 2.6 1.8
1770.3 -29.5 -85.7 -138.7 119.6 8.3
2878.9 13.6 -17.2 -94.8 8.1 26.2
winner is: 12
