Regression analysis information for: S01_selected_tokens_0065
number of formants: 3
number of coefficients: 5
3.7 24.9 35.4
405.5 -35.8 -7.5 4.1 2.2 4.3
1579.1 187.2 125 -27.9 64.2 13.8
2655.4 -42.5 6.9 40.4 -18.1 51.1
3.4 24.1 39.2
405.1 -37.9 -8.3 5.7 4 5.3
1577.3 189.9 127.1 -30.7 64.3 13.6
2656.9 -35.9 9.1 33.6 -22.5 53.2
3.5 24.1 41
405 -39.4 -9.2 6.9 5.8 6.6
1576.7 191 128.2 -31.1 63.5 12.7
2649.1 -24.3 14.2 25.3 -23 45.7
4 24 39
403.8 -40.2 -10 7.5 6.2 7
1578.7 190.6 128.7 -30.4 63.1 12.8
2657 -26.4 21 25.5 -24.5 42.3
4.9 24.5 33.9
400.7 -39.3 -10.2 7.7 5.4 8
1581.9 188.8 128.8 -29.3 63.3 13.3
2679.9 -44.1 27.3 26.8 -19.1 35.2
5.1 25 31.1
395.7 -38.1 -9.5 7.7 5.8 8.1
1584.7 187.4 129.7 -29.4 63.2 14.9
2713.4 -67.9 37.1 25.6 -14.2 30.9
5.5 29.8 63
390.3 -36.3 -8.7 8.2 6.5 6.5
1580.3 196.6 122.6 -22.5 54.7 27.1
2731.4 -49.5 4 67.4 -53.6 84
5.5 29.4 80.5
386.6 -34.8 -7.9 8.1 7 5.4
1574.8 197.9 130.1 -33 58.3 27.7
2753 -53.1 -19.5 94.5 -76.4 113.3
5.4 30.3 94.2
384.8 -34.4 -7 8.3 7.1 4.8
1564.3 204.2 134.2 -41.1 59.2 29.5
2711 14.2 -79.9 108.9 -89 113.7
5.1 32.9 93.2
384.3 -34.4 -6.8 8.5 7.3 4.2
1559.2 207 137.3 -50.2 72.5 14
2708.4 0.1 -71.3 76.1 -51.2 65.8
4.5 34.2 59.1
384.7 -35.2 -6.2 8.1 8.1 3.5
1557.4 212.8 122.4 -29.9 54.6 31.3
2764.9 -89.3 -20.6 73.3 -68.7 108
4.4 25.1 35.2
385 -35.5 -6 8.3 8.2 3.3
1569.5 195.5 136.6 -39.7 70.2 15.7
2798.4 -126 21.5 45.7 -18.2 70.4
4.3 24.6 30.6
385.3 -35.6 -5.8 8.4 8.5 3
1574 194.5 137.8 -37.1 73.2 12.7
2819 -129.9 35.2 47.5 -2.1 61.7
4.3 24.5 33.8
385.6 -35.5 -5.6 8.5 8.7 2.6
1577.4 196.1 139.3 -35.8 76.8 9.2
2834.4 -120.8 39.1 56.6 1.3 61.3
4.3 24.4 37.9
385.8 -35.4 -5.5 8.4 8.8 2.3
1580 198.7 140.3 -35.1 79.8 5.6
2848 -112 42.3 61.4 2.5 58.3
4.4 24.4 42.1
385.3 -34.8 -5.2 8.4 9 2
1572.5 207.7 144.9 -37.4 84.3 0
2833.6 -99.4 61.4 61 9.1 45.4
4.4 25.8 40.4
385.1 -34.1 -5.1 8.4 8.9 1.8
1568.3 219.1 147.1 -37.5 84.4 -3.8
2823.9 -60.9 72 55.9 9.6 29.2
4.4 25.1 43.9
385.4 -33.7 -5.1 8.4 8.7 1.9
1573.4 223.8 147.9 -36.2 82.6 -3.4
2844.8 -39.8 75.7 53.4 0.2 29.3
4.5 24 49.3
385.9 -33.4 -5.2 8.6 8.5 2
1582.3 226.6 147.2 -34.2 79.8 -1.9
2877.1 -22.8 74.3 50.4 -15 32.3
5.2 22.6 55.1
386.3 -32.9 -5.9 9.5 7.7 2.8
1595.5 227 146 -31.9 75.9 -0.6
2916 -9.8 64.3 48.7 -35.6 35.3
winner is: 13
