Regression analysis information for: S01_selected_tokens_0116
number of formants: 3
number of coefficients: 5
11.7 30.5 43.3
689.9 -31.3 9.2 14.1 -19 4.4
1430.7 90.4 218.8 63.1 36.6 13.1
1757.8 142.4 100.2 44.9 11.8 50
14.9 43.6 48.2
688.6 -28.5 10.5 15.7 -22.3 1.5
1421 115.4 212.6 72.2 21.2 2.8
1755.9 155.8 101.6 57 12.7 54.6
15.6 42.6 46.7
690.5 -27 9.5 16 -21.7 0.5
1409.2 142.2 176.6 96.9 -6.5 19.7
1753.5 150.4 95.3 50.1 6.4 47.4
17.5 56.2 25.6
693.1 -25.2 1 17 -23.2 1.5
1401.2 146.7 121.7 107.4 -51.5 28.9
1736.9 120.6 64.4 16.5 -25.6 17.4
17.6 61.1 32.2
702.9 -23.2 -5.9 15.8 -19.5 -1.5
1434.4 139.2 116.6 118.9 -54.6 43.7
1733.5 135.9 80.9 19.6 -19.8 19.6
19.6 56.2 52.6
717.6 -17.8 -19.2 13.4 -17.6 -5.8
1484.3 145.9 126 141.6 -62 84.6
1747.5 207.9 156.1 74.9 36.5 58
27.3 104 134.2
731.3 -4.4 -26.3 1.1 -33.1 -3.8
1504.3 147.7 143.4 125 -108.1 120.2
1828.6 262.9 169.5 211.8 161.3 30.1
28.4 107.1 172.1
755.6 12.8 -41.8 -13.3 -36.2 -16.9
1536.4 99.3 51.4 204.5 23.5 92.6
1986.1 271.4 -45.2 309.5 331.8 -53.9
28.9 125.7 243.5
778.5 22.4 -47 -18.4 -43 -30
1574.4 119.4 70.1 149.8 -28.7 21
2221.3 398.6 -73.2 121.1 132.7 -189.9
18.6 24.9 175.4
798.9 38.7 -52.7 -41 -60.2 -35
1654.5 111.7 75.9 38.6 -20.1 -2.7
2452.2 281.1 -26.6 -96.1 212.5 -237.2
21.4 32 133.4
804.1 48.8 -40.2 -50.9 -63.1 -36.6
1652 119.2 80.9 17 -9.2 11.5
2480.4 226.1 62.4 -201.8 259.1 -174.9
26.2 25 104.6
799.3 50.5 -28.7 -50.6 -69.3 -38.6
1658.3 111.7 85.6 17.7 -9.1 6
2592 57.9 154.7 -222.4 231.9 -124.9
25.6 26.8 135.4
794.2 41.7 -21.9 -37.1 -74 -36.7
1653.3 109.7 91.2 24.8 -18.9 -7.7
2629.5 -14.3 195.4 -180.5 137.1 -93.6
24.8 15.3 27.7
788.2 32.6 -19.5 -26 -65.5 -26.1
1660 100.8 85.9 29.9 -17.1 0.6
2728.1 -132.8 161 -57.4 31.4 -45.2
24.8 15.9 28.9
781.4 24.9 -27.5 -17.8 -62.9 -17
1659.5 100.7 84.1 33.7 -17.7 2.9
2732.9 -146.3 168.7 -57.5 36.5 -43.6
21.3 17.3 35.4
771.8 14.2 -33.1 -10.8 -56.3 -7.8
1655.8 99.6 81.5 38.9 -17.4 6.1
2725.7 -159.3 165.8 -42 40.8 -34.6
19.1 18 42.3
768.1 11.3 -31 -8.7 -51.8 -7
1652.2 99.1 80.5 41.3 -16.5 6.6
2708.8 -152.3 152.5 -19.6 34.9 -27
19.2 18.9 44.3
762.6 12.9 -33.4 -9 -52.1 -7.1
1647.9 105.6 78.2 43.4 -16.8 6.9
2672 -97.6 114.5 7.6 21.2 -22
17.9 18 39
761.7 13.1 -29.5 -9.5 -49.3 -8.2
1645 106.1 79.1 42.8 -14.9 5.4
2649.7 -71.5 106.2 10.1 27.6 -35.9
18.9 18.3 33.4
759.9 14.3 -30.6 -10.2 -51.2 -7.9
1644.8 108.5 80.7 42.5 -15 6.3
2649.9 -71.8 120.7 0.7 29.9 -32.7
winner is: 14
