Regression analysis information for: S01_selected_tokens_0070
number of formants: 3
number of coefficients: 5
11.3 170.5 63.6
398.2 -3.5 6 6.2 -12.4 5.4
1739.7 -28.7 42.9 58.7 121.4 -48.9
2333.6 -227.8 -72.9 55.4 -25.3 61.8
7.2 18.2 29.9
401 -1.9 3.9 -0.1 -14.3 8.6
1822 61.7 -26.8 -100.6 18.7 -2.6
2355 -206.8 -86.7 14.6 -49.7 68.1
8.4 19.1 19.9
399.4 -0.3 3 1 -17 10.8
1824.8 60.7 -24.7 -102.8 21.1 -7.3
2363.6 -218.4 -80.3 3.2 -34.4 57
9.3 20.5 11.3
397.3 1.6 2.6 2.7 -19.9 12.7
1828 59.9 -23.8 -105.8 23.1 -10.7
2375.7 -235 -70.6 -14 -13.8 43.6
9.3 22 12.6
395.4 2.8 3.1 3.1 -21.6 14.6
1831 59.4 -23.4 -108 23.8 -13.6
2384.2 -246.3 -65.5 -23.2 -0.8 33.5
8.7 24.1 14.7
391.5 3.1 5.1 3.6 -22.1 15.9
1832.5 55.7 -33.4 -113.2 23.8 -13.4
2392.1 -258.3 -70.4 -31.3 12.6 32.3
8 28.8 22.2
385.9 5.4 7.4 5 -22.5 17.6
1827.1 37.5 -38.7 -110.4 40.6 6
2400.6 -265.7 -83.5 -23.1 19.7 38.8
7.8 60 28.7
384.5 8.1 9 3.1 -22.3 17.1
1821.4 46.9 -2.1 -86 10.1 -50.1
2402.3 -275.3 -67.6 -15.1 16.5 18.1
8 28 17.3
383 11.4 10.6 0.3 -21.2 16.2
1852.5 77.5 -24.8 -118.8 8.2 -30.7
2414.4 -271.4 -80.1 -23.9 19.8 34.1
8.6 33.9 28.2
381.5 14.4 11.4 -1.9 -19.6 15.4
1859.3 95.9 -23 -117.7 -6.5 -38.6
2407.9 -254.9 -97 -3.3 -0.1 52.5
9.2 33.3 21.8
380.1 16.8 11.6 -2.8 -18.6 14.9
1865.8 96.4 -15 -124.5 -6.1 -47.1
2415 -262.2 -89.7 -10.5 2.1 43.7
10.2 34.3 24.7
379 18.4 12.1 -3.5 -17.8 14.8
1869.4 102 -11.2 -125.3 -7.3 -50.3
2416.3 -259.2 -92.1 -8.4 -2.8 46
10.6 34.7 23
378 19.3 12.9 -4.3 -16.3 14
1871.1 107.6 -8.2 -126 -6.3 -53
2417.9 -264.5 -87.2 -10.4 2.4 44.9
11 33.3 22.2
377.5 19.8 13 -4 -16.2 14.3
1870.6 107.9 -7.4 -126.5 -3.7 -50.8
2417.6 -267.7 -80.8 -11.7 7 44.6
11 33.5 24.3
377 19.8 13.8 -5 -14.8 13.3
1867.7 115.9 -8.9 -125.6 -0.1 -52.9
2410.2 -263.9 -82.8 -10 13.9 48.2
11.6 42.8 33
376.4 20.5 13.3 -4.3 -15.1 14.3
1855.8 125.6 -21.1 -114.1 -7.5 -36.4
2398.6 -263.5 -73.4 -13.9 25.1 53.1
11.5 32.8 23.3
376 20.5 13.6 -3.9 -15.1 14
1854.4 106.6 -3.2 -119.1 11.2 -51.9
2395.5 -271.9 -49.3 -16.2 23.2 26.9
11.5 35.1 22.8
376.1 20.8 14.3 -4.3 -15 13.8
1855.5 115.5 10.9 -126.7 7.8 -58.3
2384 -266.1 -29.4 -34.9 27 32.6
11.6 35.5 23.6
376.6 21.5 14.5 -4.3 -15.3 13.5
1865.2 129.1 16.3 -125.8 5.6 -61
2393.6 -261.9 -35.7 -39.3 21.9 25
11.9 31.8 32.5
377.3 22.8 14.5 -4.5 -16 12.9
1875.5 147.4 16.5 -121.6 7.1 -56.1
2410.2 -239.5 -45.5 -45.6 5.6 2.3
winner is: 4
