Regression analysis information for: S01_selected_tokens_0052
number of formants: 3
number of coefficients: 5
17.2 25.7 10224.5
477.4 69 -30.8 35.6 -13.5 11.8
923.7 213.3 15.7 52.5 65 37.7
1693.6 58.9 -320.8 -179.4 309.7 222.2
36.4 74.2 10239.9
467.6 53.9 -29 26.9 -28.6 16.5
907.1 212.3 55.7 44.3 20.3 48.1
1729.4 290.2 169.2 -182.1 -135.4 87.6
18.8 19.6 377.4
489.8 71.1 -21.9 37.7 -21.9 7
956.6 246.7 50.7 69.8 49.4 22.5
2089.6 271.2 190.6 -264.5 -73.1 133.4
22.4 33.3 382.7
492.1 70.6 -17.9 33 -26.2 7.9
963.4 223.6 51.6 47.8 44.6 -0.8
2409.1 -92.5 -46.3 7.9 -419 175
17.5 31.8 243.5
497.2 61 -22.8 37 -25.5 2
978.3 212.9 53.6 53.5 57.5 -14.5
2659.1 -267.6 -85.8 63.1 -145 34.4
15.1 29.7 240.4
494.2 49.7 -24.1 38.4 -17.9 5.3
975.3 195.9 47.2 70.5 79.9 -3.2
2601.1 -476.4 -228.9 182.5 -75.2 -102.4
15.8 30.8 214.9
492 50.8 -26.5 39.9 -14.6 7.7
973.4 194.1 45.3 71.6 88.3 0.1
2687 -375.9 -175.7 196.3 -28.4 -28.4
14.5 28.6 101.7
494 57.6 -22.9 37.9 -14.9 6.5
980.6 206.6 58.6 63.6 87.4 -9.6
2804.6 -299.3 -125.1 101.2 -32.9 -57.6
14.2 26 34.4
494.4 60.4 -22.6 32.6 -17.6 8.3
977.3 215.5 58.1 58.9 79.9 -1.8
2878.2 -245.5 -201.1 -12.3 -53.6 23.6
13.8 20.5 36.5
490.7 61.9 -26.1 28.4 -20.1 9.8
969 219.4 53.3 54 72.5 7.4
2880.7 -253 -206.6 -10.6 -65.8 17.9
15.5 10.6 50.7
484.3 63.4 -30.2 28 -21.5 13.2
957.2 219.2 44.4 51.6 65.1 17.7
2848.7 -242.7 -246.1 -21.4 -84.8 23.8
16.3 9.6 58.4
482.9 60.6 -29.2 28.7 -20 14.1
954.5 214.5 43.4 51.3 66.7 18.2
2834.3 -261 -235.4 -36.7 -67.6 30.7
15.9 9 55.9
483.9 59 -27.7 29.3 -18.7 13.6
954.8 213.4 42.4 53 67.1 18.4
2839 -266.3 -226.8 -21 -59.3 23.9
16.5 9.4 55.1
485.9 59.2 -27.3 30.9 -19.8 13.8
957.4 216.9 43.8 55.6 68.3 17.5
2859.5 -262.6 -224.9 0.6 -66.5 26.3
17.6 11.8 49.7
490.7 59.2 -27 34.7 -24.9 15.5
960.9 225.2 48.1 57.6 73.2 14.1
2904.2 -266.7 -219.2 31.3 -88.4 41.4
18.5 15.4 47.7
500.2 56.8 -22.6 38.9 -31.3 18
961.1 236.8 50.8 60.7 82.5 12.6
2960.5 -242.9 -194.4 61.9 -95.1 61.3
22 22.8 61.9
513.3 55.4 -16.2 42.7 -41.3 20.1
957.6 255.1 52.8 64.5 96.5 9.7
3028.7 -197.5 -141.2 88.9 -76.2 86.3
24.2 27.4 71.6
522.5 62.1 -13.6 41.3 -49.3 13.5
953.8 263.6 53.3 68.4 104.8 12.1
3076 -164.4 -114.9 83.3 -77 84.2
27.6 34.9 93.1
532.9 71.4 -10.2 35.1 -52.7 1.5
943.3 282.3 42.7 86.3 105.9 21.5
3122.4 -167.3 -92.5 60 -48.9 97.9
33.4 208.8 112.4
546.1 83.3 -14.8 28.3 -62.1 -5.9
1077.1 288.2 192.5 -55.8 70.6 -195.4
3217.7 -185.9 -27.5 -43.2 -25 7.7
winner is: 10
