Regression analysis information for: S01_selected_tokens_0049
number of formants: 3
number of coefficients: 5
18.2 69.8 45.6
545 107 16.3 6.9 -15.5 -20.1
1294 -218.7 -70.7 -130.9 -9.6 -7.2
2348.7 -470.1 -393.2 -39 59.7 38.3
40 89.8 175.1
520.5 88.8 -14.2 -8.7 -29.8 -20.8
1308.6 -180.9 -62.7 -126.8 -34.9 -26
2456.3 -264 -552.6 38.1 -89.8 32.4
27.3 68.8 309.9
531.7 130.9 22.2 9.4 -9 -5.5
1384.5 -42.1 59.5 -54.3 10.1 -31.9
2275 319.4 -7.3 -165.7 -327.5 224.5
18.8 42.7 190.5
539.2 152.8 40.6 20.3 -5.2 -10.5
1404.9 2.7 105.6 -20.2 36.3 -30.6
2124.1 369.7 221.6 35.7 -50.6 128.5
18.3 30.7 156.5
539.6 152.2 42.7 24.3 -0.3 -7.7
1410.6 11 120.1 -3 57 -8.2
2177.2 263.6 250.7 172.6 76.9 173.9
18.9 26.8 207.8
541.1 149.6 43.2 25.6 1.6 -6.5
1415.2 12.3 122 -4.8 52.5 -12.9
2336.9 145.1 136.7 223.2 121.5 136.6
17.7 37.5 268.6
543 143.1 39.4 21.5 -3.2 -9.8
1411.2 28.8 105.3 12.2 31.9 1.7
2611.8 -16.1 -44 322 110.4 180.6
16.7 18 60.6
546.7 142 38.1 16.1 -9.8 -14.6
1432.8 22.6 128 -15.2 31.2 -33.9
2951.4 -90.7 46.8 -10.2 27.5 -37.6
17.2 18.5 16.8
546.1 137.4 32.9 10.8 -14.8 -16.5
1435.2 21.1 127.5 -17.6 28.2 -33.9
2983 -56.3 33.7 -56.5 -10.4 -31.3
17.1 18.7 17.3
544 135.6 29.7 6.4 -17.2 -15.1
1434.5 21.7 127.2 -20.9 26.3 -32.3
2987.5 -55.4 37.9 -53.6 -9.3 -29.6
15.8 18 18.6
539.7 133.3 27.1 4.1 -17.1 -13.3
1429.6 24.3 125.1 -22.7 26.1 -31.6
2984.6 -43.1 44.5 -58.6 -10.1 -29.6
13.4 17.3 19.5
533.8 124.4 21.6 3.1 -14.9 -9.5
1425.2 19.3 121.5 -22.5 27.8 -28.8
2981.8 -37.1 47.2 -59.9 -9.2 -29.9
12.4 16.5 20.4
531.5 120.4 18.5 2.7 -14.3 -7.9
1424.2 15.4 119.9 -22 28.7 -26.4
2981.5 -43.8 41.7 -59.3 -6.4 -26.9
11.4 15.5 22.5
530.1 116.6 16.3 2.8 -12.9 -6.1
1423 10.1 117.6 -21.6 30.5 -24.2
2980.7 -65.8 28.1 -58.8 -2.7 -18.7
10.8 15.2 21.9
530.5 115.4 16.2 3.9 -11.4 -5.2
1423.3 7.4 116.6 -21 32.3 -24.1
2988.5 -81.2 20.9 -54.4 1.2 -15
10.6 15.3 23.1
531.4 115.6 15.7 4.3 -10.9 -5.3
1425.4 6.2 116.9 -20.6 32.9 -24.2
3005 -90.4 17.1 -48.7 3.4 -11.8
10.8 15.9 25.6
532.4 117.4 14.6 4.1 -11.3 -6.3
1428.8 6 118.3 -20.5 32.7 -24.2
3028.8 -92.2 17.3 -43.8 4 -8.4
11.4 16.3 25.9
532.9 118 14.4 4 -12 -7.3
1429.7 6.2 118.4 -20.7 32 -25.5
3033.6 -88.4 20.4 -43.1 -1.7 -17.1
10.9 16.2 25.5
533 119.8 13.3 3.4 -10.3 -8.6
1430.3 5.6 117.2 -21.9 32.8 -27.1
3053.6 -103.1 6.3 -40.2 -10.2 -17.4
11.4 17.4 25.4
529.4 131.3 10.1 -2.9 -4.7 -14.2
1430.8 10.4 120 -26.5 35.6 -27.4
3100.1 -105.6 -8.9 -35.4 -18.6 -13.1
winner is: 15
