Regression analysis information for: S01_selected_tokens_0118
number of formants: 3
number of coefficients: 5
3.9 55.6 46.2
755.9 2.7 -14 0.1 1.3 5.7
1414.4 -39.1 23.5 -68.7 73.8 -39.3
1758.9 -10.3 35.8 -2.4 53.1 18.7
4 41.6 68.5
761.2 5.7 -11.2 1.4 -1.4 6.1
1468.7 -42.6 68.7 -46.1 64.3 -10.5
1776 5.2 62.7 12.5 81.8 33.2
4.3 35.1 87.9
765.4 8.4 -9.1 2 -4.6 6.1
1514.9 -67.7 100.5 -43.4 30.9 10.4
1788.9 25.7 92.8 32.9 114.8 52.3
4.3 44.3 109.7
766.6 9.5 -10.2 1.5 -7 5
1514.7 -54.7 79.3 -36.8 13 2
1796.3 53.2 113 59.9 139.4 78.5
5.2 45.3 115.4
764.3 9.2 -9.2 1.5 -9.2 3.8
1490.3 -43.7 71.9 -37.5 -2.8 2.7
1790.5 82.4 108.6 97.4 133.6 108.6
13.8 47.6 102.1
760 0.8 -21.8 -7.8 -20.1 -6.9
1473.9 -32.1 13.5 -26.4 -45.5 -4.9
1776.3 67.5 75.3 82.6 103.2 97.2
4.7 44 11
766.6 7.1 -17.3 0.1 -12.2 0.9
1488.3 -102.1 -35.1 -56.5 -84.4 -41.9
1718.6 -31.6 -25.8 -25.4 7.5 9.8
5.4 37.1 11.2
774.1 9.3 -19.9 -1.2 -14 -1.2
1564.8 -121.3 -41.2 -39.7 -72.5 -49.8
1696.9 -27.3 -7.3 -35.7 6.1 23.8
7.3 30.5 91.9
789.9 19.3 -20.8 -2.5 -15.3 -2
1610.5 -117.9 -22.7 -43 -43.8 -11.2
1771.7 18.3 61.3 63.8 73.5 98
36.7 107.6 207
787.3 -9.4 -57.1 -28 -22.6 9.7
1576.4 -180.6 -75.8 -57.5 -21.2 51.9
2035.5 -169.1 315.7 4.1 283.6 108.2
9.8 21.9 205.8
826.9 46.7 -26.4 -14.7 -24.2 -4.4
1651.3 -35 46.6 -12.6 1.6 -10.5
2646.5 77.4 445.2 -195.1 -91.5 70.6
10.7 3.4 127.3
835.9 53 -30.4 -18.5 -27.4 -5.8
1664.3 -41.2 37.3 -6.1 -9.3 -0.9
2928.8 -34.1 92.9 -78.1 -53.7 166.2
10.7 3.4 90.4
836.3 52.1 -33.3 -20.3 -30.4 -8
1665.1 -41.3 36.4 -6.4 -9.9 -1.4
2962.4 -50.7 46.7 -36.8 -29.3 112.3
10.6 3.9 81.7
828.4 44.4 -39.6 -21.9 -31.2 -9.4
1662.7 -42.6 34.1 -7.2 -11.1 -2.5
2978.3 -54.3 41 -41.2 -18 107.2
9.9 3.6 31.8
819.9 34.3 -43.1 -19.3 -29.6 -8.5
1658.8 -45.7 31.8 -6.4 -12.3 -3.3
3029 -89.3 -29.9 41 -27.3 37.8
8.8 3.9 28.9
814 25.9 -46.4 -17.8 -27.4 -7
1655.4 -49.7 29.4 -6 -12.5 -3.5
3034.4 -103.1 -52.2 66.3 -41.1 25.3
7.7 3.9 31.5
811.2 21.7 -46.9 -16.5 -24.7 -5.2
1652.4 -52.4 27.5 -6.1 -11.4 -3.2
3020.6 -117.1 -66.5 66.9 -43.9 29.7
7.8 3.9 34.9
808.8 18.6 -49 -16.8 -25.1 -4.2
1651.3 -54.7 26.6 -5.8 -12.2 -2.1
3009.5 -126.4 -69.9 71 -40.1 33.6
7.7 3.9 33.5
808.6 18 -48.8 -17.3 -25.3 -4.1
1651.2 -55.5 27.1 -6.6 -12.2 -2.1
3009.4 -135.2 -65 65.3 -37.7 30.6
7.7 3.7 31.9
810.5 19.2 -49.1 -18.4 -25.5 -3.4
1653.2 -55.1 27.5 -7.3 -11.9 -1.6
3026.2 -135.9 -61.2 54.1 -32.5 31.7
winner is: 16
