Regression analysis information for: S01_selected_tokens_0060
number of formants: 3
number of coefficients: 5
7.1 69.5 10129.5
471.1 24.1 -6.5 10.8 -1.6 12.3
857.1 138.8 182.2 44.6 120.1 2.9
1935.6 -191.8 -24.1 1 51.9 -32.3
10.5 67.3 10139.1
463.4 33.3 -9.5 13.7 -2.5 13.4
842.4 159.9 180.2 60.1 118.6 10.7
1760.7 -74.1 59.2 -30.6 99.5 -66.2
6 69 10111.1
465.8 24.6 -3.3 6.9 2.2 9.6
840 126.2 180.9 36.5 124.4 0.5
1765.8 -219.8 81.7 -137.6 114.2 -111.6
7.4 53.7 10097
471.9 19.8 -1.5 3.4 -0.2 8.3
864.3 90.3 199.1 -4.3 117.7 -25.2
1884.9 -276 92.1 -159.8 105.5 -133.1
9 45.1 291.1
481.1 18.4 -4.9 4.1 -4.5 11.2
909.6 106 225.6 -9.5 110.3 -21.6
2558.9 -519.8 -141.9 -84 -299.3 -88.1
9.2 39.1 74.9
487.9 18.9 -6.9 5.6 -5.8 13.1
939.7 123.5 237.6 -8.7 105.8 -17.6
2935.3 -359.9 -508.8 -166.5 -267.8 -81.9
9.3 42.3 112.5
490.4 21.5 -7 7.8 -5.5 14
939.3 119.8 224.3 -21.6 91.1 -33.9
3106.1 -126.7 -277.9 56.4 -125.2 -11.2
11.2 40.1 61.6
487 27.4 -7.3 10.8 -6.3 18.2
933.8 154.9 233.5 4.8 107.1 -19.6
3193.4 -28.4 -157.7 147.9 -36.8 70.3
11.4 35.1 116
479.7 33.8 -10.1 16 -6.1 18.9
902 183 205.6 42.4 102.8 -3.1
3127.7 21.3 -116.6 105.6 -24 95
11.2 34.5 127.8
475.5 34.6 -12.4 17.7 -7 19.5
885.4 185.5 186.4 56.3 96.5 10.9
2942.3 66.9 -128.7 185.6 53.4 221.4
11 35.3 124.3
476.1 31.7 -13.3 16.6 -6.9 19.5
881.8 177.8 178.3 53.5 94.4 13.4
3023.9 -16 -218.6 204 36.1 269.8
11.8 33.6 127.4
478.8 28.8 -14.7 15.9 -7.9 19.9
884.3 173.1 175.9 46.3 91.4 8.4
3113.5 -98.5 -281.4 202.5 -33.9 200.1
13.5 31.6 116.9
483.5 26.5 -16.5 16.7 -10.1 21.5
894.7 174 185.1 38.7 92.6 0.4
3173 -35.4 -210.7 178.1 -53.1 147
14.8 42.5 92.1
489.7 23.2 -17.6 16.9 -11.6 22.5
916.4 156.5 213.7 16.1 101.3 -12.7
3295.9 -37.9 -48.8 106.4 -36.4 45.2
15.3 55.7 71.9
496.2 19.5 -17.6 16.4 -11.9 22.2
935.5 142.2 240.9 -5.3 109.3 -27.9
3370.7 26.3 46.4 107.7 -27.8 -26.9
15.7 62.5 66.9
501.2 17.6 -19 17.2 -12.8 22.3
948.8 140 260.9 -18.1 113.2 -39.6
3381.4 18 53.2 101.8 -23.5 -32.5
16.2 67.3 65.2
504.3 16.8 -21.6 19.2 -13.9 23.1
957.7 132.8 278.5 -27.9 119.5 -42
3389.7 10.7 56.2 95.7 -23.7 -38.1
13.5 30.2 68.1
496.8 19.8 -21.5 22.8 -14 20.1
912.6 186.9 210.1 22.2 96.9 -19.7
3379.7 22.3 54.1 107.3 -23 -40.4
13.5 30.3 60.9
493.8 21.2 -16.9 18.2 -12.1 21.1
914.5 181.7 204.9 25.6 97 -18.8
3373.6 21.4 61.1 101.4 -15.1 -38.7
13 32.7 53.6
501.7 18 -23.2 22.8 -14.4 22.3
911.2 192.4 219 18.6 105.2 -24.2
3394.9 11.8 70.4 98.2 -6.8 -42.8
winner is: 20
