Regression analysis information for: S01_selected_tokens_0028
number of formants: 3
number of coefficients: 5
0.9 64.5 37.1
565.7 -22.3 2.4 -0.3 -3.3 2
1636.8 133.5 -77 40.3 -57.6 38.1
1965.9 245.6 -52.7 -69.5 -99.5 -85
1.1 34.2 32.5
565.4 -24.1 3.1 0 -3.7 2.7
1632.6 108.9 -83.8 -12.9 -99.7 59.8
1983.5 241.2 -74.4 -83.9 -105.8 -41.9
0.8 30.6 34.5
565.6 -24.6 3.5 -0.8 -2.3 3.2
1646.4 100.5 -81.9 -6.2 -70.1 85.2
1977 231.1 -84.3 -84.7 -82.7 -18
0.5 33.1 33.3
565.2 -23.5 4.6 -2.6 1 2.1
1658 169.1 -44.9 3.7 14.6 91.9
1965.6 243.5 -88.6 -109.1 -58.7 -17.6
0.5 20.8 49.5
566.8 -23.9 5.4 -2.3 2.8 1.4
1691.1 161.8 -64.1 15.9 39.6 65.1
2037.9 376.5 23.5 -7.4 36.5 52.1
0.5 23 31.8
567.9 -23.6 6 -1.5 3 0.9
1715.8 160.9 -68.9 31.7 29.9 47.5
2070.4 442.5 72.7 19.5 50.8 46.1
0.8 21.6 28.5
569.6 -25.6 8 -1.8 2.6 0.2
1743.1 134.7 -48.4 38.2 7.1 43.4
2075.5 464 98.5 25.7 22 18.6
1.1 18.9 32.5
572.3 -29.5 9.7 -2.5 2.8 -0.5
1766 109.2 -43.9 39.5 12.9 30.5
2095.5 465.4 91.5 34.2 6.7 29
1.5 16.8 40
575.9 -34.6 12.2 -4.2 3.5 -1.5
1785.3 98.9 -45.3 29.3 19.1 12.3
2133 472.9 70.8 26.7 -22.5 34.6
1.7 14.1 45.3
580.1 -39.2 12.7 -4.8 4 -2.8
1800.5 97.8 -55.1 19.3 19.7 0.2
2194.3 463.7 11 14.7 -59.7 31
1.7 44.4 180.2
586.8 -45.7 13.4 -4.3 3.7 -3.3
1789 149.9 -80.6 17.5 24.7 -20.8
2390.1 300.5 183 -263.4 175.6 -218.6
1.8 7.8 44.5
593.5 -51.1 12.6 -2.6 3.2 -3.2
1830.9 109.6 -43.9 -1 18.5 -9.3
2951.3 -186.9 75.8 -8.6 -73.4 -82.3
2.1 9.1 10.7
599 -54.4 12.5 -2.4 3.7 -3.3
1840.3 122.6 -42.6 -5.5 14 -12.4
3009.4 -158.4 -7.8 -38.1 5.7 -25.2
2.2 9.8 11.3
601.6 -53.6 11.7 -2.9 4.3 -3.3
1848.9 133.9 -39.9 -7.2 11.3 -14.5
3018.2 -149.4 3.2 -29.3 9.8 -23.5
2 9.7 11.2
601.4 -49 10.2 -3.8 4.6 -3.3
1856.8 143.9 -35.7 -5.6 10.8 -14.7
3028.3 -137.8 11.2 -21.5 13.2 -20.4
1.7 10.3 12.1
600.1 -44.5 10 -4.8 4.7 -2.9
1861.4 151.7 -32.9 -6.5 9.6 -15.8
3037.3 -133.8 18.3 -19.7 16.6 -20.6
1.7 10.4 12.9
597.6 -40.4 9.8 -5.1 4.4 -2.5
1862.3 155.6 -30.7 -7.2 9.4 -15.8
3042.5 -131.9 23.2 -20.3 20 -21.1
1.2 12.4 16.7
591.7 -37.5 12.5 -6.6 4.6 -1.6
1850.1 151.1 -26.4 -11 10.7 -13.8
3023.2 -133.1 38.1 -43.4 26.8 -18.5
1.1 11.7 11.1
588.9 -33.7 9.9 -4.3 3.3 -1.5
1846.4 150.3 -25.9 -9.3 10.9 -14.6
2989.7 -83.9 1.1 -14 6.7 -5.2
1.2 11.2 9.4
589.8 -33.8 10.1 -4.5 2.9 -1.8
1849.2 153.1 -25.9 -10.9 7.8 -16.4
2998.1 -89.7 6.6 -17.1 5.6 -10.4
winner is: 20
