Regression analysis information for: S01_selected_tokens_0079
number of formants: 3
number of coefficients: 5
6.1 222.8 254.7
455 -0.7 1.9 8 -0.4 8.2
1436.1 129.7 106.1 143.2 232.5 74.1
2078.6 107 401.7 210.3 -57.3 6
9 228.6 238.5
453.8 -2.9 2.5 8 1.8 10.4
1494.3 145 105.6 126.3 203.4 22.1
2098.2 93.3 488.1 121.1 -50.6 55
4.2 167.3 223.4
458.1 0.2 2.9 6 -3.3 5.2
1610.2 78.9 123.1 99.7 134.4 46.1
2250.9 -53.6 456.9 214.1 -96 16.3
4.2 112.8 122
460.7 -0.1 1.3 4.8 -4.2 4.2
1679.2 71.8 134.6 61.8 91.6 -5.3
2458.6 -157 266.9 321.6 -35.3 -124.9
3.6 55.7 52.2
461.2 1.5 -1.9 3.2 -4 3
1729.2 152 100.2 -23.6 -7.4 -30.5
2675.9 4.6 -18.9 56.5 -33.6 11.9
3.3 15.6 10.2
459.6 1.7 -2.7 3 -3.7 2.9
1754.7 104.5 144.9 -63 23 -51.9
2713.5 -31.8 7.6 21.5 -2.3 7.5
3.9 15.2 6.2
459.6 -0.1 -2.3 1.3 -2.8 4
1755.1 104.7 143.7 -64.3 23.4 -51.9
2715.8 -25.4 6.4 24.4 -1.5 4.4
3.9 13.2 7.3
457.3 0.8 -2.2 0.8 -3.2 6.2
1752.7 105.1 149.5 -72.2 22.7 -47.8
2719.5 -23.6 11.2 18.6 -0.5 3
3.1 13.1 11.2
455.1 2.1 -3.4 3.2 -3.3 7.1
1748.1 107.8 152.4 -69 21 -46.9
2711.8 -22.4 23.1 17.3 -6.4 2.5
2.6 15.6 14.1
454.4 3 -4.6 4.1 -3 7.4
1746.2 114.7 147.2 -64.5 21.7 -46.7
2708.9 -8.2 10.9 24 -6.3 2.9
2.3 17.4 17.9
454.3 2.5 -4.6 4.3 -2.2 7.4
1743.5 118.1 143.4 -58.9 22.8 -46.8
2705.5 -2.5 3.4 33 -3.5 0.6
2.5 18 16.9
454.7 1.8 -5 4.9 -1.9 7.5
1746.8 114.4 141 -54.3 25 -47
2715.1 -15.7 -6.8 48.9 1.2 2.8
2.8 18.6 18.1
455.2 1.5 -5.7 5.7 -2.1 7.7
1754.8 107.6 141.3 -54.4 27.8 -47
2733.9 -33 -13.3 55.4 7.4 5.5
2.9 18.4 15.7
456.2 0.5 -5.9 5.7 -2 7.8
1763.2 99.7 140.1 -55.6 30.1 -45.9
2759.8 -56.7 -17.9 52.9 11.6 11.9
3.1 18.3 19.8
457.7 -0.6 -6.2 5.6 -1.9 8.1
1776.2 91.2 139.2 -59.2 32.3 -43.2
2801.4 -86.6 -18.7 40.6 14.3 23.6
3.5 18.6 37.7
459.6 -2 -6.3 5.2 -1.8 8.6
1791.8 81.6 138.9 -64.9 33.6 -38.9
2854.7 -127.2 -11.9 19.1 13.7 45.4
3.7 19 42.9
461.1 -3.3 -5.9 4.4 -1.6 9.3
1803.7 72.9 141 -72.1 35.4 -32.5
2885.6 -141 -15.6 0.8 15 65.9
3.7 19.6 41.6
463.6 -4.4 -6.1 3.5 -1.1 9.4
1819.9 72.9 134.8 -76 36.9 -30
2936.5 -132.9 -44.8 -17.6 15.1 75.8
3.8 22.4 46.2
467.1 -5.5 -7 3.3 -1.5 10.3
1848 71.5 127.4 -79.5 35.4 -22.1
3031.9 -103.7 -111.9 -53.6 8.9 107.9
4.3 27.4 51.7
471.8 -5.6 -9.6 3.4 -2.6 11.9
1886.7 72.5 113.1 -81.8 34.6 -11
3237.4 -0.7 -312.8 -183.3 12.8 176.5
winner is: 8
