Regression analysis information for: S01_selected_tokens_0081
number of formants: 3
number of coefficients: 5
6.4 21.8 15.1
682.5 26.3 -17.8 5 -2.5 4.6
1731.5 -74.1 23.7 3.2 25 20.5
2319.2 42.1 -1.9 20.6 3.1 14.3
6.5 24 13.8
685 25.9 -18.7 2.5 -3.4 3.7
1758 -68.9 33.3 13.7 30.8 28.9
2331.1 32.6 1.3 13.1 4.6 9
8 32.6 14.8
683.5 25.2 -18.5 0.3 -3.7 4.7
1790.1 -75.6 36.4 18 29.9 33.3
2339.9 23.8 1.4 2.8 4.1 2.7
17.7 77.1 19.4
654.4 22.3 6.5 -9.7 -5.8 10.2
1804 -158.1 11 -17.7 2.3 25.3
2319.8 25.9 24.3 -27.6 9.4 -5.6
20.4 151.2 44.9
616.3 14.2 23.8 -13 -1 14.8
1664.3 -248.5 166.8 -134.6 -37.7 82.5
2298.3 2.6 63.5 -53.9 45.2 -30.5
20.4 101.3 60.4
559.9 24.4 -10.9 -9.6 -2.5 -0.1
1242.1 38.1 -197.6 -51.3 -59.5 -79.2
2257.8 32.3 25.4 -9.4 38.3 -11.7
12.2 63 18.2
556.6 43.6 -6.1 12.3 2.5 11.9
1255 36.1 -193.2 -14.6 -83.9 -51.8
2242.5 67.9 -12 32.2 -2 25.5
18.1 78.4 36.6
566.1 37.2 -11.7 11.9 -0.7 7.3
1315.9 115.8 -143.4 64 -13.1 15.5
2258.8 95.3 11.4 53.1 20.2 48
17 196.4 124.9
596.2 36.5 -3.6 24.2 8.3 14.4
1388.1 151.9 -58.9 18.2 179.3 -75.6
2312.3 39.7 133.6 -20.3 132.1 -14.3
16.8 170 167.8
636.8 18 7.1 18.5 9.4 10
1829.8 -214.2 199 167.9 116.8 165.1
2664.4 -324.8 253.7 156.8 40.2 150.9
18.5 157.2 152.7
671.6 19.5 -0.5 10.4 -3.3 6.8
2032.3 -129.4 9.4 158.5 123.9 137
2824.5 -290.3 75.9 243.7 34.1 5.6
20.4 65.9 68
687.3 33.9 -7 -1.5 -14 9.4
2152.5 13.5 -19.6 52.3 52.3 89.9
2958.7 -158.6 -4.9 115.9 23 13
17.9 23.6 43.8
686.4 55 -9.5 -6.6 -18.7 0
2180 52.9 -1 42.5 13.6 41.3
2988.1 -142.7 2.4 105.7 -0.3 -10.8
17.9 22.7 43.9
671 68.7 -15.2 -1.6 -21.2 2.8
2186.3 54 -1.1 41.1 12.8 41.3
3008.1 -150.3 -5.1 108.6 6.4 -12.3
16.8 24.1 74.8
648.4 72.9 -18.9 5.3 -18.9 4.4
2193.8 57 -2.7 36.5 11.7 42.6
3004.7 -149 15.5 89 11 29.2
15.7 26.8 104.2
632.3 71.1 -26.2 11.4 -16.5 6.1
2195.9 64.2 -2.2 39.6 13.1 47.5
2990 -149.7 28.4 86.5 7.8 50.2
14.4 30.8 131.9
621.1 65.3 -29.4 13.8 -14.8 3.9
2192.7 67 -6 42.5 14.9 54.5
2951 -165 34.4 134.2 -10.7 36
12.5 48.9 123.5
606.8 58.5 -32.4 12.6 -11.2 1.7
2150.2 36.9 -21.7 60.9 26.6 43.5
2823.3 -216 65.1 157.2 -89 -23.8
12.5 51.2 100.4
604.1 60.1 -35.3 11.7 -12 1.5
2131.3 36.5 -38 53.3 16.1 34.3
2824.9 -190.4 13.2 157.5 -76.5 -32
12.4 41.9 94.8
607.8 61.7 -40.3 11.6 -11.1 1.6
2142.7 54.5 -51.4 50.3 9.1 37.8
2904.9 -179.3 -121.3 165.1 -13.7 -21.6
winner is: 1
