Regression analysis information for: S01_selected_tokens_0046
number of formants: 3
number of coefficients: 5
11.6 54.4 10293.7
442.1 29.1 9.1 -2.1 -8.5 12.9
829.8 -122.5 165.8 -80 56 -20
1849.7 -7.5 150.8 -318.6 62.5 -23.3
11.3 65.3 10231.6
438.3 22.8 3.8 9.2 -12.6 13.4
814.2 -136.2 138.4 -57.4 29.4 4
1680.1 -228 68.4 -200.3 126.1 -4.2
10.3 62.5 10302.1
449.2 16.4 -2.8 23.2 -24.1 14.6
856.6 -194.1 173.2 -60.7 10.1 23.6
1921.6 -380.9 123.8 -213.5 -122 125.2
10 45.4 253.7
464.7 13.2 -8.8 31 -20.9 9.3
907.9 -234.2 209.8 -53.1 7.3 26.9
2364.6 -274.6 153.1 -271.1 -429.1 -24.3
9.2 43.2 226.2
474.5 15.3 -17.8 34 -13.4 6.2
928.8 -230.8 223.9 -56.3 25.1 21.1
2808.3 25.9 -42.2 -216.3 -107.5 3.6
8.1 42.8 111.4
475.5 17.8 -19.6 32.4 -5.9 5.4
928.1 -212.7 234.8 -63.2 50.2 22.1
2937.5 100.1 46.4 -53.1 5.2 4.2
7.5 36.3 171.9
471.2 19.2 -21.1 32 -1.7 6.5
919.4 -215.5 235.5 -70.5 63.9 21.5
2925.9 138.4 70.6 -32.1 53.5 -31.8
6.1 31.6 135.1
467.5 18.1 -20.7 30.9 -2.9 5.2
910.4 -222.5 230.2 -79 63.4 12.8
2939 182.3 109.5 -136.6 147.9 -86.8
5.3 30 134.5
462.3 17.1 -19 29.2 -6.3 5.1
902.9 -226.7 223.2 -84.4 60.4 6.8
2841.3 30 76.3 -164 67.1 -96.4
6.3 28.3 101.6
463.8 16.5 -22.2 31.2 -8.9 4.1
899.7 -222.7 217.3 -85.2 61.3 2.6
2947.5 14.2 -6.1 -151 -28.2 -57.4
7.5 28.5 56.7
467.2 18.7 -25 31.2 -11 4.3
903.5 -221 220 -83.9 60.5 3.7
3069.4 89.2 41.4 -33.3 -50.3 -50.5
9.4 30 36.1
476.7 18.1 -34.2 36.1 -11.7 2.6
908.6 -221.5 223.9 -76.5 53.6 7.9
3135.1 96.5 -36.9 -14.8 6.5 -50.1
9.2 30.4 38.4
485 18.5 -43.2 38.6 -9.4 1.6
916.3 -227.3 226.7 -61.7 41.1 10.6
3167.4 91.1 -71.7 -7.9 21.4 -49.9
8.5 32.6 41.9
491.2 19.2 -49.3 39 -6.6 1.4
917.2 -228.1 230.1 -54 34.7 12.8
3193.1 88.3 -88.9 1.6 26.3 -50.9
8.8 32.5 44.5
495.3 20.4 -53.9 38.6 -4.2 0.9
911.5 -223.5 239.2 -60.2 37.4 16.3
3214.6 86.9 -101.1 8.6 31.6 -52.5
8.7 32.5 45
497.4 22.8 -57.2 37 -1.5 -0.1
899.5 -212 247.1 -71.8 45.6 17.7
3224.3 99.7 -116.1 11.9 42.5 -58.4
9.4 28.8 50.3
491.7 29.2 -50.2 27.5 -1.7 4
901.4 -215.2 243.5 -64.4 47.7 8
3199.8 134.6 -88.9 -30 54.2 -40.1
9.1 26.2 42.9
478.2 22.6 -37.5 30 -3.6 5.2
913.1 -219.5 222 -69.2 48.5 4.6
3159.1 106.3 -57.3 -32.5 41.2 -35.4
6 26.5 34.8
479 23 -37.9 28.1 -4.7 3.2
915.7 -223.4 222.5 -67.7 49.4 7.5
3167.2 96.2 -58.7 -36.8 39.2 -43.8
6.3 31.5 38.6
490.5 24.6 -51.2 23.5 -6 1.8
902.6 -229.5 244.8 -62.4 49.5 11.7
3196.9 84.7 -81.5 -41.3 39.8 -48.4
winner is: 19
