Regression analysis information for: S01_selected_tokens_0047
number of formants: 3
number of coefficients: 5
4.4 63.2 223
547 60.1 6 -13.4 -10.7 -2.4
1412.2 211.1 93.9 -105 105 -50.2
2088 98.5 303 -270.1 -58.9 141.9
5.2 78.9 206.9
544.7 62.4 8.9 -11.8 -8.2 -5.4
1377.4 241.9 105.8 -97.1 85.4 -86.2
2060.6 288.2 388 -410.8 48.5 98
5 106 307.3
541 54.8 12 -5.8 -5.6 -4.5
1328.7 225.7 133.1 -39.8 109.2 -150.1
1992.7 229.6 604.1 -220.4 149.8 -61.9
7.8 104.6 290.4
533.3 51.6 6.5 -1.1 -3.9 -6.8
1302.9 228.1 51.3 71.3 32.5 -20.4
1713 -208.2 275.5 -41.3 -46.6 146.9
4.1 78.1 168.4
537.7 48.2 6.7 -1.8 -6.2 -3.6
1360.6 198.8 82.3 64.7 -26 -2.9
1893.9 -342.6 100.2 403 -367.5 183.6
6.3 123.6 428.5
541.2 53.2 3.3 -0.8 -8.6 -1.6
1372 157.7 112.1 93.3 -1.1 -36.8
2235.5 -202.9 -35 255.6 -299.5 183.4
4 48.8 167.2
546.6 56.7 4.4 -5.7 -7.1 -2.6
1456.6 160 62.8 -17.9 49 -15
2769.1 81.7 -89.1 105.3 -49.5 35.7
4.2 34.7 121
549.3 59.6 4.6 -7.1 -6 -3.2
1470 162.3 68 -39.7 44.6 -28.9
2787.1 143.3 -76.3 70.9 -38.9 -29.7
4 31.7 26.6
547.6 59.8 5.4 -8.5 -4.4 -3.1
1468.3 164.4 71.1 -46.3 49.5 -29.6
2873.7 0.7 31.5 11 -29.5 6.8
3.9 29.9 24
543.7 57.8 6.8 -6.2 -4.2 -3
1463.6 166.4 73.3 -48.8 51 -28.5
2886 1.1 35 0.6 -21 -0.8
4.2 28.8 47.5
539.4 55 7 -3.4 -4.4 -3.4
1457.2 165.7 74.3 -47.6 50.6 -26.8
2880.3 24.4 19.8 12.4 -40 17
3.9 28.9 54.9
536.9 54 7.4 -2.3 -3.9 -3.7
1449.5 167.6 74.5 -46.3 51.5 -25.3
2860 33.9 18.5 18.7 -48.1 24
3.7 30 46.2
536.5 54.1 7.9 -1.8 -4 -3.9
1447.7 168 75.8 -45 50.5 -25.4
2852.8 22 30.7 21 -45.8 17.4
3.5 31.2 33
537 54.8 8.5 -1.6 -4.1 -4.2
1449.1 168.4 77.8 -45.1 50.4 -26.9
2866 5.1 56.2 7.1 -30.7 -3.1
3.4 32.3 25.9
538.2 55.8 9.2 -1.6 -4 -4.6
1453.2 168.4 79.8 -45.8 50.9 -29.7
2889.3 1.4 66.3 -0.8 -21.4 -16.7
3.2 33.4 26.8
539.8 56.9 10 -1.6 -4 -5
1458.6 167.9 82 -46.3 51.1 -32.6
2913.8 6.9 63 3.2 -24.3 -18.4
3.3 34 27.7
541.4 58.2 10.8 -1.8 -3.7 -5.4
1463.3 168.5 84.2 -48.1 52.8 -35.2
2933.4 16.7 60.8 -2.5 -17.9 -19
3.3 34.2 27.9
542.5 58.1 11 -1.7 -3.3 -5.4
1467.6 165.1 84.5 -47.4 54.1 -36
2952.7 6.1 51.2 5.5 -15.8 -15.3
3.3 34.1 26.9
544.7 58.3 10.7 -1.5 -3.5 -5.4
1475.4 161.7 83 -45.6 53.4 -37.2
2992.9 -7.7 30 13.6 -18.1 -9.1
3.6 34.2 31.5
548.4 59.4 10.5 -1 -3.8 -5.4
1487.3 158.9 80.5 -42.2 51.9 -38.5
3057.3 -21.2 -3.3 28.4 -21.2 -0.1
winner is: 10
