Regression analysis information for: S01_selected_tokens_0054
number of formants: 3
number of coefficients: 5
14.2 53.5 10165.3
502.4 71.1 27.6 32.4 1.3 11.5
1069.4 -108.6 189 -94.3 122 -41.7
1616 -202.1 269.9 -102.4 121.9 64.1
13.1 44.4 10130.7
498.8 67.2 20.7 31.7 0.2 11.5
1071.9 -115.3 188.5 -95.4 123.5 -50.8
1578.2 -271.9 183.4 -194.7 160.7 -53.4
17 46.7 137.2
503.5 72.4 16.8 31.7 -7.1 7.1
1082.8 -106.4 173.9 -94.3 108.1 -54.7
1620.6 -272.9 68.6 -121.4 114.4 10.9
20.2 59.7 293.2
508.4 81.4 11.9 30 -11.6 0.9
1091.9 -54.7 158.7 -93.4 97.4 -90.1
1926.3 8 -292.8 71.9 151.2 -402.6
19.1 73 235.7
519.5 92.1 17.6 36.6 -12.6 2.4
1100.4 -52.8 138.5 -92.4 56.7 -97.6
2295.5 303.1 -455.8 -104.1 -80.5 -447.2
18.2 38.7 108.4
528.4 97.4 22.9 38.4 -16.9 6.1
1155.5 -21 215.6 -51.3 94.4 -34.6
2736.6 200.5 -92.2 189.3 -139 139.7
17.3 34 119.7
529 96.2 29.1 36.8 -15 11
1155.8 -25.5 225.2 -60 96 -32.3
2795.7 177.6 -112.8 139.7 -147.5 149.8
15.2 34.8 124.7
525.4 92.8 28.2 38.9 -11.8 12.7
1152.5 -29 227.1 -56 99.4 -31.8
2788 190.5 -84.5 117.2 -149.9 160.3
12.1 40.2 129.8
515.7 84.1 22.1 39.4 -6.3 15.7
1141.7 -43.3 229.1 -57.2 116.9 -34.3
2658.6 36.8 124.8 329.2 -153.3 51.3
10.1 44.5 142.2
508.8 80.8 13.7 34.3 -4.4 11
1127.5 -37.7 215.1 -64.7 129.5 -48.5
2629.5 98.6 19.7 295.5 2.8 -18.6
10.8 47.3 175.8
509.5 81.7 9 31.2 -6 10.9
1132.1 -36 210.4 -71.4 129.5 -48.6
2805.9 159.9 -196.6 111.4 76.6 -14.3
11.3 47.8 138.9
512.5 82.3 6.6 28 -7.6 10.6
1138.9 -36.1 206.5 -77.2 125.5 -47.2
2935.7 140.5 -306 63.2 121.5 0
12.2 46.3 119.2
516 82.7 5.3 26.1 -10 10
1147.1 -39.4 206.3 -81 120.3 -45.6
3014.6 89.3 -259.2 81 43.5 6.7
13.1 43.8 104.6
520.1 83.1 5.4 25.5 -12.7 9.5
1156.6 -44.8 209.7 -83 115.1 -43
3125.1 58.8 -193.4 93.5 -71.5 13.7
13.5 40.3 105.5
524.9 82.2 8.1 25.7 -14.3 8.4
1163.8 -51 212.7 -82.9 108.9 -41.5
3174.5 59.6 -163.4 79.4 -90.5 -7.7
15.2 37.5 96.6
529.5 82.3 10.3 27 -17.2 7.5
1173.4 -59.2 220.7 -83.1 105.2 -40.4
3206.7 63.8 -141.8 69.3 -84 -22.2
16.8 35.3 91.5
533.8 82.6 12.9 28.8 -19.7 6.2
1181.1 -65.7 227.7 -82.4 102.3 -40.7
3234.4 67.7 -124.9 65.6 -77.6 -32.4
16 35.2 79.3
523.2 77.1 17.3 32.7 -11.4 7.4
1164.5 -69.1 233.4 -78.9 118.3 -46.3
3182.1 4.3 -51.1 83.5 -58.2 -31.6
16 34.8 78.7
524.1 80.6 17.7 35 -10.6 6.2
1163.1 -61.4 229.1 -75.9 119.1 -49.7
3187.5 43.9 -60.7 113.7 -62.7 -33.3
17.7 35.5 73.2
527.6 86.6 17.7 38.2 -11.4 4.6
1168 -59.9 232.3 -76.1 121.8 -51.7
3234 67.9 -51.7 108.8 -40.5 -64.7
winner is: 20
