Regression analysis information for: S01_selected_tokens_0087
number of formants: 3
number of coefficients: 5
7.1 57.6 26.6
680.9 -42.8 -7.8 9.2 -16.6 6
1833.9 -33.9 -25.1 -6 -21.9 16.1
2265.8 165.5 -39.2 64.5 -103.4 -20.3
6.8 57.8 21.8
681.5 -46.4 -8.4 8.4 -14.1 6.1
1854.1 -49.2 -38 -36.2 -11.3 -6.8
2294 146.3 -46.9 60.7 -121.8 -13.1
7.6 50.4 25.7
681 -47.5 -8.9 9.9 -13.1 8
1879 -46.7 -49.4 -42.8 4.4 -8.2
2324 123.2 -48.5 58.4 -136.7 -4.7
7.6 35.8 48.1
680.1 -48.3 -4.8 9.5 -10.4 8.4
1927.5 -11 -33.8 -12.9 54.4 20.9
2354.5 81.1 -7.6 85.1 -132.4 12.7
11.1 82.9 106.6
670.3 -39.6 2.2 7.4 -10.3 12.1
1931.9 18.6 -3.3 88.5 2.4 40.3
2366.5 57.1 166.8 97.1 -64.6 55.9
17.4 147 143.4
654.1 -17.8 -0.3 11.2 -16.9 22.3
1731.7 212.8 49.8 120.8 -135.2 196.5
2350.8 65.2 196.9 119.5 -107.2 171.7
10.4 51.3 26.9
648 -12.4 4 3.7 -8.9 13.6
1525.1 522.7 -97.9 135.7 -21 5.4
2222.3 297.5 69.7 81 41.8 -8.6
7.7 48.6 29.9
644.8 -5.1 -2.4 3.7 -7.9 11.9
1586.3 476.1 -89.9 108.8 -19 35.1
2233.5 303.2 69.5 81.7 31.6 -6.6
12.6 130.3 105.6
652.3 -9.9 -6.2 3.3 -8.8 12.1
1640.3 493.4 -170.1 61.7 38.3 -36.2
2270.3 269.3 141.9 -20.4 49.8 -91.6
10.4 114.6 141.5
670.2 -31.4 2.3 -8.6 -2.4 8.3
1887.6 112.9 111.9 -119.1 50.3 77.4
2571.7 -124.6 455.6 -226.4 -80.7 40.2
8.1 112 172.4
684.4 -41.3 -3 -4.8 -7.1 7.3
1959.2 72.5 74.7 -54.9 -28.9 119.6
2824.8 -189 171.3 -108.1 -164.7 20.8
7.5 20.4 18.4
692.1 -42.8 -9.4 -1.9 -6.2 4.2
2038.1 64.3 -32.8 27.1 38.2 17.5
2976 -174.1 -55.9 -65.3 -11.6 -2.6
8 16.7 17.1
692.8 -36.5 -11.9 -0.4 -4.7 0.5
2049.5 77.4 -23.5 29.9 37.1 10.7
2998.7 -151.2 -26.5 -54.1 -1.1 -2.9
10.5 16.2 16.2
684.8 -22.1 -15.1 3 -6.7 0.8
2055.7 91.4 -12.6 37.4 40.4 10.4
3021 -139.8 0.5 -40.7 15.6 2.9
10.2 16.7 17.3
677.1 -8.1 -17.8 6 -7.3 2.1
2057.5 99.4 -4.8 39.9 45.3 9.7
3037.6 -132.4 24.6 -33 31.7 6.4
9.5 18.9 21.4
668.9 3.5 -20.5 8.7 -8.7 4.4
2052.4 109.4 1.2 41.2 50.6 11
3045.8 -134.1 45.9 -33.2 47 5.7
9.3 21.1 29.9
663.5 9.1 -21.9 10 -10.4 6
2044.2 118.8 5.3 42.5 52 14.4
3036.9 -123.5 50.2 -24.5 45.7 15.2
7.8 23.3 38.3
659.8 10.4 -21 8.7 -10.1 6.1
2028.1 117.5 3.4 36.4 51.8 16.3
2996.1 -93.3 24.1 -15.6 24.9 21.1
8.3 22.7 33.8
658 10.7 -22 9.3 -11.3 7.2
2022 116.9 3.5 37.2 50.2 20.5
2979.2 -82.6 11.4 -3.9 7.5 33.9
8.2 20.4 26
658.8 10 -22.3 9.1 -11.8 7.1
2024.3 113.5 1 35.4 46.6 19
2987.6 -95.1 15.5 -11.5 8.1 27.4
winner is: 13
