Regression analysis information for: S01_selected_tokens_0037
number of formants: 3
number of coefficients: 5
4.4 37.4 92.4
441 -94.4 28.1 3.4 -29.2 11.2
1706.7 119 -148.5 40.6 -47.3 29.2
2293.3 344.3 -141.4 -5.5 37.7 -129.9
3.1 61.6 88.4
434.6 -95.4 34.3 2.5 -28.3 12.1
1644.7 111.8 -128.4 -32.8 -90.1 17
2258 363.5 -134.1 -43.8 79.4 -143.2
2.7 52.3 90.9
432.3 -96 37 3.5 -28.4 12.6
1615.6 104.8 -68.6 -40.3 -130.2 36.6
2241.6 356.1 -111.5 -62.2 113.1 -143.7
2.9 36.2 93.5
431.2 -96.5 38.4 5.6 -27.5 12
1596.8 83.4 -16.7 17.5 -107.8 9.2
2225.7 321.9 -77.7 -40.7 165 -162.5
3.2 35.2 80.1
431.6 -96.6 38.4 7.5 -28.6 12.5
1624.7 94.4 22.8 75.7 -89.3 38.5
2218 353.8 -102.3 -5.3 132.8 -126.7
3.6 55.6 60.3
434.3 -97.3 39.1 9.4 -27.4 12.9
1695.7 101.8 27.2 147.4 -61.1 43.9
2228.7 387.6 -113.9 47.3 76.4 -46.5
10 84.6 137.5
436.8 -91.7 31.9 14.9 -26.1 9.8
1790.8 231.2 9.3 192.5 -31.7 4.2
2358.3 212.8 -65.7 155.5 -41.8 19.4
6.9 98.1 185.3
447.4 -95.1 31.7 12.4 -24 10.9
1993.6 301.8 -187.1 133.1 71.8 -9.7
2691.7 -73.5 66.7 171.4 12.2 50.1
7.3 51.4 38.5
455.1 -92 25.6 11.7 -22.9 9.1
2047.5 366 -195.4 121.2 96.5 12.3
2904.1 1 43.7 -88.7 -31.9 38.6
6 51 21.4
455.5 -90.8 25.2 8.1 -24.4 9.9
2054.2 373.3 -196.1 116.1 92 9.4
2920.5 -21.3 63.2 -104 -18.9 32.2
3.9 48.4 21.7
451.9 -91.7 29.3 6.5 -26.1 10.1
2057.7 372 -197.6 111.7 95.9 12.7
2921.9 -22.9 58.9 -107.2 -17.8 32.6
3.8 47.5 21.2
448.1 -93.6 32.2 7.3 -26.5 10.9
2048.1 360.5 -202.3 110.4 105 23.9
2917.3 -29.5 56.6 -113 -17.2 35.6
3.9 47.4 21.1
446.1 -94.4 34.1 8.2 -26.6 10.8
2035.1 346.6 -202.5 114.2 112.4 29.6
2909.3 -33.4 62.9 -115.8 -19.2 37.4
4.3 47.7 22.3
445.5 -94.9 33.7 9.5 -27.8 10.6
2027.4 346.9 -195.1 124.4 113.6 28.4
2907.3 -34.4 73.9 -109.3 -21.5 41.3
4.4 47.5 23.9
445.7 -95.1 33.8 10.2 -28 10.5
2029.9 350.5 -187 135.8 114.9 25
2910.5 -32.1 81.1 -100.2 -21.2 43.4
4 47.4 24.2
446.3 -95 34.7 10.4 -27.3 10.6
2038.8 353.2 -180.1 144.5 115.1 20.9
2914.4 -30.7 83.5 -94.8 -21.5 42.2
4.3 52.7 28.4
446.6 -95.9 33.1 11.1 -28.6 10.4
2053.1 375.3 -174 153.7 112.1 12.3
2925.6 -28.1 86.8 -84.4 -14.2 50.8
4 64 33.1
446.5 -96.9 32.1 11.2 -28.7 10.7
2076.3 404.8 -163.1 161.7 107.3 -2.6
2929.9 -28.2 80.5 -80.1 -4.7 56.6
4.6 75 34.9
445.7 -100.2 30.2 11.2 -28.7 12.4
2104.2 436.1 -154.5 166.9 97.5 -18.8
2942.5 -28.4 81.4 -70.4 1.8 67.4
7.7 77.3 36.8
442.7 -107.8 26.4 10.7 -27.6 17
2128.4 458 -154.3 164.8 87.7 -28
2971.2 -9 102.8 -50.5 13.8 75.5
winner is: 13
