Regression analysis information for: S01_selected_tokens_0043
number of formants: 3
number of coefficients: 5
7.1 175.4 192.2
487.8 21.1 -11.3 -9.5 -16.2 -11.2
1316.1 111.1 267.5 -111.7 117.3 20.6
1838.6 -59.2 340.8 -112.9 71.3 -107.8
13.6 155.1 180.8
480.1 26.6 -12.5 -10.9 -8.7 -14.8
1222.4 189.8 290.4 -166 195.2 -19.5
1796.3 -207.4 391.5 -132.4 124.5 -60.1
21.1 143.1 207.7
474.7 26.1 3.3 -23.7 -18.3 5.8
1219.9 187.6 334.7 -217.5 175.4 54.2
1844.1 -348.6 462.4 -181.7 172.3 -30.3
23.9 181.4 346.1
476 29.3 0.7 -22 -24.6 7.4
1256.2 190.6 249.6 -154 196.5 20
1948.8 -366.8 365.1 -17.9 195.9 -80.3
3.8 94 263
491.1 23 -14.7 -11.3 -20.2 -7.9
1442.6 7.8 176 70 43 -59.9
2449.6 -582.6 181.8 356.8 -208.9 -201.3
7.2 52.5 283.7
492.8 25.2 -13.9 -10.3 -24 -10.3
1498.5 62.3 125.6 -23.9 -5.6 -35.7
2709.8 -318.5 57.8 119.8 -226.4 -84.7
4.3 29.1 194.7
496.5 29.1 -17.3 -14 -25.6 -6.2
1514.3 72.7 107.3 -36.9 5.6 -25.2
2838 -130 87.2 121.7 -215.5 -103.9
4.5 25.3 196.8
497.8 30.8 -17.5 -14.3 -26.1 -5.8
1517.9 76.1 101.2 -36.4 9.6 -20.4
2838.5 -78.3 -14.1 138 -219.9 -19.5
4.5 24.7 88.3
497 30.9 -16.9 -13.3 -24.5 -5
1518 82.6 93.4 -33.8 7 -12.4
2908.3 -41.8 -151.2 71.4 -129 90.6
4.8 25 81.5
493.9 29.9 -16.3 -11.9 -21.8 -5.1
1517 81.7 93.8 -35.5 8.4 -14.1
2920 -48.5 -146.2 60.9 -127.2 76.1
5.3 25.1 59.6
489.7 29.7 -14.8 -10.9 -18.7 -6
1515.7 79.8 102.4 -43.2 19.1 -21.6
2939.1 -71.8 -131 38.4 -110 54.9
5.7 25.1 23
487.2 29.7 -13.2 -10.4 -16.2 -6.3
1509.3 85.1 107 -49 29.2 -26.3
2959 -107.6 -95.6 8.2 -75.6 28.2
5.4 25.8 16.6
486.2 29.7 -12.5 -10.4 -15.4 -6.5
1505.1 88.4 110 -52.2 35.3 -29
2955.4 -120.9 -82.7 3.9 -60.1 32
5.2 27.3 16.8
486 30.4 -12 -10.3 -15.1 -6.9
1503.4 93.4 111.5 -53.4 40.1 -31.6
2957.8 -112.4 -71.9 9.3 -51.9 36.6
5.1 29 17.8
486.3 31.4 -11.7 -10.2 -15.1 -7.2
1503.4 97.8 112.1 -53 42.4 -32.9
2967.4 -98 -63.9 12.6 -48.4 35.1
5.1 30.4 18.8
486.7 32.3 -11.5 -10.1 -15.3 -7.4
1504.2 101.5 112.4 -52 43.4 -33.1
2979.7 -82.4 -58.7 15.3 -47.5 31.5
5.1 31.2 20.4
487.3 33.2 -11.4 -10.1 -15.5 -7.6
1505.5 104.3 112.3 -50.7 43.6 -33.2
2993.2 -68.1 -57.8 18.4 -48.3 24.9
5.4 31 22.6
487.1 33.9 -11.8 -10 -15.9 -7.8
1502.2 109.7 107.6 -49.5 41.7 -33.9
2988.3 -57.2 -66.8 15.6 -54.9 18.3
5.3 31 21
486.9 33.9 -11.6 -9.6 -16.1 -7.8
1501.7 110.3 107.9 -47.3 40.3 -32.6
2980.4 -55 -59.3 23.8 -60.5 24.1
5.4 30.9 23.9
487.6 34.4 -11.6 -9.5 -16.3 -8
1504.7 110.1 108 -44.7 39.3 -31.4
2998.7 -48.1 -64.9 32.8 -61.1 13
winner is: 13
