Regression analysis information for: S01_selected_tokens_0097
number of formants: 3
number of coefficients: 5
14.5 29.3 61.5
752.4 79.2 -113.6 -48.8 6.1 1.2
1921.5 -24 13.4 -79.1 -8.8 17.6
2173.7 113.5 -87.7 -112.4 -100.5 -112.2
13.6 27.4 67.6
761.2 78.1 -122.6 -44.5 7.4 -0.1
1936.2 -16.1 12.2 -69.5 12.5 15.4
2262.3 103.8 -135.3 -150.5 -135.6 -93.6
13.9 19.2 81.7
764.4 80.9 -128.7 -43 9.5 -0.1
1947.9 -5.2 18.2 -52.7 26.7 23
2333.6 150 -164.9 -170.9 -87.7 -92.7
17.3 30.8 99.7
753 93.6 -116.5 -54.9 8.2 9.1
1942.1 22.8 -1.2 -39.5 43.6 1
2356.3 307.3 -80.9 -159.5 -4.2 -65.3
16.9 67.8 83.4
736.3 99.4 -93.5 -61.6 -8.8 26.3
1913.3 55.3 4.7 -16.4 -10.4 11.7
2322.1 380.9 28.9 -195.8 -29.6 46.3
17.1 84.1 62.2
703.8 88.2 -47.3 -31 -27.5 15.8
1733 21.2 204.8 212.6 -154.3 -84
2181.7 256.7 166.1 74.1 22 -65
13.6 52.7 60.6
697.2 78.7 -35.2 -20.6 -28.2 12.6
1793.7 27.9 158.8 113.5 -119.8 -12.2
2196 205.4 158.2 125.6 28 -21.5
16.1 61.6 87
709.4 70.1 -48.9 -16.9 -23.9 13.4
1835.6 8.8 135.1 94.6 -102 -37.8
2260.7 149.7 193 161.7 -88.2 27.7
23.3 115.2 122.3
736.1 58.2 -73.3 -9.7 -14.4 5.9
1811.7 -8.1 180.5 138.3 -133.4 -80.6
2401.1 14.1 229.4 201.7 -248.7 143.7
24.7 78.3 107.7
782 53.4 -131.2 -17.2 19.3 5.2
1942.1 1.4 57 -46.7 2.6 30.6
2739.1 -170.7 75.3 -19.7 37.9 11
19.9 5.4 16
808.5 51.5 -160.4 -15.4 34.2 -3
1987.6 2 -9.3 -33.3 34.1 3.9
2797.8 -142.9 6.7 -45.7 29.6 -14.4
21.1 5.5 16.8
807.9 58.4 -162.2 -19.6 35.9 -3.4
1990.2 5.5 -8.5 -34.5 34.1 2.2
2804 -145.1 9.4 -47.3 30.1 -16.5
22.3 6 18.1
791.9 65.7 -146.6 -15.5 31 -7
1988.3 12.5 -5 -34.8 37.9 1.1
2804.7 -139.1 13.2 -50.7 39.6 -21.9
22.5 7.1 19.2
776.3 66.3 -126.1 -8.8 18.4 -6.5
1987.6 16.1 1.7 -30.9 37 2.6
2806.2 -136.4 18.8 -47.5 41.6 -21.9
20.5 8.9 20.9
765 65.4 -105.6 -3.3 4.1 -6.5
1986.2 18.5 8.6 -26.1 33.8 4.8
2806.7 -134 22.9 -38.6 35.4 -16.5
17.3 9.9 20.9
757.2 63.7 -87.9 1.2 -6.9 -5.7
1982.7 19.8 14.5 -21.4 29.6 7.9
2802.1 -128.3 23 -24.9 22.8 -5.8
14.8 10.6 21.2
751.3 61.7 -78.5 4.2 -16 -5.6
1982 18.1 22.3 -17.8 25 8.9
2804.2 -137.4 33.3 -18.7 13.4 -1.1
12.5 11.1 23.6
744.2 58.8 -67.2 6.4 -24.5 -4.4
1974 12.9 30.8 -16.1 18 11.1
2794.2 -143.1 45.3 -14.1 0.4 1.2
12.9 10.7 18.7
744.5 59.4 -64.5 5.5 -26 -4.5
1975.3 14.9 35.3 -17 15.8 10.3
2797.1 -145 54.6 -17.6 -2.7 4.4
13.5 11.4 18.6
749.6 59.4 -64.9 6.3 -27.3 -5.4
1984.1 17.3 39.5 -15.5 15.1 8.1
2815.2 -160.9 67.4 -22 -0.7 3.5
winner is: 11
