Regression analysis information for: S01_selected_tokens_0051
number of formants: 3
number of coefficients: 5
7.3 59.6 195.9
503.9 25.2 -6.1 12.2 -6.1 9.7
1121.4 182.8 14.6 5.8 9.5 24.7
1688.2 -119.1 156.7 43.5 56.6 49.7
7.7 25.2 109.3
505.8 30.6 -5.1 13.7 -5.4 9.1
1168.7 291.7 75.8 68.3 34.5 45.7
1625.9 166.8 53.6 214.2 87.9 26
9.3 37.5 131.4
508.3 34.7 -6 13.6 -5.1 6.6
1178.4 310.6 61.4 61.1 24.4 33.7
1707.2 155.9 86.9 259 71.5 6.2
9.2 25.9 223.6
513.5 32.1 -3.2 11.6 -4.9 5.8
1203.5 288.3 80.4 36 33.6 16.1
1946.8 -114.2 317.7 163 86.7 -58.1
9.3 24.9 229.4
516.5 29.4 -4.3 10.5 -4 5.1
1212.2 279.1 78.4 31.3 43.7 14.6
2147.1 -386.8 351.1 264.8 5.4 -56.1
9.5 22.5 107.4
517.7 25.2 -10 7.1 -5.6 4.4
1227.4 280.6 74.8 19.5 37.3 8.5
2224.4 -564.1 310 354.4 -58.4 67.7
9.2 22.5 151
519.4 25.6 -13.5 3.5 -6.4 4.3
1230.2 286.1 73.6 12.6 26.1 7
2328.6 -581 112.4 301.6 85.4 89.8
8.7 21.1 160.6
520.6 28.7 -18.5 0.2 -9.4 5.2
1231.9 293.1 58.2 14.5 27.9 10.3
2420.7 -560.5 27.1 344.6 214.5 60.6
9 27.3 111.5
523.2 34.3 -20.7 -4.7 -12.9 4.2
1230.4 298.6 50.8 11.2 27.9 13.5
2636.9 -318.2 -137.3 -16.7 -10.2 139.9
10.8 20.7 78.5
525.9 42.3 -23 -7.8 -18.5 4
1232.4 322.3 42.7 10.8 7.8 7.5
2663.4 -183 -149.4 -13 -122.6 69.6
11.9 20.6 69.5
527.1 46.7 -23.4 -8.6 -21.8 3.3
1233 327.7 42.7 10.3 5.3 6.8
2660.2 -148.2 -155.4 -7.5 -130.5 57.6
11.9 20.1 60.8
526.8 46 -21.8 -7.2 -22.3 2
1233.5 326.3 45.7 10.4 3.8 5.3
2676.4 -166.3 -144.2 -6.9 -130.9 52.7
9.9 19.1 50.7
523.9 40.8 -20.3 -2.7 -18.6 2.8
1232.9 320.7 49.2 11.9 5.2 4.4
2697.8 -206 -127.8 -13.7 -134.9 45.4
9 18.6 42.4
522.3 36.2 -19.2 0.3 -15.6 3.6
1232.7 313.3 52.8 13.1 8.6 4.3
2724.6 -261.8 -100.6 -29.3 -131.9 35.2
7.6 17.9 34.9
521.7 31 -16.2 3.3 -11.4 3.1
1231.7 302.1 57.9 16.9 16.3 4.3
2765.2 -337.1 -43.8 -58.4 -103 13.3
7.7 18.7 54.7
521.6 27.9 -15.4 5.2 -9.8 3.3
1233.8 293.1 64.3 16.5 23.4 2.1
2816.5 -451.9 37.8 -111 -44 -29.1
8.1 19.1 65.8
522.1 27.6 -15.9 6.9 -9.8 3.6
1233.7 293.8 62.2 19.9 22.7 4
2820 -449.8 24.3 -80.7 -59.8 -10.2
7.7 18.8 65.1
523.6 26.9 -15.8 7.5 -9.3 3
1236.3 292.6 63.2 19.1 24.4 2.2
2848.3 -484 52.8 -95.2 -36.5 -35.6
8.2 18.8 55.3
524.3 28.3 -16.7 8 -8.8 3
1237.3 295.8 61.4 20 23.9 3.1
2841.7 -446.3 31.8 -75 -44.5 -18.8
8.7 19.5 55.9
526.4 29 -16.2 8 -8.7 3.5
1240.9 297.3 62.8 18.9 23.8 3.1
2864.9 -446.1 50.8 -75.3 -39.5 -12.7
winner is: 15
