Regression analysis information for: S01_selected_tokens_0064
number of formants: 3
number of coefficients: 5
1.8 19 43.9
443.8 7 -3.8 1.4 -4 1.2
2004.9 -18.3 11.8 -78.8 -1.5 -27
2768.7 -25 -6.5 21.8 -54.7 32.1
1.9 19.3 17
441.8 6 -3.2 1.8 -3.8 1.9
2014.9 -18.5 15.7 -84.4 1.4 -34.5
2806.5 -31.4 -51.6 28.2 -14.2 9.9
1.9 18.8 10.1
440.9 5.9 -1.3 2.2 -4.3 2.8
2019.3 -20.6 15.6 -88.4 7.4 -41.6
2811.6 -35.7 -50.7 17.6 -10.8 1.6
2.3 18.8 9.5
441.2 6.4 -1.9 3.1 -5 3.3
2018.5 -25.6 17.4 -93.9 10.2 -43.8
2809.9 -38.4 -53 12.2 -5.2 -3.5
2.6 19 6.5
441.6 6.7 -3.4 3.7 -5.4 3.4
2020.6 -28.1 26.6 -97.6 15.8 -46.9
2810.2 -43.3 -39.4 7.7 1.8 -7.7
2.9 19.4 7.3
440.7 7 -5.5 4.1 -5.9 3.5
2024.6 -30.9 33.3 -100.2 17.7 -48.6
2814.9 -42.4 -27.8 8.7 2.6 -5.5
3.1 19.9 8.4
438.8 7.6 -7.9 4.7 -6.1 3.6
2030 -35.8 38.5 -103.7 17.8 -50.1
2823.5 -40.8 -20.3 10 2.3 -2
2.5 20.3 11.2
434.3 8.6 -8.6 4.1 -4.8 2.3
2038.7 -38.9 42.1 -104.2 16.2 -50.2
2842.5 -40.6 -18.7 14.3 -0.9 5.1
1.8 20.8 14.3
428.4 8.3 -6.2 3.8 -2.5 1
2047.5 -40.6 41.6 -107.1 13.3 -52
2869.8 -32.9 -22.9 16.3 -6.3 15.4
1.9 20.5 15.2
424.8 9.3 -4.1 3.9 -2.9 0.7
2047.6 -48.8 35.9 -114.2 13.6 -53.6
2879.7 -40.4 -40 13.5 -9.5 19.9
1.7 20.5 16.8
423.6 9.3 -2.6 3.9 -3.2 0.9
2044.9 -48.7 35.4 -117.6 20.2 -55
2877.2 -44.2 -51 7.3 -4.2 17.2
2 20.7 19.8
422.6 10.1 -2.3 4.5 -4 1.6
2045.3 -51.1 40.5 -121.1 23.9 -54.2
2878.6 -39.6 -49.5 9.9 1.9 19.7
2.1 21.4 22.1
422.2 10.5 -2 4.9 -4.4 2
2048.5 -49.4 49 -121.3 25.4 -53.5
2884.3 -33.2 -42.5 14.9 0.6 23.4
2 23.2 23
422.3 10.4 -1.4 4.9 -4.3 1.9
2053.9 -44.5 58.3 -118.9 25.9 -53
2893.2 -26.9 -35.4 19.8 -5.2 27.9
2.4 25.2 22.9
422.1 11.1 -1.7 5.5 -4.8 2.4
2061.6 -45.9 66.4 -119.4 23.2 -53
2905 -19.1 -29.9 26.5 -11.2 33.4
2.5 23 27.3
421.9 11.5 -1.7 5.8 -4.9 2.6
2058.5 -33.2 63.6 -110.5 18.1 -47.4
2903.5 -7.9 -27 37.2 -12.8 39.7
2.2 26.3 26.9
422 11.3 -1.2 5.5 -4.6 2.4
2056 -19.1 63.7 -104.7 13.7 -42.2
2902.1 1.3 -21.4 35.9 -17.8 47.4
2.6 24.8 20.9
421 12 -1.7 5.9 -5 2.6
2019.7 -0.3 54.3 -101.9 10.8 -37.5
2847.8 8.4 3 36.5 -10.8 29.3
2.3 23.1 20.6
421.2 11.3 -1.4 5.5 -4.6 2.1
2020.2 -5.7 50.6 -96.8 12 -42.5
2851 -6.3 -6.6 39.6 -11.9 19.9
2.6 27.1 21.1
421.5 11.7 -2 6.1 -5.1 2.3
2045.1 -20.9 45.5 -92.6 9 -51.3
2884.1 -8.7 -29.6 49.7 -14.2 20.2
winner is: 5
