Regression analysis information for: S01_selected_tokens_0094
number of formants: 3
number of coefficients: 5
10.4 79 58.8
617.6 -175.4 -62.2 -15.7 -2.6 18.6
1932.7 267.1 86.5 14.2 -19.2 10.5
2297.3 351.8 19.5 34 -22.9 -39.9
9.5 99 79.4
613.7 -172.2 -63.8 -15.6 -2.1 19.9
1999.3 418.7 146.2 76.8 8.5 1.8
2319.8 373.7 32.1 65.7 -0.9 -5
8.5 105.2 84.7
610.1 -167.9 -62.9 -17.7 0.4 20.9
2028.9 496.1 147.3 75.7 -3.1 -30.1
2386 482.4 115.9 129.2 41.6 23.6
8.1 108.9 81.7
601.9 -159.5 -57.5 -23.1 6.2 17.2
1995.3 552.2 144.1 31.5 20.3 -48.1
2422.3 607.9 205.6 119.5 54.1 -10.5
5.2 103.1 53.7
594.4 -154.8 -53.2 -20.7 7.4 18.9
1946.7 564.7 154.3 78 18.5 -37.5
2397.1 676.3 286.6 59.8 -17.7 -84.9
7.2 77.4 70.5
591 -157.5 -53.4 -16 4.9 17.9
1868.4 487.5 222.5 220.4 33.7 -62
2383.8 641.4 278.8 97 37.5 -50.5
9.1 71.5 71.9
593.6 -167.8 -54.8 -16.3 3 19.7
1847.8 370.7 175.4 249.5 113.5 52.7
2362.8 592.5 249.3 129.7 94.3 11.1
11.2 91.4 92.4
602.8 -178.3 -57.7 -15.6 0.8 23.3
1900.8 310.4 76.5 204.1 134.4 110
2354.5 561.5 229.5 158.7 96.9 8.8
12.2 118.7 150.7
616.4 -190.9 -61.2 -17.9 1.3 23.2
1992.5 455.1 18.6 147.4 96.6 72.7
2473.1 497.5 174 259.1 151.5 -113.9
11.4 146.7 199.1
631.6 -207.2 -61.2 -24.1 3.2 22.5
2093.2 430.6 64.9 87.6 -41.4 106.4
2970.7 130.6 67.9 280.1 -17 177.9
10.2 26.5 26.2
638.8 -214.2 -62.9 -25.9 4.1 23.9
2181.1 398.8 133.2 -53.9 -21.3 2.7
3114.5 96.2 141 63.5 -0.8 -25.3
8.3 16.6 14.4
636.7 -213.9 -59.2 -28.6 6.9 17.5
2186.9 409.3 143.6 -44.7 -11 14.3
3127.5 105.2 151.6 79 7.9 -2.7
7.3 16.3 15.4
632.5 -210 -59.7 -27.2 6.2 14.8
2186.9 410.7 145.5 -44.9 -12.5 13.2
3136.2 100.2 159.2 76 7 -2
7.1 16.4 16.4
628.3 -206.1 -62 -25.1 5.8 14.4
2186.3 412.8 147.5 -44.7 -13.3 11.9
3143.4 98.9 170.4 76.6 7.8 -2
6.7 16.3 17.3
624.5 -201.9 -65.5 -22.4 5.3 14.4
2185.4 414.8 148.2 -43.5 -13.4 10.7
3147.7 99.4 179.7 80.1 9.6 -0.3
6.9 15.2 22.4
621.8 -197.2 -69.7 -19.4 3.5 14.3
2183.1 415.5 147 -39.6 -11.3 9
3139.3 108.9 172.6 92.4 12.1 -1.3
8.1 14.9 22.4
621.1 -196.6 -72.2 -16.9 2.7 14.8
2181.4 413 144.1 -36.1 -10.2 9.6
3132.4 101.5 166.2 98.3 16.9 3.7
9 14.8 24.5
620.8 -196.9 -73.2 -15.9 2.7 14.7
2177.6 407.1 141.3 -32.7 -7.2 11.2
3118.4 73.9 151.5 89.5 13.8 1.1
9.7 14.2 27.8
622.6 -198.4 -74.8 -14.8 2.6 14.6
2178.7 402.4 134.1 -33.5 -6.8 11.5
3118.8 50 135 74.4 5.1 -1.8
10.7 15.1 33.6
625.1 -200.8 -77.2 -12.5 2.3 15.7
2186.9 405.6 127.7 -35.8 -8.8 13.1
3141.2 49.9 140.5 71.3 4.4 4.4
winner is: 13
