Regression analysis information for: S01_selected_tokens_0084
number of formants: 3
number of coefficients: 5
5.4 25.6 61.1
735.4 -6.8 -4.6 0.3 -10.2 -3.7
1693.1 37.4 101.2 16.1 -54.5 -5.9
2077.2 181.3 254.2 28.1 19.6 -71.8
5.4 17.3 42.1
741.1 -7.6 -15.6 -1.7 -10.3 -2.5
1753.4 65.8 25.9 -1.7 17.2 17.1
2170.2 186.8 189.4 -44.4 -19 -34.2
5.4 29.3 47.9
744.1 -8.5 -23.6 -3 -10 -2.1
1745.8 39.8 2.7 -19.7 -6.1 -20.8
2219.8 166.3 134.8 -70.7 -17.7 -33.6
6.1 57.9 64.8
741.8 -8.4 -29.2 -5.8 -9.3 -3.8
1719.9 -30.1 -65.9 -79.3 -64.2 -69.8
2225.7 163.2 96.9 -107.2 -5.6 -51.7
4.9 52.1 100.7
738.5 -6.7 -26.8 -5.8 -7.3 -3.8
1729.2 -28.2 -69.6 -74.8 -57.6 -63.5
2174.5 189.9 80.7 -137.5 35.9 -49.7
4.6 59.8 107.1
730.5 -5.6 -19.4 -3.4 -5.1 -3.8
1700 -27.3 -53.8 -80.2 -47.6 -19.9
2051.2 187.4 148.3 -83.2 113.3 -93.1
4.1 43 121.7
726.7 -4.4 -17.5 -0.7 -6.5 -6.2
1687.3 12.1 13.3 -18.7 -25.3 1
2066.3 197.7 179.6 -54.3 138.3 -107.5
4.1 32.9 138.1
730.2 -4.4 -17.8 1.4 -6.6 -4.5
1737.4 37.8 41.6 12.7 10.1 14.9
2089.3 199.5 184.3 -59.7 119.4 -95.2
5.2 25.7 72.7
737.2 -5.7 -19.6 3.8 -7.3 -2.2
1820.6 121.8 65 67.1 66.4 23.7
2083.2 258 120.8 13.6 -14 11.5
7.3 19.1 75
745.9 -8.2 -25.6 5.3 -9.1 -1.2
1847.8 154.9 72.1 67.9 58.1 18.1
2229.3 285.1 125.6 30 -53 10.6
8.3 16.1 159.7
757.4 -10.8 -30.5 5.2 -8.3 -0.1
1863.6 181.4 75 77.4 56.5 27.3
2678.3 131.5 301.4 -10.7 -182.7 150.9
9.4 12 110.7
764.9 -12.6 -36.8 3.4 -9.1 -0.4
1876.4 184.7 82.6 70.2 56.5 21.9
2923.2 40.9 78.5 31.3 -122.5 97.7
9.3 11.4 19.7
769.7 -13.1 -41.8 2.3 -7.8 -2.2
1883.1 189.2 82.3 69.2 57 20.1
3050.9 -67.4 25.2 16 1.4 -4.7
8.2 10.9 18.8
771.9 -11.7 -43 1.1 -5.6 -2.8
1885.2 189.4 80.8 66.4 56.6 18.1
3052.6 -64.7 30 14.8 -1.8 -0.2
8.1 11.2 18.4
771.1 -11.1 -46.1 0.6 -6.2 -4.3
1888 194.6 82.2 67.6 57.3 18.1
3058.7 -66.8 29.9 14.4 0 -5
7.5 11.6 18.7
769.8 -10.2 -47.1 1.3 -6.6 -5
1887.9 196.2 81.5 68.5 57.8 18.1
3062 -66.1 30.3 13.4 1.1 -4.4
6.3 12.2 19.5
769 -8.7 -46.2 2.5 -6.5 -4.9
1885.8 194.8 79.1 68.6 57.9 18.2
3063 -62.3 27.8 16 1.5 -2.4
6.2 14.5 25.3
762.8 -7 -42.9 2 -9.8 -5.8
1880.4 199.6 84.3 71.6 57.8 20
3053.2 -51.5 24.4 20.3 0.3 -4.4
5.9 14.7 24.6
762.1 -7.6 -41.3 4.1 -9.2 -5.3
1875 192.5 82.1 73.8 59.2 21.9
3043.2 -50.9 23.4 27.2 -2.4 1.8
7.3 14 24.8
760.8 -9.6 -43.8 3.4 -11 -5.8
1869.9 183.5 73.5 68.6 53.4 19.9
3032.3 -66.5 9.1 19.1 -16.1 -1.9
winner is: 15
