Regression analysis information for: S01_selected_tokens_0008
number of formants: 3
number of coefficients: 5
8.5 71.5 115.3
597.4 -1.7 -47.7 12.4 -10.2 8.6
1558.8 50.3 -124.5 58.3 -93.2 86.2
2102.7 105.5 121.3 147.8 177.4 56.7
3 28.9 97.5
589.3 9.9 -52.7 14.3 -9 5.4
1504.4 160.6 -233.5 120.6 -90.2 56.1
2027.8 338.7 -79.1 246.1 104.9 33.5
3.4 54.3 69.1
571 17.6 -39.7 6.2 -5.1 -1.7
1218.5 158.5 62.5 84.8 23.8 33.8
1831 312.3 159.4 249.4 131.8 116.5
5.7 62 193.5
570.8 7.9 -31.5 1.3 -7.9 0.3
1249.1 133.3 67.6 43.2 19.6 -20.4
1855.2 124.6 211.8 115.5 274.6 47.9
6.3 78.6 138.9
583.5 -6.3 -25.7 -2.8 -11.9 5
1362.5 24.3 162.4 -0.3 46.5 -31.1
2037.7 -165.6 469.6 17.1 254.8 162.2
5.7 117.6 245.2
594.6 -16.1 -29 -3.8 -15.7 8.6
1416.4 -24 155.5 -9 -63.3 71.1
2209.7 -202.7 428.1 18.8 -34.9 314.8
6.5 9.3 19.1
604.2 -17.8 -36.2 -2.7 -16.8 9.8
1632.6 -8.9 -117.5 11 -29.8 13.2
2735.3 -3.9 -64.5 48.7 -0.2 -0.1
8.1 8.8 19.2
603.1 -15.7 -45.3 1.7 -19.5 12.2
1631.4 -8.3 -120.7 12.2 -29.2 14.3
2742.1 4.9 -40 44.8 4.4 3.8
4.8 8.9 22.5
587.1 3 -51.1 5.2 -17.2 6.8
1632.3 -5.7 -123.7 13.8 -30.2 12.6
2781.9 -10.4 -47.5 46.6 -12.1 9.5
3.9 11.9 68.1
579 8.3 -52.6 5.7 -16.1 4.8
1623.3 0.8 -124.1 12.4 -28.6 15.1
2768.2 21.9 -25.7 26.9 -24.9 54.8
3.9 10.4 35.1
577.6 8.5 -49.2 4.8 -14.9 3.2
1623.5 0.5 -123 14.1 -28.6 9.4
2783.7 15.8 -73.7 69.4 -25.7 15.4
4.8 12 34.1
575.2 8.9 -49.5 5.6 -15.9 2.9
1618.8 0.9 -120.7 15.3 -28.2 7.3
2787.7 15.2 -60.5 67.8 -17.7 11.5
5.1 13.8 25.7
577.9 7.2 -46.5 5.4 -16.2 2.2
1623.4 -2.4 -116.6 15.6 -32 5.4
2802.1 5.7 -46.4 60.6 -26.6 10.9
5.8 14.1 25.1
578.1 7.1 -47.9 6.2 -17.7 3
1625.4 -3.5 -119 17.3 -32.6 5.7
2828.1 4.8 -26.7 54.8 -26.1 6.5
6.1 14.3 25.5
579.7 5.9 -47.1 6.2 -18.9 3.1
1629.6 -6.3 -118.7 18.2 -35.3 5.3
2852.1 -5.2 -12.3 45.9 -34.2 -0.7
6.5 13.6 24.2
581.5 4.9 -46.4 6.1 -19.3 3.6
1634.6 -8.3 -120.2 18.3 -35.8 6.5
2879.4 -8.3 1.7 41.2 -33.7 -0.9
6.6 13.3 22.1
584.6 2.6 -43.7 5.2 -18.5 3
1641.7 -12.6 -119.2 17.7 -36.6 6.3
2898.2 -30.3 8.8 29.5 -34.3 -10.4
6.5 11.4 21.9
581.1 4.3 -46.1 7.6 -18.7 3.5
1634.3 -11.4 -120.4 23.5 -34.1 6
2874.4 -28.6 2.7 66.7 -24 -5.8
6.2 9.8 15.5
581.2 5 -41.9 4.6 -17.1 4.3
1631.4 -8 -110.3 14 -35.4 12.2
2863.8 -14.3 21.2 53.9 -18.3 15.7
6.1 7.5 15.6
579.2 9.2 -42.8 2.5 -16.8 5
1625.8 2.8 -109.4 3.3 -31.9 16.2
2872.8 38.1 48.5 25.8 4.8 8.3
winner is: 20
