Regression analysis information for: S01_selected_tokens_0078
number of formants: 3
number of coefficients: 5
23.7 205.3 87.2
442.1 -26.7 -18.9 -3.3 2.6 16.7
1842.8 -75.9 -139 -32.3 13.1 123.9
2722.1 -99.8 -66.2 -10.4 24.8 30.6
2.2 14 9.5
454.4 -3.6 -1.7 2.3 -3.4 2.1
1950.3 118 -7 18.2 -28.1 1.5
2768.4 -17.3 -10.7 10.2 8.3 -23
2.1 13.4 8.9
455.6 -3.3 -0.9 1.9 -3.6 1.6
1948.1 113.1 -7.5 18.1 -25.3 2.7
2764.1 -20.2 -12.4 9.8 9.6 -22.9
2 13.8 8.9
456.2 -2.9 -1.2 2.1 -4 1.1
1947.8 113.7 -9.1 18.1 -26.4 4
2762.5 -21.1 -11.5 8.8 9.4 -21.3
1.9 13.7 8.7
456.2 -2.4 -1.4 2.2 -3.9 0.8
1951.4 114.1 -8 16.7 -25.9 4
2765.7 -22.2 -9.6 7.2 9.6 -20.8
1.9 13.8 9
453.8 -0.3 -1.9 2.7 -3.7 -0.4
1956.1 116 -8.3 15.1 -26.6 5.1
2773.9 -26.7 -5.6 4.2 11.1 -20.1
2.1 14.4 8.8
449.2 2.8 -2.9 4.1 -4.9 0.7
1960.3 119.7 -9.8 13.9 -28.2 5.7
2784.4 -33.1 0.1 -0.2 15.4 -22.4
2.9 14.2 9.8
442.7 5.4 -1.7 4.4 -6.1 0.9
1961.2 123 -9.2 11.8 -28.8 4.5
2795.8 -40.8 3.8 -2.9 20 -25.2
3 16.8 12.1
438.5 4.9 -0.4 6 -4.9 0.5
1939.6 116 2.2 24.3 -22.6 -12.7
2787.3 -45.9 6.7 1.2 24.4 -38.4
3.4 16 14.6
436.7 5.2 -1 6.5 -5.7 2.1
1907.3 89.5 -0.7 33.5 -14.1 -1.2
2756.7 -49.9 -6.6 10.7 19.3 -29.1
3.1 14.6 15.3
436.7 4.8 -0.6 6.3 -5.4 1.9
1900.1 81 -2 34.7 -14.8 -0.5
2743.7 -42.9 -18.5 18.8 5.3 -18.7
3.6 14.5 16
436.8 5.3 -1.4 6.8 -6 2.4
1909.5 87.1 -8.6 32.3 -18.2 4.8
2752.6 -38.7 -25.7 24 0.2 -10
3.5 14 13.8
437.4 5.3 -1.7 6.7 -6 2.6
1928.6 98.9 -13.9 24.5 -22.4 10.1
2773.1 -41.6 -23.9 20.4 2.7 -7.9
3.1 14.1 11.1
438.5 4.9 -1.4 6.1 -5.6 2.3
1953.9 115.7 -16 13.1 -27.9 13
2798.6 -46.8 -16 11.5 9.2 -10.8
3.4 15.5 14.3
439.1 5.6 -2.2 6.3 -6.2 2.7
1982.2 140 -17.9 1 -36.6 15.4
2828.4 -53.9 -0.3 -1.4 20.7 -17.6
3.3 17.7 23.4
440.1 5.8 -2.3 6 -6.2 2.6
2012.5 164.5 -17.2 -12.2 -45 17
2861.5 -65.6 22.5 -19.7 36.7 -29
2.9 19.3 37.5
441.3 5.6 -1.8 5.4 -5.8 2.2
2042 186.5 -13.1 -24.1 -53.4 15.2
2895.6 -82.1 51.3 -41.8 55.3 -46.2
3.3 21 57.1
441.3 6.4 -2.1 5.7 -6.1 2.1
2051.3 206.2 -4.2 -22.5 -53.8 3.5
2913.3 -93.6 87 -61.8 87 -77.7
2.9 19.6 53.3
441.8 6 -1.3 5.3 -5.7 2
2058.6 210.5 5.1 -22.4 -55.4 6.7
2918.1 -91.7 95.2 -57.6 84.7 -68.1
3.3 20.9 68.2
442.1 6.2 -1.7 5.8 -6.4 2.3
2068.2 211.5 5.9 -23.3 -61.4 7.1
2946.3 -122.3 127.8 -81.8 106.1 -86.9
winner is: 5
