Regression analysis information for: S01_selected_tokens_0044
number of formants: 3
number of coefficients: 5
18.1 76.9 10146.4
482.5 39.1 23.4 4.6 -10.8 -9.8
934.3 -96.9 207.9 -105.6 88.2 57.9
1781.5 -748.7 433.9 45.6 -453.2 340.8
22.3 68.6 10197
480.9 42.4 29.2 1.9 -11.7 -7.4
925.6 -77.1 219 -121.6 101.5 60.2
1759.3 -726.1 453.4 -29.2 -363.6 358.2
31.5 97.6 10477.3
478.7 42.7 22.4 -8.5 -6.1 -8.4
964.5 -71 185.9 -93.5 98 -19.7
2098.8 -716.3 95 323.8 -71.8 -41.4
15.6 41.6 341.5
497.5 55.1 16.5 4.1 -19.8 -23.7
1026.2 -13.4 157.3 -42.9 66.4 -67.7
2703.6 -184.5 -167.2 284.3 -213.7 -245.9
14.5 31.8 197.3
499.9 56.9 15.9 3.1 -20.9 -22.9
1042.6 -32 176.4 -63 76.4 -77.4
2873.8 -79.2 -207.5 37.5 -226.4 -144.5
16.2 34.8 236.2
497.8 53.8 13.1 1.3 -22.4 -23.4
1036.7 -32 166 -60.4 70.5 -74.4
2886.9 -2.7 -250.2 59.5 -263.8 -89.1
13.5 41.4 256.6
495.7 57.9 15.5 4.9 -18 -20.2
1017.4 -16.8 149.6 -40.1 77.7 -50.2
2905 89.9 -176.3 222.6 -117.7 -15
14.1 54.2 314.5
491.2 55.7 16.5 6.9 -16.4 -13.1
1001.5 -21.6 153.8 -38.3 93 -31.8
2723.5 -148.4 -163.9 512 196.2 57.5
13.1 39.1 253.5
489.2 55.4 19.1 3.6 -12.3 -13.2
1000.3 -7.7 179 -72.6 111.3 -59.8
2840.5 -93.8 -143 425.4 140.4 -63.5
11.8 34.4 162.8
490.2 59.7 19.3 -0.9 -15.7 -17
994.2 7.5 179 -87.9 113.1 -66.4
2998.5 -67.2 -116.5 247.9 12.5 -49.6
11.6 32.5 60.9
490.3 60.8 18.6 -3.3 -16.1 -17.4
992.4 9.3 178.6 -100.4 116.6 -74.1
3134 44.8 -240.4 55.5 -42.8 25.8
11.2 33 67.9
490 60.5 16.7 -6.1 -17.2 -17.9
989.6 8.1 172.7 -107.1 115.7 -75
3132.7 41.5 -254.5 59.1 -47.7 16.9
10.8 34.6 74.8
489.7 60.1 14.9 -7.6 -18.1 -17.9
986.9 10.3 165.7 -104.3 111.7 -68
3122.3 45.4 -265.4 53.7 -64.5 19.7
10.3 36 61
489.7 59.6 14.3 -7.6 -17.8 -17.4
989.9 0.2 170.8 -111.2 121.3 -74
3134 28 -246.8 36 -52.4 4
9.9 37.1 54.9
489.8 58.9 14.1 -6.9 -17.2 -16.8
989.9 -2.9 170.3 -109.5 124.4 -72.8
3147.8 23 -237 39.2 -47.1 3.6
9.5 38.1 49.1
489.8 58.6 14.8 -5.5 -15.8 -16.3
987.8 -2.7 167.6 -106.2 125.9 -72.2
3162.7 17.9 -218.8 35.4 -28.5 -2.4
9.2 39.1 45.8
488.9 56.8 15.2 -3.9 -14.7 -15.1
986.8 -6.1 169.3 -104.6 128.3 -71
3174 -1.2 -198.9 33 -12 -1.8
9.3 39.8 52.4
486.1 53.4 14.9 0.2 -12.3 -12.4
987.4 -8.9 173.9 -103.1 131.1 -70.9
3151.5 -1.8 -198.9 83.4 -10.1 28.2
9.2 40 53.7
488.5 55.6 15.9 1 -13.1 -12.4
990.6 -8 175.7 -102.2 133 -71.1
3191.5 6 -167.7 91 16.2 22.5
9.4 39.7 66.6
494.2 61.3 17.7 1.3 -15.8 -13.2
993.3 -8.3 177.6 -99.9 138.2 -69.1
3246.4 48.5 -143.3 121.7 31.4 46.1
winner is: 17
