Regression analysis information for: S01_selected_tokens_0104
number of formants: 3
number of coefficients: 5
11 28.8 60.6
807.7 116.5 -56 -40.3 9.6 18
1504.5 -127.9 75.2 -52.5 10.9 13.6
1870.9 76.8 82.1 -45.3 -73.4 -77.8
22.4 57 73.8
805 117.7 -43.3 -29.2 0.1 3.3
1505.4 -135.8 92.8 -25.4 -2.6 -9.5
1894.6 86.7 133.2 -34.4 -112.2 -88
29.8 64.4 166.4
806.1 125.3 -28.5 -19.3 -8.2 -6.1
1501.4 -128.5 122.9 -7.7 -19.3 -32.6
2000.2 148 291.1 -10.2 -65.8 -86.6
43.9 118.4 260.1
788.6 146.4 -24.4 5.3 -35.2 9.3
1402.5 -2.8 50.7 101.8 -95.4 15.5
2018.7 146.9 311.2 10.2 -30 -43
74.8 128.7 276.2
732.4 94 -11.1 3.7 -10.3 66.3
1284.8 -25.7 -24.2 172.3 -67.9 154.7
1953 282 361.2 163.2 223.4 99.8
77.8 135 240.1
692.6 58.6 -45.4 -15.9 -61.7 16.8
1275.7 -114.6 -35.5 93.5 -46.7 95.5
1846.3 43.3 288.3 124.9 226.9 -36.6
52.2 141.9 252.3
737.2 63.8 -36.8 -50 -44 -5.4
1317.1 -217.7 39.3 26.1 7.4 49.9
1860.3 -64.2 355.8 87.1 277.8 -48.8
110.2 171.9 355.1
769.9 95.5 -16.1 -23.1 -2.7 70.4
1372.1 -221.1 115.8 37 73.5 125.9
2135.2 158.7 364.7 31.9 521.4 288.6
27.6 88.3 231.5
861.7 120.5 -112.1 -20.9 41.7 26.6
1539.7 -93.7 53 -87.9 53.4 50.2
2622 495.2 157.1 -265.3 321.7 84.5
14.9 11.8 41.9
887.6 124.5 -120.8 -8.5 21.2 0.9
1603.2 -133.4 27 -44.2 42 -7.8
2948.4 112.5 15.7 118.7 6.5 -18.4
16.5 12.4 42.3
893.2 122.1 -125.4 -2.3 17.4 0.2
1607 -134.4 25 -42.4 40.5 -7.2
2956.9 124.3 29.4 119.3 24.5 -9.3
17.7 13.7 45
892.3 122.6 -126.3 1.6 15.7 -0.9
1606.5 -136.7 27.4 -39.6 39.2 -10.7
2981.1 138 52 131.1 45.9 6.9
20.7 16.2 49.1
878 121.3 -114.5 7.5 10.4 -4.3
1597.7 -142.1 37.7 -33.5 36.2 -16.7
3005.1 157.7 77.6 152.8 65.8 20.4
25 17.8 63.5
847.8 116.5 -81.4 16.2 -2.7 -9.6
1582.6 -147.4 53.8 -28.2 31.8 -20.6
3007.6 191 95.9 190.6 69.6 29.6
24.5 16.8 83.3
818.7 109.6 -51.7 19.1 -10.2 -5.4
1567.2 -150.1 65.3 -28 30.7 -18
2982.8 233.7 112 237.6 54.6 32.9
22.4 15.9 86
799.8 101.2 -39.8 20.1 -7 4.9
1556.5 -152.8 69.4 -28.7 32.4 -11
2955.9 261.8 132 265.4 44.7 34.1
23.2 17.2 88.2
777.6 76.5 -46 17 -2.1 16.9
1543.4 -164.5 62.2 -32.6 33.9 -3.1
2927.5 284.4 152 285.4 56.3 49.3
19.7 15.7 97.7
767 60.7 -57.9 8.8 -4 18.6
1536.9 -169.7 53.7 -36 31.8 -2
2905 288.1 133.2 291.8 70.8 80.8
13.3 17.3 86.8
760 45.3 -73.5 -3.5 -10 15.6
1531.1 -182.4 41.1 -46.8 22.6 -9.5
2776.2 14.5 -121.7 49.6 -137.5 -98.9
15.5 16.1 81
765.3 46.5 -77.8 -0.8 -5 24.1
1538.1 -179.9 48.9 -38.5 28.9 -1.2
2881.4 121.8 30.4 185.6 -0.5 36.4
winner is: 10
