Regression analysis information for: S01_selected_tokens_0077
number of formants: 3
number of coefficients: 5
5.7 82 76.4
454.6 7.4 -11.7 9.5 -9.1 9.9
1632.2 133.7 -17 11.7 -70.7 72.7
2659.1 113.2 -57.3 0.2 -16.9 28.8
3.4 92.1 105.2
450.5 8 -8.2 6.6 -6.6 6.3
1622.5 159.6 -15.3 -35 7.8 -14.9
2695.7 80.7 -59.4 -20.5 40.8 -26.2
4.1 108.7 161.6
447 10.6 -8.5 6.1 -5.2 3.3
1580.5 234.8 -49.8 -60.9 81.6 -123.7
2588.2 256.3 -126.3 -97.9 225.5 -246.9
2.3 156.9 162.3
446.7 4.8 -5.8 1.4 -4.4 2.4
1536.3 38.8 -161.4 -183.9 -47.3 -165.7
2480.7 164 -203.2 -328.8 217.9 -314.8
6.8 121.9 267.5
444.8 3.6 -5.8 -1.5 -4.8 -2.1
1601 44.2 -31.4 -143.7 -61.8 -78.2
2523.7 89.9 0.4 -326 54 -135.1
1.9 68.5 190.8
447.4 4.1 -2.2 2.7 -5.7 4.7
1645.6 59.2 15.1 -94.8 -43.6 -6.5
2588.2 66 73 -279 11.9 35.3
3.6 49.9 138.3
445.9 6.8 -5.6 6.4 -8.7 7.9
1659.1 65.4 16.1 -81.3 -23.7 5.4
2681 -39.8 -24.3 -158.9 -37.1 0.2
3.9 23.8 26.4
444.4 10 -8.2 9.5 -10.8 9.2
1677 80.6 34.4 -46.3 -18.8 27.9
2769.7 -23 -5.3 -16.9 -8.2 22
3.8 24.4 20.2
442.8 12.7 -11 11.7 -11.6 8.9
1675.1 85.8 26.6 -39.5 -22.9 27.5
2774.2 -15.1 -31.5 -0.3 -4 20.7
3.1 22.1 24.2
441.7 12.8 -11.2 11.8 -10.3 7.8
1669.3 92.2 20.4 -34.8 -19.3 24.8
2768.7 0.9 -46.6 12 -13.5 28.1
3.2 19 21
440.4 13.2 -11.9 12.7 -10.6 7.2
1662.6 92.4 17.6 -31.4 -17.3 18.6
2764.4 8.2 -54.7 17.5 -12.4 23.8
2.8 16.5 17.3
440.2 12.3 -10.9 12.4 -10 6.6
1656.4 88.4 21 -29.7 -13.5 15.9
2762.6 1.8 -49.2 12.6 -4 14
3 15.1 14.7
439.6 12.3 -11.2 12.6 -10.4 6.6
1652.4 80.6 25.2 -30.2 -12.2 13.7
2762.5 -13.4 -37.1 4.9 4 4.6
2.7 14.3 13.7
440 11.3 -10.1 12.1 -9.9 6.3
1653.2 73.8 30.8 -31.1 -10 12.5
2770.4 -36 -18.7 -7.9 14.8 -6.9
2.7 14.5 16.3
440.4 10.7 -9.8 11.9 -9.8 6.2
1658 66.7 35.8 -33.5 -8.5 11
2786.2 -63.7 4.4 -25.6 29.7 -20.8
2.7 14.8 27
440.8 10.1 -9.2 11.6 -9.6 6.1
1662.9 59.4 42.2 -37.6 -6.4 11.1
2806.2 -99.9 38.3 -54.6 53.9 -39.4
3.1 16.2 48
441.1 9.9 -9.5 11.9 -10 6.3
1671.6 51.5 46.6 -40.4 -7 10.7
2836.6 -146.6 78.5 -88 82.6 -64.2
2.8 18.7 56.7
442.2 8.7 -8.5 11.4 -9.6 6.2
1681.2 45.9 51.6 -41.8 -6.7 12.1
2860.8 -175.8 103.6 -108.2 100.4 -78.1
3.3 21.3 57.5
443 8.5 -9.3 12 -10.3 6.7
1696.7 40.6 50.7 -44.7 -12 15.9
2889.4 -198.5 116.3 -120.4 106 -78
3.3 23.2 62.5
444.9 7.7 -9.9 12.5 -10.9 7.1
1722.5 37.8 44.3 -47.5 -20.2 22.1
2926.1 -220.9 127.6 -135.9 117.1 -84.3
winner is: 14
