Regression analysis information for: S01_selected_tokens_0110
number of formants: 3
number of coefficients: 5
15 64.5 58.1
727.3 -20 -35.8 26.7 -11.8 22.2
1485.3 25.2 72.2 21.1 17.1 11.2
1813.9 -29 51.3 38.8 39.9 -17.5
14 74.4 64.6
722.6 -22.4 -27.5 26.1 -11.3 18.3
1483.7 -1.5 75.2 -0.1 27.1 -24.4
1768.5 -66.5 115.9 85.7 42.8 -79.4
16.5 83.7 77.4
716.1 -14.5 -25.5 24.4 -12.1 19.6
1471.3 36.1 67.8 -12.1 66.6 -59.9
1734.6 -41.8 181.5 25 68 -104.1
6.4 72.3 95
719.4 -18.7 -13.8 11.2 -5.3 15.5
1472.8 36 102.8 -34.9 93.5 -69.5
1761 -22.9 218.8 -52 75.7 -75.1
12.2 52.4 127.3
724 -9.2 -24.1 14.2 -13.5 21.8
1474 78 66.5 29.1 48.6 -18
1876.1 120.3 188.6 -77 103.2 50.8
6.5 37.2 133.5
736.1 -12.9 -21.5 7.5 -12 14.9
1507.7 33.4 81.9 34.4 26.5 4.2
1958.6 198.8 162 -75.1 97.5 50.4
7.7 31.1 139.9
740.7 -11.3 -20.7 11.1 -15.9 12.2
1538.2 -11.5 116.2 19 29.9 7.9
2015 203.6 194.1 -33.3 43.4 12.9
9.6 23.6 125
743 -11.9 -19.8 16 -14.8 8.4
1554.7 -39.6 141.8 -0.7 49.5 -8.1
2042.9 179.1 211.2 32 37.8 -31.8
11 23 122.4
745.4 -12.3 -20.6 17.1 -12.5 6.4
1561.7 -52.9 151.4 -10.3 59.9 -16
2069.4 161.5 208.4 40 67.2 -54.9
11.3 40.7 137.1
747.1 -13.2 -23.9 17.2 -11 6.6
1549.5 -25.6 121 20.2 30.9 14.8
2109.8 125.2 203.2 26.2 99.7 -47.2
10.8 51.8 123.3
747.5 -15 -31 17.3 -10.8 6.8
1545.2 -15.6 103.9 35.9 12.6 33.8
2127.5 109.2 127.6 32.4 108.3 -29.4
12.1 58.1 117.9
751.5 -11.7 -36.7 18 -10.3 9.4
1545.4 -9.1 93.8 45.5 0.1 49.4
2171.3 153.8 51.4 72.5 83.9 -5.5
11.4 66.8 202
762.7 -7.8 -39.2 17.5 -10.6 7.2
1548.6 -1.6 85.5 52.9 -8.1 55.3
2342 195 -67.8 24.6 116.9 96
10.9 33.3 204.4
776.8 -2.1 -42.7 16.5 -14.2 3.5
1577.7 -53.4 145 -2.2 52.1 -0.1
2669.2 -40.8 -85.1 -7.4 208.7 -4.8
13.1 18.1 91.9
786.1 0.9 -45.3 18.2 -19.3 2
1596.7 -76.3 155.5 -0.9 51.7 6.4
2897 -131.8 -46.7 -26.4 -38.8 64.5
10.5 9.5 46.1
795.6 7.8 -43 12 -30.7 -5.6
1604.3 -72 157.3 -9.1 42.5 -0.8
2954.5 -101.8 -10.3 -71.6 -81.7 4.2
10.6 9.9 34.8
797.9 12.7 -40.3 8.4 -37.8 -10.9
1605.5 -71 158.6 -9.8 40.4 -1.8
2975.1 -84 -7.3 -82.8 -106.5 -14.1
12.6 10 37.6
791.9 15.3 -35.8 6.6 -42.9 -12.4
1604.3 -70.4 162.4 -11 38.2 -1.7
2975.4 -88.4 -3.4 -89.2 -116.7 -14.6
13.8 9.4 42.5
785.1 16.4 -32.6 7.4 -41.2 -13.3
1599.7 -66.9 163.3 -12.1 40.2 -4.1
2963.6 -80.2 6 -94.3 -121.3 -21.1
15 9.1 48.5
780.7 16.5 -30.3 8.4 -39.1 -12.4
1596.5 -64.3 164 -12.3 41.8 -4.5
2946.7 -63.1 15.3 -100.1 -117.5 -24.3
winner is: 17
