Regression analysis information for: S01_selected_tokens_0021
number of formants: 3
number of coefficients: 5
59.9 68.5 59
511.8 -51.3 35.3 38 42.2 43.6
1756.1 176.8 -73.4 -26.7 -34 20.5
2430.9 293.8 -235.8 31.4 74.4 -5.4
63.6 169.6 79.8
502.2 -51.3 46.9 39.5 36.5 46.6
1709.5 172.5 -60.3 -129.8 -137.3 47.1
2402.5 296.4 -240.6 36.6 54.5 23.7
85.5 221.5 63.3
503.5 -34.5 81 71.5 61.2 70.5
1411.3 -58.7 204.2 165 -34.3 89.4
2355.6 297.4 -181.3 73.5 66.1 71.9
83.3 77.5 68.3
501.8 -40.5 85.3 76.4 63.4 70.2
1384.6 -116.7 282.4 315.8 65.3 79.3
2372.9 288.1 -170.9 67.3 80 59.4
86.8 92.2 93.4
511.3 -39.6 91.1 79.3 67.1 73.9
1435.4 -137.6 313.1 384.8 65.8 80.5
2434 272.7 -107.1 62.8 151.9 34.3
88 255.2 132.6
516.8 -54.3 93.8 88.5 70.7 67.9
1990.2 291.9 2.2 -29.8 -150.2 151.3
2710.7 366.8 61.1 -209.8 77.2 -121.8
81 54 96.4
539.2 -53.9 80.9 70 53.4 71.7
2173.6 299.1 -248.2 -34.8 -40.2 121.7
2879.3 230 -5 -131.4 40.5 -31.1
93.5 44.7 59
558.5 -41.1 99 91 65.2 94.2
2180.2 300.4 -244.2 -7.4 -41.9 111.3
2925.6 179.9 -12 -78.3 10 -35.2
85 48.2 58.5
543.2 -62.4 82.7 77.3 50.3 79.7
2197.5 306.9 -253 -12.9 -38.8 111.5
2932.9 179.9 -13 -76.4 4.1 -35
88.6 67.4 68.6
533.7 -63 89.7 83 55.1 80.8
2199.8 305.6 -279.3 -48.1 -36.2 143.5
2923.3 177.2 -6.3 -76.3 -6 -37.9
102.7 83.1 77.4
537.4 -36.6 116.2 109.5 80.1 97.8
2175.7 303.5 -278.6 -65 -31.9 185
2894.9 188.6 -10.8 -69.1 -8.9 -41.8
98.4 81.6 73.6
533.3 -40.9 114.6 105.6 78.6 93.7
2134.8 286.3 -228.1 -42.2 -50.6 151.7
2886 180.7 -7.7 -85.7 -1.2 -54.5
100.2 83 66.3
529.3 -50 107.7 97.4 72.7 85.8
2139.1 292.3 -197.5 -9.4 -36.9 136.3
2891.9 178.3 2.6 -87 10.6 -61.4
118.9 81.1 102.3
546.2 -23.5 137.4 125.5 99.4 109.7
2167.6 313.2 -204.7 13.6 -14.8 132.1
2933.4 198 73.7 -57.3 64.5 -27.7
125.4 77.9 116.9
552.3 -20.2 144.4 131.9 106 115
2217.7 333.1 -238.8 23 5.5 121.1
2954.9 184.9 111 -59.2 78.4 -19.3
126.1 73.2 128.7
555.9 -23.3 145.1 132.6 106.5 114.3
2291.1 366.9 -278 47.8 29.1 101
2974.3 170.1 140.9 -74.6 92 2.3
132.4 76.2 162.5
562.8 -18.6 152.6 140.1 113.9 119.8
2372.3 404.6 -301.6 89.1 49.5 71.4
3015.2 205 182.2 -59.2 155.4 85
133.8 73.3 158.4
563.3 -18.2 151.7 143 113.5 119.9
2355.5 373.5 -308.3 101.8 41 78.3
3010.9 209.5 189.9 -16.4 140.5 60.4
128.6 60.6 153.4
560.3 -30.9 141 134.6 103.1 111.1
2381.5 383 -335.8 102.5 35.1 59.7
3046.8 199.2 180.2 -18.9 155.4 78.5
151.5 67.8 180.8
585.5 9.3 182.4 175.7 140.1 143.3
2446.3 436.7 -335.4 119.5 42.2 40.6
3109.1 167.7 116.2 -44.5 171.1 99.6
winner is: 1
