Regression analysis information for: S01_selected_tokens_0076
number of formants: 3
number of coefficients: 5
9.4 154.6 109.5
458.6 -25.2 -17.6 -5.4 -9.8 -4.5
1886.4 232.7 -69.1 18.1 -68 28.6
2471.7 342.7 -157.7 -25.5 121.3 -59.6
10.8 157.2 87.5
452.4 -27.2 -17.7 -5.3 -9.2 -3.4
1819.8 369.7 -111.1 -66 22.1 -77
2433.7 428.6 -213.9 0.4 131.2 -101.6
8.1 99.4 101
450.9 -30.5 -14.6 -3.5 -8.9 -2.9
1889.2 388.8 -22 -40.2 86.5 -44
2449.5 415.8 -180.8 -30.9 170.1 -121.8
11 183.7 158.9
445.5 -33.4 -9.1 -2.6 -8.8 -0.6
1750.4 321.5 343.9 56.9 -54.9 -58.1
2283.8 387.2 134.8 30.8 6.9 -194.6
10.7 117.8 199.6
446 -34.1 -8.7 -5.3 -12.8 3.8
1906.6 246.7 259 84.3 -80.9 -40
2353 320.4 127.3 54 -23.5 -240.3
6.9 114 180.1
448.2 -37.1 -13.1 -2.3 -11.1 0.6
1959.4 273.2 173.5 126.8 -19.5 -60.1
2526.2 60.7 202.1 145.1 -170.7 -121.7
7 67 126.6
447.7 -39.3 -14.3 -2.7 -11.4 1.5
2035.6 276.7 133.7 91.5 17 -3.1
2630.3 -8.5 222.3 61.5 -151 -11.7
7.3 31.6 24.5
447.5 -39.9 -15.7 -3.3 -10.4 2.1
2067.6 288.5 90.9 79.5 42.3 7.9
2741.6 -2.1 25.5 46.2 24.3 20.2
7.4 34.4 26.2
446.7 -40.1 -16.2 -3.2 -9.7 2.2
2068.5 291 90 79.4 42.2 6
2743.7 -8.7 26.1 43.8 24.5 19.2
7.5 46.9 29.2
445.2 -40.8 -16.1 -3 -9 2.1
2058.8 279.9 81.6 73.3 35 -6.2
2739.3 -11.2 24 39.1 29.3 16
6.7 53.3 33
444.5 -40.7 -15.2 -2.5 -7.6 2.8
2051.5 279 86.2 79.8 42 -5.5
2725.4 -7.6 17.8 30.2 42.7 12.5
6.4 49.3 35.9
443.7 -41.3 -14.7 -2.1 -7.7 2.9
2044.6 279.5 102.6 98.8 55.1 6.1
2718 -10.6 14.6 33.6 39.5 19.3
6.2 41.3 41.5
443.5 -41.8 -14.4 -1.9 -7.7 3.1
2037.5 269.7 108.7 108.9 64.7 19.4
2723.5 -11.3 24.9 43.6 39.1 28.7
6.1 36.2 47.4
443.7 -42 -14.3 -1.8 -7.8 3.2
2037.6 263.8 109.5 110.5 68.8 28
2735 -12.8 38.1 54.2 40.9 40.2
6.1 32.6 57.8
444.2 -42.2 -14.3 -1.8 -8 3.3
2049.1 270.4 112.8 110.1 67.7 28.2
2752.1 -15.2 53.4 69.8 45.2 56.1
6.1 32 69.2
445 -42.3 -14.4 -1.9 -8.1 3.3
2069.9 287.4 118.1 108.9 63.9 22.2
2771.3 -19.4 68.6 88.2 51.4 75.2
6 28.7 63.2
445.7 -42.3 -14.7 -2.1 -8.2 3.3
2090.9 304.8 120.9 105.8 62.9 19.6
2775.9 -41.6 61.8 82.2 42.8 71.9
6 28.5 67.7
446.8 -42.1 -15.2 -2.4 -8.7 3.2
2119.7 331.2 119.9 96 48.9 6
2788.2 -51.2 67.7 99.1 45 87.4
6.1 24.9 60.1
449 -41.5 -16.2 -3.1 -9 3.1
2167.1 359.3 89.8 65.7 37 -3.4
2824.5 -30.1 119.1 148.8 53.3 98.3
6.9 36.8 57.8
452.2 -41.2 -19.5 -4.7 -10.2 2.5
2249.5 384.9 -1.7 22.9 65.8 8.6
2883.9 40.5 265.4 246.3 17.2 79.3
winner is: 8
