Regression analysis information for: S01_selected_tokens_0091
number of formants: 3
number of coefficients: 5
10.1 45.6 25.6
676.1 -25.4 8.6 -9.5 -24 -2.8
1687.5 -31.3 144.7 -25.6 -67.9 -4.5
2265.6 -81.3 148.5 -27.7 -51.8 -43.3
8.5 33.8 33.6
678.5 -20.5 -5.4 -12.8 -18.7 0.1
1738.8 -37.5 85.1 -40.2 -19.3 14.5
2301.6 -101.8 144.9 -59.9 -31.3 -43.7
8.8 25.1 45.3
674.1 -16.9 -20.6 -14.2 -9.9 0.4
1765.8 -64 38.9 -46.1 16 23.6
2323.9 -123.6 137.9 -94.8 -0.4 -55.6
8.3 27.7 62.2
669.4 -16.9 -26.2 -10.9 -2.8 -2.6
1768.7 -90.5 1.9 -54.6 35 17.3
2315.2 -115.9 126.6 -100.9 24.6 -86.5
10.2 35.2 71.5
663.5 -18.1 -28.4 -8.1 -0.3 -4.6
1752.8 -105.6 -20.2 -66.9 44.8 -8.8
2302.3 -120.2 134.7 -108 45.3 -109.4
10.6 35.6 60.8
659.1 -19.2 -24.1 -4.3 1.8 -5.9
1733.4 -106.6 6.3 -56.2 56.4 -20
2294.4 -138.9 166.6 -106.3 60.6 -115.8
11.8 31.1 61.4
658.4 -14.5 -20.3 -2.7 -2 -4.4
1731.4 -90.8 54.3 -55.1 46.2 -14.2
2304.4 -154.7 186.2 -124 64.2 -114.5
11.3 39.3 86.1
662.9 -4.8 -18.2 -0.8 -4.6 -5.7
1759.5 -44.8 73.9 -40.7 49.5 -10.7
2264.2 -81.1 107 -75.1 26.4 -108.1
14 45.1 82.6
673 6.4 -15.3 0.1 -11.9 -7.9
1829.5 5.9 101.8 -16 38.4 13.7
2270.9 -116.5 115.5 -85.1 38.7 -102.1
19.4 51.3 160.2
691.2 23.2 -8.1 -1.8 -21.4 -13.4
1906.7 29.3 95.4 -10.2 18.3 46.7
2351.4 -16 248 -7.8 95.8 -65
26.7 51.1 147.3
713.4 46.6 -7.6 -5.5 -42 -21.9
1986.8 70 62 4 -0.5 15.5
2483.9 66.2 333.6 -31.9 -23 -83.6
28.1 31.7 131.5
739.7 66.6 -5.6 -13.1 -58.2 -30.2
2032.8 79.5 34 29 -5 -29.3
2696.2 142 308 -130.7 -149.2 4.6
27.4 27.9 104.2
762 79.4 -12.8 -22.3 -73.5 -33.4
2044.4 74.8 28 32.2 -12.3 -31.8
2880 21 164.8 -79.1 -120.3 91.7
25.8 25.5 57.9
780.5 88.2 -18.4 -26.9 -79.8 -35.1
2052.6 73.9 28.4 34.1 -15.6 -29.1
2970.9 -3.2 19.1 -3.2 -32.9 4.6
25.3 23.3 52.4
783.8 90.2 -24.1 -28.4 -80.8 -40.8
2057 75 27 34 -15.8 -32.4
2980.3 -0.4 18.5 -5.9 -31.6 5.3
28.1 23.6 32.9
775.2 82.1 -25.5 -24.8 -77.1 -47.3
2056.5 76.7 27 34 -14.3 -37.3
3005.2 -2 -18.2 6.5 -4.5 -17.4
27.5 25.4 36.5
759.8 66.5 -28.8 -22.5 -71.6 -44
2052.1 75.2 28.2 31.2 -14.3 -43.9
3005.5 -5.4 -19.2 7.8 -1.2 -33.9
22.5 29.4 39.9
733.5 35 -35.3 -11.2 -46.4 -28.3
2035.1 69.8 25.5 31.6 -4.9 -50.5
2987.4 -9.7 -25.5 -4.1 2.2 -35.3
15.1 28.6 37.3
718.6 14.2 -45.1 -0.3 -27.3 -10.9
2020.1 55.9 13 36.9 2.7 -42.2
2965.6 -34.3 -54.4 0 26.2 -15
14.5 25.1 33.1
718.6 10.2 -48.8 0.2 -24.4 -7.1
2018.4 45.9 8.2 37.9 7.6 -34
2959.3 -52 -59.2 3.2 32.7 -3.4
winner is: 20
