Regression analysis information for: S01_selected_tokens_0012
number of formants: 3
number of coefficients: 5
5.1 189 61
483.5 -16.9 -42.1 -11.1 -14 3.3
1442.5 -96.6 -315.1 327.1 36.1 270.4
2254.7 19.2 -27.2 169.9 26 63.8
8.1 200.4 82.5
480.6 -8.1 -42.8 -5.2 -16.9 3.5
1376.3 -57.3 -314.8 492.2 -99.4 181.6
2248.4 60.3 25.7 167.4 40.6 79.7
8 221.6 83.9
486.7 -7.2 -33.8 -10.4 -8.6 -8.5
1683.9 -128.7 172.7 363.1 204.6 -9.5
2385.7 36.7 194.6 166.4 136.3 -39.5
4.1 136.9 104
492.4 -8.9 -27.6 -13.3 -11.7 -8.2
1858.4 44.8 233.5 162.5 -45.6 -219.5
2484.3 180.4 241.1 -12 -68.3 -137.7
4.4 158.6 97.7
495 -4.2 -26.2 -12.5 -13.9 -9.8
1816.9 94.8 215.6 137.6 -24.1 -231.3
2479.7 168.7 230.5 10.2 -62.9 -158
3.3 125.9 89.9
494.8 -10.6 -26 -20.7 -13.3 -9.2
1884.3 65 220.6 106.8 -58.3 -136
2478.9 211.7 258.1 -71.7 -48.4 -97.5
2.4 113.3 76
489.2 -13.6 -35.9 -18.2 -11.9 -5.5
1931.5 17.3 179.3 165.6 54.6 -127.9
2476.2 150.7 259.6 86 -19 -175.9
3.5 166.9 161.6
487.5 -14.9 -44.3 -17.8 -13.3 -2.4
2007.9 134.9 -20.8 193.3 5.1 75.2
2510.8 230.2 30.3 108.3 51.8 19.2
2.6 53.6 104.2
485.3 -16.6 -48.8 -18.6 -13.7 -2.2
2098.8 83.6 43.4 30.8 70.9 -2.7
2591.9 242.6 -18.7 -97.2 15 -20.9
2.6 54.3 69.8
485.9 -19.1 -49.8 -20.3 -12.9 -1.4
2116.6 19.7 56.1 22.1 37.3 54.6
2636.2 188.6 -24.8 -138.4 -36.3 9.7
2.6 32.1 43.8
489.5 -19.6 -46.2 -19.8 -14.1 -1.5
2136.7 28.1 47.1 46.4 36.7 38.3
2680.4 169 19 -141.2 -41.2 27
2.1 27.2 37.9
488.6 -19.9 -44.1 -18.3 -15.6 -1.6
2154.7 19.7 45.2 55.7 26.7 36.4
2689.3 184.6 77.8 -127.7 -50.2 37.8
1.9 27.9 52.2
485.5 -20.7 -45.3 -17 -16 -1.1
2164.1 11.8 65.8 68.5 2.6 46.1
2677.5 203.4 112.1 -109.9 -47.6 37.2
2.1 32.4 58.2
484.1 -20.2 -45.5 -15.7 -15.7 -1.3
2166 -7.7 85.7 81.4 -12.7 55.2
2648.8 236.5 106.5 -89.7 -28.2 33.2
2 35 60.9
484.6 -18.4 -44.3 -14.7 -15 -2.1
2165.2 -30 97.6 82.5 -1.9 59.2
2604.4 288.7 68.3 -61.7 -17.7 25.3
2.1 44 57.9
484.2 -18.4 -45.2 -13.9 -14.4 -2
2159.3 -24 77.9 97.4 26 50.8
2588.4 293.3 57.9 -47.1 -23.7 41.7
1.9 37.3 52.1
484.4 -18.3 -46.5 -13.7 -13.7 -2.5
2164.1 -5.1 28.7 107.3 60.6 31.5
2579.1 269.1 62 -68.3 -46.8 45.6
2.1 30.3 46.8
481.5 -18.8 -49.2 -13.9 -12.9 -2.6
2114.9 35 -13.6 115.3 81.4 14.3
2610.9 229.7 82.6 -77.5 -56.2 45.8
1.6 17.1 42.8
483 -18.4 -50.2 -13.7 -12.8 -3.2
2155.1 39.3 -39.7 127.9 71.4 -7
2622.3 233.4 102.2 -91.1 -43.9 60
1.7 48.4 80.8
486.7 -18.7 -50.5 -14.4 -13.2 -3.5
2278.8 23.6 21.7 113.3 -1.4 -21.5
2580.3 271.3 46.8 -80 33 77.7
winner is: 19
