Regression analysis information for: S01_selected_tokens_0059
number of formants: 3
number of coefficients: 5
13.8 61.7 134.6
524 72.7 8.8 18.6 -15.8 -2.8
1154.8 150.5 23.2 30.7 107.8 45.1
1651.8 -61.3 386.5 26.4 98.9 -60.1
14.4 62.2 166.3
525.4 73.3 5.9 17.5 -17 -4.5
1163 148.9 11.4 34.1 103.2 28.7
1678.5 -15.5 399 45.4 95 -72
14.6 74.7 236.8
524.2 70.9 3.1 17.4 -17.5 -4.2
1155.3 126.4 -7.3 25 96.1 21.6
1723.1 18.1 438.3 63.4 66 -118.1
13.5 77.1 78.1
522.7 64.3 -2 18.4 -16 -2.3
1091.7 -15.2 -112 -15.1 92 63.8
1610.9 -289.2 215.4 -67.5 10.6 -35.3
13.2 112.1 90.5
525.4 62.7 -7.5 16.3 -17.7 -0.6
1084.2 -30.3 -124.8 -7 67.7 84.8
1620.8 -329.5 235.7 -18.6 -83 52.2
19.4 111 577.4
530.1 68.7 -0.8 19 -21.4 -2.7
1166.9 113.5 20.4 42 45.1 -2.7
2162.5 -83.7 123.3 38.3 260 -90.1
22 56.2 154.5
535.9 66.5 -14.8 7 -31.6 -10.8
1232.4 148.9 -40.3 -29 -41.5 -81.5
2818.1 30.3 -155.2 43.4 -173.9 -22.7
14.4 12.7 48.5
543.7 80.2 -6.8 14.4 -26.7 -2.3
1260.1 200.9 5.1 21.5 -0.4 -34.3
2878.2 88.5 -23.6 127 -51.3 52.3
14.5 12.9 48
542.9 83.6 -5.4 14.8 -28.4 -1.4
1255.2 210 2.9 22.4 -4.4 -30.3
2886.7 80.3 -32.1 131.3 -52.6 57.9
13.9 12.9 16.4
537.8 78.6 -5.3 17.1 -26.9 0.3
1250 211.5 5.8 24.8 -6.2 -29.7
2919.8 51.7 3.9 90.6 -28.4 29.6
13.1 12.1 18.7
533.1 72.8 -4.3 15.5 -25.2 1.3
1241.1 211 14 18.8 -5 -28.1
2916 67 15.2 82.6 -30.6 21.3
13.1 12.5 20.8
529.3 67.7 -5.1 16.6 -23.3 3.3
1235.4 206.1 16.5 21.2 -3.1 -25.4
2912.1 72.6 34.9 78.6 -44.1 19.7
12.9 12.5 18.6
527.2 63.9 -6.4 17.1 -21.9 4.9
1231.7 199.7 15.9 23.2 0.2 -21.9
2916.5 66.9 43.3 78.8 -45.4 24.4
12.8 11.8 19.7
526.2 61.4 -7.4 17.6 -21.1 6.1
1229.7 194.4 13.6 25.9 2.3 -18.3
2923.9 52.6 41.1 85.2 -42.8 33.8
12.8 11.3 22.5
526.2 59.9 -8.3 18 -20.9 6.9
1229.9 191.1 10.8 28.2 2.9 -15.8
2936.4 35.6 30 93.7 -39.4 45.9
12.7 11.4 27.2
526.9 58.6 -8.9 18 -20.7 7.4
1231.3 188.4 8.2 29.8 3 -14.3
2952.8 18 15.2 99.4 -34.5 57
12.4 11.5 28.1
527.3 57.6 -9.2 18.2 -20.7 7.5
1231.9 186.6 6.1 31.7 2.4 -13
2958.3 3.4 5.8 106.8 -34.1 64.9
12.4 10.7 28
527.1 55.9 -9.5 19.4 -20.7 8.1
1230.8 182.8 4.3 35.9 2.8 -11
2949.8 -31.2 0 132.6 -28.4 78.1
12.3 11.8 32.6
529 55.8 -10 18.6 -20.9 7.8
1235.3 184.7 1 35.5 0.1 -11.4
2984.9 -23 -20.5 119 -36.5 73.5
12.6 17.6 46
532.5 56.1 -11.7 17.6 -22.3 7.7
1241.2 193.3 -7.1 39 -7.6 -8.3
3049.7 -4.1 -49 103.6 -54.9 72.2
winner is: 10
