Regression analysis information for: S01_selected_tokens_0014
number of formants: 3
number of coefficients: 5
1.6 26.3 9.8
427.8 -28.9 8.6 15.3 -2 -3.3
1726 87.1 -57.4 53.6 -34.7 -11
2196.9 -32.4 -40.8 8.5 -0.4 -26.3
1.5 29.6 11.8
420.7 -28.6 6.2 14.4 -5.3 -1.9
1666.7 124.9 -97.1 159.9 -64.3 -9.9
2180.6 -39.8 -37.2 12.2 4.9 -17.5
1.5 70.4 10.8
415.5 -27.2 5 12.9 -7.1 -1.6
1536.4 116.5 -134.3 163.2 -102.5 -61
2166.8 -37.8 -30.8 1.6 5 -8.6
1.6 12.8 10
411.7 -26.5 5.2 8.7 -7.8 -0.9
1411.7 133.5 -98 -10.7 -79 -6.8
2162 -36.8 -30.1 -8.4 4.6 -6.6
1.6 19.2 11
411.8 -25.9 5.5 6.7 -6.9 -1
1435 155.9 -106.2 -47.6 -84.1 -9.1
2164.9 -38.2 -31.6 -4.9 5.6 -8.3
1.3 44.2 17
414.2 -26.2 5.6 5.9 -6.2 -1.2
1504.2 193.8 -133.1 -82.7 -124.9 -20.1
2159.8 -46.9 -29.7 5.4 13.6 -6.3
1.7 47 45
419.7 -27.7 6.1 5.5 -4.5 -1.1
1593.7 231.5 -173.2 -86.6 -150.3 -30.5
2182.7 1.3 -24.9 -51.8 -57 -40.8
1.7 67.5 116.2
428.3 -30.3 6.3 6.2 -2.2 -1.8
1573.8 404.6 -141.4 -41.7 -224.3 77
2265.6 152.6 -2.4 -160 -157.9 -48.2
1.5 11.9 38.4
438.4 -33.7 7 7.8 0.3 -2.1
2107.3 -51.5 -12.7 -8.6 16.7 8
2931.4 -101.5 -47.5 -9.5 39.4 4.3
2.6 11.4 37.8
446.2 -41.1 10.3 7.3 1.6 -2.4
2106.2 -47.7 -15.9 -7.8 16.9 6.5
2920.3 -82.5 -60.5 -7.9 36.4 -0.8
2.8 10.3 38.1
446.5 -42.6 12.6 6.6 2.4 -0.5
2109.4 -46.1 -15.5 -5 19.6 8.7
2929.1 -80.4 -62.5 -4.4 34.5 1.2
2.7 10.9 39.3
441.2 -40 12.9 5.5 1.6 -0.3
2110.2 -48.9 -14.5 -3.2 21.4 10.1
2937.1 -89.7 -59 0.8 42.2 7
2.3 12.7 41.2
435.2 -36.1 10.8 4.8 -0.3 -1.6
2108 -53 -13.4 -5 20.1 9.1
2939.8 -101.9 -52.3 1.3 50.9 9
1.7 12.1 44
430.6 -31.4 8.2 5.6 -2.1 -1.2
2104.1 -52 -9.3 -8.8 20.5 9.6
2934.9 -104.5 -46.3 -5.7 55.7 7.6
1.3 9.5 48.2
428.1 -27.9 6.8 6.5 -2.7 -0.6
2099.9 -44.5 -5.1 -13.1 23.1 9.8
2922.1 -87.8 -48.5 -16.6 56.2 -2.5
1.4 9.2 52.6
426.9 -26.1 5.8 7 -3.7 -0.5
2095.7 -36.7 -5.1 -16.6 21 7.1
2907 -58.6 -60.2 -19.3 49.2 -14.2
1.6 9.8 54.8
425.5 -25.3 4.9 7 -4.7 -0.4
2081.7 -28.2 -7.4 -19.9 15.7 7.8
2861 -32.6 -92.8 -15.4 19.6 -13.3
1.8 12.6 42.1
424.9 -25 3.7 6.9 -5.8 -0.9
2072.8 -20.9 -17.7 -20.5 5.6 4.2
2845.4 -19.6 -114.2 -15 0.4 -18.5
2 14.3 40.7
426.2 -25 3.8 6.9 -6.2 -1
2090.6 -22.1 -17 -20.8 -2.1 1.8
2889 -11.1 -106.8 -23.6 -15.8 -23.3
2.3 17.2 32.6
428.3 -25.5 4.1 7.4 -6.7 -1.2
2127 -30.8 -17.5 -16.9 -11.6 -1.4
2982.5 8.5 -90.5 -35.2 -51.5 -38
winner is: 4
