labels_S16_selected_tokens_0_0_0_7119
0 0 15 15 4.382026634673881
0 0 21 21 4.382026634673881
0 0 23 23 4.382026634673881
0 0 33 33 4.382026634673881
0 0 63 63 4.382026634673881
0 0 70 70 4.382026634673881
0 0 74 74 4.382026634673881
0 0 24 24 4.382026634673881
0 0 56 56 4.382026634673881
0 0 73 73 4.382026634673881
0 -0.0

labels_S16_selected_tokens_0_7119_1_4724
0 0 15 15 4.382026634673881
0 0 21 21 4.382026634673881
0 0 23 23 4.382026634673881
0 0 33 33 4.382026634673881
0 0 63 63 4.382026634673881
0 0 70 70 4.382026634673881
0 0 74 74 4.382026634673881
0 0 24 24 4.382026634673881
0 0 56 56 4.382026634673881
0 0 73 73 4.382026634673881
0 -0.0

labels_S16_selected_tokens_100_9177_101_8324
0 0 54 54 -0.0
0 0 15 15 4.382026634673881
0 0 21 21 4.382026634673881
0 0 23 23 4.382026634673881
0 0 33 33 4.382026634673881
0 0 63 63 4.382026634673881
0 0 70 70 4.382026634673881
0 0 74 74 4.382026634673881
0 0 24 24 4.382026634673881
0 0 56 56 4.382026634673881
0 0 73 73 4.382026634673881
0 -0.0

labels_S16_selected_tokens_101_8324_102_5046
0 0 5 5 -0.0
0 0 15 15 4.382026634673881
0 0 21 21 4.382026634673881
0 0 23 23 4.382026634673881
0 0 33 33 4.382026634673881
0 0 63 63 4.382026634673881
0 0 70 70 4.382026634673881
0 0 74 74 4.382026634673881
0 0 24 24 4.382026634673881
0 0 56 56 4.382026634673881
0 0 73 73 4.382026634673881
0 -0.0

labels_S16_selected_tokens_102_5046_103_2158
0 0 5 5 -0.0
0 0 15 15 4.382026634673881
0 0 21 21 4.382026634673881
0 0 23 23 4.382026634673881
0 0 33 33 4.382026634673881
0 0 63 63 4.382026634673881
0 0 70 70 4.382026634673881
0 0 74 74 4.382026634673881
0 0 24 24 4.382026634673881
0 0 56 56 4.382026634673881
0 0 73 73 4.382026634673881
0 -0.0

labels_S16_selected_tokens_103_2158_103_9103
0 0 34 34 -0.0
0 0 15 15 4.382026634673881
0 0 21 21 4.382026634673881
0 0 23 23 4.382026634673881
0 0 33 33 4.382026634673881
0 0 63 63 4.382026634673881
0 0 70 70 4.382026634673881
0 0 74 74 4.382026634673881
0 0 24 24 4.382026634673881
0 0 56 56 4.382026634673881
0 0 73 73 4.382026634673881
0 -0.0

labels_S16_selected_tokens_103_9103_104_5821
0 0 34 34 -0.0
0 0 15 15 4.382026634673881
0 0 21 21 4.382026634673881
0 0 23 23 4.382026634673881
0 0 33 33 4.382026634673881
0 0 63 63 4.382026634673881
0 0 70 70 4.382026634673881
0 0 74 74 4.382026634673881
0 0 24 24 4.382026634673881
0 0 56 56 4.382026634673881
0 0 73 73 4.382026634673881
0 -0.0

labels_S16_selected_tokens_104_5821_105_3099
0 0 43 43 -0.0
0 0 15 15 4.382026634673881
0 0 21 21 4.382026634673881
0 0 23 23 4.382026634673881
0 0 33 33 4.382026634673881
0 0 63 63 4.382026634673881
0 0 70 70 4.382026634673881
0 0 74 74 4.382026634673881
0 0 24 24 4.382026634673881
0 0 56 56 4.382026634673881
0 0 73 73 4.382026634673881
0 -0.0

labels_S16_selected_tokens_105_3099_105_974
0 0 43 43 -0.0
0 0 15 15 4.382026634673881
0 0 21 21 4.382026634673881
0 0 23 23 4.382026634673881
0 0 33 33 4.382026634673881
0 0 63 63 4.382026634673881
0 0 70 70 4.382026634673881
0 0 74 74 4.382026634673881
0 0 24 24 4.382026634673881
0 0 56 56 4.382026634673881
0 0 73 73 4.382026634673881
0 -0.0

labels_S16_selected_tokens_105_974_106_9673
0 0 53 53 -0.0
0 0 15 15 4.382026634673881
0 0 21 21 4.382026634673881
0 0 23 23 4.382026634673881
0 0 33 33 4.382026634673881
0 0 63 63 4.382026634673881
0 0 70 70 4.382026634673881
0 0 74 74 4.382026634673881
0 0 24 24 4.382026634673881
0 0 56 56 4.382026634673881
0 0 73 73 4.382026634673881
0 -0.0

labels_S16_selected_tokens_106_9673_107_991
0 0 53 53 -0.0
0 0 15 15 4.382026634673881
0 0 21 21 4.382026634673881
0 0 23 23 4.382026634673881
0 0 33 33 4.382026634673881
0 0 63 63 4.382026634673881
0 0 70 70 4.382026634673881
0 0 74 74 4.382026634673881
0 0 24 24 4.382026634673881
0 0 56 56 4.382026634673881
0 0 73 73 4.382026634673881
0 -0.0

labels_S16_selected_tokens_107_991_108_8747
0 0 57 57 -0.0
0 0 15 15 4.382026634673881
0 0 21 21 4.382026634673881
0 0 23 23 4.382026634673881
0 0 33 33 4.382026634673881
0 0 63 63 4.382026634673881
0 0 70 70 4.382026634673881
0 0 74 74 4.382026634673881
0 0 24 24 4.382026634673881
0 0 56 56 4.382026634673881
0 0 73 73 4.382026634673881
0 -0.0

labels_S16_selected_tokens_108_8747_109_7306
0 0 57 57 -0.0
0 0 15 15 4.382026634673881
0 0 21 21 4.382026634673881
0 0 23 23 4.382026634673881
0 0 33 33 4.382026634673881
0 0 63 63 4.382026634673881
0 0 70 70 4.382026634673881
0 0 74 74 4.382026634673881
0 0 24 24 4.382026634673881
0 0 56 56 4.382026634673881
0 0 73 73 4.382026634673881
0 -0.0

labels_S16_selected_tokens_109_7306_110_5205
0 0 68 68 -0.0
0 0 15 15 4.382026634673881
0 0 21 21 4.382026634673881
0 0 23 23 4.382026634673881
0 0 33 33 4.382026634673881
0 0 63 63 4.382026634673881
0 0 70 70 4.382026634673881
0 0 74 74 4.382026634673881
0 0 24 24 4.382026634673881
0 0 56 56 4.382026634673881
0 0 73 73 4.382026634673881
0 -0.0

labels_S16_selected_tokens_10_7055_11_4984
0 0 74 74 4.382026634673881
0 0 15 15 4.382026634673881
0 0 21 21 4.382026634673881
0 0 23 23 4.382026634673881
0 0 33 33 4.382026634673881
0 0 63 63 4.382026634673881
0 0 70 70 4.382026634673881
0 0 24 24 4.382026634673881
0 0 56 56 4.382026634673881
0 0 73 73 4.382026634673881
0 -0.0

labels_S16_selected_tokens_110_5205_111_2844
0 0 68 68 -0.0
0 0 15 15 4.382026634673881
0 0 21 21 4.382026634673881
0 0 23 23 4.382026634673881
0 0 33 33 4.382026634673881
0 0 63 63 4.382026634673881
0 0 70 70 4.382026634673881
0 0 74 74 4.382026634673881
0 0 24 24 4.382026634673881
0 0 56 56 4.382026634673881
0 0 73 73 4.382026634673881
0 -0.0

labels_S16_selected_tokens_111_2844_111_9797
0 0 4 4 -0.0
0 0 15 15 4.382026634673881
0 0 21 21 4.382026634673881
0 0 23 23 4.382026634673881
0 0 33 33 4.382026634673881
0 0 63 63 4.382026634673881
0 0 70 70 4.382026634673881
0 0 74 74 4.382026634673881
0 0 24 24 4.382026634673881
0 0 56 56 4.382026634673881
0 0 73 73 4.382026634673881
0 -0.0

labels_S16_selected_tokens_111_9797_112_6438
0 0 4 4 -0.0
0 0 15 15 4.382026634673881
0 0 21 21 4.382026634673881
0 0 23 23 4.382026634673881
0 0 33 33 4.382026634673881
0 0 63 63 4.382026634673881
0 0 70 70 4.382026634673881
0 0 74 74 4.382026634673881
0 0 24 24 4.382026634673881
0 0 56 56 4.382026634673881
0 0 73 73 4.382026634673881
0 -0.0

labels_S16_selected_tokens_112_6438_113_6527
0 0 22 22 -0.0
0 0 15 15 4.382026634673881
0 0 21 21 4.382026634673881
0 0 23 23 4.382026634673881
0 0 33 33 4.382026634673881
0 0 63 63 4.382026634673881
0 0 70 70 4.382026634673881
0 0 74 74 4.382026634673881
0 0 24 24 4.382026634673881
0 0 56 56 4.382026634673881
0 0 73 73 4.382026634673881
0 -0.0

labels_S16_selected_tokens_113_6527_114_6072
0 0 22 22 -0.0
0 0 15 15 4.382026634673881
0 0 21 21 4.382026634673881
0 0 23 23 4.382026634673881
0 0 33 33 4.382026634673881
0 0 63 63 4.382026634673881
0 0 70 70 4.382026634673881
0 0 74 74 4.382026634673881
0 0 24 24 4.382026634673881
0 0 56 56 4.382026634673881
0 0 73 73 4.382026634673881
0 -0.0

labels_S16_selected_tokens_114_6072_115_616
0 0 69 69 -0.0
0 0 15 15 4.382026634673881
0 0 21 21 4.382026634673881
0 0 23 23 4.382026634673881
0 0 33 33 4.382026634673881
0 0 63 63 4.382026634673881
0 0 70 70 4.382026634673881
0 0 74 74 4.382026634673881
0 0 24 24 4.382026634673881
0 0 56 56 4.382026634673881
0 0 73 73 4.382026634673881
0 -0.0

labels_S16_selected_tokens_115_616_116_6334
0 0 69 69 -0.0
0 0 15 15 4.382026634673881
0 0 21 21 4.382026634673881
0 0 23 23 4.382026634673881
0 0 33 33 4.382026634673881
0 0 63 63 4.382026634673881
0 0 70 70 4.382026634673881
0 0 74 74 4.382026634673881
0 0 24 24 4.382026634673881
0 0 56 56 4.382026634673881
0 0 73 73 4.382026634673881
0 -0.0

labels_S16_selected_tokens_116_6334_117_3691
0 0 10 10 -0.0
0 0 15 15 4.382026634673881
0 0 21 21 4.382026634673881
0 0 23 23 4.382026634673881
0 0 33 33 4.382026634673881
0 0 63 63 4.382026634673881
0 0 70 70 4.382026634673881
0 0 74 74 4.382026634673881
0 0 24 24 4.382026634673881
0 0 56 56 4.382026634673881
0 0 73 73 4.382026634673881
0 -0.0

labels_S16_selected_tokens_117_3691_118_1614
0 0 10 10 -0.0
0 0 15 15 4.382026634673881
0 0 21 21 4.382026634673881
0 0 23 23 4.382026634673881
0 0 33 33 4.382026634673881
0 0 63 63 4.382026634673881
0 0 70 70 4.382026634673881
0 0 74 74 4.382026634673881
0 0 24 24 4.382026634673881
0 0 56 56 4.382026634673881
0 0 73 73 4.382026634673881
0 -0.0

labels_S16_selected_tokens_118_1614_118_9536
0 0 11 11 -0.0
0 0 15 15 4.382026634673881
0 0 21 21 4.382026634673881
0 0 23 23 4.382026634673881
0 0 33 33 4.382026634673881
0 0 63 63 4.382026634673881
0 0 70 70 4.382026634673881
0 0 74 74 4.382026634673881
0 0 24 24 4.382026634673881
0 0 56 56 4.382026634673881
0 0 73 73 4.382026634673881
0 -0.0

labels_S16_selected_tokens_118_9536_119_7783
0 0 11 11 -0.0
0 0 15 15 4.382026634673881
0 0 21 21 4.382026634673881
0 0 23 23 4.382026634673881
0 0 33 33 4.382026634673881
0 0 63 63 4.382026634673881
0 0 70 70 4.382026634673881
0 0 74 74 4.382026634673881
0 0 24 24 4.382026634673881
0 0 56 56 4.382026634673881
0 0 73 73 4.382026634673881
0 -0.0

labels_S16_selected_tokens_119_7783_120_4918
0 0 17 17 -0.0
0 0 15 15 4.382026634673881
0 0 21 21 4.382026634673881
0 0 23 23 4.382026634673881
0 0 33 33 4.382026634673881
0 0 63 63 4.382026634673881
0 0 70 70 4.382026634673881
0 0 74 74 4.382026634673881
0 0 24 24 4.382026634673881
0 0 56 56 4.382026634673881
0 0 73 73 4.382026634673881
0 -0.0

labels_S16_selected_tokens_11_4984_12_3351
0 0 74 74 4.382026634673881
0 0 15 15 4.382026634673881
0 0 21 21 4.382026634673881
0 0 23 23 4.382026634673881
0 0 33 33 4.382026634673881
0 0 63 63 4.382026634673881
0 0 70 70 4.382026634673881
0 0 24 24 4.382026634673881
0 0 56 56 4.382026634673881
0 0 73 73 4.382026634673881
0 -0.0

labels_S16_selected_tokens_120_4918_121_1959
0 0 17 17 -0.0
0 0 15 15 4.382026634673881
0 0 21 21 4.382026634673881
0 0 23 23 4.382026634673881
0 0 33 33 4.382026634673881
0 0 63 63 4.382026634673881
0 0 70 70 4.382026634673881
0 0 74 74 4.382026634673881
0 0 24 24 4.382026634673881
0 0 56 56 4.382026634673881
0 0 73 73 4.382026634673881
0 -0.0

labels_S16_selected_tokens_121_1959_121_9641
0 0 30 30 -0.0
0 0 15 15 4.382026634673881
0 0 21 21 4.382026634673881
0 0 23 23 4.382026634673881
0 0 33 33 4.382026634673881
0 0 63 63 4.382026634673881
0 0 70 70 4.382026634673881
0 0 74 74 4.382026634673881
0 0 24 24 4.382026634673881
0 0 56 56 4.382026634673881
0 0 73 73 4.382026634673881
0 -0.0

labels_S16_selected_tokens_121_9641_122_7291
0 0 30 30 -0.0
0 0 15 15 4.382026634673881
0 0 21 21 4.382026634673881
0 0 23 23 4.382026634673881
0 0 33 33 4.382026634673881
0 0 63 63 4.382026634673881
0 0 70 70 4.382026634673881
0 0 74 74 4.382026634673881
0 0 24 24 4.382026634673881
0 0 56 56 4.382026634673881
0 0 73 73 4.382026634673881
0 -0.0

labels_S16_selected_tokens_122_7291_123_4506
0 0 49 49 -0.0
0 0 15 15 4.382026634673881
0 0 21 21 4.382026634673881
0 0 23 23 4.382026634673881
0 0 33 33 4.382026634673881
0 0 63 63 4.382026634673881
0 0 70 70 4.382026634673881
0 0 74 74 4.382026634673881
0 0 24 24 4.382026634673881
0 0 56 56 4.382026634673881
0 0 73 73 4.382026634673881
0 -0.0

labels_S16_selected_tokens_123_4506_124_1309
0 0 49 49 -0.0
0 0 15 15 4.382026634673881
0 0 21 21 4.382026634673881
0 0 23 23 4.382026634673881
0 0 33 33 4.382026634673881
0 0 63 63 4.382026634673881
0 0 70 70 4.382026634673881
0 0 74 74 4.382026634673881
0 0 24 24 4.382026634673881
0 0 56 56 4.382026634673881
0 0 73 73 4.382026634673881
0 -0.0

labels_S16_selected_tokens_124_1309_125_0027
0 0 60 60 -0.0
0 0 15 15 4.382026634673881
0 0 21 21 4.382026634673881
0 0 23 23 4.382026634673881
0 0 33 33 4.382026634673881
0 0 63 63 4.382026634673881
0 0 70 70 4.382026634673881
0 0 74 74 4.382026634673881
0 0 24 24 4.382026634673881
0 0 56 56 4.382026634673881
0 0 73 73 4.382026634673881
0 -0.0

labels_S16_selected_tokens_125_0027_125_8837
0 0 60 60 -0.0
0 0 15 15 4.382026634673881
0 0 21 21 4.382026634673881
0 0 23 23 4.382026634673881
0 0 33 33 4.382026634673881
0 0 63 63 4.382026634673881
0 0 70 70 4.382026634673881
0 0 74 74 4.382026634673881
0 0 24 24 4.382026634673881
0 0 56 56 4.382026634673881
0 0 73 73 4.382026634673881
0 -0.0

labels_S16_selected_tokens_125_8837_126_6597
0 0 72 72 -0.0
0 0 15 15 4.382026634673881
0 0 21 21 4.382026634673881
0 0 23 23 4.382026634673881
0 0 33 33 4.382026634673881
0 0 63 63 4.382026634673881
0 0 70 70 4.382026634673881
0 0 74 74 4.382026634673881
0 0 24 24 4.382026634673881
0 0 56 56 4.382026634673881
0 0 73 73 4.382026634673881
0 -0.0

labels_S16_selected_tokens_126_6597_127_4391
0 0 72 72 -0.0
0 0 15 15 4.382026634673881
0 0 21 21 4.382026634673881
0 0 23 23 4.382026634673881
0 0 33 33 4.382026634673881
0 0 63 63 4.382026634673881
0 0 70 70 4.382026634673881
0 0 74 74 4.382026634673881
0 0 24 24 4.382026634673881
0 0 56 56 4.382026634673881
0 0 73 73 4.382026634673881
0 -0.0

labels_S16_selected_tokens_127_4391_128_3466
0 0 75 75 -0.0
0 0 15 15 4.382026634673881
0 0 21 21 4.382026634673881
0 0 23 23 4.382026634673881
0 0 33 33 4.382026634673881
0 0 63 63 4.382026634673881
0 0 70 70 4.382026634673881
0 0 74 74 4.382026634673881
0 0 24 24 4.382026634673881
0 0 56 56 4.382026634673881
0 0 73 73 4.382026634673881
0 -0.0

labels_S16_selected_tokens_128_3466_129_2276
0 0 75 75 -0.0
0 0 15 15 4.382026634673881
0 0 21 21 4.382026634673881
0 0 23 23 4.382026634673881
0 0 33 33 4.382026634673881
0 0 63 63 4.382026634673881
0 0 70 70 4.382026634673881
0 0 74 74 4.382026634673881
0 0 24 24 4.382026634673881
0 0 56 56 4.382026634673881
0 0 73 73 4.382026634673881
0 -0.0

labels_S16_selected_tokens_129_2276_130_244
0 0 50 50 -0.0
0 0 15 15 4.382026634673881
0 0 21 21 4.382026634673881
0 0 23 23 4.382026634673881
0 0 33 33 4.382026634673881
0 0 63 63 4.382026634673881
0 0 70 70 4.382026634673881
0 0 74 74 4.382026634673881
0 0 24 24 4.382026634673881
0 0 56 56 4.382026634673881
0 0 73 73 4.382026634673881
0 -0.0

labels_S16_selected_tokens_12_3351_13_1968
0 0 24 24 4.382026634673881
0 0 15 15 4.382026634673881
0 0 21 21 4.382026634673881
0 0 23 23 4.382026634673881
0 0 33 33 4.382026634673881
0 0 63 63 4.382026634673881
0 0 70 70 4.382026634673881
0 0 74 74 4.382026634673881
0 0 56 56 4.382026634673881
0 0 73 73 4.382026634673881
0 -0.0

labels_S16_selected_tokens_130_244_131_2039
0 0 50 50 -0.0
0 0 15 15 4.382026634673881
0 0 21 21 4.382026634673881
0 0 23 23 4.382026634673881
0 0 33 33 4.382026634673881
0 0 63 63 4.382026634673881
0 0 70 70 4.382026634673881
0 0 74 74 4.382026634673881
0 0 24 24 4.382026634673881
0 0 56 56 4.382026634673881
0 0 73 73 4.382026634673881
0 -0.0

labels_S16_selected_tokens_131_2039_132_224
0 0 80 80 -0.0
0 0 15 15 4.382026634673881
0 0 21 21 4.382026634673881
0 0 23 23 4.382026634673881
0 0 33 33 4.382026634673881
0 0 63 63 4.382026634673881
0 0 70 70 4.382026634673881
0 0 74 74 4.382026634673881
0 0 24 24 4.382026634673881
0 0 56 56 4.382026634673881
0 0 73 73 4.382026634673881
0 -0.0

labels_S16_selected_tokens_132_224_133_1854
0 0 80 80 -0.0
0 0 15 15 4.382026634673881
0 0 21 21 4.382026634673881
0 0 23 23 4.382026634673881
0 0 33 33 4.382026634673881
0 0 63 63 4.382026634673881
0 0 70 70 4.382026634673881
0 0 74 74 4.382026634673881
0 0 24 24 4.382026634673881
0 0 56 56 4.382026634673881
0 0 73 73 4.382026634673881
0 -0.0

labels_S16_selected_tokens_133_1854_134_222
0 0 82 82 -0.0
0 0 15 15 4.382026634673881
0 0 21 21 4.382026634673881
0 0 23 23 4.382026634673881
0 0 33 33 4.382026634673881
0 0 63 63 4.382026634673881
0 0 70 70 4.382026634673881
0 0 74 74 4.382026634673881
0 0 24 24 4.382026634673881
0 0 56 56 4.382026634673881
0 0 73 73 4.382026634673881
0 -0.0

labels_S16_selected_tokens_134_222_135_20909297052154
0 0 82 82 -0.0
0 0 15 15 4.382026634673881
0 0 21 21 4.382026634673881
0 0 23 23 4.382026634673881
0 0 33 33 4.382026634673881
0 0 63 63 4.382026634673881
0 0 70 70 4.382026634673881
0 0 74 74 4.382026634673881
0 0 24 24 4.382026634673881
0 0 56 56 4.382026634673881
0 0 73 73 4.382026634673881
0 -0.0

labels_S16_selected_tokens_13_1968_14_0812
0 0 24 24 4.382026634673881
0 0 15 15 4.382026634673881
0 0 21 21 4.382026634673881
0 0 23 23 4.382026634673881
0 0 33 33 4.382026634673881
0 0 63 63 4.382026634673881
0 0 70 70 4.382026634673881
0 0 74 74 4.382026634673881
0 0 56 56 4.382026634673881
0 0 73 73 4.382026634673881
0 -0.0

labels_S16_selected_tokens_14_0812_15_0134
0 0 56 56 4.382026634673881
0 0 15 15 4.382026634673881
0 0 21 21 4.382026634673881
0 0 23 23 4.382026634673881
0 0 33 33 4.382026634673881
0 0 63 63 4.382026634673881
0 0 70 70 4.382026634673881
0 0 74 74 4.382026634673881
0 0 24 24 4.382026634673881
0 0 73 73 4.382026634673881
0 -0.0

labels_S16_selected_tokens_15_0134_15_9414
0 0 56 56 4.382026634673881
0 0 15 15 4.382026634673881
0 0 21 21 4.382026634673881
0 0 23 23 4.382026634673881
0 0 33 33 4.382026634673881
0 0 63 63 4.382026634673881
0 0 70 70 4.382026634673881
0 0 74 74 4.382026634673881
0 0 24 24 4.382026634673881
0 0 73 73 4.382026634673881
0 -0.0

labels_S16_selected_tokens_15_9414_16_8423
0 0 73 73 4.382026634673881
0 0 15 15 4.382026634673881
0 0 21 21 4.382026634673881
0 0 23 23 4.382026634673881
0 0 33 33 4.382026634673881
0 0 63 63 4.382026634673881
0 0 70 70 4.382026634673881
0 0 74 74 4.382026634673881
0 0 24 24 4.382026634673881
0 0 56 56 4.382026634673881
0 -0.0

labels_S16_selected_tokens_16_8423_17_6777
0 0 73 73 4.382026634673881
0 0 15 15 4.382026634673881
0 0 21 21 4.382026634673881
0 0 23 23 4.382026634673881
0 0 33 33 4.382026634673881
0 0 63 63 4.382026634673881
0 0 70 70 4.382026634673881
0 0 74 74 4.382026634673881
0 0 24 24 4.382026634673881
0 0 56 56 4.382026634673881
0 -0.0

labels_S16_selected_tokens_17_6777_18_6707
0 0 20 20 -0.0
0 0 15 15 4.382026634673881
0 0 21 21 4.382026634673881
0 0 23 23 4.382026634673881
0 0 33 33 4.382026634673881
0 0 63 63 4.382026634673881
0 0 70 70 4.382026634673881
0 0 74 74 4.382026634673881
0 0 24 24 4.382026634673881
0 0 56 56 4.382026634673881
0 0 73 73 4.382026634673881
0 -0.0

labels_S16_selected_tokens_18_6707_19_7666
0 0 20 20 -0.0
0 0 15 15 4.382026634673881
0 0 21 21 4.382026634673881
0 0 23 23 4.382026634673881
0 0 33 33 4.382026634673881
0 0 63 63 4.382026634673881
0 0 70 70 4.382026634673881
0 0 74 74 4.382026634673881
0 0 24 24 4.382026634673881
0 0 56 56 4.382026634673881
0 0 73 73 4.382026634673881
0 -0.0

labels_S16_selected_tokens_19_7666_20_5849
0 0 8 8 -0.0
0 0 15 15 4.382026634673881
0 0 21 21 4.382026634673881
0 0 23 23 4.382026634673881
0 0 33 33 4.382026634673881
0 0 63 63 4.382026634673881
0 0 70 70 4.382026634673881
0 0 74 74 4.382026634673881
0 0 24 24 4.382026634673881
0 0 56 56 4.382026634673881
0 0 73 73 4.382026634673881
0 -0.0

labels_S16_selected_tokens_1_4724_2_4371
0 0 21 21 4.382026634673881
0 0 15 15 4.382026634673881
0 0 23 23 4.382026634673881
0 0 33 33 4.382026634673881
0 0 63 63 4.382026634673881
0 0 70 70 4.382026634673881
0 0 74 74 4.382026634673881
0 0 24 24 4.382026634673881
0 0 56 56 4.382026634673881
0 0 73 73 4.382026634673881
0 -0.0

labels_S16_selected_tokens_20_5849_21_4098
0 0 8 8 -0.0
0 0 15 15 4.382026634673881
0 0 21 21 4.382026634673881
0 0 23 23 4.382026634673881
0 0 33 33 4.382026634673881
0 0 63 63 4.382026634673881
0 0 70 70 4.382026634673881
0 0 74 74 4.382026634673881
0 0 24 24 4.382026634673881
0 0 56 56 4.382026634673881
0 0 73 73 4.382026634673881
0 -0.0

labels_S16_selected_tokens_21_4098_22_3493
0 0 26 26 -0.0
0 0 15 15 4.382026634673881
0 0 21 21 4.382026634673881
0 0 23 23 4.382026634673881
0 0 33 33 4.382026634673881
0 0 63 63 4.382026634673881
0 0 70 70 4.382026634673881
0 0 74 74 4.382026634673881
0 0 24 24 4.382026634673881
0 0 56 56 4.382026634673881
0 0 73 73 4.382026634673881
0 -0.0

labels_S16_selected_tokens_22_3493_23_1332
0 0 26 26 -0.0
0 0 15 15 4.382026634673881
0 0 21 21 4.382026634673881
0 0 23 23 4.382026634673881
0 0 33 33 4.382026634673881
0 0 63 63 4.382026634673881
0 0 70 70 4.382026634673881
0 0 74 74 4.382026634673881
0 0 24 24 4.382026634673881
0 0 56 56 4.382026634673881
0 0 73 73 4.382026634673881
0 -0.0

labels_S16_selected_tokens_23_1332_24_0774
0 0 36 36 -0.0
0 0 15 15 4.382026634673881
0 0 21 21 4.382026634673881
0 0 23 23 4.382026634673881
0 0 33 33 4.382026634673881
0 0 63 63 4.382026634673881
0 0 70 70 4.382026634673881
0 0 74 74 4.382026634673881
0 0 24 24 4.382026634673881
0 0 56 56 4.382026634673881
0 0 73 73 4.382026634673881
0 -0.0

labels_S16_selected_tokens_24_0774_24_9879
0 0 36 36 -0.0
0 0 15 15 4.382026634673881
0 0 21 21 4.382026634673881
0 0 23 23 4.382026634673881
0 0 33 33 4.382026634673881
0 0 63 63 4.382026634673881
0 0 70 70 4.382026634673881
0 0 74 74 4.382026634673881
0 0 24 24 4.382026634673881
0 0 56 56 4.382026634673881
0 0 73 73 4.382026634673881
0 -0.0

labels_S16_selected_tokens_24_9879_25_7393
0 0 44 44 -0.0
0 0 15 15 4.382026634673881
0 0 21 21 4.382026634673881
0 0 23 23 4.382026634673881
0 0 33 33 4.382026634673881
0 0 63 63 4.382026634673881
0 0 70 70 4.382026634673881
0 0 74 74 4.382026634673881
0 0 24 24 4.382026634673881
0 0 56 56 4.382026634673881
0 0 73 73 4.382026634673881
0 -0.0

labels_S16_selected_tokens_25_7393_26_4681
0 0 44 44 -0.0
0 0 15 15 4.382026634673881
0 0 21 21 4.382026634673881
0 0 23 23 4.382026634673881
0 0 33 33 4.382026634673881
0 0 63 63 4.382026634673881
0 0 70 70 4.382026634673881
0 0 74 74 4.382026634673881
0 0 24 24 4.382026634673881
0 0 56 56 4.382026634673881
0 0 73 73 4.382026634673881
0 -0.0

labels_S16_selected_tokens_26_4681_27_3683
0 0 78 78 -0.0
0 0 15 15 4.382026634673881
0 0 21 21 4.382026634673881
0 0 23 23 4.382026634673881
0 0 33 33 4.382026634673881
0 0 63 63 4.382026634673881
0 0 70 70 4.382026634673881
0 0 74 74 4.382026634673881
0 0 24 24 4.382026634673881
0 0 56 56 4.382026634673881
0 0 73 73 4.382026634673881
0 -0.0

labels_S16_selected_tokens_27_3683_28_2093
0 0 78 78 -0.0
0 0 15 15 4.382026634673881
0 0 21 21 4.382026634673881
0 0 23 23 4.382026634673881
0 0 33 33 4.382026634673881
0 0 63 63 4.382026634673881
0 0 70 70 4.382026634673881
0 0 74 74 4.382026634673881
0 0 24 24 4.382026634673881
0 0 56 56 4.382026634673881
0 0 73 73 4.382026634673881
0 -0.0

labels_S16_selected_tokens_28_2093_29_0487
0 0 79 79 -0.0
0 0 15 15 4.382026634673881
0 0 21 21 4.382026634673881
0 0 23 23 4.382026634673881
0 0 33 33 4.382026634673881
0 0 63 63 4.382026634673881
0 0 70 70 4.382026634673881
0 0 74 74 4.382026634673881
0 0 24 24 4.382026634673881
0 0 56 56 4.382026634673881
0 0 73 73 4.382026634673881
0 -0.0

labels_S16_selected_tokens_29_0487_29_8392
0 0 79 79 -0.0
0 0 15 15 4.382026634673881
0 0 21 21 4.382026634673881
0 0 23 23 4.382026634673881
0 0 33 33 4.382026634673881
0 0 63 63 4.382026634673881
0 0 70 70 4.382026634673881
0 0 74 74 4.382026634673881
0 0 24 24 4.382026634673881
0 0 56 56 4.382026634673881
0 0 73 73 4.382026634673881
0 -0.0

labels_S16_selected_tokens_29_8392_30_955
0 0 64 64 -0.0
0 0 15 15 4.382026634673881
0 0 21 21 4.382026634673881
0 0 23 23 4.382026634673881
0 0 33 33 4.382026634673881
0 0 63 63 4.382026634673881
0 0 70 70 4.382026634673881
0 0 74 74 4.382026634673881
0 0 24 24 4.382026634673881
0 0 56 56 4.382026634673881
0 0 73 73 4.382026634673881
0 -0.0

labels_S16_selected_tokens_2_4371_3_43
0 0 21 21 4.382026634673881
0 0 15 15 4.382026634673881
0 0 23 23 4.382026634673881
0 0 33 33 4.382026634673881
0 0 63 63 4.382026634673881
0 0 70 70 4.382026634673881
0 0 74 74 4.382026634673881
0 0 24 24 4.382026634673881
0 0 56 56 4.382026634673881
0 0 73 73 4.382026634673881
0 -0.0

labels_S16_selected_tokens_30_955_32_194
0 0 64 64 -0.0
0 0 15 15 4.382026634673881
0 0 21 21 4.382026634673881
0 0 23 23 4.382026634673881
0 0 33 33 4.382026634673881
0 0 63 63 4.382026634673881
0 0 70 70 4.382026634673881
0 0 74 74 4.382026634673881
0 0 24 24 4.382026634673881
0 0 56 56 4.382026634673881
0 0 73 73 4.382026634673881
0 -0.0

labels_S16_selected_tokens_32_194_33_197
0 0 14 14 -0.0
0 0 15 15 4.382026634673881
0 0 21 21 4.382026634673881
0 0 23 23 4.382026634673881
0 0 33 33 4.382026634673881
0 0 63 63 4.382026634673881
0 0 70 70 4.382026634673881
0 0 74 74 4.382026634673881
0 0 24 24 4.382026634673881
0 0 56 56 4.382026634673881
0 0 73 73 4.382026634673881
0 -0.0

labels_S16_selected_tokens_33_197_34_1341
0 0 14 14 -0.0
0 0 15 15 4.382026634673881
0 0 21 21 4.382026634673881
0 0 23 23 4.382026634673881
0 0 33 33 4.382026634673881
0 0 63 63 4.382026634673881
0 0 70 70 4.382026634673881
0 0 74 74 4.382026634673881
0 0 24 24 4.382026634673881
0 0 56 56 4.382026634673881
0 0 73 73 4.382026634673881
0 -0.0

labels_S16_selected_tokens_34_1341_35_1333
0 0 77 77 -0.0
0 0 15 15 4.382026634673881
0 0 21 21 4.382026634673881
0 0 23 23 4.382026634673881
0 0 33 33 4.382026634673881
0 0 63 63 4.382026634673881
0 0 70 70 4.382026634673881
0 0 74 74 4.382026634673881
0 0 24 24 4.382026634673881
0 0 56 56 4.382026634673881
0 0 73 73 4.382026634673881
0 -0.0

labels_S16_selected_tokens_35_1333_36_1102
0 0 77 77 -0.0
0 0 15 15 4.382026634673881
0 0 21 21 4.382026634673881
0 0 23 23 4.382026634673881
0 0 33 33 4.382026634673881
0 0 63 63 4.382026634673881
0 0 70 70 4.382026634673881
0 0 74 74 4.382026634673881
0 0 24 24 4.382026634673881
0 0 56 56 4.382026634673881
0 0 73 73 4.382026634673881
0 -0.0

labels_S16_selected_tokens_36_1102_36_9485
0 0 19 19 -0.0
0 0 15 15 4.382026634673881
0 0 21 21 4.382026634673881
0 0 23 23 4.382026634673881
0 0 33 33 4.382026634673881
0 0 63 63 4.382026634673881
0 0 70 70 4.382026634673881
0 0 74 74 4.382026634673881
0 0 24 24 4.382026634673881
0 0 56 56 4.382026634673881
0 0 73 73 4.382026634673881
0 -0.0

labels_S16_selected_tokens_36_9485_37_791
0 0 19 19 -0.0
0 0 15 15 4.382026634673881
0 0 21 21 4.382026634673881
0 0 23 23 4.382026634673881
0 0 33 33 4.382026634673881
0 0 63 63 4.382026634673881
0 0 70 70 4.382026634673881
0 0 74 74 4.382026634673881
0 0 24 24 4.382026634673881
0 0 56 56 4.382026634673881
0 0 73 73 4.382026634673881
0 -0.0

labels_S16_selected_tokens_37_791_38_5349
0 0 32 32 -0.0
0 0 15 15 4.382026634673881
0 0 21 21 4.382026634673881
0 0 23 23 4.382026634673881
0 0 33 33 4.382026634673881
0 0 63 63 4.382026634673881
0 0 70 70 4.382026634673881
0 0 74 74 4.382026634673881
0 0 24 24 4.382026634673881
0 0 56 56 4.382026634673881
0 0 73 73 4.382026634673881
0 -0.0

labels_S16_selected_tokens_38_5349_39_1742
0 0 32 32 -0.0
0 0 15 15 4.382026634673881
0 0 21 21 4.382026634673881
0 0 23 23 4.382026634673881
0 0 33 33 4.382026634673881
0 0 63 63 4.382026634673881
0 0 70 70 4.382026634673881
0 0 74 74 4.382026634673881
0 0 24 24 4.382026634673881
0 0 56 56 4.382026634673881
0 0 73 73 4.382026634673881
0 -0.0

labels_S16_selected_tokens_39_1742_39_9218
0 0 39 39 -0.0
0 0 15 15 4.382026634673881
0 0 21 21 4.382026634673881
0 0 23 23 4.382026634673881
0 0 33 33 4.382026634673881
0 0 63 63 4.382026634673881
0 0 70 70 4.382026634673881
0 0 74 74 4.382026634673881
0 0 24 24 4.382026634673881
0 0 56 56 4.382026634673881
0 0 73 73 4.382026634673881
0 -0.0

labels_S16_selected_tokens_39_9218_40_6796
0 0 39 39 -0.0
0 0 15 15 4.382026634673881
0 0 21 21 4.382026634673881
0 0 23 23 4.382026634673881
0 0 33 33 4.382026634673881
0 0 63 63 4.382026634673881
0 0 70 70 4.382026634673881
0 0 74 74 4.382026634673881
0 0 24 24 4.382026634673881
0 0 56 56 4.382026634673881
0 0 73 73 4.382026634673881
0 -0.0

labels_S16_selected_tokens_3_43_4_3434
0 0 23 23 4.382026634673881
0 0 15 15 4.382026634673881
0 0 21 21 4.382026634673881
0 0 33 33 4.382026634673881
0 0 63 63 4.382026634673881
0 0 70 70 4.382026634673881
0 0 74 74 4.382026634673881
0 0 24 24 4.382026634673881
0 0 56 56 4.382026634673881
0 0 73 73 4.382026634673881
0 -0.0

labels_S16_selected_tokens_40_6796_41_4704
0 0 81 81 -0.0
0 0 15 15 4.382026634673881
0 0 21 21 4.382026634673881
0 0 23 23 4.382026634673881
0 0 33 33 4.382026634673881
0 0 63 63 4.382026634673881
0 0 70 70 4.382026634673881
0 0 74 74 4.382026634673881
0 0 24 24 4.382026634673881
0 0 56 56 4.382026634673881
0 0 73 73 4.382026634673881
0 -0.0

labels_S16_selected_tokens_41_4704_42_2794
0 0 81 81 -0.0
0 0 15 15 4.382026634673881
0 0 21 21 4.382026634673881
0 0 23 23 4.382026634673881
0 0 33 33 4.382026634673881
0 0 63 63 4.382026634673881
0 0 70 70 4.382026634673881
0 0 74 74 4.382026634673881
0 0 24 24 4.382026634673881
0 0 56 56 4.382026634673881
0 0 73 73 4.382026634673881
0 -0.0

labels_S16_selected_tokens_42_2794_43_1017
0 0 42 42 -0.0
0 0 15 15 4.382026634673881
0 0 21 21 4.382026634673881
0 0 23 23 4.382026634673881
0 0 33 33 4.382026634673881
0 0 63 63 4.382026634673881
0 0 70 70 4.382026634673881
0 0 74 74 4.382026634673881
0 0 24 24 4.382026634673881
0 0 56 56 4.382026634673881
0 0 73 73 4.382026634673881
0 -0.0

labels_S16_selected_tokens_43_1017_43_9895
0 0 42 42 -0.0
0 0 15 15 4.382026634673881
0 0 21 21 4.382026634673881
0 0 23 23 4.382026634673881
0 0 33 33 4.382026634673881
0 0 63 63 4.382026634673881
0 0 70 70 4.382026634673881
0 0 74 74 4.382026634673881
0 0 24 24 4.382026634673881
0 0 56 56 4.382026634673881
0 0 73 73 4.382026634673881
0 -0.0

labels_S16_selected_tokens_43_9895_44_6908
0 0 27 27 -0.0
0 0 15 15 4.382026634673881
0 0 21 21 4.382026634673881
0 0 23 23 4.382026634673881
0 0 33 33 4.382026634673881
0 0 63 63 4.382026634673881
0 0 70 70 4.382026634673881
0 0 74 74 4.382026634673881
0 0 24 24 4.382026634673881
0 0 56 56 4.382026634673881
0 0 73 73 4.382026634673881
0 -0.0

labels_S16_selected_tokens_44_6908_45_3851
0 0 27 27 -0.0
0 0 15 15 4.382026634673881
0 0 21 21 4.382026634673881
0 0 23 23 4.382026634673881
0 0 33 33 4.382026634673881
0 0 63 63 4.382026634673881
0 0 70 70 4.382026634673881
0 0 74 74 4.382026634673881
0 0 24 24 4.382026634673881
0 0 56 56 4.382026634673881
0 0 73 73 4.382026634673881
0 -0.0

labels_S16_selected_tokens_45_3851_46_2088
0 0 31 31 -0.0
0 0 15 15 4.382026634673881
0 0 21 21 4.382026634673881
0 0 23 23 4.382026634673881
0 0 33 33 4.382026634673881
0 0 63 63 4.382026634673881
0 0 70 70 4.382026634673881
0 0 74 74 4.382026634673881
0 0 24 24 4.382026634673881
0 0 56 56 4.382026634673881
0 0 73 73 4.382026634673881
0 -0.0

labels_S16_selected_tokens_46_2088_46_9481
0 0 31 31 -0.0
0 0 15 15 4.382026634673881
0 0 21 21 4.382026634673881
0 0 23 23 4.382026634673881
0 0 33 33 4.382026634673881
0 0 63 63 4.382026634673881
0 0 70 70 4.382026634673881
0 0 74 74 4.382026634673881
0 0 24 24 4.382026634673881
0 0 56 56 4.382026634673881
0 0 73 73 4.382026634673881
0 -0.0

labels_S16_selected_tokens_46_9481_47_6237
0 0 41 41 -0.0
0 0 15 15 4.382026634673881
0 0 21 21 4.382026634673881
0 0 23 23 4.382026634673881
0 0 33 33 4.382026634673881
0 0 63 63 4.382026634673881
0 0 70 70 4.382026634673881
0 0 74 74 4.382026634673881
0 0 24 24 4.382026634673881
0 0 56 56 4.382026634673881
0 0 73 73 4.382026634673881
0 -0.0

labels_S16_selected_tokens_47_6237_48_2673
0 0 41 41 -0.0
0 0 15 15 4.382026634673881
0 0 21 21 4.382026634673881
0 0 23 23 4.382026634673881
0 0 33 33 4.382026634673881
0 0 63 63 4.382026634673881
0 0 70 70 4.382026634673881
0 0 74 74 4.382026634673881
0 0 24 24 4.382026634673881
0 0 56 56 4.382026634673881
0 0 73 73 4.382026634673881
0 -0.0

labels_S16_selected_tokens_48_2673_49_0533
0 0 18 18 -0.0
0 0 15 15 4.382026634673881
0 0 21 21 4.382026634673881
0 0 23 23 4.382026634673881
0 0 33 33 4.382026634673881
0 0 63 63 4.382026634673881
0 0 70 70 4.382026634673881
0 0 74 74 4.382026634673881
0 0 24 24 4.382026634673881
0 0 56 56 4.382026634673881
0 0 73 73 4.382026634673881
0 -0.0

labels_S16_selected_tokens_49_0533_49_77
0 0 18 18 -0.0
0 0 15 15 4.382026634673881
0 0 21 21 4.382026634673881
0 0 23 23 4.382026634673881
0 0 33 33 4.382026634673881
0 0 63 63 4.382026634673881
0 0 70 70 4.382026634673881
0 0 74 74 4.382026634673881
0 0 24 24 4.382026634673881
0 0 56 56 4.382026634673881
0 0 73 73 4.382026634673881
0 -0.0

labels_S16_selected_tokens_49_77_50_4754
0 0 76 76 -0.0
0 0 15 15 4.382026634673881
0 0 21 21 4.382026634673881
0 0 23 23 4.382026634673881
0 0 33 33 4.382026634673881
0 0 63 63 4.382026634673881
0 0 70 70 4.382026634673881
0 0 74 74 4.382026634673881
0 0 24 24 4.382026634673881
0 0 56 56 4.382026634673881
0 0 73 73 4.382026634673881
0 -0.0

labels_S16_selected_tokens_4_3434_5_231
0 0 23 23 4.382026634673881
0 0 15 15 4.382026634673881
0 0 21 21 4.382026634673881
0 0 33 33 4.382026634673881
0 0 63 63 4.382026634673881
0 0 70 70 4.382026634673881
0 0 74 74 4.382026634673881
0 0 24 24 4.382026634673881
0 0 56 56 4.382026634673881
0 0 73 73 4.382026634673881
0 -0.0

labels_S16_selected_tokens_50_4754_51_1011
0 0 76 76 -0.0
0 0 15 15 4.382026634673881
0 0 21 21 4.382026634673881
0 0 23 23 4.382026634673881
0 0 33 33 4.382026634673881
0 0 63 63 4.382026634673881
0 0 70 70 4.382026634673881
0 0 74 74 4.382026634673881
0 0 24 24 4.382026634673881
0 0 56 56 4.382026634673881
0 0 73 73 4.382026634673881
0 -0.0

labels_S16_selected_tokens_51_1011_51_8532
0 0 12 12 -0.0
0 0 15 15 4.382026634673881
0 0 21 21 4.382026634673881
0 0 23 23 4.382026634673881
0 0 33 33 4.382026634673881
0 0 63 63 4.382026634673881
0 0 70 70 4.382026634673881
0 0 74 74 4.382026634673881
0 0 24 24 4.382026634673881
0 0 56 56 4.382026634673881
0 0 73 73 4.382026634673881
0 -0.0

labels_S16_selected_tokens_51_8532_52_6367
0 0 12 12 -0.0
0 0 15 15 4.382026634673881
0 0 21 21 4.382026634673881
0 0 23 23 4.382026634673881
0 0 33 33 4.382026634673881
0 0 63 63 4.382026634673881
0 0 70 70 4.382026634673881
0 0 74 74 4.382026634673881
0 0 24 24 4.382026634673881
0 0 56 56 4.382026634673881
0 0 73 73 4.382026634673881
0 -0.0

labels_S16_selected_tokens_52_6367_53_3751
0 0 25 25 -0.0
0 0 15 15 4.382026634673881
0 0 21 21 4.382026634673881
0 0 23 23 4.382026634673881
0 0 33 33 4.382026634673881
0 0 63 63 4.382026634673881
0 0 70 70 4.382026634673881
0 0 74 74 4.382026634673881
0 0 24 24 4.382026634673881
0 0 56 56 4.382026634673881
0 0 73 73 4.382026634673881
0 -0.0

labels_S16_selected_tokens_53_3751_54_0544
0 0 25 25 -0.0
0 0 15 15 4.382026634673881
0 0 21 21 4.382026634673881
0 0 23 23 4.382026634673881
0 0 33 33 4.382026634673881
0 0 63 63 4.382026634673881
0 0 70 70 4.382026634673881
0 0 74 74 4.382026634673881
0 0 24 24 4.382026634673881
0 0 56 56 4.382026634673881
0 0 73 73 4.382026634673881
0 -0.0

labels_S16_selected_tokens_54_0544_54_9004
0 0 28 28 -0.0
0 0 15 15 4.382026634673881
0 0 21 21 4.382026634673881
0 0 23 23 4.382026634673881
0 0 33 33 4.382026634673881
0 0 63 63 4.382026634673881
0 0 70 70 4.382026634673881
0 0 74 74 4.382026634673881
0 0 24 24 4.382026634673881
0 0 56 56 4.382026634673881
0 0 73 73 4.382026634673881
0 -0.0

labels_S16_selected_tokens_54_9004_55_7847
0 0 28 28 -0.0
0 0 15 15 4.382026634673881
0 0 21 21 4.382026634673881
0 0 23 23 4.382026634673881
0 0 33 33 4.382026634673881
0 0 63 63 4.382026634673881
0 0 70 70 4.382026634673881
0 0 74 74 4.382026634673881
0 0 24 24 4.382026634673881
0 0 56 56 4.382026634673881
0 0 73 73 4.382026634673881
0 -0.0

labels_S16_selected_tokens_55_7847_56_5121
0 0 37 37 -0.0
0 0 15 15 4.382026634673881
0 0 21 21 4.382026634673881
0 0 23 23 4.382026634673881
0 0 33 33 4.382026634673881
0 0 63 63 4.382026634673881
0 0 70 70 4.382026634673881
0 0 74 74 4.382026634673881
0 0 24 24 4.382026634673881
0 0 56 56 4.382026634673881
0 0 73 73 4.382026634673881
0 -0.0

labels_S16_selected_tokens_56_5121_57_2885
0 0 37 37 -0.0
0 0 15 15 4.382026634673881
0 0 21 21 4.382026634673881
0 0 23 23 4.382026634673881
0 0 33 33 4.382026634673881
0 0 63 63 4.382026634673881
0 0 70 70 4.382026634673881
0 0 74 74 4.382026634673881
0 0 24 24 4.382026634673881
0 0 56 56 4.382026634673881
0 0 73 73 4.382026634673881
0 -0.0

labels_S16_selected_tokens_57_2885_58_2086
0 0 46 46 -0.0
0 0 15 15 4.382026634673881
0 0 21 21 4.382026634673881
0 0 23 23 4.382026634673881
0 0 33 33 4.382026634673881
0 0 63 63 4.382026634673881
0 0 70 70 4.382026634673881
0 0 74 74 4.382026634673881
0 0 24 24 4.382026634673881
0 0 56 56 4.382026634673881
0 0 73 73 4.382026634673881
0 -0.0

labels_S16_selected_tokens_58_2086_59_125
0 0 46 46 -0.0
0 0 15 15 4.382026634673881
0 0 21 21 4.382026634673881
0 0 23 23 4.382026634673881
0 0 33 33 4.382026634673881
0 0 63 63 4.382026634673881
0 0 70 70 4.382026634673881
0 0 74 74 4.382026634673881
0 0 24 24 4.382026634673881
0 0 56 56 4.382026634673881
0 0 73 73 4.382026634673881
0 -0.0

labels_S16_selected_tokens_59_125_59_8288
0 0 51 51 -0.0
0 0 15 15 4.382026634673881
0 0 21 21 4.382026634673881
0 0 23 23 4.382026634673881
0 0 33 33 4.382026634673881
0 0 63 63 4.382026634673881
0 0 70 70 4.382026634673881
0 0 74 74 4.382026634673881
0 0 24 24 4.382026634673881
0 0 56 56 4.382026634673881
0 0 73 73 4.382026634673881
0 -0.0

labels_S16_selected_tokens_59_8288_60_5335
0 0 51 51 -0.0
0 0 15 15 4.382026634673881
0 0 21 21 4.382026634673881
0 0 23 23 4.382026634673881
0 0 33 33 4.382026634673881
0 0 63 63 4.382026634673881
0 0 70 70 4.382026634673881
0 0 74 74 4.382026634673881
0 0 24 24 4.382026634673881
0 0 56 56 4.382026634673881
0 0 73 73 4.382026634673881
0 -0.0

labels_S16_selected_tokens_5_231_5_8938
0 0 33 33 4.382026634673881
0 0 15 15 4.382026634673881
0 0 21 21 4.382026634673881
0 0 23 23 4.382026634673881
0 0 63 63 4.382026634673881
0 0 70 70 4.382026634673881
0 0 74 74 4.382026634673881
0 0 24 24 4.382026634673881
0 0 56 56 4.382026634673881
0 0 73 73 4.382026634673881
0 -0.0

labels_S16_selected_tokens_5_8938_6_5804
0 0 33 33 4.382026634673881
0 0 15 15 4.382026634673881
0 0 21 21 4.382026634673881
0 0 23 23 4.382026634673881
0 0 63 63 4.382026634673881
0 0 70 70 4.382026634673881
0 0 74 74 4.382026634673881
0 0 24 24 4.382026634673881
0 0 56 56 4.382026634673881
0 0 73 73 4.382026634673881
0 -0.0

labels_S16_selected_tokens_60_5335_61_3973
0 0 61 61 -0.0
0 0 15 15 4.382026634673881
0 0 21 21 4.382026634673881
0 0 23 23 4.382026634673881
0 0 33 33 4.382026634673881
0 0 63 63 4.382026634673881
0 0 70 70 4.382026634673881
0 0 74 74 4.382026634673881
0 0 24 24 4.382026634673881
0 0 56 56 4.382026634673881
0 0 73 73 4.382026634673881
0 -0.0

labels_S16_selected_tokens_61_3973_62_3255
0 0 61 61 -0.0
0 0 15 15 4.382026634673881
0 0 21 21 4.382026634673881
0 0 23 23 4.382026634673881
0 0 33 33 4.382026634673881
0 0 63 63 4.382026634673881
0 0 70 70 4.382026634673881
0 0 74 74 4.382026634673881
0 0 24 24 4.382026634673881
0 0 56 56 4.382026634673881
0 0 73 73 4.382026634673881
0 -0.0

labels_S16_selected_tokens_62_3255_63_077
0 0 59 59 -0.0
0 0 15 15 4.382026634673881
0 0 21 21 4.382026634673881
0 0 23 23 4.382026634673881
0 0 33 33 4.382026634673881
0 0 63 63 4.382026634673881
0 0 70 70 4.382026634673881
0 0 74 74 4.382026634673881
0 0 24 24 4.382026634673881
0 0 56 56 4.382026634673881
0 0 73 73 4.382026634673881
0 -0.0

labels_S16_selected_tokens_63_077_63_7891
0 0 59 59 -0.0
0 0 15 15 4.382026634673881
0 0 21 21 4.382026634673881
0 0 23 23 4.382026634673881
0 0 33 33 4.382026634673881
0 0 63 63 4.382026634673881
0 0 70 70 4.382026634673881
0 0 74 74 4.382026634673881
0 0 24 24 4.382026634673881
0 0 56 56 4.382026634673881
0 0 73 73 4.382026634673881
0 -0.0

labels_S16_selected_tokens_63_7891_64_5488
0 0 45 45 -0.0
0 0 15 15 4.382026634673881
0 0 21 21 4.382026634673881
0 0 23 23 4.382026634673881
0 0 33 33 4.382026634673881
0 0 63 63 4.382026634673881
0 0 70 70 4.382026634673881
0 0 74 74 4.382026634673881
0 0 24 24 4.382026634673881
0 0 56 56 4.382026634673881
0 0 73 73 4.382026634673881
0 -0.0

labels_S16_selected_tokens_64_5488_65_3407
0 0 45 45 -0.0
0 0 15 15 4.382026634673881
0 0 21 21 4.382026634673881
0 0 23 23 4.382026634673881
0 0 33 33 4.382026634673881
0 0 63 63 4.382026634673881
0 0 70 70 4.382026634673881
0 0 74 74 4.382026634673881
0 0 24 24 4.382026634673881
0 0 56 56 4.382026634673881
0 0 73 73 4.382026634673881
0 -0.0

labels_S16_selected_tokens_65_3407_66_3163
0 0 58 58 -0.0
0 0 15 15 4.382026634673881
0 0 21 21 4.382026634673881
0 0 23 23 4.382026634673881
0 0 33 33 4.382026634673881
0 0 63 63 4.382026634673881
0 0 70 70 4.382026634673881
0 0 74 74 4.382026634673881
0 0 24 24 4.382026634673881
0 0 56 56 4.382026634673881
0 0 73 73 4.382026634673881
0 -0.0

labels_S16_selected_tokens_66_3163_67_3758
0 0 58 58 -0.0
0 0 15 15 4.382026634673881
0 0 21 21 4.382026634673881
0 0 23 23 4.382026634673881
0 0 33 33 4.382026634673881
0 0 63 63 4.382026634673881
0 0 70 70 4.382026634673881
0 0 74 74 4.382026634673881
0 0 24 24 4.382026634673881
0 0 56 56 4.382026634673881
0 0 73 73 4.382026634673881
0 -0.0

labels_S16_selected_tokens_67_3758_68_0636
0 0 29 29 -0.0
0 0 15 15 4.382026634673881
0 0 21 21 4.382026634673881
0 0 23 23 4.382026634673881
0 0 33 33 4.382026634673881
0 0 63 63 4.382026634673881
0 0 70 70 4.382026634673881
0 0 74 74 4.382026634673881
0 0 24 24 4.382026634673881
0 0 56 56 4.382026634673881
0 0 73 73 4.382026634673881
0 -0.0

labels_S16_selected_tokens_68_0636_68_7275
0 0 29 29 -0.0
0 0 15 15 4.382026634673881
0 0 21 21 4.382026634673881
0 0 23 23 4.382026634673881
0 0 33 33 4.382026634673881
0 0 63 63 4.382026634673881
0 0 70 70 4.382026634673881
0 0 74 74 4.382026634673881
0 0 24 24 4.382026634673881
0 0 56 56 4.382026634673881
0 0 73 73 4.382026634673881
0 -0.0

labels_S16_selected_tokens_68_7275_69_3906
0 0 38 38 -0.0
0 0 15 15 4.382026634673881
0 0 21 21 4.382026634673881
0 0 23 23 4.382026634673881
0 0 33 33 4.382026634673881
0 0 63 63 4.382026634673881
0 0 70 70 4.382026634673881
0 0 74 74 4.382026634673881
0 0 24 24 4.382026634673881
0 0 56 56 4.382026634673881
0 0 73 73 4.382026634673881
0 -0.0

labels_S16_selected_tokens_69_3906_70_0066
0 0 38 38 -0.0
0 0 15 15 4.382026634673881
0 0 21 21 4.382026634673881
0 0 23 23 4.382026634673881
0 0 33 33 4.382026634673881
0 0 63 63 4.382026634673881
0 0 70 70 4.382026634673881
0 0 74 74 4.382026634673881
0 0 24 24 4.382026634673881
0 0 56 56 4.382026634673881
0 0 73 73 4.382026634673881
0 -0.0

labels_S16_selected_tokens_6_5804_7_7019
0 0 63 63 4.382026634673881
0 0 15 15 4.382026634673881
0 0 21 21 4.382026634673881
0 0 23 23 4.382026634673881
0 0 33 33 4.382026634673881
0 0 70 70 4.382026634673881
0 0 74 74 4.382026634673881
0 0 24 24 4.382026634673881
0 0 56 56 4.382026634673881
0 0 73 73 4.382026634673881
0 -0.0

labels_S16_selected_tokens_70_0066_70_654
0 0 40 40 -0.0
0 0 15 15 4.382026634673881
0 0 21 21 4.382026634673881
0 0 23 23 4.382026634673881
0 0 33 33 4.382026634673881
0 0 63 63 4.382026634673881
0 0 70 70 4.382026634673881
0 0 74 74 4.382026634673881
0 0 24 24 4.382026634673881
0 0 56 56 4.382026634673881
0 0 73 73 4.382026634673881
0 -0.0

labels_S16_selected_tokens_70_654_71_2847
0 0 40 40 -0.0
0 0 15 15 4.382026634673881
0 0 21 21 4.382026634673881
0 0 23 23 4.382026634673881
0 0 33 33 4.382026634673881
0 0 63 63 4.382026634673881
0 0 70 70 4.382026634673881
0 0 74 74 4.382026634673881
0 0 24 24 4.382026634673881
0 0 56 56 4.382026634673881
0 0 73 73 4.382026634673881
0 -0.0

labels_S16_selected_tokens_71_2847_72_1687
0 0 52 52 -0.0
0 0 15 15 4.382026634673881
0 0 21 21 4.382026634673881
0 0 23 23 4.382026634673881
0 0 33 33 4.382026634673881
0 0 63 63 4.382026634673881
0 0 70 70 4.382026634673881
0 0 74 74 4.382026634673881
0 0 24 24 4.382026634673881
0 0 56 56 4.382026634673881
0 0 73 73 4.382026634673881
0 -0.0

labels_S16_selected_tokens_72_1687_72_9819
0 0 52 52 -0.0
0 0 15 15 4.382026634673881
0 0 21 21 4.382026634673881
0 0 23 23 4.382026634673881
0 0 33 33 4.382026634673881
0 0 63 63 4.382026634673881
0 0 70 70 4.382026634673881
0 0 74 74 4.382026634673881
0 0 24 24 4.382026634673881
0 0 56 56 4.382026634673881
0 0 73 73 4.382026634673881
0 -0.0

labels_S16_selected_tokens_72_9819_73_7291
0 0 6 6 -0.0
0 0 15 15 4.382026634673881
0 0 21 21 4.382026634673881
0 0 23 23 4.382026634673881
0 0 33 33 4.382026634673881
0 0 63 63 4.382026634673881
0 0 70 70 4.382026634673881
0 0 74 74 4.382026634673881
0 0 24 24 4.382026634673881
0 0 56 56 4.382026634673881
0 0 73 73 4.382026634673881
0 -0.0

labels_S16_selected_tokens_73_7291_74_466
0 0 6 6 -0.0
0 0 15 15 4.382026634673881
0 0 21 21 4.382026634673881
0 0 23 23 4.382026634673881
0 0 33 33 4.382026634673881
0 0 63 63 4.382026634673881
0 0 70 70 4.382026634673881
0 0 74 74 4.382026634673881
0 0 24 24 4.382026634673881
0 0 56 56 4.382026634673881
0 0 73 73 4.382026634673881
0 -0.0

labels_S16_selected_tokens_74_466_75_4309
0 0 47 47 -0.0
0 0 15 15 4.382026634673881
0 0 21 21 4.382026634673881
0 0 23 23 4.382026634673881
0 0 33 33 4.382026634673881
0 0 63 63 4.382026634673881
0 0 70 70 4.382026634673881
0 0 74 74 4.382026634673881
0 0 24 24 4.382026634673881
0 0 56 56 4.382026634673881
0 0 73 73 4.382026634673881
0 -0.0

labels_S16_selected_tokens_75_4309_76_3348
0 0 47 47 -0.0
0 0 15 15 4.382026634673881
0 0 21 21 4.382026634673881
0 0 23 23 4.382026634673881
0 0 33 33 4.382026634673881
0 0 63 63 4.382026634673881
0 0 70 70 4.382026634673881
0 0 74 74 4.382026634673881
0 0 24 24 4.382026634673881
0 0 56 56 4.382026634673881
0 0 73 73 4.382026634673881
0 -0.0

labels_S16_selected_tokens_76_3348_77_4773
0 0 65 65 -0.0
0 0 15 15 4.382026634673881
0 0 21 21 4.382026634673881
0 0 23 23 4.382026634673881
0 0 33 33 4.382026634673881
0 0 63 63 4.382026634673881
0 0 70 70 4.382026634673881
0 0 74 74 4.382026634673881
0 0 24 24 4.382026634673881
0 0 56 56 4.382026634673881
0 0 73 73 4.382026634673881
0 -0.0

labels_S16_selected_tokens_77_4773_78_5339
0 0 65 65 -0.0
0 0 15 15 4.382026634673881
0 0 21 21 4.382026634673881
0 0 23 23 4.382026634673881
0 0 33 33 4.382026634673881
0 0 63 63 4.382026634673881
0 0 70 70 4.382026634673881
0 0 74 74 4.382026634673881
0 0 24 24 4.382026634673881
0 0 56 56 4.382026634673881
0 0 73 73 4.382026634673881
0 -0.0

labels_S16_selected_tokens_78_5339_79_4934
0 0 55 55 -0.0
0 0 15 15 4.382026634673881
0 0 21 21 4.382026634673881
0 0 23 23 4.382026634673881
0 0 33 33 4.382026634673881
0 0 63 63 4.382026634673881
0 0 70 70 4.382026634673881
0 0 74 74 4.382026634673881
0 0 24 24 4.382026634673881
0 0 56 56 4.382026634673881
0 0 73 73 4.382026634673881
0 -0.0

labels_S16_selected_tokens_79_4934_80_4188
0 0 55 55 -0.0
0 0 15 15 4.382026634673881
0 0 21 21 4.382026634673881
0 0 23 23 4.382026634673881
0 0 33 33 4.382026634673881
0 0 63 63 4.382026634673881
0 0 70 70 4.382026634673881
0 0 74 74 4.382026634673881
0 0 24 24 4.382026634673881
0 0 56 56 4.382026634673881
0 0 73 73 4.382026634673881
0 -0.0

labels_S16_selected_tokens_7_7019_8_8131
0 0 63 63 4.382026634673881
0 0 15 15 4.382026634673881
0 0 21 21 4.382026634673881
0 0 23 23 4.382026634673881
0 0 33 33 4.382026634673881
0 0 70 70 4.382026634673881
0 0 74 74 4.382026634673881
0 0 24 24 4.382026634673881
0 0 56 56 4.382026634673881
0 0 73 73 4.382026634673881
0 -0.0

labels_S16_selected_tokens_80_4188_81_4684
0 0 62 62 -0.0
0 0 15 15 4.382026634673881
0 0 21 21 4.382026634673881
0 0 23 23 4.382026634673881
0 0 33 33 4.382026634673881
0 0 63 63 4.382026634673881
0 0 70 70 4.382026634673881
0 0 74 74 4.382026634673881
0 0 24 24 4.382026634673881
0 0 56 56 4.382026634673881
0 0 73 73 4.382026634673881
0 -0.0

labels_S16_selected_tokens_81_4684_82_5136
0 0 62 62 -0.0
0 0 15 15 4.382026634673881
0 0 21 21 4.382026634673881
0 0 23 23 4.382026634673881
0 0 33 33 4.382026634673881
0 0 63 63 4.382026634673881
0 0 70 70 4.382026634673881
0 0 74 74 4.382026634673881
0 0 24 24 4.382026634673881
0 0 56 56 4.382026634673881
0 0 73 73 4.382026634673881
0 -0.0

labels_S16_selected_tokens_82_5136_83_4229
0 0 66 66 -0.0
0 0 15 15 4.382026634673881
0 0 21 21 4.382026634673881
0 0 23 23 4.382026634673881
0 0 33 33 4.382026634673881
0 0 63 63 4.382026634673881
0 0 70 70 4.382026634673881
0 0 74 74 4.382026634673881
0 0 24 24 4.382026634673881
0 0 56 56 4.382026634673881
0 0 73 73 4.382026634673881
0 -0.0

labels_S16_selected_tokens_83_4229_84_504
0 0 66 66 -0.0
0 0 15 15 4.382026634673881
0 0 21 21 4.382026634673881
0 0 23 23 4.382026634673881
0 0 33 33 4.382026634673881
0 0 63 63 4.382026634673881
0 0 70 70 4.382026634673881
0 0 74 74 4.382026634673881
0 0 24 24 4.382026634673881
0 0 56 56 4.382026634673881
0 0 73 73 4.382026634673881
0 -0.0

labels_S16_selected_tokens_84_504_85_3658
0 0 7 7 -0.0
0 0 15 15 4.382026634673881
0 0 21 21 4.382026634673881
0 0 23 23 4.382026634673881
0 0 33 33 4.382026634673881
0 0 63 63 4.382026634673881
0 0 70 70 4.382026634673881
0 0 74 74 4.382026634673881
0 0 24 24 4.382026634673881
0 0 56 56 4.382026634673881
0 0 73 73 4.382026634673881
0 -0.0

labels_S16_selected_tokens_85_3658_86_272
0 0 7 7 -0.0
0 0 15 15 4.382026634673881
0 0 21 21 4.382026634673881
0 0 23 23 4.382026634673881
0 0 33 33 4.382026634673881
0 0 63 63 4.382026634673881
0 0 70 70 4.382026634673881
0 0 74 74 4.382026634673881
0 0 24 24 4.382026634673881
0 0 56 56 4.382026634673881
0 0 73 73 4.382026634673881
0 -0.0

labels_S16_selected_tokens_86_272_86_9184
0 0 9 9 -0.0
0 0 15 15 4.382026634673881
0 0 21 21 4.382026634673881
0 0 23 23 4.382026634673881
0 0 33 33 4.382026634673881
0 0 63 63 4.382026634673881
0 0 70 70 4.382026634673881
0 0 74 74 4.382026634673881
0 0 24 24 4.382026634673881
0 0 56 56 4.382026634673881
0 0 73 73 4.382026634673881
0 -0.0

labels_S16_selected_tokens_86_9184_87_6026
0 0 9 9 -0.0
0 0 15 15 4.382026634673881
0 0 21 21 4.382026634673881
0 0 23 23 4.382026634673881
0 0 33 33 4.382026634673881
0 0 63 63 4.382026634673881
0 0 70 70 4.382026634673881
0 0 74 74 4.382026634673881
0 0 24 24 4.382026634673881
0 0 56 56 4.382026634673881
0 0 73 73 4.382026634673881
0 -0.0

labels_S16_selected_tokens_87_6026_88_4003
0 0 13 13 -0.0
0 0 15 15 4.382026634673881
0 0 21 21 4.382026634673881
0 0 23 23 4.382026634673881
0 0 33 33 4.382026634673881
0 0 63 63 4.382026634673881
0 0 70 70 4.382026634673881
0 0 74 74 4.382026634673881
0 0 24 24 4.382026634673881
0 0 56 56 4.382026634673881
0 0 73 73 4.382026634673881
0 -0.0

labels_S16_selected_tokens_88_4003_89_2064
0 0 13 13 -0.0
0 0 15 15 4.382026634673881
0 0 21 21 4.382026634673881
0 0 23 23 4.382026634673881
0 0 33 33 4.382026634673881
0 0 63 63 4.382026634673881
0 0 70 70 4.382026634673881
0 0 74 74 4.382026634673881
0 0 24 24 4.382026634673881
0 0 56 56 4.382026634673881
0 0 73 73 4.382026634673881
0 -0.0

labels_S16_selected_tokens_89_2064_89_9469
0 0 16 16 -0.0
0 0 15 15 4.382026634673881
0 0 21 21 4.382026634673881
0 0 23 23 4.382026634673881
0 0 33 33 4.382026634673881
0 0 63 63 4.382026634673881
0 0 70 70 4.382026634673881
0 0 74 74 4.382026634673881
0 0 24 24 4.382026634673881
0 0 56 56 4.382026634673881
0 0 73 73 4.382026634673881
0 -0.0

labels_S16_selected_tokens_89_9469_90_7369
0 0 16 16 -0.0
0 0 15 15 4.382026634673881
0 0 21 21 4.382026634673881
0 0 23 23 4.382026634673881
0 0 33 33 4.382026634673881
0 0 63 63 4.382026634673881
0 0 70 70 4.382026634673881
0 0 74 74 4.382026634673881
0 0 24 24 4.382026634673881
0 0 56 56 4.382026634673881
0 0 73 73 4.382026634673881
0 -0.0

labels_S16_selected_tokens_8_8131_9_7607
0 0 70 70 4.382026634673881
0 0 15 15 4.382026634673881
0 0 21 21 4.382026634673881
0 0 23 23 4.382026634673881
0 0 33 33 4.382026634673881
0 0 63 63 4.382026634673881
0 0 74 74 4.382026634673881
0 0 24 24 4.382026634673881
0 0 56 56 4.382026634673881
0 0 73 73 4.382026634673881
0 -0.0

labels_S16_selected_tokens_90_7369_91_7145
0 0 67 67 -0.0
0 0 15 15 4.382026634673881
0 0 21 21 4.382026634673881
0 0 23 23 4.382026634673881
0 0 33 33 4.382026634673881
0 0 63 63 4.382026634673881
0 0 70 70 4.382026634673881
0 0 74 74 4.382026634673881
0 0 24 24 4.382026634673881
0 0 56 56 4.382026634673881
0 0 73 73 4.382026634673881
0 -0.0

labels_S16_selected_tokens_91_7145_92_7435
0 0 67 67 -0.0
0 0 15 15 4.382026634673881
0 0 21 21 4.382026634673881
0 0 23 23 4.382026634673881
0 0 33 33 4.382026634673881
0 0 63 63 4.382026634673881
0 0 70 70 4.382026634673881
0 0 74 74 4.382026634673881
0 0 24 24 4.382026634673881
0 0 56 56 4.382026634673881
0 0 73 73 4.382026634673881
0 -0.0

labels_S16_selected_tokens_92_7435_93_54
0 0 71 71 -0.0
0 0 15 15 4.382026634673881
0 0 21 21 4.382026634673881
0 0 23 23 4.382026634673881
0 0 33 33 4.382026634673881
0 0 63 63 4.382026634673881
0 0 70 70 4.382026634673881
0 0 74 74 4.382026634673881
0 0 24 24 4.382026634673881
0 0 56 56 4.382026634673881
0 0 73 73 4.382026634673881
0 -0.0

labels_S16_selected_tokens_93_54_94_3339
0 0 71 71 -0.0
0 0 15 15 4.382026634673881
0 0 21 21 4.382026634673881
0 0 23 23 4.382026634673881
0 0 33 33 4.382026634673881
0 0 63 63 4.382026634673881
0 0 70 70 4.382026634673881
0 0 74 74 4.382026634673881
0 0 24 24 4.382026634673881
0 0 56 56 4.382026634673881
0 0 73 73 4.382026634673881
0 -0.0

labels_S16_selected_tokens_94_3339_95_2379
0 0 35 35 -0.0
0 0 15 15 4.382026634673881
0 0 21 21 4.382026634673881
0 0 23 23 4.382026634673881
0 0 33 33 4.382026634673881
0 0 63 63 4.382026634673881
0 0 70 70 4.382026634673881
0 0 74 74 4.382026634673881
0 0 24 24 4.382026634673881
0 0 56 56 4.382026634673881
0 0 73 73 4.382026634673881
0 -0.0

labels_S16_selected_tokens_95_2379_96_1183
0 0 35 35 -0.0
0 0 15 15 4.382026634673881
0 0 21 21 4.382026634673881
0 0 23 23 4.382026634673881
0 0 33 33 4.382026634673881
0 0 63 63 4.382026634673881
0 0 70 70 4.382026634673881
0 0 74 74 4.382026634673881
0 0 24 24 4.382026634673881
0 0 56 56 4.382026634673881
0 0 73 73 4.382026634673881
0 -0.0

labels_S16_selected_tokens_96_1183_97_1678
0 0 48 48 -0.0
0 0 15 15 4.382026634673881
0 0 21 21 4.382026634673881
0 0 23 23 4.382026634673881
0 0 33 33 4.382026634673881
0 0 63 63 4.382026634673881
0 0 70 70 4.382026634673881
0 0 74 74 4.382026634673881
0 0 24 24 4.382026634673881
0 0 56 56 4.382026634673881
0 0 73 73 4.382026634673881
0 -0.0

labels_S16_selected_tokens_97_1678_98_2065
0 0 48 48 -0.0
0 0 15 15 4.382026634673881
0 0 21 21 4.382026634673881
0 0 23 23 4.382026634673881
0 0 33 33 4.382026634673881
0 0 63 63 4.382026634673881
0 0 70 70 4.382026634673881
0 0 74 74 4.382026634673881
0 0 24 24 4.382026634673881
0 0 56 56 4.382026634673881
0 0 73 73 4.382026634673881
0 -0.0

labels_S16_selected_tokens_98_2065_99_0926
0 0 3 3 -0.0
0 0 15 15 4.382026634673881
0 0 21 21 4.382026634673881
0 0 23 23 4.382026634673881
0 0 33 33 4.382026634673881
0 0 63 63 4.382026634673881
0 0 70 70 4.382026634673881
0 0 74 74 4.382026634673881
0 0 24 24 4.382026634673881
0 0 56 56 4.382026634673881
0 0 73 73 4.382026634673881
0 -0.0

labels_S16_selected_tokens_99_0926_99_9307
0 0 3 3 -0.0
0 0 15 15 4.382026634673881
0 0 21 21 4.382026634673881
0 0 23 23 4.382026634673881
0 0 33 33 4.382026634673881
0 0 63 63 4.382026634673881
0 0 70 70 4.382026634673881
0 0 74 74 4.382026634673881
0 0 24 24 4.382026634673881
0 0 56 56 4.382026634673881
0 0 73 73 4.382026634673881
0 -0.0

labels_S16_selected_tokens_99_9307_100_9177
0 0 54 54 -0.0
0 0 15 15 4.382026634673881
0 0 21 21 4.382026634673881
0 0 23 23 4.382026634673881
0 0 33 33 4.382026634673881
0 0 63 63 4.382026634673881
0 0 70 70 4.382026634673881
0 0 74 74 4.382026634673881
0 0 24 24 4.382026634673881
0 0 56 56 4.382026634673881
0 0 73 73 4.382026634673881
0 -0.0

labels_S16_selected_tokens_9_7607_10_7055
0 0 70 70 4.382026634673881
0 0 15 15 4.382026634673881
0 0 21 21 4.382026634673881
0 0 23 23 4.382026634673881
0 0 33 33 4.382026634673881
0 0 63 63 4.382026634673881
0 0 74 74 4.382026634673881
0 0 24 24 4.382026634673881
0 0 56 56 4.382026634673881
0 0 73 73 4.382026634673881
0 -0.0

