Regression analysis information for: S06_selected_tokens_0089
number of formants: 3
number of coefficients: 5
7.4 19.6 37
396.2 10.8 12 10.7 -5.6 -0.3
1959.5 59.8 -16.4 -13 -44.4 -12.9
2393.2 20.3 -89.5 88.5 49.8 16.4
8.1 18.4 36.9
389.3 15.5 19.3 6.6 -3.1 -3.3
1964.2 59.5 -15.3 -13.5 -40.5 -11.9
2522.4 -5.3 -103.4 87.4 -7.7 -0.9
13.5 19 34.8
367.4 33.3 35.5 -8 8 -7.7
1967.6 60.6 -19 -14.4 -42 -10.3
2623.8 -6.3 -101.6 61.4 -54.2 -4.5
50.9 19 30.8
413 -46.4 26.6 108.6 -90.8 -3.1
1972.5 61.8 -19.9 -15.4 -41.8 -9.7
2691 -11.4 -98.1 41 -71.7 -0.4
111.1 57.6 54.9
496.4 -143.7 -21.4 201.7 -118 -9.8
1999.8 67.1 -53.5 -20.6 -20.1 -18.5
2756.1 -18.6 -124.7 28.6 -55.5 -4.3
146.9 54.5 51.6
577.4 -160.6 -78.3 157.5 -178.8 71.2
2003.4 76.8 -49.9 -45.6 -30.7 16.1
2790.5 -18 -118.7 1 -65.1 28.9
201 115.4 100.2
761 -124.6 -328.8 -8.4 -94.4 272.6
2052.1 99.3 -128.8 -103.8 20.8 98.2
2859.6 -5.7 -185.3 -53.9 -18.2 102
217.5 129.9 121.7
862.5 -52.1 -401.6 0.5 -100 197
2068.8 115.2 -133.6 -87.5 41.2 70.4
2901.3 13.1 -185.3 -39.3 -4.2 71
196.3 113.6 109.2
862.2 -45.8 -358.7 -14.7 -148.2 145.5
2052 100.3 -110.7 -62.7 38.6 54.9
2900.5 -0.2 -170.5 -10.2 -10.2 68.2
503.3 275.9 243.7
808 1.1 -237.6 37 -463.6 161.3
2209.2 -6.7 -164.7 93 -228 81.6
3014 -39.1 -219.7 109.2 -256.1 81.6
110.2 60.6 53.3
396.7 40.9 -14.4 -48.3 16.2 67.4
1999.1 82.1 -51.1 -52.4 -26.9 34.6
2775.4 13.7 -117 0.7 -48.2 39
16.3 18 14.6
390.7 6.6 30.6 27.7 -25.7 -10.5
1975.1 67.1 -15.5 -15.3 -36.2 -8.2
2734.9 -0.9 -71.5 24.2 -29.5 -3.1
25.3 16.7 18.7
359.4 19.1 35.9 61.4 -47.6 -11.1
1979.9 66.6 -12.5 -17.7 -33.5 -9.2
2779.4 -39.5 -43.4 -14.2 -7.4 -22.9
300 254.6 136.5
1117.5 -369.4 -235.1 -664.5 371.9 475.9
2397.7 -141.6 -184.7 -314.1 93.9 317.3
3105.7 -119.4 -253 -225.9 87.8 184.8
146.8 148.7 138.2
1671.3 -387.4 -541.7 -303.3 -300.5 -45.8
2557.8 31.9 -541.1 102.3 -207.8 -149.8
3251 -106.7 -198.5 1.7 -243.3 -210.2
161.5 173.6 144.8
1770.1 -231.3 -415.2 -274.2 -336.8 -167.2
2337.7 54 -238.4 201.5 -120.7 -181.5
3170.8 -41.3 -37.5 -4.4 -80.8 -84.5
160.1 125.9 142.2
1889.7 -29.3 -196.7 -129.7 -215.3 -119.3
2278.1 194.5 -46 160.5 -4 -50.3
3267.4 88.1 88.7 118.9 30.8 20.2
102.2 63.4 113.4
1934.9 54 -94.9 -50 -133.1 -48.9
2310.2 229 -21.1 175.8 34 39.3
3292.2 110 106 184.8 104.3 124.2
41.6 129.1 94.6
1965.8 100.4 -19.2 -3.2 -57 -12
2370.5 -10.6 -21.7 -65.2 60.4 -104.5
3245.6 -199.9 -2.2 -81.1 62 -81.3
176.1 138 124.6
1884.6 263.3 -192.5 137.9 -201.8 121
2443.3 -17.5 -117.8 -82.8 -53.1 -11.6
3222 -191.1 -15.6 -13.5 13.9 -27.5
winner is: 12
