Regression analysis information for: S06_selected_tokens_0044
number of formants: 3
number of coefficients: 5
6.6 27.5 10.8
353.4 49.8 17.7 7.9 -3.3 -5.9
1240 -7.8 213.5 -90.9 75.8 -36.9
2684.6 57.3 -115.9 25.8 -26 3.9
6.9 28.3 9.5
352.6 50.4 17.3 7.2 -4 -5.2
1240.5 -4.9 213 -91 74.9 -35.3
2688.9 56.4 -112.3 29.2 -24.5 2.2
7.1 28.8 9.5
350.4 50.3 17 5 -4.1 -5
1236.5 1.3 211.6 -93 74.9 -34.9
2695.6 57.1 -111.9 33.9 -26.9 4.1
6.5 29.4 9.9
348.9 49.1 16.9 4.3 -3.7 -4.4
1229.7 7.1 207.1 -92.5 73.6 -34.3
2700.1 62.3 -111.8 34.6 -27.6 6
6.1 30 10.9
347.6 47.7 16.3 3.6 -4 -4.4
1226.2 6.3 206.5 -94.1 73.5 -35.9
2700.1 69.5 -112.1 30.5 -25.6 4.2
5.7 30.2 11.7
346.7 46.2 15.6 3.2 -4.2 -4.4
1223.5 2.2 205.3 -95.7 72.9 -36.6
2699.6 71.5 -111.5 25 -26.4 3.4
5.6 28.7 11.8
345.7 44.8 15.5 3.7 -4.1 -4.4
1220 -3.9 205.5 -93.1 72.4 -37.3
2696.2 64.5 -109.3 29.3 -28.2 4.5
5.6 28.3 10.3
345.3 43.7 14.7 3.5 -4.6 -4.7
1222.3 -14.5 209.4 -96.4 74.2 -38.3
2693.1 47 -110.1 32 -29.5 3.1
5.4 29.1 8.7
345.6 43.2 14.5 3.6 -4.6 -4.4
1225.5 -20.2 211 -98 75.6 -37.2
2700.4 30.4 -111.6 36.1 -30.3 7.7
5.3 29.9 11
346.9 43.6 14.4 3.8 -4.8 -4.2
1233.4 -22 214.3 -98.6 76.3 -35.5
2727.3 28.4 -112.5 42.1 -36.5 13.8
5.4 32 23.5
349.8 45.1 15.1 4.4 -4.2 -3.2
1248 -17.7 222.1 -97.6 80 -31.3
2789.3 50.5 -98.9 53.8 -35 32
7.3 34.1 38.7
353.1 46.9 15.5 4.7 -4 -3
1269.5 -10.7 245.3 -93.5 90.3 -26.1
2860.9 88.2 -70.9 78.6 -17.8 51
11 41.3 41.4
361.8 60.8 27.5 15.6 6.5 6.6
1293.8 2.6 290.5 -81.6 108.7 -18.4
2913.7 105.8 -55.5 89.5 -8.5 52.5
23.8 65.9 52.1
372.8 80.6 46.8 33.2 25.3 24.4
1310.4 25.7 349.9 -56.9 131.2 -6.5
2954.3 119.8 -26.7 106.6 13.8 63.7
14.8 40.8 35.2
356.2 48.2 15.6 1.7 -5.8 -5
1285.9 -30.1 305.4 -109.9 92.5 -40.1
2939.5 76.2 -51.4 77.9 -10.9 36.9
14.3 43.2 34.7
355.6 47.5 16.4 1.5 -2.3 0.1
1280 -42.4 326.5 -116.8 90.6 -41.7
2953.9 48 -54.7 67.2 -21.2 46.7
31.8 123.5 87.2
353.8 50.5 12.2 -11.1 16.1 20.2
1305.1 -39.5 303.8 -185.1 168.1 36.2
3009.8 27.6 -82.5 41.1 -7.8 106.2
181.1 613.6 331
481.5 33.2 -103.6 3.5 -77.6 38.3
1978.3 -189.1 -316.4 -176.4 -74.9 247.3
3417.3 -99.3 -422.7 138.6 -182.7 174.3
74.9 218.8 183.7
621.4 85 -227.4 -49.8 -130.6 -88.3
2446.2 -193.1 -760.8 -114.7 -147.9 -108.5
3670.9 -119.9 -633.9 205.5 -202.3 -34
138.6 310.8 220.7
677 191.4 -120.1 48 -37.8 7.3
2548.7 -107.3 -536.1 87.7 -51.7 93.4
3712.1 -46.6 -464.7 287 -94.3 58.2
winner is: 9
