Regression analysis information for: S06_selected_tokens_0096
number of formants: 3
number of coefficients: 5
5 43.3 23.5
370.2 -31 -17.6 5.2 -15.3 3.1
2139.6 272.1 -71.7 -23.9 31.2 35.3
2365.2 209.7 21.8 -17.1 -16.1 8.9
5.1 41.7 29.3
370.7 -31.3 -17.8 5.2 -15 2.7
2154.4 295.2 -56.8 -24.2 21.8 32.2
2409.1 173.6 28.3 -18.8 13.9 -0.1
5.2 34.1 37.6
370.8 -30.8 -18.4 4.8 -14.4 2.2
2169.2 318.9 -35.9 -16.2 13.4 20.4
2468 138.8 34.5 -34.7 49 -3.8
5.4 24.4 42.5
370.3 -29.2 -19.3 4.2 -13.7 2
2177.4 330.4 -23.6 -10.6 5 4.2
2518.3 101.2 19.1 -72.1 64.6 -23.9
5.6 13.3 53.2
369.7 -26.2 -19.7 3.2 -12.3 1.8
2187.4 341.9 -10.6 -1.2 4.3 -3.5
2577.9 96.5 18.2 -82.9 82.7 -29.5
5.9 10.4 57.1
366.4 -21.2 -22.5 1.9 -11.5 1.7
2193.3 347.6 -7.8 0.3 1.7 -7.7
2644.6 95.5 31.8 -80.3 100.5 -30.3
6.3 8.7 59
361 -12.5 -24.9 -0.3 -9 0.7
2194.5 341.8 -12.6 -1.4 0.5 -5.4
2721.6 127.3 72.8 -43.4 124.6 -21.2
7.1 8.6 51.2
351.3 2.1 -27.1 -3.8 -2.9 -2.9
2196.9 336.7 -13.5 0.2 -1.1 -6
2764.1 125 126.6 36.2 147.8 -37.2
10.5 9.1 49.2
341.3 17.8 -31.6 -8.6 5.4 -10.8
2197.5 334.5 -12.8 3 -0.4 -5.5
2796.4 121.7 144.4 47.7 138.5 -40
13.1 9.3 51.2
342.6 16.5 -31.4 -10.2 9 -14.5
2195 332.9 -10.8 5.3 0.4 -4.8
2783.4 139.5 160.5 35.1 119.2 -34.2
81.6 41.8 62.5
372.9 -34.9 -2.9 -6 -29.4 46.8
2217.4 314.8 0.9 3.1 -26.5 26.8
2852.7 170.1 185.7 28.3 73.3 -2.5
82.7 39.7 58
372.9 -34 -2.1 -7.5 -29.3 47.4
2223.3 323.4 -1 -3.6 -30.3 26.6
2916.3 245 184 -15.7 30 -10
178.1 82.5 78.5
421.8 -112.7 29 26.8 -113 146.6
2253.9 290.5 9.1 9.9 -71.8 75.4
2994.2 234.6 173 -20.1 -26.4 54.1
267 133.6 98.1
528.6 -279.2 72.7 137.5 -304 301.3
2329.7 186.9 35.2 59.5 -164 164.4
3108.3 147.8 145.7 25.7 -70.8 106.4
270.3 238.1 142.2
850.1 -691.2 36.7 374.1 -389.8 194
2509.2 -32.2 45.5 94.8 -109.8 74.1
3289.7 -14.8 99.9 76.6 -3.8 1.5
180.3 199 100.4
992.9 -883.4 76.1 322.1 -211.5 -38.8
2402.2 111 79.1 -96 139.6 -187.7
3334.9 -70.7 192.6 -45.6 104.4 -77.8
93.1 144.6 107.7
1087.7 -939.3 17.5 233.8 -11.3 -73
2357.6 168.3 114.3 -191.2 186.6 -132.9
3359.7 -65.8 168.2 -65 147.1 -77.6
119.6 147.7 123.3
1141.9 -942.1 -79 241.3 45.4 -43.4
2345.7 215.6 58.3 -155.7 150.8 -63.1
3370.9 -35.5 116.2 -39.8 134.5 -28.5
132.3 102.4 98.2
1130.5 -950.5 -71.6 298.8 -3.5 -74.4
2324.3 260.8 9.2 -94.8 94.4 -4.8
3353.1 8.6 71.4 15.4 98.6 0.4
176.3 152.4 129.5
1176.7 -981.1 -133.7 330.2 65.7 -126.1
2376.5 238.3 -61.5 -63.3 148.9 1.7
3375.2 30.2 -2.6 53.7 155.4 -21.4
winner is: 8
