Regression analysis information for: S06_selected_tokens_0030
number of formants: 3
number of coefficients: 5
46 177.7 240.8
549 2.7 -11.9 21.4 45.8 10.5
1557.2 313.3 -196.4 87.5 25.2 59.6
2547.5 183.3 -455.8 208.1 -183.2 135.4
21.4 132.9 313
566 -17.9 6.8 29.8 34.1 36
1599.9 257.9 -127 152 -13.9 139.6
2520.4 190.8 -50.9 207 -337.6 420.6
20.5 26.2 22.4
568 -16 8.4 29.7 34.2 35.3
1725.3 185.7 -44 10.2 5.1 26.7
2939.6 -108.2 49.1 -2.3 31.5 -1.9
19.6 25.4 24.9
569.4 -15.2 8.9 28.8 33.7 34.2
1726.3 186.8 -43.2 10.4 5.3 26.3
2929.5 -100.9 53.3 -0.3 28 2.2
20.3 25.9 24.1
569.1 -16 8.2 28.4 34.3 34.5
1728 188.2 -42.7 9.8 5 25.3
2935.3 -94.6 54.2 1.2 21.5 1.8
20.7 26.9 24.5
566.3 -20.7 3.9 25.3 32.4 32.8
1730.3 185.4 -42.7 6.8 4.7 23
2947.1 -89.6 51.8 -0.3 16.7 2.8
22.6 28 26
566.7 -17.1 8 31.4 37.5 36.8
1730.5 191.2 -43 9.6 5.6 26.4
2964.3 -90.1 51.4 -3.8 16.3 0.9
23.5 28.7 27.1
565.1 -16.9 8.5 33.9 39.4 38
1729.6 193 -43.9 11.9 6.8 29.1
2978.4 -94.4 49 -6.9 17.4 2.7
24.5 28.2 24.3
563.5 -16.2 9.7 37.1 41.8 39.6
1725.2 195 -44.4 18.6 10.9 34.2
2978.7 -111.8 46.3 -7.6 32.9 17.2
24.9 25.4 30.4
562.5 -15.2 11.9 40.1 44.1 41.3
1718.2 194.7 -41.5 28.3 18.2 40.9
2944.5 -112.2 53.8 -3.2 59.7 39.1
24.6 24.7 31.4
560.8 -18.7 9.1 36.7 40.6 38.8
1718.7 193.3 -35.5 29.9 18.1 38.4
2927.4 -95.8 75.2 8.1 39.5 33.2
25.5 25.3 24.4
562.1 -16.9 11.1 38.4 42 39.7
1723.4 198 -28.9 34.4 20.4 37.1
2946.3 -101.4 88.9 26.3 33.5 18.8
26.3 25.8 28.3
563.7 -15.7 12 39.2 42.2 39.8
1733.3 207.4 -21.9 36.6 18.6 32
2997.1 -102.8 96.7 43.8 12.6 -3.2
26.4 29.2 72.1
560.7 -24.5 2.7 30.7 34.8 34
1746.1 216.3 -20.4 30.6 9.7 20.9
3085.6 -57.9 110.2 50.9 -25.7 -59.3
101.5 70.9 77.8
678.9 202.4 216.8 222.6 201.2 167.5
1872.8 449.3 184.1 205.7 157 138.3
3213.3 66.7 180.8 113.2 16.2 -29.3
90.5 64 62.9
670.1 180.2 193 199.9 181.5 151.1
1877.9 433 159.3 171.6 131.2 118
3288.9 96.8 138.6 73 -4.3 -40.1
85.9 62.2 57.3
676.5 187.9 196.6 201.2 181.4 148.5
1893.4 442.1 151.1 153.1 117 108.4
3376.3 148.2 97.8 40.1 14.7 -3
81.6 63.8 61
683.9 198 202.8 205.2 184.2 148.4
1908.4 454.3 148.7 141 109.9 104.8
3442.8 186.5 58.4 11.8 43 33.6
82.3 64.5 61.6
686.7 202.6 206.9 209.9 190.3 152.8
1916.8 463.9 151 138.2 111.3 106.3
3471.8 219.2 49.9 -0.4 64.4 54.1
88 67.3 63.1
695 216.8 220.7 223.8 203.6 162.5
1929.3 482.6 159.7 144.7 118.2 114
3505.1 239.6 48.9 2.4 77.4 72.3
winner is: 3
