Regression analysis information for: S06_selected_tokens_0006
number of formants: 3
number of coefficients: 5
4.1 13.9 170.5
360.9 18 -26.2 6.1 5.4 -2.5
1819.2 264.6 -67.5 38.4 -5.5 0
2621 304.2 -50.9 -169.2 190.3 -28.7
4.2 9.4 21.8
369.2 13.3 -30.1 8.9 4 -4.6
1827.2 254.7 -67.7 44.6 -9.1 -3.2
2776.9 92.9 -96.3 85.8 -65.1 37.3
4.7 9.2 18.3
374.3 8.8 -31.7 12 1 -5.3
1831 254.8 -67.9 43.8 -9.8 -3.3
2777 100.9 -87.5 71 -48 28.3
5 9.3 21.8
375 7.3 -32.7 15.3 -2.9 -4.7
1834.3 255.6 -69 43.7 -11 -2.7
2790 95.2 -78.2 63.8 -41.8 28
5.6 9.2 20.2
374.9 4.9 -29.7 15.5 -5.2 -3.5
1837.8 255.2 -69.3 43.1 -11.6 -3
2801.6 91.9 -74.3 60.4 -37.3 25.3
5.3 9.3 20.7
373.9 3.6 -28 16 -7.4 -1.5
1840.8 254.9 -70.4 42.9 -12.9 -2.2
2812.7 88.1 -70.8 58.5 -35.1 24.9
3.6 9.9 36.1
364.2 12.2 -26.3 10.3 -3.3 -1.2
1837.6 259.7 -76.6 44.7 -14.2 -2.2
2812 103.8 -95.6 85.2 -64.5 53.6
2 11.8 26.8
357.6 15.2 -18.9 4.4 -2.9 1.3
1830.4 261.3 -71.4 39.9 -16.7 -3.6
2806.6 105.1 -106.1 86.6 -73.6 45.4
0.8 9.6 20.9
355.4 14.2 -17.6 5.6 -1.3 1.4
1817.2 254.9 -67.9 47.1 -9.3 -3.3
2759.8 130 -140.2 101.6 -61.1 23.3
0.7 7.8 15.5
355.5 14.4 -17 5.4 -1.1 1.5
1811.2 258.3 -59.2 44.6 -6.2 -2.8
2735.7 145.7 -99.1 75.2 -43.4 22.1
0.8 8.1 16.9
355.8 15 -17.4 5.6 -1 1.4
1816.1 266.9 -61 42.2 -5.8 -4.1
2767.7 137.5 -86 73 -37 27
0.8 7.9 35.8
356.1 15.3 -16.8 5.5 -1 1.3
1831.3 270.3 -62.6 38.6 -6 -3.3
2851.4 80.4 -46.8 59.1 -30.4 46.2
1.3 8 36.4
352.9 16.4 -13.9 5.4 -1.5 0.8
1854.2 276.3 -66.6 33.8 -7.3 -2.8
2954.5 22 7.8 21 12.7 20.9
3 8.5 21.9
342.2 18 -5 5.6 -3.1 0.2
1879.6 285.9 -72.7 27.2 -10.7 -3.3
3015.1 30.5 22.8 11.9 26.3 0.4
6 9.3 17
321.7 17.6 16 2.7 -8 5.8
1899.4 297 -79.8 23.1 -15.4 -7.1
3049.6 44.2 28.1 11.4 27.4 -11.2
13.6 9.6 12.6
287.9 15.2 52 -3.3 -16.7 17.9
1914.9 306.9 -83.5 19.6 -20.9 -9.5
3073.6 52.6 35.5 9.6 28.5 -18.5
231.1 152.6 167.2
383.1 -37.8 -164.6 134.7 167.1 -170.2
2005.2 284.5 -241.3 108.3 88.5 -139.5
3179.9 24.1 -136 112.3 156.6 -169
271.1 183.5 197.9
488.8 -159.8 -329.3 381.4 152.1 -386.7
2092.7 217.3 -355.8 263.9 64.1 -281.7
3285.5 -55.7 -268.4 296.7 131.9 -338.2
256 177.7 188.8
518.5 -216.1 -358 468.3 101.7 -416.7
2124 184.8 -378.8 321.6 25.1 -299.3
3323.8 -93.3 -291.6 360.5 92 -361.1
328.6 211.6 233.4
556 -174.6 -422.4 331 143.8 -205.9
2148.6 216.3 -410.1 239.7 38.5 -177.7
3354.4 -54.9 -332.5 270.9 109.4 -222.5
winner is: 10
