Regression analysis information for: S06_selected_tokens_0088
number of formants: 3
number of coefficients: 5
3.3 15.5 26.2
343.8 15.1 4.3 2.7 -4.9 4.5
2120.8 390.1 -66.7 -21.4 -16.9 -8.2
2450.3 309.7 -50.3 -76.4 -0.6 29.8
3.3 13.8 23.6
340.3 17.9 2.6 -0.1 -1.9 1.1
2131.8 399.4 -54.1 -15.1 -16.6 -7.5
2507 265.9 -64.7 -57.2 11.2 17.6
4 14.9 27.4
334 25.9 -0.1 -3.8 2.8 -3.1
2141.4 408.2 -46.3 -11.3 -16.6 -7.8
2564.3 219.3 -66 -43.7 29 4.6
5.3 13.8 35.9
323.3 41 -4.6 -9.8 10.7 -8.9
2148.4 413 -41.6 -8 -15.7 -8.2
2623.2 171.2 -55.8 -33.8 46.6 -10.8
108.1 55.2 68.3
349.3 -2 12.7 12.8 -52 72.2
2173.4 384.1 -29.7 7.9 -50.5 31.5
2707.9 84.1 -25 -4 17.9 28.9
254.6 122.2 128.5
492.2 -198.6 -0.9 225.9 -327.6 240
2259.7 273 -27.2 116.7 -188.7 119.5
2833.4 -48.4 -16.7 118 -108 115.6
195.4 101 95.8
652.7 -457.9 110.7 267.9 -455.4 379.1
2344.9 149.8 26 149.1 -254.1 188.6
2908.3 -190.8 -2 142.9 -187.9 179.7
186.8 108.6 97.7
694 -513.8 107.4 304.8 -476.8 355
2383.5 94.6 37.2 170.3 -276.4 191.8
2938.6 -222.9 4.2 170.8 -185.1 170.9
200.8 122.3 99.2
658.7 -476 138.8 239.5 -444.6 391.2
2360.3 121.6 57.5 117.1 -241.6 199.2
2930.3 -186.3 39.7 121.2 -150.7 190
293.9 168.2 130.4
585.7 -382.9 169.8 98 -279.8 307.8
2336.5 151 87.7 33.4 -157.5 162.7
2926 -146.6 79.3 43 -59.3 155.1
247.9 150.2 123.2
720.3 -584.3 219.2 166.3 -343.1 262.7
2431.8 4.6 148.9 31.5 -164.2 119.3
3029.5 -275 119.7 43.3 -65.2 105.7
158.3 88.9 133.3
910.6 -863.5 291.1 191.8 -282.7 48.1
2583.8 -229.3 260.3 -14.5 -92.3 -26.1
3143.3 -410.7 182.7 16.6 -4.6 -15.2
172.7 142.1 162
939.4 -887 246.8 249.6 -275.6 -17.6
2602.9 -212 202 42 -100.2 -86.1
3197.5 -383.7 160.4 20.9 30.2 -99
168.3 157.2 148.2
1159.4 -941.1 -182.4 408 92.1 -236.2
2691.7 -176.1 -30.9 88.9 149.4 -311.8
3372.8 -329.3 -93 77.5 269.2 -246.1
160.5 187.4 169.1
1162.2 -936.7 -202 387.3 127.2 -198.5
2517.5 43.5 80.2 -179.9 229.8 -185.8
3287.6 -152.6 -24.2 -45.3 204.7 -90
211.6 125 111.7
1225.5 -851.2 -370.5 264.5 133.8 73.4
2362 309.8 -31.3 -102.7 -22.6 119.6
3277.4 -25.5 -83.4 -73.9 68.8 90.5
254.8 147.4 151.8
1430.6 -735.5 -582.1 -95.9 106.9 249.1
2435.9 327.1 -71.2 -195.5 -89.3 195.4
3367.3 30.9 -142.5 -202.1 16.1 149.5
259 159.4 162
1448 -727.2 -592.1 -111.6 86.5 208.7
2481.8 253.5 -27.3 -182.2 -131.7 174.1
3368.9 34.3 -124.5 -198.5 -7.1 106.5
252.4 185.2 172.2
1457.2 -727 -606.3 -111 100.8 206.9
2549.4 159.9 -7.9 -161.8 -145.9 169.8
3360.7 49.2 -131 -198.1 3.9 97.4
246.2 213.6 178.8
1480.7 -711 -635.9 -148.7 107.6 254.2
2678.6 42.2 -53.4 -158.4 -119.6 212
3396.8 38.1 -154.9 -266.3 43.4 200.4
winner is: 2
