Regression analysis information for: S06_selected_tokens_0034
number of formants: 3
number of coefficients: 5
0.6 2.6 9.9
359.2 -7.9 -5.1 -1 -0.7 -1.5
1410.7 -19.3 -62.6 -3.3 1.7 2.7
2784 -198.2 -4.7 -16.2 5.8 5.4
0.6 2.7 7.5
362.5 -11.7 -4 -1 -0.6 -1.7
1416.2 -20.6 -63 -2.6 1.7 2.9
2768.1 -159 -16.9 -7.1 -0.7 8.9
0.6 2.8 7.6
364 -14.1 -3.3 -1.4 -0.8 -1.9
1419.9 -21.7 -63.4 -2.4 1.4 2.7
2773.1 -144.4 -18.1 -5.6 -0.2 7.5
0.4 2.7 6.9
364.1 -14 -3.3 -1.6 -1.2 -1.9
1424.6 -21.5 -62.5 -2.7 0.6 2.9
2784 -137.9 -16.4 -9.2 -1.3 3.6
0.3 3.1 6.7
362.1 -13.9 -4.2 -1.9 -2.2 -1.7
1421.6 -27.3 -66.4 -5.8 -2.8 1.2
2793.3 -140.2 -18.9 -14.8 -2.9 0.9
0.3 3.5 9.7
359.4 -10.7 -5.9 -1.6 -1.2 -1.5
1417.3 -24.2 -68.1 -3.6 1.7 2.3
2804.7 -143.3 -10.5 -11.5 3.6 5.4
0.5 4.2 6.6
356.3 -9.2 -4.8 -2.6 -2 -1.1
1403.9 -28.3 -64 -9.4 -4 2.4
2770.8 -190.3 -35.5 -36.6 -15.2 -2.8
0.4 3.8 7.6
356 -9 -4.8 -2.3 -1.7 -1.2
1401.2 -26 -63.5 -7.7 -2 2.4
2745.1 -170.2 -33.2 -19 -5.5 6.2
0.5 4.4 4.2
356.5 -9.6 -5.2 -2.4 -2 -1.3
1403.3 -24.7 -65.9 -7.1 -3 0.9
2766.9 -147.1 -25.3 -7.9 -9.9 2.4
0.5 4.7 5.6
357.7 -8.3 -5.4 -2.2 -2.2 -1.5
1415.8 -16.6 -62.8 -6.9 -3.9 -0.5
2838.9 -111.1 18.3 -17.4 -7.7 -13.8
0.4 4.9 15
357.9 -1 -8.2 -1.4 -2.4 -1.7
1444.7 1.9 -61.3 -9.6 -3.4 2.7
2940.2 -38.7 61.5 -5.8 15.8 0
1.4 5 15.7
351.9 14.2 -15.7 0.4 -1.9 -2.4
1469.2 15.6 -67.8 -8.8 2.2 5.8
2989.5 -17.1 70.9 5.6 30.3 3.2
3.4 4.5 16.7
338.3 36.8 -25.8 1 -0.2 -3.1
1479.2 21.8 -76.1 -6.5 6.9 5.6
3015.9 -13.8 76.6 7.9 34 -2.1
6.5 4 18.1
327.3 52.8 -30.9 -0.9 1.7 -1.8
1480.1 23 -80.3 -7.5 7.4 6
3023.5 -14.5 74.8 7.4 34.6 -2
6.4 3.9 17.1
328.3 48.4 -21.1 -11 9.3 -3.7
1479.7 21.9 -77.8 -5.9 7.6 5.1
3018 -13 66.9 13.8 33.6 2
7.5 4.6 15.5
326.9 48 -17.1 -17.8 14.6 -5.9
1475.2 20.7 -76.7 -4.9 9.2 3.1
3018.9 -15.4 71.8 15.3 32.3 -4
8 4.9 15.1
324 53 -18.9 -18.9 16.7 -7.1
1476.1 22.6 -75.6 -5.2 9.5 2.6
3020.8 -13.7 74.8 15.6 32.1 -5.1
7.3 4.7 15.5
317.9 64.7 -25.2 -15.5 15.7 -7.3
1481.2 26.9 -74 -4.7 9.5 3.1
3024 -6.9 75.7 18.8 34.9 -1.5
75.4 103.8 85
319.6 50 9.9 -64.1 61.3 -41.6
1532.2 -62.2 15.5 -84.4 72.4 -40.5
3070.2 -66.3 145.7 -34.2 80.9 -32.5
112.1 131.1 103.5
652.3 -516.1 334.9 -86 -113.4 169.9
1995.1 -833.2 454.7 -132.4 -120 190.1
3430.8 -622.6 460 -35.3 -97.5 157.9
winner is: 9
