Regression analysis information for: S06_selected_tokens_0062
number of formants: 3
number of coefficients: 5
10.4 35.3 33.3
337.1 17.3 -25 17.7 -18.5 14
1987.9 144.9 -9.3 -17.6 -0.7 3.5
2438.1 64 -7.9 -27.7 -13.4 1.6
9.8 18.8 35.1
332.1 18.6 -23.6 17.1 -17.7 13.1
2005 130.7 9.7 -37.3 15.5 -11.8
2452.5 72.2 -12.8 -21.9 -15.2 6.3
9.3 13.9 20.7
324.8 18.3 -21.7 15.4 -16.8 11.7
2017 131.6 17.2 -44.5 22 -17.2
2489 43.9 21.4 -49.7 17 -16.5
8.7 14.9 19.7
317.4 16.1 -20.1 14.6 -15.1 11.1
2026 140 17.1 -46.8 20.3 -18.6
2510.1 48.3 25.9 -51.5 22.1 -19.3
8.8 13.4 20.9
310 10.5 -20.8 12.9 -15.1 9.8
2041.6 159.6 23.3 -46.1 21.7 -17.6
2535.8 80.1 40.5 -36.2 36.1 -7.7
8.4 41.8 60.2
306.2 7 -19.3 12.7 -13.4 8.9
2033 127.9 -35.7 -112.7 -30.2 -55.3
2484 11.7 -34.4 -107.8 -14.2 -53.5
8.3 30.2 55.7
304.4 7.2 -18.7 12.6 -13.2 9
1981.5 62.1 -89.5 -131.8 1.6 -17.9
2299 -36.6 53.3 -91.6 2.6 -62.1
8.4 34.7 52
304.6 7.4 -18.5 12.9 -13.2 9.1
2039 176.5 5.3 -71.4 18.4 -16.8
2314.1 -38.6 55.3 -72 14.3 -60.2
8.4 17.4 86.3
305.2 7.8 -18.3 13.2 -13.2 9.2
2063.3 202.4 13.3 -70.9 6.9 -20.8
2506.8 236.6 259.3 97.5 122.8 15.6
8.5 16.4 66.5
305.8 7.9 -18.3 13.4 -13.3 9.3
2071.3 194.2 9.2 -66.5 3.1 -21.2
2634.1 310.4 253.2 96.3 84.8 -7
9 16 82
306 8.5 -19.4 14.3 -14.1 10
2078.4 184.8 8.6 -61.9 2.1 -19
2750 284.9 211.7 90.7 44.4 23.4
9.2 17.4 97.6
306.2 7.4 -19.9 14.3 -14.4 10.1
2084.6 178.2 8.6 -59.8 0.9 -18.8
2809.5 166.2 156.5 124.5 57.2 80.6
9.4 17.7 121.1
306.8 6.8 -20 14.2 -14.7 10.4
2090.2 170.2 9 -61.9 1.9 -17.7
2891.5 66.5 70.7 69.4 11.4 125.2
9.5 17.3 120.3
307.4 6.4 -20.2 14.3 -14.9 10.7
2096.4 165.7 8.5 -64.6 2.5 -19.2
2989 76.3 22.9 88.2 -14.5 114
9.5 16.7 109.7
307.9 6.4 -20.5 14.5 -15.2 10.8
2102.7 164.2 8.7 -67.6 3.4 -21.6
3091 121.5 -4.3 111 -28.5 88.2
9.3 15.7 84.8
308.7 6 -19.9 14 -14.8 10.4
2109.2 164.4 10.1 -70.1 5.6 -25.6
3182.9 156.3 -40.4 106.9 -50.2 64.8
9.3 15.4 62.3
308.8 6.7 -20.4 14.4 -15.1 10.5
2114.6 165.8 10.8 -72.2 6.9 -28.2
3229.3 159.9 -86 86.3 -71.4 56.4
9.6 15 47.1
308.7 7.6 -21.1 15 -15.6 10.7
2119.7 166.3 12.7 -74.7 9.2 -31.9
3244 147.8 -98.6 101.9 -71 37.8
10 14.9 37.4
308.5 8.6 -22 15.8 -16.3 11.2
2122.7 167 13.5 -75.5 11.1 -35.7
3248.7 149.8 -106.3 107.7 -64 20.7
10.9 14 43.4
307.3 10.2 -23.7 17.4 -17.7 12.4
2121 162.9 17.5 -77.8 13.9 -38.8
3229.5 162.1 -99.8 111.6 -61.1 4.7
winner is: 5
