Regression analysis information for: S06_selected_tokens_0076
number of formants: 3
number of coefficients: 5
2.3 10.8 10.1
344.9 -2.6 -6.2 1.4 -2.2 1.9
1948.2 247.1 57.2 0.4 -14.7 -9.5
2545.3 -13.4 39.5 18.7 18 5.1
2.2 10.8 10.6
344.2 -3 -6.4 1.4 -2.3 2.1
1951.6 249.6 58.8 1 -15 -9.2
2559.3 -9.9 40.1 20.4 19.1 4.4
2.2 11 11.5
343.3 -3.4 -6.4 1.4 -2.3 2.2
1955.7 252.1 60.2 1.4 -15.4 -8.6
2576.1 -9 40.3 22.2 20.2 4.6
2.1 11.3 12.6
342.4 -3.4 -6.2 1.4 -2.3 2.3
1959.5 254.6 61 1.9 -16 -7.8
2592.8 -9.2 40.5 23.9 21.1 5.5
2 11.8 14.7
341.4 -3.2 -6.1 1.4 -2.4 2.4
1962.6 257.7 61 3.1 -17.1 -6.6
2607.5 -7.6 38.2 28.2 19.9 8.4
1.7 11.8 16.1
340.6 -3.1 -5.1 0.6 -2 2.3
1964.3 258.9 61.3 4.4 -16.4 -6.4
2618.3 -5.4 32.7 32.6 19.1 11
1.6 11.6 21.1
337.9 -3.3 -4.1 0.8 -2.5 2.5
1957.4 263.3 64.2 7 -14.2 -6.5
2574.4 -33.8 34.2 46.3 24.2 19.3
1.6 10.9 16.2
337.4 -3.2 -3.8 0.6 -2.4 2.2
1949.1 262.5 66.7 7.5 -10.8 -9.8
2542.9 -28.6 52.2 37.4 21.4 6.4
1.6 9.8 13.7
337.3 -3.1 -3.6 0.5 -2.3 2.1
1944 263.3 69.4 4.6 -10.3 -13.1
2527.3 -14.6 69 18.9 23.4 1.3
1.6 10.4 11.7
337.4 -3 -3.6 0.3 -2.3 2
1943.8 265.5 70.5 -0.8 -11 -16.5
2531.6 -5.2 73.2 4.3 30.5 -4.2
1.4 11 13.9
338 -3.2 -3.1 -0.1 -2 1.8
1953.4 263.4 72.6 -3.2 -11.2 -17.4
2565.9 -16.1 74.6 -0.1 36.3 -8.6
1.5 11.7 20.8
338.7 -3.5 -3.1 -0.3 -1.9 1.7
1971.1 259.5 73.7 -9.2 -13 -15.7
2627.2 -42.9 76.4 -9.3 44.5 -15
1.6 12.7 44.3
340 -3.8 -3.1 -0.4 -2 1.9
2000.3 254.5 79.1 -10.6 -16 -7.3
2757.9 -95.7 88.9 -14.3 43.8 -9.6
1.7 11.6 101.2
342.2 -3.8 -3.1 -0.2 -2.3 2.2
2033.9 251.2 83.2 -7.3 -19.3 3.1
3090.7 -26.6 113.7 50.8 25.2 14.7
1.9 10.9 35.4
344.1 -3.2 -3.8 0.4 -2.9 2.8
2054.9 248.7 82.5 -7.5 -21.4 8.3
3284.5 29.1 40.7 -16.8 1.4 68.1
1.6 11 27.3
345.6 -3.1 -3.9 0 -2.5 2.7
2064.1 244.6 81.7 -7.8 -19.1 8.6
3327.6 7.2 41.4 -26.3 10.5 53.6
1.6 10.7 25.4
345.7 -3 -4.3 -0.1 -2.4 2.7
2067.4 245.7 80.8 -8.6 -17.6 7.6
3348.4 6.4 40.8 -29.4 13.3 46.3
1.6 10.7 26.1
345.2 -3.1 -4.4 -0.2 -2.3 2.6
2065.2 249 80.2 -10.3 -15 5
3344.8 25.7 35.2 -36.9 23.5 37.2
1.6 10.2 28.4
344.9 -3.3 -4.3 -0.2 -2.3 2.6
2063.5 248.4 80.4 -11.3 -14.3 4
3338.4 29 34.6 -43 29.2 35
2.1 10 30.6
344.7 -2.8 -4.8 0.4 -3 3.1
2064.9 244.8 83.1 -14.6 -13.9 3.4
3339.9 -1 53.3 -56.7 41.9 33.9
winner is: 1
