Regression analysis information for: S06_selected_tokens_0100
number of formants: 3
number of coefficients: 5
22.5 40.5 160
681.3 45 -45.9 -11.4 -39.7 -10
1188 -70.3 16.2 4.8 36.4 1
1735.6 -110.5 -122.8 10.6 -26.6 -19.7
33.9 28 179.4
765.8 61.2 -23.4 -30.9 -52.5 -0.5
1228.9 -24 32.3 -24.7 31.8 -16.5
2532.2 836.4 -275.6 -127.2 53.9 9.5
35.5 12.7 37.1
827.9 -2.3 13.2 -39.3 -55.5 15.9
1253.3 -55.2 54.9 -25.7 22.5 5
3108.3 -0.3 -52.1 -32.4 -2.4 -33.6
34.7 12.2 12.4
835.1 -28 25.1 -27.1 -47.1 17.5
1254 -63 58.3 -26.5 25.4 5.1
3122.3 -11.2 -56.9 -10.8 -30.9 -20.8
36.9 12.2 12.1
815.8 -47.6 25.7 -12.3 -45.6 18.8
1248.6 -65.4 55.1 -26.7 25.6 3.9
3126.9 -8.7 -58.3 -13.4 -31.6 -20.2
36.6 11.6 12.1
784.7 -46.9 14.1 -4.5 -41.3 16.8
1241.3 -61.6 48.1 -26.3 24.3 1.4
3132.7 -9.1 -58.9 -15.4 -31.9 -20.1
30.9 10.3 12.3
758.9 -29.9 -4 0.1 -37.1 10.4
1236.2 -57.3 42.2 -25 22.1 0.1
3137 -10.3 -58.8 -16.5 -31.7 -20.4
26.7 9.4 12.5
744.1 -14.1 -19.8 2.6 -37 5.1
1233.9 -55.4 39.8 -23.6 20.6 0.6
3138.9 -11.8 -60.9 -17.6 -32.2 -20.9
24.2 8.8 12.6
738.5 -1.2 -29.8 4.7 -36.3 2.2
1231.8 -54.7 38.5 -22.6 19.5 1.1
3142 -11.6 -62 -18.5 -31.8 -21.4
22.4 8.1 12.7
732.9 7.1 -37.1 3.5 -29.8 0.3
1231.5 -56.2 39.4 -21.4 17 1.5
3141.9 -7.2 -65.7 -19.7 -30 -22.1
22.3 8.4 12.9
736.6 9.2 -34.5 4.5 -26.9 1.5
1230.2 -58.6 40.1 -22 16.3 0.8
3143.4 -2.9 -66 -18.5 -28.4 -20.8
22.7 9 12.8
743.1 8.1 -33.3 4.7 -26.2 2.1
1227.3 -60.4 41.3 -22.5 15.1 0.3
3147.7 -3.7 -66.5 -19.5 -26.8 -20.3
23.6 10.3 13.1
749.7 4.5 -32.1 4.9 -29 1.7
1221.9 -59.1 40.6 -22.7 14.6 1.1
3152.9 -8.3 -66.4 -21.2 -26.6 -20.6
24.8 11.5 13.8
755.7 -0.2 -29.7 4.4 -31 4.3
1212.2 -48.2 35 -21.6 14.5 1
3159.5 -14.8 -64.4 -21.9 -27.6 -21.1
34.1 11 13.8
749.7 15.7 -40.5 7.2 -37.3 15
1199.5 -27.8 26 -17.2 16.8 3.4
3165.8 -21.9 -63.4 -21.9 -30.9 -23.2
77.8 177.6 155.5
736.9 9.7 17.1 -76.4 65.2 -61.5
1287.2 -226.9 217.5 -194.6 175 -129.9
3265.2 -199.3 99.1 -175.7 97.6 -132.1
110.2 313.3 123.1
838.1 -287.7 182.8 101 -109.4 -33.2
1955.1 -940.3 175.3 331.6 -555.6 69.7
3418.3 -226.8 -116.4 169.2 -298.9 38
40.1 246.3 177.1
1093.4 -150.5 -88.3 -100.8 -50 -36.1
2886.2 -329.9 -622.5 -202.9 -323.7 -19.3
3606.1 84 -289.9 2 -86.7 -167.7
42.5 153.3 148.9
1128 -67.6 -25.6 -33.3 -8.5 10.4
3085.5 -15.4 -240.5 67.3 -77.4 76.1
3483.5 98.4 50.5 151 84.5 -65.5
6 76 187.1
1147.5 -50.7 3.1 -32.1 -2.2 -10.8
3144 31.9 -113.5 40 -58.2 10.4
3482.8 -50.8 45.7 44.9 84.5 -139.3
winner is: 10
