Regression analysis information for: S06_selected_tokens_0081
number of formants: 3
number of coefficients: 5
6.5 10.4 33.5
431.4 25.7 -33.2 -0.8 -4.4 -9.4
1888.4 151.2 11.4 29.6 -16.6 25.1
2201.1 106.9 -100.9 21.5 34 -23.8
15.4 10.2 81.2
416.4 50.8 -34.6 -10.4 11.3 -28.9
1892.7 145.4 8.9 24 -16.6 23
2449.6 78.8 -153.1 65.7 -16.8 44.4
115.4 56.8 78.9
495.7 -80.4 9.7 80.1 -152.3 106.5
1926.6 107.1 3.7 57.2 -55.8 33.4
2715.6 -73 -147.5 124.3 -94.3 48.6
129.5 45.9 35.7
606.7 -231 26.1 115.9 -145 121.2
1924.2 105.5 42.2 -10 0.5 11.9
2792.7 -160.8 -14.3 -0.4 -27.8 24.5
91.8 9 18
771 -326.1 -108.2 113.7 -38.1 72.4
1908.1 145.5 7.1 16.3 -18.5 18.7
2800 -126.8 -26.3 2.8 -27 14.9
63.3 8.9 14.2
885.1 -346.8 -198.4 42.9 -16.5 84
1912.2 146.6 7.7 15.2 -18.5 17.9
2816.5 -116.2 -27.5 2 -25 11.8
79.3 9 12.5
950.7 -346 -266.7 14.4 -33.9 94.1
1915.5 148.4 8 14.6 -18.9 17.5
2834.8 -112.7 -26.3 0.1 -22.8 9.3
98.2 9.5 14.2
1009.9 -310.6 -315.2 11.1 -69.4 88
1917.3 152.5 6.9 15.2 -20.5 18
2851.3 -108.8 -27.3 1.8 -22.7 10.9
93.5 25.5 31.2
1078.4 -321.1 -314.7 -32.9 -53.8 45.4
1929.4 131.5 29.2 -7.4 1.2 -3.7
2877.7 -130.2 -7 -21.5 -2.8 -11.2
166.5 50.8 68.5
1054.3 -256.4 -317.6 -67.1 -0.7 62.5
1940.5 155.7 39.3 -11.5 -13.6 -22
2904.9 -98 4.6 -26.4 -25.2 -34.3
375.1 287.1 302.8
904.4 -215.5 -285.7 -126.9 127.6 114.6
2101.7 -22.4 45.6 15.9 -87.1 42.4
3053.9 -256.9 -8.3 -13.2 -89 14.1
11.6 8.4 14.1
463.6 5.9 -29.1 4.7 -29.7 4.4
1902.1 151.8 7.1 19.8 -17.6 18
2763 -76 -29.3 16.1 -17.6 8.1
10.6 8.2 12.4
469.8 11.4 -41.5 5 -18.6 -1.1
1904.1 150.3 8.2 18.7 -16.7 17.8
2778.4 -86.7 -17.6 10.7 -20.4 11.1
259.7 192.9 146.1
521.5 -165.4 74.4 92.5 -169.8 95.5
2045.6 -60.1 78.4 84.6 -137 99.4
2937.7 -279.1 32.6 74 -127.6 80.4
168.8 197.4 227.1
1510.7 -542 -535.5 -263.2 -93.6 132.8
2599.8 -184.2 -378.1 -85.6 14.9 -23.9
3409.4 -171.2 -402.1 -343.8 75.3 -42.7
150.6 135.7 165.7
1679.5 -264.1 -364.2 -282.5 -236.4 -110
2453.1 174.8 -287.3 -51 -99.5 -65.7
3141.9 3 42.7 -31.9 -89.7 -117.1
167.8 107.6 150.2
1765.3 -98.8 -234.6 -222.3 -246.4 -188.1
2381.9 98.4 -147.1 50.5 -50.3 -40.6
3204.6 7 29.6 0.4 -18.7 -60.4
171 88.4 80.8
1771.2 -83.5 -213.5 -204.1 -233.7 -182.3
2420.5 10.6 -149.4 34.8 -47 -17.5
3193.8 -37.4 -45.6 -20 -9.5 -12.3
177.7 98.4 108.3
1769.2 -91.1 -222.6 -212.4 -240.7 -188.1
2537.9 -79.5 -137.3 -38 -35.4 -57.7
3195.1 -59.1 -38.3 -36.8 40.7 -16.4
146.3 139.1 187.2
1823.3 33.9 -130.9 -103.6 -149.7 -99
2751.6 -67.4 -184.7 -42.7 -66.1 -56.1
3196.9 -14.2 131 9.7 209.9 24.8
winner is: 13
