Regression analysis information for: S06_selected_tokens_0083
number of formants: 3
number of coefficients: 5
4.5 9.3 27.9
392.8 26.5 22.5 11.1 -2.2 5.9
2086.3 136.9 -101.4 5.4 -15.4 19.6
2319.6 99.8 -85.2 61.3 -43.9 -18.5
4.5 9.3 23.6
394.8 27.6 23 11 -2.3 5.9
2084.9 133.1 -99.6 8.9 -17 15.3
2426.1 116.5 -107 75 -28.7 -4.5
4 9.9 17.8
396.1 28.8 24.7 10.6 -1.4 6.3
2090 130.7 -99.4 9.3 -18.1 12.8
2517.4 101.3 -112.4 77.4 -17.5 14.5
3.9 10.3 20.5
395.4 30.8 26.3 10 -1.1 6.5
2094.8 131 -101 9.6 -18.4 11.7
2575.1 77.2 -111.7 75.9 -18.9 32.1
4.6 10.3 24.5
393.1 33.7 28.1 8.7 -2.1 6
2097.7 132.9 -104 10 -18.5 11.4
2620.1 52 -101 73.1 -24 44.4
5.5 10.5 26.7
388.8 37.8 31.5 7.3 -2 5.7
2102 132.9 -105.2 9.9 -18.4 10.9
2667 7.4 -71 53.1 -14.8 42.1
7.4 10.6 26.9
381.6 44.1 36 5.4 -2.2 5
2106 133.2 -106.3 9.7 -18.4 10.5
2718.8 -54 -19.5 8.6 21.1 11.5
10.2 11 13.1
369.6 54.2 41.7 3.5 -2 4.6
2111.5 132.3 -105.6 9.2 -18.5 9.8
2751.9 -81.9 1.4 -7.9 29.4 7
15.6 10.8 12
350.4 71.8 47.4 0 -3.1 1.8
2113.8 134.3 -107.8 9.2 -18.8 9.4
2772.2 -85.4 3.2 -6 24.9 9.1
81.9 51.1 55
357 34.3 104.2 -31.2 -5.7 29.7
2136.7 98.3 -81.1 -4.8 -20.5 26
2811.3 -132.1 34.8 -21.2 20.1 29.3
276.8 158.2 197.4
466.4 -171.1 256.2 -78.2 -65.1 161.7
2213.1 -32.7 6.4 -30.5 -46.4 88.5
2916.5 -308.9 146.6 -46.6 -19.4 119.9
11.5 11.2 22.1
360.4 49.2 47 23 -12.9 4.9
2115.9 138.1 -104.6 6.4 -18.2 9.1
2767.9 -55.9 4.8 -20.4 37.9 -0.7
10.3 10.7 20.7
372.4 45.8 35.6 11.9 4.2 6.6
2112.7 138.6 -104.3 7.9 -21.5 7.5
2758.8 -55 5.2 -9.5 17.2 -3.7
19.8 11.4 16.4
341.3 93.7 19.5 1.1 26 -10
2117.1 135.7 -102.2 9.4 -22.1 7.6
2784.6 -83.3 20.8 -4.5 8 9.3
194.5 123.8 127.9
818.7 -677.2 208.2 413.1 -527.3 307.1
2384.3 -251.5 -7.8 172.7 -268.3 179.2
3113.2 -505.2 76.9 244.8 -299.3 179.4
463 160.8 279.7
1451.3 -392.8 -695.4 216.8 -255.9 -37.3
2449.9 104 -457.6 125.7 -66.4 -124.2
3354.4 -22.8 -520.6 -27.2 45.5 -172.8
210.2 206.1 297.2
1750.4 -377.3 -622.8 -225.5 -258.6 -123.4
2368.9 91.4 -99.1 -203.5 60.9 -156.2
3230.7 -50.3 36 -356.4 -13.8 -79.5
214.9 168.5 198.9
1799.7 -320.1 -607.5 -231.6 -309.1 -142.3
2298.8 32.4 -28.5 -127.1 88.8 -102.5
3171.3 -149.6 94.9 -176.7 88.8 -89.8
200.7 186.5 186.7
1967.8 -59.7 -351.7 -63 -143.8 -36.2
2367.6 26.5 64.4 -24.1 140.1 -60.8
3212.6 -90.4 246.5 -31.6 199.4 -86.5
179.4 140.4 140.6
1927.6 -101.5 -458.9 -120.7 -230.6 -36.5
2391.4 -109.8 -34.5 -10.6 81.4 -71.8
3164.8 -184.6 164.3 -127 135.1 -103.2
winner is: 3
