Regression analysis information for: S06_selected_tokens_0069
number of formants: 3
number of coefficients: 5
2.3 15.4 9.5
351.6 3 7.5 3.9 -0.2 1.2
1438.3 -84.2 37.8 -82.5 -8 -34.5
2313.3 -108.6 -34.5 -18.4 -11.4 -29.2
2 16 9.2
349.2 3.6 7.8 3.2 0.5 0.7
1439.5 -83.7 38.9 -82.1 -8 -34.8
2320.5 -111.6 -34.8 -16.4 -10.7 -29.4
1.8 16 9.1
346.9 3.4 7.6 2.5 1.2 0.4
1438.1 -84.2 39.4 -81.6 -6.4 -35.5
2326.4 -114.4 -35.2 -14.8 -9.7 -29.7
1.5 15.8 9.2
345.1 3.1 7.4 2 1.5 0.1
1433.5 -85.8 40.1 -81.1 -3.5 -36.9
2330.1 -116.3 -36.4 -13.5 -7.8 -30.9
1.2 14.5 10.5
342.9 3.1 7.8 1.8 1.2 0
1418.8 -85.8 46.3 -79.8 -2.6 -39.8
2323.5 -112.6 -35.9 -11.2 -6.3 -37.4
1.1 13.3 12.8
341.4 2.3 7.3 1 1.2 0.1
1399.4 -93.3 43.1 -87.6 1 -38.6
2297.2 -105.1 -37 -22.3 -3.4 -42.9
1 10.1 14.7
341.2 2 7.1 0.7 1.1 0.1
1394.2 -99.1 39.6 -92.3 -0.3 -36.9
2287.3 -108.5 -37.2 -30.5 -7.5 -39.7
0.9 10 13.4
341.7 1.9 7 0.7 1 0.3
1402.8 -100.4 37.3 -93.2 -3.1 -34.8
2304.5 -119.4 -39.9 -27.1 -9.4 -34
0.8 11.1 15
342.7 1.8 6.8 0.6 0.8 0.6
1419 -102 33.2 -94.2 -9 -29.7
2334.2 -137.6 -45.2 -18.9 -14.5 -22
0.8 14 22.8
344.2 2 6.7 0.6 0.5 1.1
1441.7 -101.2 29.4 -95.8 -18 -22.5
2371.6 -159.4 -48.3 -6.4 -24.4 -2.7
1.1 19.4 35.4
346.2 3 7.3 0.9 0.5 2
1470.4 -88.9 32.9 -95.8 -26.4 -12.9
2408.9 -175 -43.4 8 -32.6 20.2
1.9 36.8 47.2
348.8 5.7 9.2 2.2 1.3 3
1512.5 -41.6 63 -78 -18.1 0.9
2440 -172.5 -28.5 26.7 -21.9 35
2.2 46.7 76
350.5 8.3 11.4 3.7 2.7 3.4
1541.6 4.7 97.1 -56.3 -1.7 2.5
2482.4 -99.9 43.7 88 42.8 70.4
2.2 50 111.6
352.7 10.4 12.6 4.1 2.1 2
1577.2 39.8 114.3 -55.3 -19.6 -24.6
2571.3 15.8 152.1 166.6 73.9 51.6
3.1 54.3 166.1
354.8 11.7 12.7 3.6 0.5 0.1
1607.6 52.8 105.1 -74.8 -46.7 -44.1
2615.2 29.1 157.5 148.2 13 -36
3 54.1 189.9
355.7 11.1 11.2 2.3 -0.7 -0.6
1632.1 55 87.5 -100.6 -69.7 -50.9
2624.9 -11.2 133.4 119.6 -24.7 -75.1
2.1 48.5 202.6
356.6 11.1 10.2 2 -0.6 0.3
1669.5 78.9 79.3 -118.2 -82.8 -42.6
2644.8 -23.7 149.5 132.2 -22.5 -86.6
2.5 48.2 203.3
358 12.5 10 3.2 0.1 2.1
1703.4 88.5 54.8 -148.1 -103.7 -35.6
2627.6 -86.1 116.7 112.2 -59.1 -127.3
6.3 56.9 166.9
361.4 17.1 11.9 7.5 3.5 6.5
1767.7 115.3 36.9 -144.9 -89.4 9.3
2727.9 60.6 332.3 320.7 112.2 27.3
11.8 105.9 177.4
365.2 22.7 13.8 13.4 7.3 10.8
1786.3 56.4 40.2 -39.3 -77.1 -39.2
2758.1 62.3 412.1 332.7 81.3 21
winner is: 8
