Regression analysis information for: S06_selected_tokens_0084
number of formants: 3
number of coefficients: 5
2.4 16.1 24.2
355.7 -10 -12.6 -2.3 -7.5 -0.4
2171.2 269.3 -168.7 -35.8 -66.3 -17.3
2467.4 283.6 -173.2 49.8 -1.5 -25.9
2.4 17.1 24.1
356.1 -10.9 -12.3 -1.8 -7.4 -0.4
2183.5 287.9 -162.7 -42 -74.4 -22.2
2504.6 248.1 -185 65.4 -3.4 -21
2.4 20 24.3
356.7 -11.7 -11.9 -1.5 -7.5 -0.3
2196.5 306 -153.3 -42 -77 -24.6
2546.2 204.8 -185.5 77.5 -10.1 -9.9
2.4 22.3 25.2
357.4 -12.4 -11.4 -1.3 -7.6 -0.2
2211.6 327 -139.1 -37 -76.5 -26.5
2596.4 146.5 -171.7 86.2 -21.9 9
2.4 20.8 24.9
357.9 -12.8 -10.2 -1.3 -7.7 -0.6
2226.4 342.5 -122.6 -26.9 -68.8 -23.5
2652.7 77.7 -131.2 75.3 -35 23.7
2.3 16.4 31.8
358 -12.5 -10.5 -0.9 -7.9 -0.6
2233 354.9 -111.7 -15.2 -57.9 -16.6
2726.4 -8.1 -64.9 43.4 -39.1 27.6
2.3 14.6 32.9
357.8 -11.4 -11.4 -0.5 -7.9 -1.1
2237.6 357.9 -106.9 -10.8 -54 -13.9
2795.5 -103.6 4.9 -3.7 -25.6 21.2
2.6 14.9 25.5
357 -8.8 -12.8 0.3 -7.6 -1.9
2245.7 362.4 -98.3 -4.1 -49.7 -11.6
2823.8 -120.3 18.7 -5.2 -12.8 12
3.6 15.9 23.5
355 -4.6 -15.3 1.6 -7 -3.3
2249 364.4 -93.9 3.1 -44.3 -9.7
2846.9 -122.3 30.6 12.8 -1.9 8.2
4.2 14.1 25.8
354.5 -2.7 -15.8 1.6 -6.8 -4
2250.4 368.5 -88 7.1 -42.4 -6.7
2864.8 -100.9 61.6 13.7 -16.7 4.6
2.4 12.5 29.1
357.8 -7.6 -12.8 0.4 -7.9 -1.5
2251.9 378.3 -90.4 3.8 -40.8 -4.8
2874.2 -45.4 54.9 -0.7 -15.9 0.9
3.1 10.5 27.2
358.7 -8.5 -11.6 -0.6 -7.7 -1.3
2257.7 385 -90.9 5.1 -38.3 -2.4
2894.3 -1 34.1 12.7 -20.6 1
8.4 8.5 25.7
349.6 6.8 -20 2.2 -6.7 -5.8
2268.8 390.3 -94 3.8 -36 1.8
2971.4 -18.9 45.4 -0.8 -15.5 10.6
19.6 12.8 19.3
328 37.6 -34.8 9.8 -10.6 -8.1
2302 374.4 -108.4 11.2 -39.1 11.7
3048.4 -33.1 28.9 -16.8 1.3 -2.7
302.8 237.6 190.3
519.7 -332 258.9 -115.8 -72.5 211.2
2466.7 79.3 117.7 -85.8 -74.4 161.2
3242 -300.2 190.6 -75.5 -38 127.2
278.3 189.9 148.3
750.1 -659.5 245.7 182.9 -370.4 240.1
2635.7 -148.5 123.4 68 -223.7 170.9
3411.8 -492.9 168.3 93.6 -182 121.4
267.8 148.2 131.5
1026.5 -898.2 -66.4 558.4 -320.1 -89.9
2781.1 -279.8 -2.8 233.5 -205.9 30.1
3556.3 -599.9 26.2 262.7 -158.2 -24.1
276.4 166.2 146.8
1040.4 -850.8 -214.3 641.2 -281.3 -94
2765.9 -214.5 -100.5 300.8 -220.8 51.5
3558.2 -551.4 -53.9 315.8 -159.2 -13.3
243.1 122.9 124
893.3 -651.7 -299.3 739.4 -438.7 -25.1
2660.6 -43.2 -205.2 394.9 -316.9 86.8
3477.6 -418.6 -113.1 385.7 -244.5 15.3
345.1 178.4 179.6
653.8 -433.5 -99.7 440.4 -381.9 65
2537 84.7 -121.2 249.8 -266.8 100
3365.6 -301.1 -11.2 248.4 -209.2 35.3
winner is: 12
