Regression analysis information for: S06_selected_tokens_0055
number of formants: 3
number of coefficients: 5
5.6 61.6 118.9
409.3 51.5 3.2 -16.4 -20.3 -11.3
1559.9 5.6 49.4 -31.1 54.6 37.3
2419.3 -221.8 -115.7 38.4 171.7 193.5
6.7 43.7 55.6
417.8 64 11.8 -11.3 -16.5 -8.7
1593.2 60.9 71 -41.4 14.5 -10.9
2562.3 -1.9 -37 -35.5 2.4 22.8
8.7 11 12
419.3 65.3 10.5 -14.6 -20.6 -13.5
1612.6 94 94.1 -31.7 10 -28.5
2593.3 42.4 -2.8 -17.9 0.1 0.7
13.1 10.8 10.9
416 59.1 3.9 -20.8 -26.5 -19.6
1613.6 94.6 94 -32.3 10 -28.7
2603.2 49.2 2.8 -13.7 4.2 2.2
13.6 10.5 11
413.9 55.5 0.8 -22.7 -27.5 -20.4
1614.3 95 93.8 -32.4 10 -29.1
2612.6 56.5 7.4 -9.8 6.6 1.5
12.8 10.3 11.1
411.4 51.2 -3.7 -25.5 -29.3 -20.9
1616.8 93.8 94.6 -34.2 9.7 -29.6
2621.5 62.3 10.4 -6.3 7.7 -0.4
11.8 10.2 10.8
410.5 49.3 -5.2 -25.8 -29.1 -20.3
1617.8 93.5 93.7 -33.7 9.2 -29.9
2629.1 65.1 9.4 -3.3 6.1 -4.1
10.8 10.4 10.2
409.7 48 -6.5 -26.1 -29 -19.8
1618.6 93.7 92.1 -33.3 8.6 -30.2
2635.3 69.9 6 0.3 5 -7.7
9.9 10.7 13.4
409 47.3 -7 -26.2 -28.9 -19.4
1618.1 94.2 90.8 -34.1 8.3 -31
2628.7 65.9 -7.3 -11.6 -4.1 -20.4
9.4 10.7 13.1
408.8 46.5 -7.1 -26.3 -28.6 -18.6
1618 93.1 91.8 -35 7.1 -29.6
2627.1 61.6 -1.3 -16.1 -10.4 -14
9.4 11.4 9.4
409.7 47 -5.6 -24.5 -27.3 -18
1617.9 92 89.3 -31.2 6.2 -29
2636.4 57.9 0.2 -2.6 -6.2 -5.2
10 12.4 15.8
409.4 45.4 -6.3 -25.1 -28.6 -18.9
1621.2 89.2 88.3 -28.8 5.1 -28.6
2655 57.8 6.9 18 3.3 6.3
11.6 13.7 27.9
407.3 42.6 -7 -27.6 -32.8 -21.6
1625.8 85.5 87 -24.7 3 -28.6
2682.7 62.2 18.6 49.2 15.6 20.5
16.4 15.2 43.3
400 36.2 -7.3 -35.5 -45 -28.3
1631.2 80.5 86 -19.5 0.6 -28.7
2717.4 67.2 34.1 89.6 34.1 37.8
56.3 71.8 99.9
405.4 84.6 65 6.1 -20.1 14.9
1664.2 121.4 134.7 35.4 42.6 18.2
2792.3 105.6 90.6 182.3 86.2 92.1
237.5 241.1 241.5
669.6 105.9 -364.6 142.1 394 -54.9
1977.2 112.9 -322.4 218.8 449.7 -85.4
3147.1 92.3 -342.8 373.4 469.4 41.3
277.3 260.3 261.6
815.5 139.6 -442.4 67.8 418.3 142.7
2082 172.8 -221.8 41.3 364.7 285
3396 82.4 -283.1 318.2 297.5 427.3
302.9 256.4 281.2
988.3 124.2 -464.3 -128 87.1 129.4
2114.6 163.7 -106 -180.2 50.8 300.9
3472.3 57.2 -194.3 160.4 -37 261.7
309.6 241 190.8
1128.4 115.6 -323.2 -51.8 45.3 160.8
2103.9 275.4 -83.1 -81.6 133.1 196.4
3524.6 248.4 -75.8 263.7 55.9 141
235.9 191.6 159.5
1227.1 173.9 -160.8 -81.1 108.7 43
2053.5 313.6 -129.4 -53.3 207.8 211.2
3556.4 296.7 -67.6 271.8 59 117.1
winner is: 11
