Regression analysis information for: S06_selected_tokens_0033
number of formants: 3
number of coefficients: 5
5.2 27.7 130.7
364.3 -34.9 1.7 2.6 1.7 -6.8
2008.2 219.3 -288.6 -50.5 -98.9 -8.4
2626.3 8.6 -181.6 -50 93.2 -132.4
5.5 28 51.2
364.5 -38.5 2.2 1.5 2.2 -6
2011.2 221.3 -284.7 -50.7 -98 -10.4
2705.6 -112.6 -102.7 -52.2 27.6 -23.4
5.6 29 16.4
363.5 -42.5 1.8 1.5 2.8 -4.3
2016.1 223.6 -282.7 -51.7 -98.8 -11.8
2739.2 -150.3 -72.5 -60.2 5.4 20.5
5.6 30.5 14
361.9 -45.6 1 2.1 2.8 -2.7
2021.2 226.6 -281.8 -52.4 -100.3 -12.7
2746.2 -143.6 -72.4 -66.4 9.2 17.4
5.2 32.6 14.6
360.1 -48.3 0.2 2.7 2.6 -2.1
2025.4 228.2 -283.4 -54.2 -103 -14.4
2753.8 -144.3 -74.7 -72.5 10.2 18.3
4.6 31.6 17.9
356.8 -49.4 0.7 4.6 2.7 -2.5
2036.5 231 -277.7 -54 -100.8 -14
2761 -150.8 -84.7 -81 8.3 22.5
3.7 28.8 35.1
351.3 -50.9 5.1 9.5 3.6 -5
2027.8 231.1 -306.6 -74.1 -105.4 -7.5
2761.9 -171.6 -113.5 -91 31.2 55.6
3 36.9 45.6
349.5 -51.2 5.2 10.7 3.6 -5.1
1995.1 202.1 -312.9 -80.6 -108.4 6.8
2653.8 -242.9 -47.6 17.3 45.1 -30.8
2.9 33.5 37.8
350 -51.3 5.1 10.7 3.8 -5.1
2010.5 216.1 -314.6 -79.4 -109.2 -1.5
2680.2 -221.1 -75.6 0.1 47.9 -3.7
2.9 35.4 46.3
351.3 -51.6 5.2 10.5 4 -5
2044.2 246.6 -310.1 -81.2 -117.8 -20.9
2775.5 -171.4 -142.6 -106 33 69.2
3 35.9 40.7
352.5 -51.4 5 10.4 3.7 -4.7
2076.3 266.7 -283.6 -61.3 -98.8 -14.5
2865.3 -98.6 -119.9 -154.2 -14.5 37.1
3.1 34.9 52.5
353.4 -50.7 5.1 10.9 3.3 -4.2
2095.1 277.5 -267.5 -51 -87.9 -9.7
2960.2 9.3 -39 -147 -32 11.8
2.9 34.5 46.2
353.1 -48.6 3.9 12.9 1.9 -2.9
2106.1 280.3 -256 -46.3 -83.2 -7.4
3015.7 72.5 24.3 -122.8 -27.6 3.4
2.8 35 33.6
351.8 -45 1.3 16.2 -0.4 -1.1
2112.1 280.7 -247.7 -42.7 -82.8 -6.6
3050.2 113.3 69.8 -103.5 -28.6 -8
3.8 37.3 27.5
349.6 -39.7 -3.1 20.8 -3.6 1.6
2109.3 281.4 -256.1 -41.1 -86.7 -5.2
3077.3 140.2 97.7 -90.4 -30.5 -14.5
3.9 37.5 26.7
348.6 -38.2 -4.9 21.3 -3.9 0.9
2120.9 279.8 -248.1 -36.9 -82.3 -4.2
3095.8 160.4 111.3 -82.7 -34 -26.1
5.1 39.9 29.7
347.5 -36.4 -6.7 21.9 -3.7 -0.4
2124.4 276.7 -254.7 -36.5 -82 -4.9
3104.1 158 105 -83.9 -37 -27.2
6.7 41.8 34.6
346.8 -35 -7.9 21.9 -2.7 -2.4
2130.1 274.3 -262.9 -36.2 -79.4 -5.5
3115.7 159.3 94.6 -88 -40.2 -28.8
8.1 44.7 40
345.5 -32.7 -9.8 22.5 -2.2 -4
2137.6 271.4 -274.3 -35.5 -76 -7.8
3129 157.2 76.4 -97.4 -45.5 -32.8
10.8 48.4 40.6
341.8 -25.8 -14.6 25.6 -2.2 -5.7
2140.8 270.3 -298.7 -34 -75.3 -9.7
3152.7 159.4 55 -106.1 -45.7 -25.5
winner is: 4
