Regression analysis information for: S06_selected_tokens_0023
number of formants: 3
number of coefficients: 5
3.9 61.2 80.8
314.7 -21.6 10.3 6.9 -7.8 5.4
2098.6 110 -436.6 -57.4 -81.3 -19.8
2431.3 190.3 -315.8 -13.4 -84.1 -103
4.3 42.1 87.2
315.2 -21 9.6 7 -8.2 4.8
2133.4 194.6 -366.8 -16.6 -73.6 -40.3
2438.5 208.6 -301.1 -16.8 -94.3 -119
4.2 26.8 93.4
316.1 -20.9 10.7 7.7 -7 5.4
2179.2 257.8 -289.2 36.8 -57.3 -16.8
2509.7 222.4 -233.1 27.5 -99.6 -107.2
4.4 15.2 74.9
316.2 -21.4 11.3 7.7 -7.5 5.5
2185.8 268.4 -276.8 49.6 -46.5 -2.9
2575.8 155.4 -185.9 43.6 -116.4 -58.2
4.1 14.8 45.7
316.7 -22.1 13.2 8.2 -6.6 6.3
2192 264.7 -274.7 46 -47.5 -3.5
2667.6 92.2 -79.2 57.7 -96.4 18.2
4 14.4 32.8
317 -22.7 14.7 8.1 -6.4 6.7
2195.8 262.6 -276.3 43.6 -46.7 -4.9
2734.9 -21.4 10.7 -18.3 -50.1 -4.6
3.9 15.4 40.6
315.3 -23.1 16.2 8.1 -7 6.2
2203.9 267.6 -295.6 38.6 -39.3 -7.2
2739 -33.3 30.2 -40.2 -20 -42
3.5 19.6 52.6
314.7 -23.3 17.5 7.7 -5.9 6.2
2215.9 267.7 -302.7 35.1 -32.6 -3.6
2700.7 -6.9 57.3 -49.2 0.1 -68.5
4 22.6 40.4
314.3 -23.6 16.9 7.9 -7 5.7
2207.9 269.9 -302.7 33.7 -35 -6
2698.5 -53.1 95 -19.2 -42.9 -54.1
3.8 20.8 25.6
314.7 -23.9 17.4 8.1 -6.6 6.5
2205.9 263.1 -290.9 38.7 -39.1 -2.6
2709.1 -80.9 106.3 -13.3 -52.6 -37
4.1 17 25.6
315.4 -24.8 16.7 8.5 -7.8 6.5
2207.8 262.3 -301.9 35.8 -36.6 1.3
2733.9 -79.2 54.9 -14.9 -37.3 -38.2
4.1 15.8 22.9
316.5 -25.3 17 8.5 -7.3 7.3
2219 260.9 -296.7 36.1 -45.1 -0.1
2790.9 -51.3 -16.6 -44.5 -10.8 -14.8
4.6 15.7 20.1
316.9 -25.7 16.4 8.2 -8.1 6.8
2222.3 265.9 -300.5 33.2 -47 -3.2
2836 -26.3 -60.4 -75.8 -5.4 -3.3
4.5 17.4 20.6
317 -25.8 17 7.7 -7.3 6.9
2233 268.2 -293.3 31.1 -48 -4.8
2865.3 0.6 -66 -97.4 -6.9 -1.2
5.3 17.2 22.8
316.2 -26.4 15.5 7.2 -8.7 6
2233.8 276 -292.2 29.4 -46.1 -7.4
2882 19.8 -55.4 -103.6 -9.6 -6.5
6 16.8 23.1
315 -27.7 13.7 6.4 -9.9 5.3
2238.5 281.4 -288.4 29.8 -45.4 -9.8
2899.5 40.6 -46.6 -105.5 -9.1 -12
6.8 16.1 20.2
313.6 -29.6 11.7 5.1 -10.8 4.7
2245.2 284.6 -281.2 31.4 -46.4 -11
2910.2 59.7 -34.6 -102.4 -10.4 -18
9.1 14.4 18.9
311 -34 6.9 2 -14.8 2.1
2245.1 290.4 -285.5 33.5 -45.4 -13.4
2928.3 72.4 -40 -97.5 -2.4 -18.2
13.2 13.8 16.7
306.8 -42 1.5 -4.6 -19.5 -2.4
2255.8 291 -284.5 39.3 -46.8 -14.7
2955.8 91.9 -56.2 -90.5 5.7 -20.1
144.9 53.8 99.2
379.6 104.9 151.7 140.2 125.4 138.3
2292.1 347.3 -233.3 98.5 5.2 34.5
3042.4 207.7 15.9 9.6 111.4 70.7
winner is: 13
