Regression analysis information for: S06_selected_tokens_0112
number of formants: 3
number of coefficients: 5
13.2 9.3 71.6
710.3 -32.7 -152 14.8 -63.4 9.9
1537.2 55.6 58.1 26.7 6.8 21.9
2434.9 252.9 -309.4 102.7 -216.3 22.3
16.6 8.9 116.6
709.8 -35.9 -122.6 9.2 -53.6 2.8
1537.8 54.4 67.3 25.3 11.3 19.5
2466.6 289.6 -96.5 102.1 -155.8 38.4
16.9 9 69.3
708.2 -44.6 -98.9 0.8 -42.4 -0.8
1536.6 54.6 76.6 25.3 14.8 19.5
2487.7 29.2 287.7 -127.4 61.3 -83.4
17.3 8.7 71.1
716.9 -52.6 -92.3 -6.2 -36.1 -0.9
1539.6 54.6 78.6 24.6 17.4 20.9
2557.7 1.1 259.6 -128 44.2 -30.3
20 8.9 61.8
726.9 -54 -105.7 -5 -40.1 4.5
1546.3 56.8 75.9 26.6 17.6 23.5
2708 -8.9 136.2 -143 -1.6 21
20.7 8.7 32.4
744.3 -51.8 -122.4 -1.5 -43.7 9.5
1552.3 55.4 69.5 26.2 17.8 24
2875.4 -87.6 -25.4 -43 -30.9 44.2
21.8 9 14.6
763.3 -48.1 -147.3 3.5 -50.5 14.3
1558.8 56.7 63 28.1 16.5 25.2
2899.5 -96.6 -47.5 -11.3 -17.2 6.2
21.9 9.7 15.7
782.2 -44 -176.3 7.2 -58.9 16.2
1565.3 60.7 57.7 32.1 14.6 26.9
2906.5 -88.5 -43.6 -13 -18 6.1
21.6 9.7 16.6
802.7 -39 -197.9 6.4 -67.3 14.7
1569.5 62.2 53.4 33.7 13.2 26.9
2916.5 -81.3 -43.3 -13.2 -20.8 4.9
21.8 9.7 18.1
808.7 -26.7 -208.3 -0.6 -68 7.4
1569.7 65.4 52.5 34.1 14 26.1
2925.8 -74 -43.7 -11.3 -23.3 4.9
20.8 9.3 18.9
787.8 -17.5 -181.7 -5.8 -68.5 1
1562.8 66 56.3 31.5 13.4 24.1
2923.6 -62.4 -48.5 -9.1 -28.7 3.4
17.7 8.7 18.4
770.8 -20.4 -165 -4.2 -66 3
1559.9 65.9 59.5 31.2 13.7 24
2916.3 -55.6 -43.8 -10.5 -26.5 0.6
17.2 8.7 18.4
765.1 -25.2 -156 -0.4 -66.2 3.1
1560.4 64.8 61 31.2 13.9 23.8
2912.8 -62 -30.7 -11.8 -22.2 -2.7
18 9.1 15.8
763.8 -29.8 -157.5 2.7 -68.1 3.1
1563.3 66.2 62.6 32.3 14.3 24.6
2918.6 -78.2 -16 -14.4 -13.1 -5
19.5 9.4 13.5
769.3 -34.6 -161.3 3 -71.6 3.3
1565.3 66.4 63.7 31.9 15.2 24.8
2934.4 -93.5 0 -19.7 -2.6 -7.7
22.7 9.7 11.7
777.1 -41.1 -169.2 0.3 -79.2 4.8
1564.2 65.4 63.5 31.2 16.7 24.6
2954.7 -101.7 15 -26.4 6 -10.6
30.8 10.6 11.3
770.1 -52.2 -213.2 -4.2 -100.8 9.8
1558.4 68.6 66.3 37.4 17.4 26.7
2978.1 -101.7 23.5 -29.9 11.9 -9.2
117.6 153.5 139
946.6 218.2 79.8 238 149.8 166.4
1726.7 303.4 410.9 225.3 261.6 111
3166.2 113.7 328.3 130.4 242.7 78.7
125.1 207.7 274.8
1085.4 377.3 175.9 157.9 19.1 -71.8
1908.3 556.8 534 23.3 -46.4 -305.5
3279 168.2 250.9 -216.7 -147.3 -361
124.1 268.9 254.5
1189.6 410.6 98.1 -56 -11 -8.7
2148.3 642 241.4 -490.5 -31.7 -57.1
3223.7 -107.5 110.1 -211.8 264.5 -12.2
winner is: 15
