Regression analysis information for: S06_selected_tokens_0042
number of formants: 3
number of coefficients: 5
11.5 28.9 131.2
387.5 72.2 19.4 2.9 -4 -0.9
1183.1 -86.1 142.5 -79.4 56.7 -30.5
2265.1 -464.5 -57.7 363.9 60.5 -53.2
15 26.3 118
403.2 98.3 39.3 21.2 10.3 9
1194.5 -80.1 140.9 -70.9 64.9 -30.2
2478.2 -204.8 -27.6 388.7 175.5 -13.9
15 25 67.2
412.8 113.2 47.1 26.1 13.2 9.7
1202.2 -77.4 134.7 -69.6 68.9 -30.1
2776.9 131.1 -152.5 49 -42.7 -42
13.9 24 18.3
418.6 121.9 49.9 26 12.6 8.1
1207.6 -75.7 129.7 -70.5 71.6 -29.2
2807 148 -182.8 9.5 -41.9 9.1
12.3 23.7 16.3
419.4 122.6 48.1 22.1 8.8 4.9
1209.8 -75.7 127.7 -72.4 71.5 -29
2816.7 152.8 -175.7 18.6 -37.6 11.4
10.8 23 15.4
414.8 113.9 38.5 11.9 0 -2.2
1210.1 -76.1 125.5 -75.2 70.4 -28.4
2826.9 159.1 -169.9 25.7 -35.2 13.5
9.3 22.7 15.3
403.6 93.7 19.8 -5.9 -15 -14.1
1207.5 -77.1 126.2 -79.7 67.7 -27.9
2836.7 165.5 -165.3 30.8 -33.2 15.1
8.1 24.4 17.1
388.8 77.3 8.8 -18.6 -23.2 -20.5
1186.2 -66.2 138 -93.4 64.9 -27
2827.5 191.6 -174.1 30.1 -30.3 5.4
6.1 20.9 27
380.4 67.5 7.8 -17.8 -20.7 -17.1
1174 -70.9 146.2 -97.3 62.2 -27.5
2784.3 147 -197.4 -16 -59.6 -12
6.5 19.4 28.7
380.5 67 8.2 -17 -19.4 -16.1
1175.8 -74.3 146 -98.2 63.7 -26.5
2772.4 109.4 -206.1 -21.8 -56.6 -4.8
6.9 17.9 37.2
383 66.8 6.8 -16.4 -18.4 -16.3
1183.7 -82.4 148 -99.4 64.8 -23.5
2812.2 88.9 -197.3 -10.2 -50.6 6.8
7.8 20.2 47.9
387.6 64.6 1 -14 -16.8 -19.7
1188.3 -91.6 162.5 -108.5 60.7 -11.9
2878.5 66.8 -184.1 17.6 -47.8 9.8
16.3 133 72.8
398.6 53.4 -22.7 -0.4 -13.2 -40
1245.9 -141.8 93.5 -18.3 71.1 -120.1
2971.4 46.7 -180.8 86.8 -49.9 -21.4
28.7 179.5 85.8
398.7 9.8 -76.9 -0.3 -29.3 -73.2
1375.1 -261.4 -59.9 200.2 33.5 -280.1
3039.3 62.7 -153.3 132.4 -55.3 -27.3
67.3 182.2 97.7
475 143.7 46.5 136 89.8 14.2
1413.4 -272 -129.5 234.4 117.5 -338.1
3102.5 145.4 -110.2 191.4 12.5 -6.7
73 248.4 103.8
501.2 194 96 186.5 127.8 35.5
1444 -200 -30.4 311.2 108.5 -347.8
3132.7 197.5 -58.1 200.3 -10.7 -6.8
76.3 290.7 103.2
466.6 149.9 85 202.1 173.6 74.2
1450.5 -188.6 -38.9 352.4 159.2 -388.6
3146.1 204.4 -57.9 171.8 -10.3 -10.5
93.1 420.1 223.5
587.9 355.7 133.5 71.9 -39.2 -135.1
1833.6 389.9 62.4 39.9 -279.1 -894.9
3388.9 501.7 -41.6 65.2 -221.2 -296.3
116.6 676 287.7
621.6 379.5 74.1 -33.9 -71.3 -82.9
1873.4 631.9 125.1 -371.6 25.1 -20.6
3459.2 543.3 -32.8 73 -56.2 -26.2
156.6 533.6 286.8
652.2 276.2 16.8 -121.2 -151 29.5
2119.1 631.6 46.5 -592.1 -110 321.6
3572.2 546.9 20.2 -9.9 -155.7 160.4
winner is: 7
