Regression analysis information for: S06_selected_tokens_0116
number of formants: 3
number of coefficients: 5
56.6 46.5 264.3
801.1 55.1 -57.1 14.4 -24.9 -23.2
1376.4 -46.2 5.4 15.2 -15.3 -6.2
2292.1 -69 -254.3 22.8 -21.2 -96.8
56.4 39.8 135.9
782.8 8.5 -58.7 -19.5 -39.5 -23.9
1369.8 -109.7 5.1 -36.7 -20.5 -32.1
2363.5 -592.7 -41.7 -207.1 -128.7 56.9
44.9 17.3 72.5
756.1 -39.7 -81 -51.2 -61.7 -26.8
1375.5 -134 20.8 -48.9 -20.3 -24.2
2356.2 -577.2 81.7 -226 -150.1 90.5
33 20.6 160.2
800.1 39 -7.2 -1.8 -9.3 19.5
1397 -91.5 61.2 -16.7 14 7.7
2428.1 -443.2 157.2 -176.9 -62.1 186.9
47.5 24 140.9
832.9 73.2 -12 -2.8 -10 9.4
1412 -73.7 70.9 -3.5 24.9 11.3
2636.4 -211.2 232.5 -59.1 -25.3 157.9
21.4 10.3 57.3
892.7 143.5 -12.4 6.9 0.7 3.2
1434.4 -43.2 88.6 19.7 40.5 12.6
2959.3 -2.7 102.7 -20.9 -111.4 -7.4
22.2 10.8 14.7
942.8 181.7 -69.8 -24.8 -11.4 -5.4
1446.2 -36.2 85.1 28.9 45.4 7.9
3026.6 -4.5 -28.2 -32 -14.8 -3.1
21.3 15.7 13.7
990.2 212.8 -113.7 -54.1 -23.3 -13.1
1456.4 -33.4 70.5 33.6 57.5 9.8
3028.4 -1.5 -22.1 -32.8 -11.7 -1.2
20.6 16.2 13
1003.7 215.1 -129.2 -42.1 -18.5 -20.6
1485.9 -11.1 43.1 6.9 49.1 14.8
3034.7 2.7 -20.2 -33.3 -9.9 -0.1
21.5 15.7 12.2
1007.6 219.1 -143.4 -33.4 -17.2 -22.2
1507.8 6.8 22.4 -10.7 44.2 16.6
3042.8 6.7 -19.6 -32.4 -9.2 1.6
21.7 18.5 11.7
1012.2 229.1 -149.6 -31 -12.4 -27.6
1511 17.8 14.8 -20.8 37.2 16.5
3051 12.5 -19.2 -30.8 -8.7 1.7
32.5 39.3 10.7
990.8 257.7 -134.3 -70.5 -18.6 -13.5
1456.3 -3.9 69.8 -2.4 21.1 22.4
3051.5 23.6 -20.4 -27.5 -8 1.8
26 9.4 10.7
919.8 216 -70.6 -50.6 -41.7 1.1
1424.1 -46 71.2 31.7 47.2 9.8
3039.2 32.3 -9.4 -24.5 -8.5 4.1
19 6.6 13.8
855 115.9 -93.9 -46.9 -41.1 -4
1428.7 -54 41.8 -1.6 28.4 6.3
3022.9 12.1 -4.7 -25.4 -10.8 5.5
19.2 5.5 21.4
840.6 80.2 -109.9 -47.3 -43.4 -0.3
1436.8 -50.7 39.2 -8.8 23.6 4.5
3010.8 -35 -25.3 -43.5 -25.5 -3
21.2 6.4 23.1
852.2 65.6 -118.7 -48.4 -47.7 2.2
1436.7 -47.1 39.9 -9.7 22.2 2.3
3017.7 -63.4 -35 -54 -34.3 -7.8
26.6 12.8 21.9
882.2 60.1 -133.1 -52.8 -53.2 9.9
1421.6 -39.3 46.3 -0.8 22 -2.7
3038.9 -66.5 -29.4 -51 -32 -5.7
33.3 25.7 20.2
938.6 70.4 -162.1 -61.6 -59.5 21
1375.7 -28.7 62.6 24.3 20.5 -11.9
3067.2 -53.9 -16.9 -42.5 -24 -2
111.9 79.7 18.3
1009.2 12.3 -132.7 -50.7 -86.2 60.2
1392.6 -127 154.6 -14.1 13.8 45.2
3096.5 -29.3 -1.3 -27.1 -13.9 6.6
182.1 420.2 195.5
1030.5 -55.4 -26.2 -22.3 -13.3 27.3
1676.8 -104.2 -61.3 -417.2 80.4 139.6
3251.5 6.7 -30.4 -143.5 104 31.1
winner is: 14
