Regression analysis information for: S06_selected_tokens_0066
number of formants: 3
number of coefficients: 5
9.7 18 16.1
314.3 -22.1 -29.5 10.6 -8.7 12.9
1630.8 -118.9 -64.9 -71.1 32.8 -30
2229.6 -101.5 -34.8 23.7 -6.1 3.2
9.9 19.3 15.5
310.9 -21.2 -30.8 11.1 -10.2 12.7
1632.7 -121.7 -65.3 -72 35.8 -31
2235 -106.5 -32.8 22.9 -1.7 4.4
10.1 20.3 19.6
307.8 -21 -32.1 11.1 -11.7 12
1629 -125.4 -70.6 -69.5 36.9 -28.1
2235.3 -113.1 -34.1 25.6 3.6 5.7
9.8 21.3 23
306.5 -21.4 -31 9.8 -11.8 10.4
1624 -129 -75.1 -68.6 35.6 -31.2
2232.8 -118.2 -35.3 31.2 6 6.6
10 21.5 26.3
304.7 -20 -31 9.5 -12.1 10.4
1615.1 -130.6 -72.3 -79.8 36.9 -36.7
2224.2 -115.4 -33.5 21.2 11 -3.5
10 22.9 26.2
304.4 -19.9 -30.6 9.3 -12.3 10.1
1611.8 -129.8 -66.5 -86.2 36 -41.3
2219.2 -110.2 -29.2 14.4 11.9 -10.8
10 23.7 23.5
304.4 -19.7 -30.4 9.2 -12.5 9.9
1613.2 -128.7 -60.7 -92.1 34 -45.4
2220.4 -106.5 -24.7 7.3 9.1 -17.5
9.7 25.3 19.6
305.1 -20.1 -29.5 8.3 -12.2 9.1
1619.4 -124.4 -54.9 -95.8 31.6 -49.8
2226.9 -101.7 -20.4 3.8 3.1 -20.3
10.1 26.8 21.8
304.6 -19.1 -30.2 9.2 -13.3 9.8
1621.6 -121.5 -42.8 -100.7 21.1 -53.7
2230.1 -97.8 -9.1 -2.5 -9.8 -28.2
9.7 26.6 19.4
305.5 -19.6 -29.5 8.4 -13 9.2
1634.2 -111.4 -45.9 -98.9 15.3 -54.1
2244.2 -89.5 -15 0.3 -24.6 -21.5
10.2 27.2 25.7
305.6 -19.2 -30.7 9.3 -13.8 10.1
1656.8 -117.3 -55.4 -96.1 8.6 -57.5
2270 -97.3 -25.3 6.2 -51.7 -10.8
9.9 34.1 51.9
307.4 -20.9 -30.4 9.2 -13.5 9.9
1700.7 -128.8 -72.2 -77.9 10.5 -66.2
2330.6 -137.2 -30.9 31.1 -104.4 25.5
10.5 37.1 95
308.4 -22.2 -32.5 11 -14 11.2
1749.8 -152.4 -99.7 -60.3 14.3 -81.7
2454.1 -239.9 -70.3 82.1 -151.8 33.5
10.6 37 113.6
310.5 -24.5 -32.6 11.3 -13.2 10.5
1776.8 -165.7 -104.5 -47.6 27.7 -81.4
2560 -319.5 -150.3 138 -103.3 14.1
11.1 38.7 119.1
311.3 -26 -34 11.6 -12.4 11.2
1799.2 -161.7 -106.8 -50.1 30.6 -79.1
2645.5 -349.2 -202.5 116.4 -74 7.5
11.4 42.4 96
311.2 -27.3 -35.1 11.4 -11.4 12.4
1815 -152.5 -106.3 -53.6 32.8 -76.7
2714.3 -377.4 -216.6 59.8 -38.5 9.4
12.3 48.7 95.8
309.6 -28.1 -37.3 11.9 -10.6 15.2
1826.3 -139.4 -100.6 -54.3 34.5 -77.3
2769.3 -393.9 -219.4 -5.6 -7.6 5.5
13.2 52 121.4
307.9 -31.4 -38.1 10.4 -8.4 17.6
1838 -114.7 -85.9 -49.7 39.4 -78.2
2807.8 -343.5 -215.5 -64.2 -38.2 -21.6
17.2 63.7 139.2
304.1 -35.3 -41.6 10.9 -6.5 23.1
1831.9 -114.5 -81.1 -47.5 52.9 -57.7
2793.2 -325.9 -207.1 -114.1 -47 -8.1
101.8 59.5 162
346.8 42.8 12.3 30.2 -27 -31.9
1852.5 -66.7 -43.7 -38.7 47.9 -69.7
2835.3 -208.9 -124.4 -158.2 -128.8 -88.9
winner is: 1
