Regression analysis information for: S06_selected_tokens_0063
number of formants: 3
number of coefficients: 5
7 36.8 25
331.4 -11.6 -21.9 -14.3 -8.6 -8.1
1401 180.9 154.3 -17.7 55.7 1.4
2385.1 -10.9 65 28.3 20.7 18.1
5.9 43.3 49.1
324.2 -10.2 -22 -11.6 -7.3 -7
1410.3 193.3 143.3 -28.3 46.2 4.1
2396.9 12.3 55.2 44 -3.4 33.8
5.9 51.1 29.5
318.5 -10.9 -23.1 -11.6 -6.6 -8.3
1415.5 204.6 140.2 -31.7 38.9 2.3
2419.5 -6.4 82.8 32 11.1 12.7
5.7 76.3 30.3
313.9 -10 -20.3 -11.1 -4.6 -8
1396.5 217.2 156 -23.7 13.6 -16.7
2419.6 -5.6 88.2 49.6 5.9 5.9
5.2 104.7 40.9
307.6 -10.1 -16.9 -14.2 -4 -7.7
1299.6 236.6 270.7 -25 -1.5 -42.8
2366.8 -6.8 106.5 74.1 28.9 11
4.7 61.1 40.3
303.4 -9.1 -13.1 -16.5 -3.6 -6.5
1148.7 196.1 420.7 55 50.7 -86
2275.6 -19 108 34.6 81.7 49.5
4.2 44 30
302.8 -7.6 -11 -16.8 -3.4 -5.3
1145.1 193.8 401.8 45.7 62.6 -58.2
2275.9 -8.6 108 22 74.2 39.2
10.8 69.9 74.5
301.1 -11.5 -8.8 -11 -4.6 -12.1
1184.6 209 386.2 3.5 50.1 -35.2
2334 5.7 104.9 -10.8 83.2 84.2
7 260.7 308.4
309.7 -10.7 -17.8 -13.2 -3.7 -5.5
1333.6 195.2 232.3 -15.3 -6.2 52.4
2513.5 -59 -38.5 29.4 45.3 151.6
7.7 230.1 279.4
315.8 -16.3 -25.8 -6.2 -4.2 -10.1
1542.4 89 -40.9 177.6 97 -105.8
2769.7 -195.3 -323.3 271.2 162.6 -16.3
7.2 190.9 231.8
319.9 -17.8 -28.7 -1.8 -3.2 -11.6
1620.4 96.2 -115.8 147.6 123.7 -70.6
2854.3 -225.5 -387.8 265.7 233 52.4
6.8 160.2 228.5
317.5 -17.2 -25.6 -5.4 -4.1 -11.4
1688.7 119.7 -175.9 88 147.9 -11.8
2939.4 -174.7 -382.9 268.4 273.3 146.1
4.9 92.4 260.3
317.8 -13.3 -23.9 -10.6 -1.2 -7.9
1773.3 171 -220.6 2.1 124.1 7.3
3099 -33 -356.4 166.2 138.5 43.7
6.1 67.9 76.6
317.3 -12.6 -23.1 -15.2 -1.7 -6.1
1799.7 207.2 -183.5 -84.8 95.5 12.2
3297.5 117.9 -306.2 41 -140.6 2.5
6.5 79.5 65.3
317.9 -11.2 -21.1 -16.7 -1.5 -4
1795.4 219.5 -145.8 -130.6 108.7 40.4
3353.2 69 -235.7 43.4 -153.5 50.7
6.8 85.6 69.3
316.9 -11.4 -18.8 -17.8 -2 -3.8
1784.6 230.4 -104.3 -184 125.9 67.8
3373.6 37 -204.7 19.9 -139.4 52.4
7 78.8 76.6
315 -13.5 -16.9 -18.6 -2.8 -5.4
1784.4 210.6 -61.1 -227.8 150.5 67.2
3380.8 21.4 -195 4.5 -132.7 50.4
6.3 70.5 51.3
314.3 -14.3 -13.3 -17.6 -2 -6.3
1775.7 188.8 -24.3 -252.6 162.3 70.8
3403.1 -15.4 -154.9 -32.2 -97.2 20.1
6.3 67 38.2
312.9 -17.4 -10.6 -17.9 -2.8 -8.5
1748.7 152.8 43.3 -242.5 160.1 64.4
3406.1 -34.6 -142.1 -44.4 -85.6 7.8
6.4 57.1 37.7
312.3 -18.3 -9 -18 -2.6 -10.2
1706 132.4 116.7 -207.4 142.5 16.2
3402.5 -36.8 -130.2 -39.3 -81.8 -0.1
winner is: 1
