Regression analysis information for: S06_selected_tokens_0067
number of formants: 3
number of coefficients: 5
4.2 26.4 10.2
356.4 14 -0.5 3.6 -3 5.1
1510.8 -200.5 13.8 -127 -4.1 0.1
2282.4 -122.3 -12.5 -22.8 19 -2.1
4 28.8 10
349.8 16.1 2.3 3.7 -3.4 5
1519.4 -200.8 8.9 -130.2 -6.5 2.4
2290.2 -127.4 -13.2 -24.4 20 -1.7
3 30.7 10.3
343.1 18.3 6.7 1.8 -3.7 5.5
1521.3 -200.4 9.1 -135.5 -9.9 9.4
2293.4 -131 -12.5 -23.4 20.4 1.3
2.6 33.9 16.7
338.2 20 9 0.3 -3.3 4.9
1499.7 -188.1 34 -165.7 -9.6 35.2
2284.2 -126.1 -3.5 -29.7 23.3 10.7
2 29.4 26.1
335 18.9 10.9 0.5 -3 3
1439.4 -202.7 81.2 -142.2 8.7 38.2
2256.8 -119.4 9.8 -13.8 30.3 9
2.1 14.6 26.3
332 18 10.6 0.3 -4.1 1.3
1345.3 -233.2 119.5 -117.4 13.5 -33.3
2216 -99.1 12.9 -4.9 33.5 -18.8
2.2 18.6 22.3
331.6 17.5 10.3 0.2 -3.7 1.5
1340 -238.1 110 -120.6 25.7 -30.8
2218.2 -105 10.7 -10.4 38.3 -18.9
2 21.6 16.1
332.5 16.7 10.4 0.1 -3.3 1.2
1365.4 -245.6 101.9 -118.9 20.2 -25
2234.7 -121.1 18 -16.2 40.8 -16.2
2.3 29.8 17.5
334.3 16.4 9.5 0.4 -3.2 1.4
1416.7 -263.5 80.6 -113.2 4.3 -13.5
2251.3 -146.7 41.9 -31 51.8 -16
2.7 64.1 57.2
337.4 16.3 7.8 1.4 -2.9 1.7
1528.6 -306.1 10.6 -71 -46.1 4.2
2223.4 -154.3 117.3 -82.2 90.8 -18.6
3 106.3 344.2
341.5 17.4 5 3.3 -2.4 2.3
1671.3 -309.2 -133.7 -100.5 1.2 104.3
2424.7 -230.4 -147.3 -33.2 219.5 43.8
3.1 69.7 222.9
346 19.5 3.8 5.1 -1.2 2.2
1776.4 -335.2 -261.6 -25.5 67 84.2
2840.9 -325.4 -624.5 35.5 145.2 64.1
4.1 97.2 195.5
350.3 23.7 4.8 6.5 -1 0.7
1868.2 -202.2 -208.5 -64.6 -13.5 18.7
2983.1 -274.8 -600 -94.9 -139.5 15.6
5.5 98 130.1
350.9 28.3 10.7 5.4 -2.2 -1.5
1942.1 -78.4 -143.6 -74.8 -81.2 -89.3
3103.6 -29 -508.1 -134.5 -183.8 -213.1
5 80 119.1
349.8 27.1 11.4 4.6 -4 -2.5
1920 -132.2 -178.6 -110.7 -95.3 -89.1
3147.4 -138.4 -527.1 -150.7 -258.7 -139.4
4.4 101 131.8
348.7 26.8 12.5 6 -4 -0.8
1887.1 -209.3 -229.9 -173.3 -146.1 -135.5
3181.7 -192.2 -530.1 -182.9 -290.2 -103.4
2.5 97.6 240.4
347.8 25.2 14.7 7.4 -1.5 1.8
1949.6 -79.4 -69.6 -25.1 -8 11.7
3281.8 -73.9 -276 19.4 -120 54.4
2.3 85.4 226.7
347.5 25.6 16.5 9 0.3 4.1
1951.6 -61.5 -20.8 2.1 14 31.9
3244.7 -172.1 -173.6 125.9 17.3 183.6
3.3 65.7 198.8
348.1 27.2 18.2 9.9 1 5
1962.8 -32.2 21.8 10.7 27.6 39.7
3282.9 -180.6 -74.1 130.5 95.2 232.5
5.7 56.9 181.4
348.4 29.6 17.7 11 -0.6 5.2
1979 -20.6 35.9 8.3 37.4 35.1
3359.5 -130.9 -30.5 100.7 121.3 223.8
winner is: 8
