Regression analysis information for: S06_selected_tokens_0080
number of formants: 3
number of coefficients: 5
3.3 10.2 44
355.1 3.1 9.6 -8.6 0.7 5.5
2336.7 344.2 -140 15.6 18.4 -0.2
2701.1 355.1 -159.7 22.4 4.9 -35
2.6 9.5 46.8
353.2 -1.1 10.4 -7.6 0.4 4.1
2351.8 363.7 -133.9 10.4 14.3 -0.3
2780 299.9 -101.8 33.9 7.2 -12.6
2.4 9 49.8
352.1 -3.7 10.6 -6.2 0 3.5
2361.1 377.2 -132.2 3.1 9.4 -0.8
2860.6 231.6 -27.9 22.6 24.5 -1.4
2.2 8.4 43.1
351.1 -4.7 10.5 -5.3 0.3 2.4
2370.9 382.9 -131.3 -1.4 3.5 -0.8
2926.6 161.5 26 1.5 30.5 -1.3
2.3 9.2 32
349.2 -4.6 9.3 -3.6 0.4 1.5
2383.1 397.5 -131.9 -10.7 -4.7 -3.4
2977 140.8 57 5 28.8 12
2.6 8.2 30.9
346.3 -2.2 6.6 -2.3 0.4 0
2397.1 412.3 -127.7 -12.9 -8.6 -4.2
3011.9 131 73.5 14.5 29.1 22.4
3.5 7.4 39.9
342.1 3.9 2 -0.4 0.8 -2.3
2408 419.4 -125.4 -14 -11.4 -3.1
3022.3 95.1 64 12.2 26.9 30.5
5.2 8.5 42
337 11.8 -3.4 1.5 1.4 -5.3
2412.1 423.2 -130.1 -20.8 -15.8 -3.5
3027.4 64.5 68.3 27.3 40.4 43.5
4.5 9.3 37.9
335.3 14.9 -5.2 3.6 -0.3 -4.1
2412 418.7 -130.8 -20.8 -15.8 -1.3
3032 62.9 100.4 36.4 31.9 41
3.8 9.9 30.8
340.4 5.2 1.8 -0.7 0.4 -3.1
2406.5 419.7 -129.5 -20.1 -13.1 0.3
3037.9 97.4 131.9 44 39.1 42.3
2.3 11 32.4
346.3 -4.5 8.2 -2.1 -1.2 0.3
2400.9 417 -123.7 -12.8 -9.2 -1.6
3019.8 146.9 125.4 46.4 48.2 22.6
3 9.2 23.2
348.6 -8.7 10.8 -4.2 -0.8 0.2
2400.5 419.4 -125.2 -12.5 -8 -3.1
3030.4 173.3 111.9 51.4 38.3 13.7
2.3 7.7 19.1
346.4 -3.4 8.2 -3.7 0.6 -1.6
2417.1 428.6 -134.8 -23.7 -13.6 -3.1
3086.9 183.2 89 22.1 18.3 -2
5.9 6.7 25.7
333.8 18.4 -2.6 -4.5 6 -8.8
2434 439.4 -146.5 -30.1 -14.5 -3.7
3189 186.2 41.2 -12 1.1 -6.5
323.7 215.2 153.8
650.4 -521.5 308.8 -14.5 -234.8 357.9
2692.1 29.8 90.5 -55.6 -159.1 227.4
3457 -147.7 175.9 -26.3 -111.6 152.5
180.2 197.6 159.2
815.6 -784.6 422.3 -32.6 -180.6 150.3
2758.4 -50.7 128.8 -134.3 18.2 -50.3
3578.8 -277.4 222.1 -73.8 -19.2 -17.4
182.7 179.7 150.8
896.7 -845.3 294.7 136.5 -198.7 9.3
2565.4 313.3 -134.6 -16 59.8 -173.8
3475.8 -30.8 10.8 24.7 30.6 -135.4
144.6 120.6 104.3
915.3 -877.5 318.4 127.5 -211.3 54.3
2539.6 357.2 -144 -22.2 50.4 -120.3
3459.1 6.6 -7 24.4 18.5 -88.6
134 89.1 80.7
949.3 -921.8 314.7 153.7 -223.4 41.6
2532.3 376.4 -163.5 2.4 22.9 -77.8
3447.2 39.9 -36.1 62.2 -8.4 -54.4
123.9 77.4 67.6
931.9 -915.5 355.9 112.2 -229 80.1
2534.6 363.2 -129.6 -24.8 30.9 -69
3434.2 54.8 -22.5 53.2 -9.4 -40.5
winner is: 13
