Regression analysis information for: S06_selected_tokens_0079
number of formants: 3
number of coefficients: 5
5.9 17 33.8
383 -19.5 -31.2 -8.2 -20.7 -6.6
2170.1 166.8 -29.1 22.4 -2.6 17.2
2687.1 -51.3 -7.3 42.1 -3.7 -3.3
5.2 15.5 25.2
383.2 -22.1 -33 -10.2 -22.1 -6.5
2171.7 169.7 -24.3 28.6 2.3 19.2
2701.3 -23.5 9.7 49.3 7.1 -1.8
4.7 21 25.9
382 -23 -35.1 -12 -23 -6.6
2169 158.7 -36.8 16.8 -9.5 7.3
2708.5 -53.2 -4.5 22.4 -13.2 -19.3
4.5 22.1 39.3
381.1 -23.3 -35.3 -13.5 -22.8 -5.8
2171.8 158.9 -39.3 15.5 -9.6 8.2
2711 -74.1 -22.8 11.3 -19.9 -15.4
4.3 14.9 34.2
381.7 -22.5 -33.7 -13.8 -21.8 -4.9
2183 172.7 -26 26.1 1.6 16.6
2732.9 -50.1 -0.4 36.1 3.4 10.4
4.8 14 20.3
380.8 -23.3 -34.9 -14.9 -22.4 -4.9
2186.5 177.9 -26.3 26.3 0.9 16.1
2751.5 -36.2 13.4 42 6.2 6.2
5.1 13.9 15.8
380.9 -23.3 -34.9 -15.4 -22.5 -5
2188.5 176.4 -28.4 24.2 1.1 17.2
2767.6 -30.5 23.9 43 7.3 3.5
4.9 14.1 13.6
382.1 -22.1 -33.5 -15.2 -21.9 -5
2192.4 173.9 -28.6 21.4 1.7 16.8
2779.1 -35.9 28.2 40 9.8 6.8
5 13.9 14.6
381.9 -21.9 -33.7 -15.6 -22.2 -5.4
2195.6 176.1 -28.4 20.4 1.5 16.8
2788.2 -34.8 31.6 38.9 10.6 7.3
5.4 14.5 17.5
381.4 -22.7 -33.3 -15.7 -23.5 -5.7
2192.2 181.9 -20.9 17.9 0 14.9
2774.2 -14 46.7 27.8 17.2 -1.4
6.8 15.6 16.4
379.7 -25.4 -36.8 -17.4 -25.5 -7.4
2190.5 182.8 -14.8 25.4 -1.2 13.1
2776.3 -21 61 40.7 13.3 -2.9
7.5 14.2 14.6
379.2 -25.4 -37.9 -18.6 -25.5 -8.6
2192.4 176.4 -21.2 29.5 5.5 18.9
2785.4 -38.6 47.9 50.3 16.7 10.1
7.1 17.6 18.1
375.7 -18.8 -35 -19.4 -22.1 -10.5
2208.4 172.3 -46.3 15.5 -0.6 16.1
2825.6 -67.8 7.2 37.4 2.6 11.8
11.2 19.5 21.1
352.5 3.8 -27.3 -24.9 -11.2 -21.9
2236 176.9 -59.1 7.5 -4.9 10.7
2896.3 -88.2 -10.6 26.2 -11.8 13.3
274 141.4 166
439.1 -103.7 147.4 20.6 -73.5 222.6
2323.7 92.6 10.4 30.2 -58.2 130.2
3031.3 -190.9 85.7 57 -62.1 159
328.5 139.6 192
770.4 -488.3 101.1 531.1 -427.1 353
2510.8 -100.1 1.9 244.6 -219 197.4
3281.1 -401.6 84.1 346.9 -224.7 226.2
506.4 215.6 336.8
1158.6 -667 362.9 534.4 -47.1 43.3
2694.9 -243.9 159.2 174.4 0.1 -18.5
3546.9 -420.5 277.7 389.9 54.1 76.3
398.8 155.2 278.3
1316.6 -607.4 676.7 616.1 7.9 269.4
2786.3 -258.3 316 204.6 13.7 88.4
3639.2 -410.7 449.4 426.3 55.6 180.3
265.3 122.7 180.5
1034.8 -660.1 805 257.1 -75.6 392.8
2652.7 -284.1 342.1 32.5 -36.5 132.6
3459.3 -456 523.2 210.2 -13.5 232.8
218.8 82.3 129.9
1017.1 -647.5 767.5 170.7 -56.6 392
2606.1 -323 302.8 -34.9 -59.9 107.9
3401 -504.9 484.3 130.3 -38.1 207.1
winner is: 8
