Regression analysis information for: S06_selected_tokens_0113
number of formants: 3
number of coefficients: 5
14.8 40.7 133.3
857.3 41.5 -67.3 34.8 6.1 37.6
1700.9 17.8 -7.7 20.3 30.7 58.7
2337.2 -99.4 -83.3 189.8 252.7 121.6
19.4 60.4 144.1
832.6 11.1 -65 43.3 14.9 48.3
1664 -51.2 -53.3 -2 34.5 80.4
2273.4 -79.8 34.6 307.6 292.3 143.4
22.8 64.2 129.2
817.5 2.2 -67.5 47 11.9 46.4
1657.2 -60.2 -60.7 -3.6 35.7 85.5
2188.6 -51.4 121.5 329.4 226.4 90.1
35.4 80.6 133.4
828 4.9 -69.3 29.8 -14.9 24.8
1646.4 -83.3 -76 -11.8 37 94.3
2210.8 -116.9 83.6 326.1 194.7 95.4
36.3 82.9 189.9
867.9 43.9 -56 20.3 -36.5 5.6
1668.5 -51.2 -55.7 -8.2 23.4 70.7
2394.3 -85.4 79.8 338.6 135.2 -16.5
42.8 128 254.6
899 54.7 -58.7 5 -54.6 -10.9
1646.7 -73.3 -12.7 64.7 54.1 22.9
2712.4 -53.7 -34.8 230.4 72.9 -7.3
22.4 10 36.4
945 81.3 -62.8 -16.8 -71.8 -9.6
1743.3 55.8 2.4 -6.8 -22.2 6.2
2995.2 -16.3 31.2 15.7 17.5 -3.2
23.8 10.5 12.8
977.9 72.3 -62.3 -28.2 -72.3 -10.2
1749.3 52.4 2.3 -9 -22.3 5.2
3003.6 -47.6 52.5 2.9 22.5 9.6
28.1 11.3 13.4
1001.6 61.5 -64.1 -36.4 -73 -8.2
1754 51.2 1.9 -9.8 -22.7 5.7
3006 -47.4 51.5 3.1 23.7 9.8
27.9 11.1 13.9
998.5 58.2 -67.6 -32 -83.2 -9.2
1754.3 52.5 1.9 -7.8 -23.9 7
3014.7 -43.2 52.7 3.6 22.8 10.2
43.4 11.6 13.3
967.2 35.7 -47.1 -27.9 -70 -17.7
1749 49.1 5.9 -8.3 -21.4 5.5
3020.8 -35.6 58.8 0.8 23.6 8.6
40 10.7 14.5
909 -4 -74.2 -1.3 -57.1 -13
1739.8 44.1 2.2 -3.9 -20.6 5.3
3020.1 -26.2 69.6 4.3 19.9 7
24.5 9.9 14.9
876.7 -36.5 -102.8 0.6 -55.1 -9.3
1733.3 37 -4.1 -4.5 -21.9 3.7
3009.3 -19.5 70.8 16.5 20 6
18.8 10.3 18.2
876.9 -53.6 -110.1 1.2 -53.6 -8.5
1731.5 28.8 -8.8 -8.1 -23.4 1.7
3001.7 -38.5 60.1 17.5 23.4 6.6
19 10.9 19.1
883.2 -61.5 -122.4 4.5 -58.4 -10
1732.2 27.9 -11.7 -8.6 -24.7 2.2
3007.3 -52.7 49.8 15.7 22.6 5
19.3 11.3 17.6
896.8 -66.4 -131.4 9.3 -61.5 -11.7
1733.5 29.2 -11.7 -9.5 -24.6 2.7
3020.5 -56.5 44.4 14.9 23.2 3.2
21.3 11.8 14.8
911.9 -69.3 -140.9 15 -65.5 -12.4
1733.9 33.3 -10.3 -10.1 -24.1 3.8
3038.1 -54 46.1 14.8 25.2 1.9
23.9 12.1 12.6
930.2 -66.3 -148.7 20.5 -68.2 -12.4
1732.6 38.3 -7.7 -11.4 -23.8 4.2
3055.4 -47.5 47.5 12 27.4 -0.5
29.9 12 10.9
936.1 -54.7 -176.8 32.1 -80.5 -5.1
1728.3 46.7 -6.2 -9.9 -24.3 6.8
3073.4 -39.1 51.8 11.1 29.6 0.2
51.3 12 9.7
931.8 -9.5 -220.6 68.9 -110.7 22.4
1722.7 53.6 -3.6 -8.9 -24.4 6.4
3086.6 -30.7 54.5 9.7 31.6 0.9
winner is: 8
