Regression analysis information for: S06_selected_tokens_0087
number of formants: 3
number of coefficients: 5
3.2 9 43.3
378.5 21.9 -7.5 0.7 -0.1 2.6
2041.8 195.4 -38.8 20.2 -2.3 13.3
2417 169.9 -10.2 6.5 10 74.6
4 8.5 38.7
376.5 26.7 -4.9 -0.6 1.6 3
2044.8 188.9 -42.8 21.1 -4.2 12.2
2509.1 138.6 -29.8 -0.9 -1.4 58.4
4.5 8.2 36.3
369.2 25.8 -5.1 -7.5 -1.4 0.2
2051.3 188.1 -42.4 23.8 -3.3 12.1
2574.6 138.5 -28.1 27.8 12.5 46.3
5.9 8.9 41.7
362.2 26.6 -2.6 -11.9 -2.8 -0.7
2055.9 190.4 -42 26.2 -2.1 12.8
2614.2 128.7 -31.3 40.1 21.8 36.8
7.6 18.1 47.6
355.5 29.2 -1.9 -13.5 -4.2 -1.7
2052.1 181 -54.3 15.2 -12.9 2.1
2611.7 29.6 -84 -33.1 -17.7 -18.7
9.7 9.4 38.6
344.8 39.9 0.3 -16.3 -2.5 -3
2061.9 193.4 -41.1 28.7 -0.2 14.4
2669.8 -22.4 -44.1 -34.9 3.9 -28.8
14.6 9.1 36
322.9 65.5 -0.5 -20.7 2.7 -7.9
2064.4 190.4 -42.8 27.7 -1.7 13.8
2772.2 -76.1 55.4 -12 53.5 -13.8
298.8 190 66.2
470.7 -213.6 199.5 -44.5 -150.5 279.7
2187.7 -20.4 80.5 15.1 -99.2 186.2
2858.3 -154.6 102 25.8 7.1 62.7
225 119.4 109.5
993.2 -899.4 148.9 321.9 -187.3 -155.4
2485.6 -425 130.9 116.7 -62.4 -67.6
3177.9 -615.2 264.9 34.3 8 -16.9
222.2 201.6 195.4
1043.7 -766.5 -248.2 430.2 147.1 -374.5
2395 -160.9 -163.2 177.6 145 -297.1
3185.3 -429.6 -116.7 205.1 186.9 -280.1
327.3 119.3 168.4
1014.7 -487.7 -473 126.6 305 224.3
2206.3 195.9 -285.1 3.7 193.6 45.7
3067.7 -99.5 -286.1 -17.2 304.6 89.6
431.8 279.6 280.5
859.5 -654.9 62 86.3 83.9 77.8
2330.8 -138.1 -8.6 41.1 72.1 -44.8
3099.9 -385.1 75.1 30.3 127.9 -19.9
312.4 163.1 180.6
1001.1 -831.2 -66.8 446.8 -197.8 81.3
2478.4 -347.7 13.6 193.6 -126.1 77.7
3210.8 -549.5 120.2 127 -38.3 86.2
295.4 154.2 204
1103.7 -850.7 -328.1 577.1 -26.4 -15.2
2530.8 -345 -118.9 267.1 -91.1 43.5
3289.7 -564.8 -11.1 194.1 -30.8 107.5
263.7 179.8 202.5
1510.8 -567.4 -783 -84 -77.9 353
2612.2 -225.1 -159 -83.7 -83.4 270.3
3436.6 -323.2 -177.8 -345.1 27.4 370.3
132.2 124.8 203
1799.9 -353.1 -538.5 -376.5 -300.6 -163.7
2620.2 -61.5 18.3 -408 35.6 4.9
3533.4 -54 -74.9 -590.8 60.6 -92.3
134.4 162.9 323.5
1803.2 -348.6 -545.2 -378 -303.1 -171.5
2568 -61.7 41.3 -326.4 84 -21.1
3366.5 -35 -28.7 -332.1 139.9 -227
116.6 125.7 200.2
1801.8 -345.3 -541 -370 -288.9 -159.8
2523.6 -178.1 31.1 -213.7 163.8 71
3168.5 -192.8 56.4 -108.5 213 -122.5
130.2 128.7 131.1
1806.5 -337.5 -536.7 -375.7 -300.6 -172.5
2564.9 -217 1.7 -157.9 89.9 114.6
3095.6 -161.5 105.5 -66 84.5 -68.3
143.8 118.4 139.9
1835.3 -281.3 -499.1 -362.7 -319.8 -215.1
2674.9 -252.8 22.2 -138 12.5 86.3
3139.2 -147.9 206.6 -109.2 97.5 -102
winner is: 3
