Regression analysis information for: S06_selected_tokens_0098
number of formants: 3
number of coefficients: 5
3.3 22.4 45
384.1 -33.9 -3.3 4.3 -12.3 0.3
2235.8 365.3 -37.8 10 18.7 34
2430.1 439.9 37.5 -38.9 -19.8 21.9
2.9 15.4 69.7
383.7 -38.6 -4.6 4.4 -11.5 0.6
2262.4 378.1 -36.8 22.3 7.6 16.1
2504.7 450.1 74.6 0.6 42.9 62.3
2.9 16.5 76.9
383.3 -42.1 -7.1 5 -11.6 0.8
2270 398.1 -21.6 20.7 -5.5 3.5
2625.3 426.9 77.4 73.9 103.7 78.1
2.7 15.3 64.3
383.5 -43.4 -8.3 5.6 -10.8 0.9
2276.2 401.7 -14.1 17.1 -13.4 -2.6
2757.5 316 74.3 139.3 95.9 70.1
3 17 46.9
381.9 -42.1 -11.3 6.3 -10.1 0.8
2283.6 411.6 -11.4 13.9 -22 -7.6
2872.7 198.3 152.1 152 78.9 48.3
4.1 47.5 41.3
377.9 -35.8 -15.3 6.4 -8.5 -0.3
2272.1 379.7 -42.4 -15.3 -47.7 -25.8
2889 177.6 152.7 126.3 74.8 32.4
6.9 55 62.1
368.5 -22.1 -22.3 6.9 -5.1 -2.2
2278.4 377 -48.7 -28.5 -61.8 -35.1
2880.9 127.7 122.4 108.4 63.7 20
41.2 26.3 52.8
379.4 -33.5 -38.9 48.1 -49.9 17.7
2299 413.9 -18.3 0.1 -39.7 -17.4
2901.4 132.5 144.3 138 98.4 48.5
80.8 33.6 67.5
420.7 -106.2 8.6 32.2 -57.2 32
2313.9 404.8 2.9 3.9 -30.9 -7.9
2909 80.8 147.5 137.9 121.9 93
28.1 21.4 71.4
362.4 -23.1 -0.5 -26.9 22.7 -20.4
2302.8 420.8 -10 12.8 -28.7 -13.2
2886.5 73.4 114.6 141.5 120.4 90
18.7 19 68.1
376.9 -43.3 2.9 -16 7.3 -6.5
2298.4 418.3 -7.7 17 -20.1 -11.9
2884.3 124.5 116.9 145.9 116.2 65.1
10.3 17.4 43.6
375.3 -34.2 -16.8 7.3 -13.5 9.9
2299.5 425.9 -9.5 7.6 -31.7 -14.2
2912.1 195.2 164.5 150.3 95.2 32.1
5.8 13.6 25.8
382.1 -41.4 -18.7 14.1 -16.3 2.8
2302 425.8 -13.3 -3.4 -33.7 -10.3
2944.1 259.6 186 107.4 57.1 -2.8
59.5 40.8 53.6
396.3 -74.6 20.2 -22.7 12.1 -21.1
2326.1 398.2 9.4 -37.1 -17.2 -20
3015.5 242.7 213.1 35.5 36.4 -42.8
121.2 68.7 84.9
401.1 -107.7 88.3 -87.7 53.8 -50.9
2358.3 360.4 33.7 -65.3 0.5 -25
3083.3 192 229.2 -10.9 44.9 -53.4
418.7 230.1 315.2
745.3 -580.3 158.4 37.6 -22 69.5
2527.5 162.6 24.3 40.6 -104 114
3358.7 -96 175.6 151.9 -78.4 78.8
312.6 192 262.2
1114.6 -831.8 -290 435.5 21 -108.4
2588.7 210.3 -216.9 202.2 -34.1 -81.9
3485.2 -51.8 -173.6 359.9 20.1 -139.7
351.6 186.2 243.7
1225.2 -853.5 -356.3 220.9 217 104
2498.2 341 -144.5 -43.8 119.9 51.8
3362.5 160 -132.9 13.3 263.5 44.1
243.3 174.3 241.2
1340.6 -928.7 -440.3 217.5 287.6 47.6
2577.5 209.8 -5.3 -191.8 251.2 -23.8
3418.1 79.7 -25.1 -146.3 427 -35.7
241.2 202.3 298.4
1347.2 -950.9 -441.2 259.8 277.7 25.1
2656.6 106.8 17.1 -114.8 170.3 77.3
3465.2 21.3 -11.4 -71.5 354.6 87.7
winner is: 13
