Regression analysis information for: S06_selected_tokens_0027
number of formants: 3
number of coefficients: 5
3.9 36.2 25.7
401.3 -53.1 27.1 -31.7 11.9 -7.5
2108.1 406.4 -228.8 44.3 -38.1 -29.3
2931.6 -51.5 2.9 -72.8 33.7 -46.5
4.3 31.5 17.4
402.6 -55.7 30.4 -31.4 13.7 -8.8
2116.8 408.4 -220.6 47.5 -33.7 -21.3
2916.8 -15.2 -17.1 -59.6 21.8 -28.3
5.2 30.8 16.6
402.6 -59.6 33.1 -31.3 14.8 -10.5
2121.8 411 -220.6 45.7 -34.9 -20.2
2918 -4.5 -19.2 -61 19.8 -25
5.7 33.2 17.4
401.4 -64.8 35.1 -31.3 15.2 -12.3
2121.5 414.4 -228.5 38.9 -40.2 -25.3
2925 -5.9 -17.8 -66.1 18.7 -27.4
5.6 32.5 18
398.3 -66.4 35 -29.6 15.3 -13
2127 419 -228.8 38.3 -41 -25.3
2934.7 -5.7 -14.8 -67.2 18.8 -29.6
4.4 32.8 19.3
393.3 -68.3 32.9 -28.7 14.6 -13.5
2132.9 425.5 -228.7 37.7 -41.3 -26.4
2945.6 -3.6 -11.5 -67 19.7 -33.1
2.6 33.6 23.4
386.3 -66.5 32.2 -23.7 13.1 -12
2136.3 435.7 -235 26 -44.6 -28.4
2958 -3.2 -17 -77.2 21.2 -40.8
1.7 38.7 30.8
381.7 -64.8 27.8 -20.9 10.5 -8.5
2130.7 446.1 -225.5 26.8 -50.1 -34.5
2952.1 8.5 -7.8 -83 23.6 -46.3
1.2 44.2 27.3
380.1 -64.8 26.1 -20.4 10.5 -7.7
2127.4 447.2 -194.5 54.3 -44.6 -38.3
2908.3 -5.2 -19.9 -51.5 24.2 -16.9
1.2 38.1 22.5
380.6 -66.1 26.5 -20.6 10.6 -7.8
2110.3 410.4 -213.4 52.8 -42 -29.6
2889.2 -65.4 -48.7 -61.9 25.8 -5.3
1.3 33.6 21.4
382.1 -68.6 27.5 -21.3 10.5 -7.7
2120.2 411.3 -236.6 37.9 -51.8 -30.1
2927.5 -71.1 -43.6 -66 25 -17.7
1.8 34.2 35.2
382.9 -68.6 27.8 -22 11.2 -8.4
2163.2 447.3 -239.2 29.5 -60.4 -26.7
3003.4 -27 -14.9 -73 12.7 -52.8
3.3 28.2 39.1
381.7 -64.2 26.3 -22.8 13.6 -10.5
2204.5 473.1 -232.3 35.9 -54.5 -7.8
3065.5 12.5 3.6 -73.6 9.3 -64.7
7 25.6 36.9
378.1 -56.8 23.7 -24.7 18.2 -14.3
2226.3 485.9 -234.4 40.3 -52.5 2.1
3103 28.5 13.3 -69.8 15.7 -63.1
15.4 24.8 37.3
370 -42.9 18.8 -28.7 27.1 -21.2
2239.5 492.2 -237.5 44.5 -52.4 7.8
3126.3 33.4 18 -67.3 20.3 -63.6
92.6 78.7 95.4
408.1 -94.5 14.5 33.5 -58.9 42.8
2275.2 455.3 -238 86.4 -107 51.7
3170.9 -10.1 23.8 -23.1 -35.4 -20.8
94.1 78.1 95.6
401.8 -82.8 5 40.5 -63.8 47.1
2277 458.7 -240.1 89.2 -104.4 52.4
3176.1 -10.5 25.6 -20.9 -29.5 -23.2
133.1 102.6 119.1
417.6 -100.3 -11.8 88.9 -121.4 85.2
2285.8 443.6 -251.7 105.3 -132.5 65.2
3195.5 -40.3 25.6 -7.2 -54.2 -10.8
172.4 191.9 151.9
457.9 -180.2 64.1 17.4 -58 30.3
2359.7 311.3 -127.6 -16.6 -25.7 -23.4
3242.6 -116.1 94.2 -76.9 7.6 -62.5
187.1 215.8 159.5
462.1 -190.1 77.6 -1.8 -35.2 4.9
2392.8 266.3 -88.7 -70.2 20.3 -67.1
3266.2 -138 108.1 -104.4 29 -86.2
winner is: 3
