Regression analysis information for: S06_selected_tokens_0074
number of formants: 3
number of coefficients: 5
7.2 17.7 15.8
318.3 -13.1 -5.8 -5.7 -10.4 0.5
1927.9 228.7 55.5 -12.6 23 -11.7
2569.6 4.2 17.9 -9.8 11 -5.7
7.2 16.8 15.4
317.5 -12.5 -5.7 -6.4 -11.4 -0.1
1928.6 228.8 56.2 -11.2 25 -10.5
2570.7 3.5 18.1 -8.5 12.6 -4.4
6.2 15.1 15.1
316.4 -12.2 -5.3 -8 -10.6 -1
1930.7 231.5 58.1 -7.7 27.9 -8.1
2574.8 2.4 19.3 -6.7 13.1 -3.8
6.6 18.8 16.9
313.3 -12.1 -6.8 -8.5 -11.3 -0.8
1931.9 230.7 54.9 -12.5 23.2 -12.5
2580.1 -0.7 17.2 -8 9.7 -5.6
6 18.7 17.9
309.7 -11.7 -6.8 -8.8 -9.5 -1.3
1933.9 233.7 54.3 -13.4 21.8 -13.3
2586.8 -3.4 15.6 -8.1 6.6 -5.3
5.6 18.2 19.7
306.9 -12 -6.6 -8.7 -8.2 -1.2
1934.4 238.4 54.1 -13.1 21.1 -13.1
2589.5 -4.5 12.4 -9.5 4.4 -6.4
4.6 15.6 24
304.9 -13 -4.6 -8.4 -6 -1.2
1929.3 243.1 61.8 -5.3 29 -5.2
2576.8 -0.4 10.2 -10.2 11.2 -6.4
5.3 14.5 23.8
303.5 -13.2 -5.1 -7.9 -6.6 -0.8
1921.3 241.6 76.7 7 42.8 1.5
2554.2 4.7 22.1 -10.1 28.2 -10.5
5.4 14.4 31.8
303.5 -13.5 -5.1 -8 -6.7 -0.8
1919 237 79.7 9.8 48.6 6.6
2563.7 18.3 49 9.6 51.3 16.2
4.5 15.1 33.4
304.2 -13.8 -3.9 -8.4 -5.6 -1.1
1919.5 233.8 80.4 10.5 51.9 10.5
2573.7 17.4 60.7 16.9 56.6 29.9
5.6 16.3 45.9
304.1 -14 -5.4 -8.3 -7 -0.9
1933.7 240.9 78.4 5.5 48.3 8.4
2608 23.6 71.2 40.1 64.5 51.4
4.7 16.8 46.3
305.4 -14.1 -4.5 -8.6 -6.1 -1.3
1955.8 255.6 73.7 -2.1 38.8 0
2647 18.6 62.8 52.8 54.2 55.3
4.9 17.2 49.5
306 -14.2 -4.9 -8.8 -6.5 -1.6
1981.4 276.4 73 -9.5 26.1 -11.8
2695.9 31.8 65.9 76.5 42.9 60.8
6.2 18.3 55.9
305.6 -14.7 -6.9 -9.3 -8.5 -1.8
2004.2 290.7 74.5 -18 17.9 -22.3
2756.8 67.7 86.7 108.5 31.4 66.3
5.8 19.4 60.2
305.8 -15.8 -6.7 -10.7 -8.3 -3.1
2016.8 296.7 73.1 -21.3 13.6 -26.9
2800.8 85.9 95.3 119.7 8.8 61.2
6.6 19.9 67.8
305.1 -17.4 -8.2 -12.1 -9.5 -4
2024.7 297.2 72 -23.1 14.5 -28.6
2828.7 89.6 98.5 134.5 -0.3 63.2
7.6 20.5 77
303.9 -19.2 -9.9 -14 -11 -5.3
2034.7 296.3 68.4 -26.7 15.4 -29.5
2864.1 83.8 94.2 142.5 -15.8 71.7
9.8 21.4 89.6
301.6 -20.5 -12.8 -15.6 -14 -6.3
2047.4 292.9 64.7 -34 18.3 -30
2907.7 74 85.8 152 -35.1 89
8.9 23.5 105.7
300.6 -18.9 -10.7 -15.6 -12.7 -6.6
2062.4 288 58.8 -41 21.7 -32.1
2965.3 48 69.1 138.6 -77.1 98.6
50.7 51.9 147.8
314.8 22.5 26.5 23.6 22.8 32
2095.3 302.8 80.1 -30.2 54.8 -13
3066.1 69.4 67.3 136 -116.2 138.7
winner is: 3
