Regression analysis information for: S06_selected_tokens_0040
number of formants: 3
number of coefficients: 5
1.6 11.1 3.8
362.1 -33.6 6 -6.2 -3.5 -0.8
1469 -34.6 -99.8 -14.2 -32.7 2.2
2738.6 -183 -8 -12.6 -4.1 -1.1
2.1 11.6 3.8
363.6 -36.1 6.2 -6.7 -3.2 -0.3
1472.3 -34.9 -100.2 -14.9 -32.3 2.2
2742.5 -176.1 -9 -12.8 -3.8 -1
2.2 11.9 3.6
363.1 -36 5.6 -6.6 -2.8 -0.1
1474.4 -34.7 -100.6 -15.2 -31.8 2.5
2749.4 -173.6 -10.4 -13.2 -3.1 -1
1.9 12.1 3.4
361.6 -35.2 4.3 -6.7 -2.4 -0.2
1475.2 -34.3 -101.7 -15.6 -31.4 2.7
2756.6 -172 -11.2 -13.2 -2.3 -0.7
1.7 12.1 3.5
359.5 -35.5 2.4 -7.2 -2.6 -0.5
1473.4 -37.2 -105.8 -17.9 -32.3 2.1
2762.5 -171.7 -12.9 -14.2 -2.2 -0.8
1.2 12.6 3.8
358.1 -34.2 1.9 -7.1 -2 -1
1474.7 -39.3 -104.5 -19.9 -32.6 0
2765.4 -171 -16.7 -17.4 -3.8 -2.2
0.7 11.2 4
355.6 -33.6 2.6 -6.6 -2.6 -1.2
1465 -42 -101.4 -18.5 -35.3 -0.2
2752.6 -179.1 -11.2 -21.9 -12.5 -3.5
0.8 9.7 4.9
354.9 -33.7 2.2 -6.1 -2.1 -1.2
1457.9 -45.1 -104 -15 -31.1 1.7
2727.8 -190.6 -17 -16.9 -4.5 -2.3
0.8 9.8 4.2
355.5 -34.1 2.4 -6 -2 -1.2
1460.9 -44.3 -103 -14 -30.7 1.5
2737.2 -184.5 -13.6 -10 -2 -2.2
0.9 10.1 5.8
356.2 -33 2.8 -6.4 -1.5 -0.9
1471.7 -37.4 -101.8 -11.8 -29.4 0.7
2777.8 -157.3 -7.1 5.9 6.7 -0.5
2.8 11.6 7.3
353.1 -27.5 5 -10.8 -0.9 2
1489.3 -20.9 -107.4 -11 -29.2 -1.2
2852.3 -108.1 -7.6 15.7 14.1 -3.4
10 16.3 11.8
335.4 -3.8 11.6 -25.2 1.8 11.4
1515.2 4.8 -113 -17.6 -33.5 -5.1
2934.1 -53.8 -19.6 -8.1 1.6 -4.9
211.3 226.7 191.5
423.4 -57.2 -191.3 260.6 -108.7 -154.3
1694.9 -115 -308.5 272.7 -148.1 -204.9
3118.1 -130.9 -165.8 182.9 -93.8 -153.4
120.8 123.9 116.1
792.4 -680.8 159.5 207.2 -220.7 -16.6
2187.9 -912.1 158.9 128.5 -228.1 -76.4
3515.3 -733.1 187.6 60.6 -160 -46.6
119.5 168.3 137.6
793.9 -667.9 110.8 248.1 -201.4 -66
2132.7 -766.3 -21.1 258.8 -286 -76.4
3393 -443.6 -126.1 316.7 -359.7 79.5
122.8 152.1 129.7
768.2 -652.8 151 219.9 -224.7 -25
2139.3 -810.3 76.6 185.6 -279.8 -56.9
3371.8 -431.3 -100.6 286.2 -389.2 104.4
123.9 147.3 130.1
768.1 -649.6 147.7 217.3 -220.9 -26.6
2166.9 -878.1 133.6 143.5 -239.6 -79.5
3365.6 -440.9 -98.8 295.1 -385.8 109.1
129.5 125.1 116
769.8 -649.4 152.6 205.2 -218.8 -22.6
2185.5 -921.2 166.5 131.1 -229.1 -66.9
3435.4 -601.9 40.5 205.7 -298.3 69.6
120.4 114 106.4
811.5 -670.5 80.6 253.9 -169.7 -97.5
2228.6 -935.1 91.8 182.8 -179.8 -139.1
3554.7 -772.3 139.2 104.7 -131.5 -92.4
112.5 105.3 100.8
847.1 -681 5.2 284 -101.3 -148.7
2274.2 -938 14.7 214.6 -113.3 -188.8
3600.3 -759.8 85.4 134.3 -76.6 -124.5
winner is: 9
