Regression analysis information for: S06_selected_tokens_0057
number of formants: 3
number of coefficients: 5
12.9 22.1 30.3
427 45 -13.9 -4.1 -8.1 -5.2
1422.9 307.7 84 -0.7 -8.9 2.8
2482.4 -90.7 -106.4 -48.6 -56.5 -15.5
14.4 22.4 24.3
427.4 53 -18.8 -3.3 -11.6 -4.8
1426.1 311.7 82 -2.9 -10.9 0.8
2540.7 2.8 -28.9 5.5 -26.2 0.7
13.3 22.7 9.9
428.8 60.3 -18.3 -2.4 -11.4 -4.8
1426 315.9 80.2 -1.6 -10.5 0.9
2559.1 19.8 -4.3 28.3 -1.5 21.2
14.7 22.3 11.9
426.5 68.4 -22.9 0.1 -16.2 -3.1
1420.5 334.8 67.5 7.3 -20.9 6.5
2562.7 22.8 -9.4 32.6 -6.3 23
13.4 20.3 13
427.2 71.9 -21.3 0.9 -15 -3.3
1416.1 344.7 61.4 13.1 -22.6 8.4
2566.4 25.2 -12.7 35 -9.1 24.1
13.2 19.6 14.7
427.2 73.4 -21.4 0.9 -15.3 -3.5
1414.9 350.9 58.4 14.8 -23.9 8.3
2569.3 30.5 -16.7 39.1 -12.6 26.2
13.7 21.4 10.8
427 72.7 -22.2 -0.3 -16.5 -4.2
1421.5 344.6 66.6 5.9 -19.1 1.1
2580.4 21.1 -7.1 31.8 -5.1 17.9
13.4 19.4 15
427.3 73.5 -21.8 0.9 -15.6 -3.6
1417 354.3 57.7 15.3 -25 7.9
2579 33.7 -19.4 43 -15.5 26.8
14.3 18.5 15.2
424.9 73.1 -24.5 -0.1 -16.4 -4.3
1415.7 358.7 56.5 10.1 -22.2 1.8
2578.2 39.1 -20.4 37.8 -10.1 20.6
12.8 19.5 10.4
424.1 72.3 -22.7 0.2 -14.4 -3.8
1412.1 358.4 56.5 10 -21.9 3.1
2568.5 45.7 -16.4 27.6 -11.5 23.3
13.4 20 12.3
423.3 72 -24.7 0.7 -15.9 -3.7
1412.5 354.5 56.3 10 -21.7 2.3
2569.4 35.2 -19.4 33.6 -10.9 22.1
12.7 20.2 12.3
426 71.6 -22.5 0.5 -14.7 -3.6
1415.1 348.5 58.1 12 -20.2 3.8
2578.6 21.1 -19.5 38.3 -7.7 17
14.2 21.7 13.7
425.8 71.7 -22.6 -1.5 -17 -1.8
1418 348.2 59.1 9 -21.1 2.8
2591.5 11.2 -24.9 46 -6.4 10.6
19.1 27.1 15.1
420.5 72.4 -6.9 -13.2 -18.7 11.5
1412.9 353.9 65.8 3.4 -20.8 9.3
2607.9 0.6 -28.3 53.8 -5.6 4.4
109.8 225 203.7
530.5 -53.5 -154.1 202.3 -36.3 -149.5
1611.8 229 -271.1 398.6 -22.8 -348.4
2812.8 -134.4 -316.6 401 -7.6 -284.9
219.3 264.2 296
804.3 49.4 -383.4 -131.7 -232.7 -148.1
2147.5 -73.1 -169.7 -41.3 -189.1 -11.1
3439.7 -375.6 -315.8 -45 -225.1 -60.6
38.6 39 36.6
1179.8 607.4 4.1 53.9 -21.9 -0.3
2370 234.9 43.5 -24.3 9.6 109.3
3826.2 194.3 42.1 41.3 19.5 87.3
35.2 46.4 95.9
1162.7 580.7 3.8 55.8 -18 -0.4
2327.2 172.3 24.1 -8 -4.8 96.1
3661.5 -84.8 -157.9 -80.1 -88.3 9.8
34.7 38.7 65.6
1155.1 556.2 -3.4 49.6 -17.8 -3.8
2318.5 129.7 3.9 -13.4 -15.5 78.6
3659.6 -92.9 -127.3 -39.9 -79.9 -10.5
38.6 39.5 53
1151.2 554.1 -14.3 50.1 -19.7 -7.9
2333.3 121.3 -0.6 1.3 -12.2 73.7
3693.6 -63.9 -93.7 8.3 -59.4 -0.1
winner is: 10
