Regression analysis information for: S06_selected_tokens_0115
number of formants: 3
number of coefficients: 5
14.6 32.1 133.1
746.9 -23.9 -118.9 11.6 -9.1 -0.3
1725.6 70.5 55.4 -17.7 15.8 23.3
2196.3 353.8 -164.1 -94.4 325.2 135.6
14.6 36 121.7
767.7 -28 -118.7 19.9 -18.3 4.3
1743.1 60.4 35.5 0.3 21.4 7.9
2502.9 396.5 -225.3 1.7 165.8 -166.1
14.9 15.2 84.5
788.1 -44.4 -109.3 19.9 -30.2 4.2
1756.2 49.6 23.3 22 7.8 -6.4
2738.9 1.3 -77.4 99.7 -26.4 23
18.6 7.2 48.1
794.6 -58.4 -106.7 18.3 -43.7 5.1
1764.2 43.5 27.4 25 -0.9 3.2
2806.8 -87.3 -3.9 61.3 -14.3 41.6
17.3 6.1 25.6
800.7 -68.4 -95.8 13 -48.6 2.7
1766.1 41.3 29.3 23.4 -1.4 1.9
2830.7 -101.6 13.5 34.5 12.1 16.8
17.5 5.5 19.7
799.2 -69.4 -94 8 -50.6 1.7
1767.5 41.6 30.3 22.7 -1.9 1.7
2849.6 -106.6 24.2 24.9 22.5 5.8
19.1 5.5 19.3
792.8 -65.2 -100 2.7 -52.6 0.8
1768.7 44 30.7 22.4 -2.4 2.2
2863.6 -100.4 26.8 28.4 23 7.4
17.5 5 17.6
794.8 -58.6 -98.1 -2.8 -46.8 -1.1
1769.9 44.4 29.9 20.1 -1.7 1.6
2874.9 -95.6 23.4 25.2 18.8 6
19.3 5.4 17.1
793.1 -52.6 -106.9 -7.8 -46.4 -2.2
1772.5 48.5 28.7 19.1 -1.4 2.1
2890.4 -85.6 23.7 23.9 19.1 6.6
18.9 5.3 15.7
799 -46.5 -106.2 -12.2 -41.1 -4.2
1774.5 49.7 27.3 16.8 -0.7 1.2
2903.7 -77.1 19.6 19.2 15.9 3.7
20.7 5.5 14.4
795.1 -43 -111.6 -17.1 -39.7 -5.3
1775.3 52.7 27.7 16 0.4 1.5
2912.8 -70.3 22.3 18.3 21.2 4.6
19.2 5.2 12.9
791.1 -40 -100.3 -20 -39.1 -7.5
1771.8 51.4 30.4 14.2 -0.9 -0.2
2899 -70.1 38.9 12.7 14.2 -0.9
22.4 6.1 13.4
786.5 -38.4 -107 -20.8 -39.5 -6.1
1771.3 53.1 29.3 14.4 -0.2 0.9
2889.9 -67.8 41.1 9.2 24.9 3.1
21.2 6.1 12.5
794.2 -35.2 -108.7 -21.1 -35.2 -5.7
1772.7 52.5 25.5 12.8 -0.2 0.3
2892.5 -66.6 16.7 2.4 20.6 -1.1
23.9 6.8 13.5
804.2 -34.3 -124.5 -24.4 -36.5 -4.7
1778.3 55.8 22.5 12.1 -1 0.3
2926.9 -55.8 -2.3 0.7 18.4 -3.9
25.7 7.1 14.4
825.5 -31.1 -146.3 -31.3 -33.3 -3.2
1784.5 59.1 20.2 10.8 -1.6 -0.5
2974.8 -38.5 -22.5 -1.2 9.3 -9.3
27.7 7.4 12.5
864.2 -21.8 -183.4 -47.8 -26.9 1.3
1788.6 62.3 20.6 9.9 -2.1 -2.7
3030.1 -20 -32.1 2.4 -8.7 -16.2
35.5 9.3 11.7
927.7 8.8 -285.9 -109.9 -40.6 21.7
1786.7 69.7 25.3 12.2 -2.8 -6
3084.8 -6.6 -24.2 16.8 -23.2 -14.2
138.2 64 80.3
1098.3 257.2 -369.2 -148.4 -107.6 6.4
1806.7 140.6 88.5 68.4 48.5 34.5
3170.4 67.1 66.6 98 24.6 47.1
147 92.5 91.8
1534.1 -17.1 28.8 -56.3 -148.4 3
2043.2 -378.7 370.7 -217.7 50.7 15.7
3289.4 -261.7 239.7 -155.8 120.2 -124.4
winner is: 12
