Regression analysis information for: S06_selected_tokens_0028
number of formants: 3
number of coefficients: 5
3.1 29.6 73.5
403.7 -63.6 11.7 -2.6 4.2 -7
1668 172.4 -42.7 2 -18.6 -38.7
2353.8 122.1 644.9 -231.2 26.8 -191.1
3.6 3.7 5.6
412.9 -67 5.2 0.2 4.9 -8.1
1698 176.5 -86.3 -9.5 8.6 -13.8
2948.3 -162 22.2 -39.9 -8.1 -8.1
4 3.6 5.1
422 -71.9 -0.7 3.1 5.8 -8.4
1701.6 174.8 -87.7 -6.7 7 -14.1
2920.4 -142.7 24.5 -41.2 -1.4 -19.7
4.6 3.6 6
428.4 -77.1 -3.5 5.2 6.2 -8
1703.1 174.3 -90.4 -6.5 7.1 -14.7
2917.6 -135.9 22.4 -41.9 0.4 -22.7
4.9 3.7 6.1
430.9 -79.1 -4.3 6.7 4.6 -6.4
1706.1 173.4 -91.8 -4.6 6.4 -14.9
2924.7 -132.8 20.8 -41.3 0.1 -23.2
4.7 3.7 6.1
429.9 -79.8 -3.5 6.8 2.2 -4.7
1708.4 172.2 -93.4 -3.4 5.5 -15
2935 -131.9 21.3 -40.1 0 -22.3
3 3.9 5.8
422.2 -72.1 -2.8 4.5 1.4 -3.8
1710.4 172.1 -93.7 -2 4.8 -15.4
2946.3 -131.5 21.8 -39 -1.8 -21.3
1.5 2.8 7.7
409.3 -64.2 2.9 1 2.1 -2
1699.5 177 -88.5 -11.3 9.6 -12.1
2949.3 -142.3 21.7 -45.2 -0.8 -22.8
1 3.8 11.8
407 -64 4.3 2 0.9 -2.1
1692.4 177.8 -87.2 -15 10.9 -11.8
2932.6 -155.2 19.4 -48.9 5 -23.9
0.8 2.8 10.8
406.3 -63.6 5.3 2.1 0 -2.1
1688.9 178.8 -82.3 -15.4 8.9 -10.7
2912.4 -146.2 25.2 -42.5 10.4 -22.7
0.9 2.8 6.8
406.9 -63.3 5.3 1.9 -0.4 -2.5
1691.2 178.9 -79.3 -12.9 5.9 -10.9
2911.4 -130.7 31.3 -39.8 2.2 -28
0.8 3.4 8.9
407.9 -63.7 5.4 2.1 -0.4 -2.5
1695.5 179.8 -79.2 -10.7 3.8 -11.3
2936.1 -123.6 40.8 -37.4 -10.5 -25.7
0.7 4.1 10.9
408.2 -64.5 6 2.7 0.3 -2.1
1700.6 182.5 -81.6 -9.8 3.5 -12.3
2978.8 -121.8 49.5 -39.9 -18.6 -20.8
0.8 4.6 12.8
405.3 -64 7.2 3.2 2.2 -1.6
1709.5 185.9 -84.1 -6.7 3.1 -13.7
3027.3 -114.5 51.4 -42.3 -25.6 -16.7
2.4 4.6 13.6
394.4 -61.5 10.7 3.5 5.8 0.3
1721 188.4 -87.6 -1.9 2.9 -15.4
3075.8 -109.2 43.3 -44.6 -27.9 -12.4
8.2 4.4 14
366.3 -52.1 25 1.1 9.4 7.3
1729.4 192.5 -93.7 -0.3 5.7 -17.4
3123.7 -115.1 26.3 -47.3 -22.5 -6.7
189.6 164.5 154.2
404.4 -53.4 -128.6 85.5 159.9 -122.8
1820.9 168.9 -268 88.4 139.9 -146.7
3247.3 -150.5 -157.5 37.8 113.7 -125.8
221.6 292.1 225.4
563 -172.3 -376.6 339.4 202.8 -261.4
1985.8 11.6 -385.5 258.3 73.1 -182.3
3396.9 -278.7 -268.8 172.3 70.4 -162
482 606.6 465.4
872.2 -313.5 -409.5 107.9 89 -217.3
2277.7 -276.4 -154.9 -47.2 -94.3 -50.3
3601.2 -409.8 -145.9 -78.2 -112.1 -36.9
461.9 582.8 454.9
1073.1 -253.9 -580.2 -109 18.2 -66.7
2487.7 -304.6 -273.8 -198 -155.6 65.9
3760.2 -399.5 -236.4 -228 -191.5 75.5
winner is: 11
