Regression analysis information for: S06_selected_tokens_0007
number of formants: 3
number of coefficients: 5
11.6 85.7 159.9
495 38.4 -35.5 -0.8 -7.7 3.8
1412.9 -227.2 -91.7 107.8 102.9 81.6
1757.7 245.3 182.9 238.8 212.6 149.1
19.4 44.5 127.9
567.2 112.6 -24.4 -24.4 -55.3 -35.8
1544.7 1.9 -64 -43.4 -4.6 10.9
2602.1 865 -335.5 -9.1 154.4 -118.5
17.4 40.3 236.3
619.2 129.1 -20.3 -24.7 -71.9 -41.4
1550.8 12 -99.5 5.4 -29.1 -10.4
2838.7 502.4 -283.2 125.8 31.2 -119.6
26.7 9.5 7.2
663.7 103.6 -18.5 -20.1 -83.2 -38.1
1577.5 -33.1 -66.8 -9.8 -29.6 0.8
3072.4 64.6 16.2 13.6 -7.7 4.4
28.5 9.9 7.1
687.7 71.4 -14.3 -23.3 -99.8 -21.7
1576.9 -34.6 -69.3 -9.1 -31.3 2.5
3066.1 74.5 13.8 17 -8 4.5
30.5 9.6 6.1
673.9 33.5 -7.5 -38.3 -107.4 -22.2
1579.4 -36.7 -66 -10.5 -30.3 1.5
3070.9 78.3 14.6 16.6 -7.2 4.3
36.7 10.1 6.3
639.4 10.6 -18.5 -43.1 -108.5 -12.3
1576.7 -38.2 -69.8 -10.1 -31.7 2.9
3077.4 83.1 14.5 17 -8.2 5.4
28.2 10.1 6.3
584.8 -21.5 -30 -26.3 -69.6 16.6
1574.6 -41.4 -72 -11.4 -32 3.1
3087.5 89.3 19.1 18.7 -6.6 6.7
14.4 9.3 6.7
542 -12.2 -25.1 -11.7 -35.9 17.6
1574.5 -42 -69.3 -12.2 -29.7 2.9
3094.6 84.9 17 13.5 -8.4 2.9
6.7 9.1 8.3
516.8 13.7 -33.4 -5.2 -17.7 3.8
1567.5 -34.3 -72.4 -10.6 -27.5 2.8
3095.3 77.1 10.8 7.2 -12.5 0.5
7.8 9.5 11.5
517.9 14.5 -37.7 -3.6 -18.4 3.9
1563.2 -32.7 -74.6 -8.7 -27.4 3.4
3066.2 88.9 26 27.1 -6.6 0.2
8.6 9.4 8.1
518.4 11.4 -40.8 -6.2 -20.4 3
1564.5 -32.8 -74.4 -8.4 -27.7 3.3
3073.6 98 29.2 31.7 -2.4 4.7
10 8.8 9
507.1 0.6 -39 -14.8 -26.1 1.6
1568.6 -34.5 -71.1 -9.7 -26.9 1.8
3110.7 96.2 21.4 19.2 2.3 2.3
19.8 8.7 8.5
453.7 -28.8 -22.7 -30.9 -43.4 8.5
1569 -37.1 -71 -10.7 -27.5 1.9
3146 94.8 13.2 7 0.8 2.2
326 411.6 255.9
574.5 19.3 -92.7 202.4 89 -169.6
1869.1 124.4 -205.8 258.7 143.5 -247.1
3360.6 188.5 -81.4 167.6 103.1 -155.3
202.9 337.7 213.5
1083 433.3 -475.2 -99.6 -46.6 -312.2
2500.3 682.7 -501.7 -73.1 -156.6 -467.5
3748.3 503 -263.5 -12.4 -79.7 -290.2
203.1 381.1 237.5
1105 507.7 -368.8 100.9 131.8 -156.4
2527.9 731.5 -308.9 258.4 117 -158.7
3770.9 516.3 -172.2 165.6 59.1 -113.4
221.1 458.2 284.9
1301.9 344 -313.4 107.2 -30.5 34
2733.4 481.1 -168.2 335.7 -103.2 10.5
3905.7 357.1 -83.5 216.4 -83.4 -6.6
141.2 325.8 201.1
1423.8 158.2 -248.5 208.7 -206.5 134.3
2917.6 283.1 -99.6 407.6 -307 98
4013.1 235.3 -31.4 265.9 -207.5 41.4
135.4 247.6 167.6
1424.7 187.8 -274.6 206.3 -228 141.1
2981.9 339.3 -137.8 339.8 -329.2 100.9
4057.8 262.8 -48.4 225.4 -222.7 45.2
winner is: 10
