Regression analysis information for: S06_selected_tokens_0048
number of formants: 3
number of coefficients: 5
4.8 23.5 257.5
375.7 49.6 -16.5 -16.5 2.6 6.4
1171.9 11.8 156.6 -82 44.9 -42.2
2504.1 2.8 -9.6 99.8 -54 -47.1
5.3 24.2 116.1
377 53.4 -15.6 -17 0 8.3
1171.4 16 155.4 -82.8 43.3 -39.1
2620.9 93.9 -32.3 35 -110.2 46.8
5 24.4 20.5
377.7 56.5 -17.1 -16.3 -1.4 9.4
1172.8 18.3 153.3 -83.4 42.8 -37.4
2703.4 97.6 -169.2 48.6 2.3 -12.2
4.7 24.4 19.6
377.1 56.7 -18 -16.6 -0.3 9.3
1172.8 19.5 152.2 -84.4 44 -37.1
2709.1 97.8 -167.8 52.3 -0.7 -11.2
4.1 24.1 19.9
374.6 58 -20 -16.3 1.5 8.9
1166.3 29.8 144.6 -80.8 44.1 -37
2712.2 103.1 -172.8 61.5 -8.8 -6.7
3.1 21.3 21.8
371.2 56.4 -17.8 -14.6 1.3 7.3
1160.3 28.4 152 -77.9 41.6 -43
2705.7 110.2 -183.8 65.9 -5.5 -11.5
2.8 20.2 27.4
370.1 55.7 -17.1 -14.5 1.7 7.5
1155.6 30.6 152.2 -76.1 41.8 -42.1
2687.9 112.6 -175.1 48.2 3.2 -9.6
2.7 20.1 31.1
370.8 55.8 -17.9 -14.6 2.3 7.9
1157.4 29.7 150.3 -76.4 43.6 -41.1
2693 107.1 -185.7 50.9 11.1 -12.2
2.8 21 33.2
372.1 56.1 -19 -14.8 2.7 8.1
1161.3 27.9 148.8 -77.6 45.2 -41.2
2717.6 103.2 -192.1 62.8 11.2 -13.7
3.3 22.2 34.4
373 55.5 -20.5 -15.4 2.7 8.2
1165.4 25.6 148.9 -78.8 46 -41.9
2749.6 104.5 -189.8 79.1 3 -14.8
4.4 23.5 30.9
371.8 51.8 -23.4 -16.1 3.1 9
1170.9 19.2 153 -82.1 47.7 -43.4
2785.6 106.4 -181.2 99.5 -12.6 -13.9
6.8 24.9 34.6
366.5 40.8 -29.9 -17.6 4.5 11.5
1173.3 13.4 155.6 -82.6 49.7 -43.9
2824.8 99.8 -166.6 124.9 -37.5 -11.4
14.1 26.9 42.6
352.3 13.8 -45.6 -20.9 10.5 21.5
1176.5 1.2 160.9 -84.9 55.6 -42.8
2869.3 77.7 -144.8 144 -60.2 -7.9
87.3 159.1 118.1
377 59.2 -1.3 15.6 27.1 7.7
1255.7 123.5 275 -33.2 58.6 -101.4
2958.9 115.7 -57.7 178.2 -79.3 -27.1
167.2 274.9 171.4
524.5 315.9 166.3 70.7 -26.6 -114.8
1520 581.6 581.3 27.4 -81.9 -331.9
3162.9 340.9 131.1 222.4 -156.4 -117.7
114.3 275.9 176.9
597.9 408.9 144.6 -46.7 -140.5 -125.1
1687.7 778.6 555.9 -220 -274.3 -330.3
3288.8 463.8 63.2 101 -226.8 -108.5
83.2 230.3 226.6
739 468.8 11.6 11.5 21.8 -96.1
2240.7 964.1 -160.6 -303.6 355.4 -64
3542.5 518.2 -205 146.5 58.3 -50.6
52.6 147.8 83.7
754.8 488.9 10.7 14 39.7 -66.4
2261.6 997.1 -115 -291.2 346.3 8.6
3431.9 520.6 22.5 66.5 -116.7 121.3
56.3 174.9 125
771.1 472.8 0.4 28.7 20.2 -61.7
2309.4 912.8 -143.3 -163.1 353.6 -36.6
3434.8 446.4 21.7 81.6 -163.3 171.2
83.6 213.8 139.5
778.4 442.9 22.1 36.6 -8.7 -12.1
2268.9 887.6 -141.5 -211.7 365.3 -14.7
3414.4 460.4 -0.9 101.9 -171.8 127.9
winner is: 6
