Regression analysis information for: S06_selected_tokens_0077
number of formants: 3
number of coefficients: 5
7 18.8 14.9
287.5 -11.2 4.1 -6.5 -10.4 -3.4
1681.4 61.6 131.6 -12.8 30.2 -11.5
2522 -51.1 -19.8 9.1 15.5 4.1
5.2 19.8 12.7
283.2 -9.5 5.7 -7.3 -9.2 -3.6
1680.1 59.9 127.1 -13 29.9 -11
2528.8 -56.5 -28.6 6.7 13.4 1.7
4.4 20 16.5
279.6 -9.2 5.4 -6.2 -8.5 -3.7
1681.2 58.6 127.9 -14 28.9 -10.1
2533.1 -60.4 -34 3.1 14.2 6.1
3.9 19.6 16.6
277.8 -6.6 6.8 -6.4 -8.2 -4.9
1676.5 63 130 -13.5 28.8 -8.4
2537.2 -61.1 -36.5 4.1 15.2 9.1
3.9 19.3 19.9
277 -7 7.7 -6.2 -7.4 -4.8
1675.1 64.6 137 -12.1 30.3 -7
2539.9 -58.1 -32.9 8.1 18.6 13.2
3.8 19 23.8
276.1 -6.8 8.1 -5.9 -6.7 -4.8
1671 69.1 146.2 -9.1 35.1 -3.7
2539.2 -54.2 -22.6 17.7 27 19.2
4.2 20.5 31.7
275.3 -7.5 6.8 -7 -8 -5.7
1673.7 78.2 157.2 -6.5 39.9 0.2
2543.8 -36.9 -6.5 29.1 38.8 26.9
3.9 22.3 31.8
275.5 -6.6 7.8 -6.2 -6.9 -5.3
1671.1 83.2 159.9 -1.5 44.2 3.5
2544.7 -26.1 3 39.6 45.4 29.5
4.2 22.8 34.4
275 -7 7.5 -6.9 -7.4 -6
1666.9 92.7 173.3 -1.4 48 5.4
2536 -4.1 32.6 49.4 54.9 27.1
61 44.3 62
300.4 42.2 57.1 42.3 42 43.5
1694 121.6 203.5 24.5 76.4 30.9
2581.4 42.4 70.2 76.4 85.1 61.5
5.5 23.1 31.3
273.9 -10.9 3.7 -9.8 -9.7 -7.3
1699.6 97.4 167.1 1.8 55.7 8.6
2618 31.9 37.4 41.3 54.9 43.5
63.8 47 52
298.2 37.6 52.6 40.9 42.4 45.3
1744 120.6 184.5 35.3 91 33.9
2691 73.3 59.9 71.7 83.7 73.7
67.8 52.8 55.8
293.3 30.6 45.8 38 42.4 47.4
1774.2 117 170 55.6 105.9 32.4
2743.8 84.9 52.6 93.3 98 73.7
140 90.6 90.4
356 154.2 144.3 105.5 68.7 30.7
1838.9 174.9 203.5 118.6 128.9 13.3
2839.8 173.6 109 164.3 129.9 55.9
187.7 126.7 111.9
446.2 335.5 290.9 217 128.9 48
1932.8 286.5 296.7 216.9 174.8 13
2937.7 287 190.4 253.4 168.4 59.6
241.9 155.3 134.2
461.4 295.6 326.8 178.4 168.5 9.5
1962.5 269.2 305.8 216.6 188.9 -9.8
2981.1 269.5 205.6 236.1 195.8 44.6
276.8 170.7 158.9
485.1 266.8 386.4 157.7 235.6 -8.9
1993.7 241.9 295.4 222 212.9 -25.6
3046.6 254 194.4 243 246.4 37.4
283.2 172.9 184.8
494.9 290.6 416.3 178 245.7 -23.9
2032.4 272 292.4 248.3 225.6 -26.5
3144.3 324.2 179.1 294.7 309.4 88
380 259.1 246.9
665.6 506.5 499.6 72.4 214 19.8
2188.8 421.4 293 144.9 171.9 1.7
3314.4 426.5 111.6 217.2 308.7 94.8
335.3 251.9 226.2
812.3 740 530.5 -45.9 97.1 -38.7
2290.8 515.5 284.3 107.6 126.6 -20.7
3451.6 534.3 77.7 185 276.7 45.7
winner is: 2
