Regression analysis information for: S06_selected_tokens_0109
number of formants: 3
number of coefficients: 5
18.1 68.5 258.1
793.5 -41.6 -130.8 5 -42.3 8.9
1695.7 161.2 -24.4 -1.7 15.4 -7.8
2181.1 -47.6 -173.2 180 -61.2 80.5
18 10.5 106.2
820.7 -61.8 -108 -7.4 -39.9 3.8
1756.8 100.6 36.2 -20.2 -0.3 -3.7
2620.5 -305.8 121.6 -15.2 -46 41
15.1 6.3 53.3
831 -66.5 -94 -17.6 -37.4 -3.3
1761.1 94.6 35.1 -15.4 -4.9 -0.9
2745.6 -193.8 130.2 28.9 -123.1 -9.4
13.8 6.3 63.7
834.7 -59.9 -93 -24.5 -40.8 -3.7
1762.8 94.5 35.4 -15.2 -4.4 -1.4
2852.4 -116.3 51.3 -21.2 -120.3 5
14.7 6.3 56.6
834.5 -49 -99.5 -27.3 -45 -0.2
1764.4 95.5 35 -15.5 -4.4 -1.4
2910.1 -93 -19.9 -35.3 -47.3 32.9
15.6 6.4 44.8
833.2 -36.5 -111.1 -27.3 -49.8 4.8
1765.9 97.4 33.5 -15.9 -4.7 -0.9
2915.3 -98.3 -21.4 -17.7 -26.5 20.3
17.2 6.7 39.1
833.7 -26.8 -122.3 -25.8 -52.6 10.2
1767.6 99.5 31.4 -16 -5.2 0.1
2916.5 -98.8 -12.5 -10.6 -25.3 11.7
18.7 7 39.4
836.1 -21.3 -130.3 -24.7 -53.2 14.7
1769.5 101.2 29.4 -16 -5.5 1.3
2918 -95.5 -3.3 -12.1 -28.2 13.6
20.1 7.4 62.9
831.2 -19 -129.4 -26 -49.2 22.5
1769.6 102.9 29.6 -17.1 -5.3 3.7
2911.1 -80.9 24.8 -38.2 -44.1 44.7
16.3 6.3 66.1
809.4 -23.2 -116.2 -20.6 -45.8 13.6
1763.9 102.6 33.3 -17.2 -5.5 1.4
2919.6 -69.2 25.4 -57.5 -51.7 59.2
13.9 7.5 73.3
793.6 -29.6 -109.5 -9 -35.2 11.3
1756.6 98.8 36.7 -11.7 -1.2 1.1
2917 -92.1 9.7 -37.5 -43.3 65.9
12.3 7 54.5
792.2 -27.6 -111.6 -4.6 -32.5 4.2
1755.3 99.2 36.2 -8.5 0.4 -1.8
2920.7 -101.7 -11 0.9 -15.7 31
11.3 6.9 21.2
799.7 -25.3 -118.6 -2.3 -32.4 -1.9
1759.2 101 33.5 -7.9 0.2 -4.2
2947 -91.1 -41.9 17.7 -0.7 -12.4
14.2 7.3 15.1
816.3 -22.6 -131.9 -2.1 -34.2 -9.2
1767.2 104.1 28.8 -9.8 -1.3 -6.6
2968.7 -73.3 -42.5 6.1 -14.6 -21.4
16.9 7.3 16.3
837.5 -18.7 -147.8 -6.7 -39.7 -13.3
1775.5 107 23.6 -13.4 -3.8 -7.8
2987.4 -71.3 -46.2 -1.1 -25.8 -21.3
16.9 6.8 17.3
858.7 -13.2 -161.1 -14.5 -45.2 -11.9
1782.4 110.6 20.2 -16.2 -4.4 -7.2
3008.7 -70.2 -42 -2.5 -27.7 -15.2
18.6 6.4 15.5
878.1 -6.3 -165.7 -19.1 -54.2 -9
1786.3 116.6 19.3 -15.5 -3.9 -6.3
3032.5 -66.2 -24.6 1.8 -21.7 -5
24.9 7.7 17.6
877.5 8.2 -182.9 -11.1 -70.4 7.8
1785.3 126 16.5 -13.4 -3.3 -5.1
3053.5 -59.7 -2.3 10.1 -9.8 11.4
80.4 9.2 24.9
894.6 -42.2 -149.9 -38.4 -56.2 -2.4
1782 138.3 9.3 -5.5 -3.8 -2.7
3066.5 -53.9 23 17.2 4.3 26.2
87.6 82.7 89.5
1023.4 -224.5 100.2 -175.7 129.5 -64.4
1862 -23.7 165.2 -137.5 108.7 -87
3103.5 -117.1 96.8 -40.1 73.5 -28.7
winner is: 14
