Regression analysis information for: S06_selected_tokens_0012
number of formants: 3
number of coefficients: 5
2.3 29.1 71.7
326.6 -34.4 -30 -1.1 -1.3 6.6
1511.5 -405.8 89.2 56.2 -101.9 21.3
2151.9 -250.3 230.6 -91.9 -37.8 57.1
2.9 168.2 155.1
337.2 -33.1 -36.2 -0.4 -0.2 8.3
1754.5 -282.3 -166.9 8.3 114.6 209.5
2735.9 -262.5 -187 61.7 154.5 185.4
3.9 149.9 149
343 -34.9 -41.2 3 2.7 7.4
1805.3 -186.9 -83.5 68.6 151.5 223.1
2747.1 -174.5 -118 96.3 178.8 204.1
3.4 8.5 10.2
347.7 -31.3 -43.7 -1.5 4.3 8
1958.6 59.6 21 7.6 -36.2 3
2898.1 69.3 -4.9 40.3 -14.8 -19.1
12.4 8.7 9.5
353.2 -14.4 -28.3 2.2 -3 -4.1
1960 57.1 18 7.3 -34 5.5
2897.5 50.8 -15.3 39.9 -5.1 -7.3
10 8.1 9.9
344.4 -19.7 -29.2 -1.1 -6.3 -4.1
1960.7 60.2 13.5 7.9 -35.3 7
2908.7 50.9 -19.1 40.6 -5.4 -11.1
2.4 8.2 9.4
337.9 -31.1 -33 -2.1 -2 3.7
1962.4 56.8 16.5 6.7 -33.3 4.8
2918.6 55.8 -12.8 43.3 -6.1 -11.3
1.3 8 8.3
335 -30.6 -29.3 -2.9 -4.3 3.7
1958.2 55.2 18.2 5 -35.6 4.4
2927.5 55.2 -18.3 46.8 -4 -15.1
1.4 11.1 10.3
333 -30 -29.2 -1.9 -4.5 3.1
1948.5 56.9 15 7.6 -38 3.3
2911.9 52.7 -39.6 47.8 -3.4 -9
1.2 14.4 24.2
332.9 -29.9 -27.9 -1.8 -5.4 2.7
1937.2 53.9 28.8 9.8 -46.7 -1.2
2886.6 45.8 -29.6 44.1 -7.1 -10.1
1.3 10.8 20.4
334.6 -29.7 -27 -2.6 -5.7 2.3
1936.8 50.8 34.4 8.2 -41.8 -0.9
2880.8 46.7 -11.2 39.1 -1.3 -2.8
1.5 7.1 16.5
334.5 -30.1 -28.2 -2.7 -5.7 2.8
1949.4 51.4 27.1 4.1 -33.3 5.3
2915 45.3 -9.6 36.7 14.8 -4.1
2.1 5.4 19.7
330.3 -31.1 -31.4 -2.8 -5.4 4.3
1969.2 53.9 14.3 6.9 -25.6 10.6
2970.7 43.9 -8.3 47.1 20.3 -25.7
3.1 6.7 35.5
322.4 -32.9 -35.2 -5.8 -5.2 6.1
1988.9 55.1 8 9.8 -20 12.2
3026.6 60.5 9.3 56.8 11.8 -47.7
4.5 7.8 50.6
311.2 -37.2 -40.6 -13.3 -5.3 8.1
2003.8 54.8 9.6 11.7 -16.4 10.1
3076.1 96.1 41.2 78.3 9.2 -60.8
141 74 65.9
366.5 98.1 94.7 121.9 138.9 145.8
2055.6 142.8 91.3 92.6 58.1 82.5
3152.8 198.7 135.2 140.8 56.2 -23.2
196.1 103.4 69.5
412.9 222 218.8 248.2 271.6 258.8
2110.8 237.2 181.5 169.4 122.1 134.7
3233.3 314.6 235.4 202.8 92.7 4.2
181.4 160.1 131.5
747.4 837.9 563.8 296.8 31.3 -131.7
2376.7 693.8 443.6 188.3 -74.2 -164.7
3479.4 744.2 546.1 346.6 68.2 -131.7
172.2 144.1 214.3
800.4 940.4 544.4 193.5 -100.8 -204.1
2436.7 771.2 436.5 101.5 -179.8 -219
3733 1176.5 831.6 444.7 17.4 -248.8
170.5 161.9 204.5
745.4 888.2 514.1 242.5 12.8 -66.2
2380.2 677.7 406.8 158.7 -45.8 -66.3
3716 1128.9 805.8 436.4 57.1 -180.7
winner is: 8
