Regression analysis information for: S06_selected_tokens_0036
number of formants: 3
number of coefficients: 5
2.4 3.8 102.2
406.8 -58.8 -2 4.1 -3.3 4.9
1747 182.3 -47.4 4.6 -24.6 11.3
2601.5 31 -453.6 39.2 -273 -12.5
1.7 3.7 5
412.9 -63 -0.2 2.9 -4.1 5.5
1750.9 178.3 -45.3 4.6 -24.3 12.3
2884.8 -84.8 35.8 -19.8 13.3 -0.3
1.4 3.8 2.7
413.2 -65.2 3.6 2.5 -3.1 4.7
1752.5 177.7 -44.9 4.4 -24 12.4
2888.2 -78.8 29.8 -16.9 12.3 3.5
1.4 3.8 2.9
411.1 -64.7 6.2 1.9 -1.8 3.6
1753.2 177.8 -43.9 4.4 -23.8 12.4
2894.4 -79.3 26.3 -17.2 9.8 3.6
1.5 3.7 3.3
408.6 -63.1 6.5 1.5 -0.9 3
1753 178 -43.1 4.5 -23.7 12.3
2901.2 -80.1 27 -16.9 9.1 4
1.5 3.7 3.5
407.2 -61.8 6.4 1.6 -0.5 2.7
1753.4 178.2 -42.6 4.6 -23.5 12.3
2906.9 -80.8 28.2 -16.6 8.8 4
1.2 4 4.5
405.4 -60.3 5.1 1.7 -0.8 2.5
1752.1 178 -43.9 3.3 -24.8 11.3
2909.6 -84.1 27.7 -20.2 5.8 2.2
1.3 3.8 3.9
405.2 -60 5.4 2.5 -1 2.8
1754.2 179 -44.2 4.7 -23.5 12.3
2918.3 -82.8 27.3 -17.4 8.5 4.3
1.3 4.1 5.7
404 -58.7 4.7 3 -1.5 2.8
1753.6 180 -46.3 5.4 -24 11.9
2918.9 -82.7 23 -14.8 5.9 3
1.6 3.5 3.4
403.3 -58.2 5.4 2.3 -2.6 3
1751.7 178.8 -50.7 4.9 -22.4 10.7
2907.5 -85 3.3 -14.2 13.2 -0.5
1.5 3.5 3.6
404.8 -59.3 4.7 4.1 -2.1 2.9
1750.3 184 -50.7 3.8 -22.7 11.1
2909.3 -75.4 15.9 -19.2 13.4 3.4
1.4 3.6 3.5
403.6 -60.1 5.7 5.4 -0.5 2.3
1754.1 185.5 -49.6 4.3 -22.9 11.9
2926.4 -72.9 21.9 -18 7 6.9
2.5 3.9 5.2
389.8 -58.9 16.7 6.8 3.3 1.4
1759.8 188.6 -49.2 5.2 -22.2 12.3
2959.5 -73.2 24.6 -14.7 0.8 9
17.8 4.3 8.9
309.1 -43.3 89.4 0.5 12 4.1
1764.8 195.7 -46.3 5.4 -20.9 12.7
3010.1 -75.2 26.1 -9 -6.4 10.8
205.3 164.1 176.7
1175.8 -251.4 -825.8 16.9 -141.8 315.2
2577.8 -151.8 -713 176.7 -261.3 300.5
3771.5 -312.2 -591.8 75.9 -216.7 201.9
204.2 244 230.4
1458.8 -85.9 -513.7 -229.6 -386.5 -79.9
2710.2 78.9 -457 -233 -152.5 -185.4
3592 118.9 60.9 -475.2 -219.9 -181.7
134.4 165.1 261.6
1532.2 -138.9 -339.4 -298.3 -303.3 -195.1
2692.5 -120.3 -96.4 -169.1 -97.1 -300.3
3538.7 77.2 99.1 -227.5 -0.2 -323.2
150 187.5 232.7
1572 -38.6 -260.2 -230.8 -263.5 -188.4
2689.7 -235.9 -69.1 -15.6 -6.4 -54.9
3487.7 59.7 32.4 -52 175.8 -90.3
156 182.2 165.4
1536.2 -110.9 -314.5 -250.3 -256 -154.1
2762.2 -316.4 -143 46.6 -153.8 50
3454.7 72.9 -68.7 -35.6 171.8 -18.6
157.7 136.8 215
1629.1 47 -189.4 -155.4 -208.5 -155.6
2962.8 -264.4 15.3 0.1 -106.3 -56.7
3629.3 24.3 75.4 25.4 219 -39
winner is: 3
