Regression analysis information for: S06_selected_tokens_0099
number of formants: 3
number of coefficients: 5
19.3 23.2 90.6
726.3 -6 -82.1 -8.2 -33.5 7.2
1701.1 100.8 -2.9 13.7 -7.6 -6.1
1905.7 159.9 147.5 45.2 -62 -87.2
14.4 17.2 32.9
729.8 -22.8 -97.4 1 -27.7 14.9
1702.5 95 -19 -0.6 -9.9 9.8
1886.9 27.3 13 29.1 -43.9 -21.5
14.8 12.4 49.3
761.8 -33.2 -129.7 9.1 -31.1 16.1
1713.4 98.3 -16.5 11.4 -9 10.9
2003.7 49.5 -61.7 7.1 -84.6 -38.1
13.5 22.3 120.7
819.2 -49.2 -165 23.1 -40.2 25.3
1722.5 91.2 -23.9 9.1 -19.1 2.3
2468.3 106.8 -536 9.9 -96.4 -75
18.7 17.4 106.7
876.8 -62.9 -174.2 32.8 -52.1 37.9
1735.5 110.6 -17.9 32.2 -14.3 23.6
2665.4 96 -302.5 118.5 -187.9 68.9
23.3 8.7 100.5
915.8 -68.6 -167.9 35 -54.5 40.9
1747.1 102.2 -9.5 25.1 -7.3 15
2750.9 108.8 -150 106 -69.8 22.4
23.5 14 85.2
945.8 -82.7 -146.4 27.3 -49.1 38.2
1748.6 109 -13.1 27.5 -6.2 9.7
2806.1 13.3 -70.2 40.4 -26.6 0.2
26.7 9.1 7.6
962.5 -92.9 -126.9 25 -44.4 39.6
1757.4 99.8 -3.4 23.1 -6.2 13
2857.2 -68.1 -3.1 -4.2 -7.1 10.1
28.8 9.3 7.6
965.3 -102.5 -108.7 18.9 -45 36.5
1759 98.9 0.3 22.1 -5.3 12.7
2863.9 -66.2 -4 -3.3 -7.3 9.7
34.2 9.9 7.9
936.9 -95.4 -94.3 17.8 -38.9 31.4
1755.3 101.6 3.6 21.6 -4 12.1
2869 -65 -3.6 -1.6 -7.2 10.2
32.8 9.7 8.4
878.9 -73.8 -86.2 15.5 -45.8 29.8
1745.7 106.4 7.3 21.7 -5.7 13.3
2867.2 -64 1.5 0.8 -8.3 12.1
24.5 8.8 8.6
836.5 -50.4 -96.6 13.9 -44.5 28.7
1736.8 108.8 6.9 22 -5.3 15.5
2853 -62.3 10.8 0.2 -8.2 17.9
21.6 8.3 9.6
823.5 -49.9 -99.2 7.9 -39.8 19.7
1732.6 104 4.3 19.7 -4.7 13.9
2835.5 -65.6 9.6 -5.7 -6.2 11.9
21.1 8.9 8
822.1 -50.2 -107.4 8.8 -41.9 18.4
1732.2 102.8 0.4 18.8 -6.9 12.7
2831.4 -72.6 -1.3 -10.1 -9.7 6.2
21.3 9.2 7.6
828.6 -51.6 -111.3 9.3 -42 18.8
1734.3 102.5 -0.6 18.5 -7.2 12.6
2838.2 -73.7 -6.4 -10.3 -9.4 5.6
22.8 9.3 7.9
840.8 -53.6 -119.3 10.3 -43.7 20.5
1736.6 104.4 -0.4 18.5 -7.4 12.2
2855.4 -71.3 -12.8 -9.8 -10.5 7
26.2 8.9 9.3
863.3 -58 -134.2 13.2 -43.7 23.1
1735.3 108.8 4.3 18.7 -6.8 11.4
2883.8 -66.2 -23 -8.5 -11.4 8.7
42.7 10.4 11.9
885.4 -66.2 -181.7 25.6 -46.9 25.7
1720.9 119.2 17 20.1 -8.2 10.9
2919.1 -58.7 -39.1 -6.6 -13.7 9.3
243.6 169.1 131.6
1127.6 28 -371.7 -20.4 121 79.8
1854.9 133.6 -9 -60.7 178.7 3.3
3020.7 -45.7 70.3 -1.5 111 8.4
261.1 288 200.6
1401.1 44 -339.5 -54.2 -39.3 -31.6
2291.8 -12.1 -169.2 -62.8 81 -150
3142.6 -123.6 216.6 -72 237.2 -44.9
winner is: 14
