Regression analysis information for: S06_selected_tokens_0020
number of formants: 3
number of coefficients: 5
1.4 88.5 127.8
351.9 1.7 -11.7 -0.5 -4.6 -1.6
1642.3 113.3 64.1 -38.6 93.5 90.1
1953.6 34.6 -172.5 21.7 148.8 40.6
1.4 5.6 67
355.4 1.6 -12.1 -0.1 -4.8 -1.5
1864.8 11.1 -40.7 11.9 -13.1 7.5
2849.9 -134.5 -50.3 -41 15.2 40.7
1.3 5.6 7.6
358.3 0.9 -12.5 0 -5.2 -1.3
1864.6 11.5 -40.8 12.2 -12.7 7.5
2871.1 -54.1 -0.5 -15.2 -1.7 1.4
1.3 5.2 5.6
361.1 0.5 -11.2 0.2 -5.2 -0.9
1868 8.9 -37.6 10.3 -11.9 6.3
2860.5 -50 -4.2 -14.6 -1.3 0.7
1.3 5.3 5.4
361 -0.6 -12.1 -0.1 -5.6 -0.4
1869.2 7.6 -37.6 9.6 -12.1 6
2867.8 -39.2 6.3 -8.5 4 1.4
1.5 5.5 6
358 -1.9 -10.7 -0.5 -5.7 0.1
1867.4 6.9 -40.3 10.4 -12.9 7.2
2877.5 -34.8 -0.7 -7.4 1.2 0.2
1.9 5.5 5.3
356.4 -1.4 -7.3 0.1 -5.6 1.1
1868 2.3 -36.3 9 -12.4 6.6
2886.2 -40.5 -9.5 -13.6 4.7 -5.7
1.4 5.9 5.1
353.1 3.2 -8.3 -0.4 -3.7 -0.5
1862 9.9 -37.1 9.8 -9.9 6.7
2892.3 -60.6 -6.2 -14.2 4.3 -4.4
1.9 7.7 6.5
352.9 2.8 -8.5 -0.6 -4.1 -0.2
1861.4 13.2 -35.4 12.9 -9.3 10.4
2883.1 -53 1.4 -10.8 6.2 1.5
1.4 5.8 7.4
352.9 4 -9.3 -0.1 -3.9 -0.6
1860.7 20.2 -38.5 16.7 -8.5 9.1
2882.9 -42.1 2.9 -5 9.5 2.1
1.2 4.5 5.2
354 4.4 -8.9 0.5 -3.5 -0.5
1863.9 20.1 -39.4 16.6 -9.3 7.1
2886.3 -30.4 -8.6 1 7.9 -3.7
1.2 4.6 4.6
354.9 4.6 -9.4 0.4 -3.9 -0.6
1869.1 22.5 -41.4 16.7 -12.2 6.6
2903.9 -17.7 -21.1 0.8 -3.1 -7.1
1.4 4.6 4.9
355 4.4 -10.5 -0.2 -4.5 -0.9
1873.8 25.4 -42.7 17.8 -13.1 7.4
2924.8 -17 -21.9 -2.6 -5.1 -7.7
1.5 5.1 5.4
355.3 4 -10.4 -0.4 -4.7 -1
1880 23.4 -39.7 16.6 -13.3 8.1
2944.4 -22 -13.7 -7.9 -4 -7.2
1.4 5.5 5.3
356.1 3.8 -8.8 -0.2 -4.1 -0.8
1888.3 13.3 -30.9 12.6 -10.3 7.4
2961.9 -38.7 2.6 -12.6 6.3 -9.3
2 6.9 6.4
354.8 2.7 -10.1 -1.5 -5.3 -1.7
1893.8 10.2 -25.5 12.9 -8.1 9.2
2978.6 -48.7 17.1 -14.3 13.7 -8.6
2.3 7.6 6.4
353.6 1.8 -10.6 -2.6 -6 -2.5
1901 7.2 -19.1 10.8 -6.5 8.5
2995.5 -48.4 28.1 -16.6 17.1 -11.9
2.2 7.2 5.9
352.1 1.3 -9.9 -2.8 -5.6 -2.7
1909.3 4.4 -12.1 7.3 -4.8 5.5
3011.8 -38.9 34.8 -16.3 17 -16.9
3.3 6.8 5.8
347.1 -2.9 -11.1 -4.2 -6.3 -3.4
1915.7 8.4 -9.1 7.6 -5.4 4.2
3030.7 -24 40.6 -15.1 14.8 -21.6
9.2 7.1 7.4
335.1 -18.6 -19.5 -9.6 -10.8 -8.8
1920.4 18.7 -9.5 10.8 -9.1 5.4
3052.3 -2.6 48.4 -17 8.9 -24.5
winner is: 12
