Regression analysis information for: S06_selected_tokens_0050
number of formants: 3
number of coefficients: 5
9.5 17.6 87.5
363.9 47 15.7 -1.3 -12.1 -8.7
1179.6 -162.5 125 -42.9 22 12
2600.3 -267.5 -371.2 -320.2 -165.8 -108.2
8.7 15 110.7
363.8 50.8 16 -0.1 -11.7 -6.4
1185.7 -149.4 135.6 -31.8 32.5 25.4
2640 -206.4 -301.3 -250.4 -109.3 -68.7
7.4 17.6 131.8
364.1 55.8 18.2 2 -9.9 -5.6
1181.5 -148.7 130 -35.2 27.5 22.6
2714.4 -80.1 -192.4 -164.1 -58.7 -44.6
6.4 14 100.7
364.2 59.2 21.1 3.8 -8.3 -5.2
1180.1 -135 135.7 -29.9 31.9 24.9
2767.5 17.3 -116.2 -97 -16.1 -22.3
6.3 12.5 23.2
364.2 61.5 24.2 6.2 -7 -5.1
1177.4 -130 139.8 -28.1 32.8 22.1
2829.8 137.4 -21.8 -26 31.2 -6.2
6.5 11.9 20.8
362.8 60.4 25.4 7.6 -6.4 -5.3
1173.5 -130.3 144.8 -26 33.7 20
2831 146.3 -13.9 -36.3 22.7 -15.5
7.7 11.8 21.6
360.9 56.7 22.6 5.3 -8.5 -7.5
1172.4 -134.4 144.5 -27.6 34 17.6
2829 147.5 9 -25.8 26.5 -28.9
9.6 10.6 20.8
359.2 52.5 18 1.3 -12 -10.4
1174 -143.4 141.7 -32.1 31.6 14.8
2837.3 139.6 17.5 -12.9 45.9 -21.3
9.9 10.9 22.1
360.4 52.3 17 0.4 -12.8 -11
1180.2 -149.7 141 -35.1 30.9 14
2865 116.1 -11.2 -31.3 39.2 -23.2
10.5 11.9 21.1
363 53.5 16.6 0 -13.2 -11.4
1190.4 -156 142.6 -36.4 30.9 14.7
2907.6 98 -37.6 -41.9 33.8 -24.7
10.7 13 22.7
365.6 54.9 17.3 0.9 -12 -10.8
1197.9 -161.7 144.3 -37.5 31.9 15
2946 89.7 -45.7 -36.8 40.5 -23.6
11.1 14 28.3
366.8 55.1 16.9 0.9 -11.4 -10.8
1203.4 -168.6 149.6 -39.3 33.9 13.7
2973.3 82 -44.1 -35.9 52.7 -27
11.7 15.4 36.7
366.8 54.5 15.8 0.2 -12.1 -11.4
1209.1 -177.6 158.6 -42.1 36.8 11.7
2991.3 68.8 -30.5 -39.9 66.1 -34.9
12 17.2 47.8
366.9 54.1 15.1 0.2 -12 -11
1214.1 -186.7 165.6 -46 38.8 10.5
3009.7 45.6 -19.4 -37.3 79.8 -44.6
13.2 18.7 62.1
366.6 54.3 14.2 -0.4 -12 -10.4
1217.2 -196.1 177.5 -51.6 37.5 10.4
3034.4 14.8 -20.5 -37.7 89 -58.2
17.5 23.3 77
364.3 55.7 15 -0.8 -10.6 -9.3
1208.6 -204.9 210.7 -60.7 25 14.9
3072.4 -7.2 -25.9 -33.1 95.1 -74.9
57.5 243.4 125.8
360.5 48.2 7.3 24.4 8.8 -38.3
1266 -267.3 117.9 73.3 92.2 -179.8
3161.4 -43.1 -106.5 26.8 137.2 -161.5
120.4 353.9 198.6
547.4 66.1 -259.1 -2.8 25.2 -10.9
2091.8 -166.3 -1118.3 -161.7 443.4 -9.1
3412.9 20.9 -418.9 -95.5 190.1 -79.7
85.3 308.6 240.2
601.6 145.3 -266.4 -44 -100.8 -102.7
2340.9 47.5 -1041 -362 -147.7 -175.3
3470.8 42 -276.2 -42.4 -59.3 -210
111.4 323.7 203.1
663.4 19.8 -208.6 -58.5 -147 -57.6
2397.8 -187 -768.2 -415.4 -240.4 -37.6
3528.7 -175.8 -86.3 -29.7 -51.8 -28.5
winner is: 6
