Regression analysis information for: S06_selected_tokens_0052
number of formants: 3
number of coefficients: 5
12.9 32.6 51.1
424.3 79.9 -59.6 29.2 -15.4 17.9
1033.5 80.5 -6.8 13.1 40.9 29.8
2765 -91.9 -173.2 12.8 -71.2 40.5
12.7 30.3 26.4
430 79.8 -58.2 31.9 -16.5 19
1045.3 74.6 -11.7 18.6 38.3 33.9
2776.7 -116.3 -140.3 -16.6 -43.3 14.5
12.3 31 59.7
430.3 81.1 -58.5 34.1 -17.1 20.4
1048.8 76.8 -18.1 25.1 34.6 40.3
2757.1 -69.8 -187.3 31.3 -91.2 61.1
13.4 30.2 24.5
426.5 82.6 -55.1 29.5 -13.6 21.6
1045.3 76.7 -4.3 5.6 49.1 40.3
2786.6 -117.1 -147 -7.5 -53.2 20
12.4 27.1 52.4
409 93.3 -51.9 22.8 -12.7 18.9
977.2 141.8 9.4 -4.9 39.3 38.7
2788.3 -109.6 -171 17.3 -82.8 52.7
9.4 16.4 49.7
396.4 94 -41.2 21.9 -14.6 17.2
919 167.9 43.3 15.4 9.1 17.7
2768.1 -70 -194.7 33.7 -91.4 62.4
8.6 14.4 27.8
392.1 91.2 -41.1 19.9 -16.7 16.7
913.3 161.7 43.1 13.9 6.4 13.1
2744.6 -67.5 -176.2 16.2 -67.8 36.5
8.7 15.8 42.6
393 89.1 -43.8 20.3 -17.8 16.6
919.2 153.2 44.6 7.8 8.3 12.7
2807.1 -187.9 -100 -46 -26.2 9.1
9.3 18.6 36
398.5 86 -47.4 22.3 -17.7 16.2
925.4 147.3 50.6 -1.9 12.7 14
2842.3 -215.4 -106.7 -44 -29.9 7.8
9.9 22.4 35.5
406.5 83.4 -54.1 26.6 -17 15.1
923 152.2 59.7 -13.8 14.9 17.7
2874.5 -229.9 -114.1 -41.9 -34.2 5.4
11.2 29 36.2
416.9 80 -60.7 31.3 -16.3 13.1
908.6 163.8 76.4 -31.6 15.1 23.2
2902.4 -230.5 -116.5 -40.6 -42 2.2
11.5 32.6 38.1
423.1 82.3 -65.4 34.9 -16.8 11.8
889.4 178.2 89.4 -40.5 9 33.3
2909.9 -206.4 -128.8 -30.6 -58.1 1.7
11.4 38 37.7
427.2 85.6 -65.6 36.8 -19.4 12.7
879.2 174.8 93.4 -47.8 17.6 38.3
2912.8 -178.3 -137.1 -22 -75.8 -1.3
15.5 55.4 44.9
430.9 82.1 -70.2 41.4 -17.4 25.4
848.4 171.6 102.9 -55.7 34.4 32.7
2934 -180.4 -128.5 -31.7 -87.9 -7.5
65.2 625.7 267.8
438.2 123.2 -58.2 26.6 -27.2 -15.6
1177.1 -25.6 -109.2 182.9 -218 109.5
3127.2 -237.8 -224.6 33.2 -154.6 41.3
81 722.1 423.9
528.2 195 3.5 51.1 -73.4 -11.6
2053.9 -219 -463.5 617.1 -252.3 117
3567.8 -204.5 -375.1 186.5 -24.7 -55.3
62.4 613 387.1
557.3 211.8 4.3 67.9 -78.6 -38.8
2351.9 -233.4 -363.9 615.6 -195.3 -164
3683.7 -172.5 -404.1 134.1 -16.7 -206.2
48.6 253.1 269.3
575 221.8 -0.5 52 -85.9 -33.3
2669.4 59.9 -514.7 38.9 -379.7 25.8
3880.4 12.1 -430.1 -183 -133.7 -94.3
27.5 199.7 211.4
592.3 248.4 24.4 76.3 -59 -6.4
2721.7 100.4 -373.2 93.7 -271.9 85.5
3972.1 172 -213.7 -62.4 -43.8 -29.1
48.4 255.8 161.5
579.8 219.5 -1.8 48.9 -79.4 -24.1
2694.1 -42.6 -422.6 5.8 -320.2 10.1
4000.9 134.8 -180.3 -117.5 -86.3 -152.8
winner is: 7
