Regression analysis information for: S06_selected_tokens_0053
number of formants: 3
number of coefficients: 5
7.1 20 10
454.5 40.7 -14.4 -11.9 -9.9 -10.7
1510.1 146.6 102.1 -67.7 36.3 -22.7
2569 42.4 -14.6 25.1 5.6 -4.5
7 19.3 9.2
455.7 43.5 -13.7 -11.2 -8.9 -11.2
1509.9 149.2 99.9 -65.8 35.6 -23
2568.7 35.8 -17.3 23.1 4.2 -3.4
7.2 18.8 8.5
455.8 46.7 -13.5 -11.3 -8.8 -11.7
1511.2 151.6 100.4 -66.1 36.1 -23.7
2573.1 36.9 -17.1 22.6 3.4 -3.5
7.4 18.4 8.2
456 49.6 -13.1 -11.6 -8.9 -12
1512.2 154.5 101.1 -66.5 36.6 -24.2
2579.4 41.7 -15.8 22.5 2.7 -3.8
7.9 18.2 8.1
455.9 51.5 -13.7 -12.8 -10 -12.5
1515.2 155.6 104.4 -69.1 37.9 -24.7
2586.4 49.2 -13.7 22.3 2.8 -3.5
7.7 17.9 7.6
457.4 53.6 -12.5 -12.2 -9.5 -12.4
1515.3 159.6 101.9 -67.1 36.9 -24.3
2594.1 55 -12.8 21.4 1.6 -3.4
7.9 17.9 7.2
458.4 54.9 -12.5 -12.4 -9.8 -12.5
1517.6 161.5 102.2 -67.1 36.8 -24.3
2602.2 61.9 -11.7 20.4 0.8 -2.6
8.4 18.1 6.9
458.6 55.3 -13.6 -13.6 -11 -12.9
1521.4 161.8 104.8 -69.5 37.6 -24.5
2609.7 70.1 -11 18.9 0.1 -1.6
8.8 17.4 7.3
458.2 56.3 -13.3 -14.6 -11 -12.4
1521.2 165.4 106.2 -71.4 38.1 -23
2612.8 79.7 -8.6 15.4 1 1.1
8.6 18.3 8.4
457.6 55.4 -13.6 -14.7 -10.9 -12.5
1520.7 165.3 106.6 -71.4 39.3 -23.7
2610.7 81.3 -7.6 16.2 4.4 -0.1
8.3 18.2 8.8
458.4 55.3 -12.8 -13.8 -10.5 -12.2
1519.9 165.3 104.5 -68.9 37.6 -22.9
2612.5 77.2 -6.9 16.4 2.6 1.3
8.4 18.1 8.1
459.1 55.4 -13.1 -13.5 -10.7 -12.3
1522 164.1 104.4 -67.9 36.4 -22.5
2617.6 75.1 -6.7 17.2 -0.9 2.5
8.6 18.3 8
458.9 57.1 -14.4 -12.3 -10.1 -12.7
1524.8 163.3 104.2 -67.8 35.9 -22.5
2626.9 72.7 -6.8 16.6 -5 4.3
14.9 19.7 8.5
449.8 67.1 -24.8 -10.8 -7 -19.1
1527.2 166 105.8 -72 41.1 -25.5
2641.3 72.7 -5.7 17.4 -7.7 8.1
196.5 218.6 263.2
557.1 -153.4 126.6 -71 -53 133.6
1693.3 -122.1 297.1 -117.2 -60.6 193.7
2867 -287.6 218.6 -20.8 -142.7 268
254.2 236.2 286
748.1 -198.8 244.2 142.2 -75.3 198.4
1961.4 -217.1 311.8 198.3 -212 165.4
3124.9 -266.3 234.8 284.7 -173.8 173.7
190 174 203.9
1232.6 162 370.1 116.5 39.2 -297.6
2411 68.8 155.7 206.7 7.6 -280.6
3585.4 169.5 257.2 227.4 35.5 -208.1
34.1 53.8 52.1
1343.4 249.3 135.9 -122.6 51.4 -27.9
2400.4 49.5 -21 35.6 8.1 -55.8
3659.6 267.6 71 50.7 25.4 100.8
32.6 40.3 36.1
1321.6 231.1 138.4 -106.4 41 -32.5
2363.4 17.8 5.4 57.8 -5.1 -48.1
3629.9 196.6 78.6 73.5 -5.3 83.5
31.6 35.8 32
1319.4 223.8 140 -102.3 38.9 -33.5
2373.3 12.2 11.5 60 -10.9 -41.5
3647.5 161.2 74.9 80.5 -13.5 75.6
winner is: 7
