Regression analysis information for: S06_selected_tokens_0015
number of formants: 3
number of coefficients: 5
6.3 47.4 199.1
453.6 14.9 -72.6 -26 -1 10.7
1826.7 163.3 1.4 -49.8 58.5 15.7
2555.4 399.5 -164.6 -179.3 187 -44
17.8 5.5 9
500.3 -15.5 -107 3.8 -2 -7
1876.1 105.6 -23.3 28.1 1 9.3
2855.1 -87.3 -23.6 -7.2 -11.8 4.5
17.1 5.3 7.9
545.2 -66 -118.6 37.4 -28.2 4.5
1877.9 108.5 -22.6 29.7 0.5 9.7
2843.7 -75.1 -17.2 -5 -12.4 5.5
15.7 5.4 7.7
560.9 -91.5 -104.7 39.2 -35.2 5.2
1881.4 104.6 -21.5 29.6 0.1 9.6
2849 -67.5 -15.8 -6.8 -11.5 4.5
15.9 5.1 6.5
556 -97.7 -98.4 45 -40.7 9.1
1883.1 107.4 -21.6 31.4 -0.5 9.7
2856.1 -64.1 -17.4 -8.3 -12.2 4.8
13.5 5 5.7
538.8 -90.7 -82.5 38.9 -43.3 13.8
1884.8 107 -20.9 32 -0.7 9.6
2865.2 -61.5 -18.9 -10.9 -12.5 5.1
15.3 5 5.8
497.7 -47.6 -70.7 18.2 -34.5 10
1885.4 104 -19.4 31.9 -0.3 8.8
2875.2 -59.1 -20 -14.8 -12.5 5.3
5.5 5.2 7.2
449.8 4.9 -64.5 -14.6 -8.7 13.6
1878.7 113 -20.1 31.6 1.9 8.8
2880.2 -62.5 -21.7 -12.6 -12.3 3.9
4.2 4.7 10.2
446.4 4.2 -59.4 -15.6 -11.8 14.1
1872.4 116.5 -19.1 28.9 0.5 7.7
2873.7 -63.9 -22.6 -11.4 -15.3 -1.1
3.3 5.6 6.2
448.6 1.2 -57.4 -16.1 -11.4 14
1867 111.4 -20 26.7 5.8 10.6
2853.1 -76.3 -23 -3.8 -0.4 10.7
3.8 6 7.3
449 1.1 -59.5 -14.3 -11.8 15.2
1866 117.1 -19.6 25.5 6 12
2848.2 -64.6 -21.5 -10.5 -4.7 15.8
3.8 6.2 10
451.7 0.8 -59 -16.2 -11.7 13.6
1870 115.8 -19 24.4 5.1 12.5
2862.4 -51.8 -23 -20.7 -10.6 19.4
5.3 5.3 12.2
447.8 2.4 -62.2 -16.7 -9.8 15.7
1875.9 122.1 -18.6 26.7 3.6 12.4
2887.6 -38.3 -26.7 -25 -17.2 18.3
9 4.9 13
436 2.6 -65.1 -22.6 -4.2 21.8
1884.7 127.3 -16.8 28.9 2 10.8
2923.2 -19.5 -25.6 -27.8 -25.3 8.3
28.1 4.8 13.7
390 -4.8 -79.4 -48.4 15.5 43.7
1895.6 131.2 -12.7 32 2.1 9.9
2965.3 -0.1 -15.3 -22.6 -25.6 -0.4
431.7 268.9 303.3
608.8 265.7 112.5 110.8 -179.8 -180.2
2091.5 238.4 106 160.4 -142.9 -111.6
3215.4 167.9 144.2 121.1 -182.2 -156.6
390.8 410 409
1249.5 -243 279.6 583.1 -83.4 -69.4
2446.6 -235.7 197.2 210.3 -57.2 -28.6
3555.9 -236.2 201.7 211.6 -75.2 -79.4
309.5 362.6 358.2
1262.7 -341.7 149.4 435.4 -21.6 -349.3
2334.4 -262.2 72.6 -8.6 136.3 -187.6
3431.2 -303.6 25.6 -29.2 94.4 -198.6
321 343.2 339.5
1404.3 -260.2 170.4 280.2 42.3 -295.7
2216.7 45.8 -144.5 -28 137.1 -178
3320.6 -2.8 -166.7 -108.7 146.3 -192.4
312 304.4 327.4
1482.4 -258.9 189.9 363.2 35.8 -253.6
2314.2 6.5 -183.5 43 21.2 -134.9
3318.8 138.3 -275 -73.6 108.7 -234.5
winner is: 10
