Regression analysis information for: S06_selected_tokens_0110
number of formants: 3
number of coefficients: 5
25.8 52.8 293.3
847.2 36.1 -72.3 33.2 -9.7 -4.1
1334 -2.6 -17.8 44.7 2.9 -41.8
2492.1 603.7 -400.5 254 322.9 -310.3
12.9 51.3 199.5
885.3 15.5 -74.5 13.6 -6.1 15.9
1380.3 -19.2 -31.2 17.2 -19.7 -9.6
2923.5 255.4 -317.7 179.4 -87.9 12.8
14.8 33.5 195.7
890.5 -7.2 -71.7 3.8 3.7 27.2
1411.3 -81.4 18.1 -25.5 10.4 -21.1
2983.4 -91.4 -136.6 75.2 114.4 120.4
18.9 9.7 197.3
884.7 -20.5 -65.6 -4.8 4.8 25.4
1420 -107.3 38.4 -36.1 8.7 -11.6
2957.7 -232.5 -165 29.8 133.5 206.8
19.5 9.8 149.1
878.2 -20.9 -54.8 -12.2 1.9 16.6
1417.1 -107.3 43.5 -38.6 7 -13.8
3005.3 -147.8 -132.8 18.2 70.9 134.2
21.4 9.9 51.9
872.2 -15.6 -44.2 -16.7 -3.3 4.3
1414.7 -105.8 48 -40.7 5.6 -17.5
3068.6 -41.2 -77.5 13.2 2.1 32.8
24.9 10.8 8.1
869.3 -7.7 -37.3 -17.5 -8.8 -6.7
1413.7 -104.1 51.1 -41.6 4.5 -21
3091.7 -6.1 -57 10.9 -22 -4.4
29.4 11.8 7.6
863.6 -4.8 -33.9 -14.6 -17.4 -16.3
1411.9 -104.1 52.8 -41.8 2.7 -24
3094.5 -7.3 -55.6 9.9 -20.3 -3.4
33.2 11.7 7.4
847.2 -9.7 -38.9 -6.5 -22.9 -18.7
1407.7 -106.1 52 -41.4 2.6 -24.2
3099.3 -8 -52.7 7.8 -19.2 -4
27.6 9.3 8.7
823.1 -9.9 -57.7 5.8 -23.4 -4
1401.1 -104.3 45.8 -38.7 2.4 -20
3104.2 -14.1 -47.3 2.2 -17 -8.7
21.3 7.9 9.5
809.3 -5.7 -64.6 9.4 -21.1 3.6
1397.5 -99.5 41.1 -36.6 2.1 -18.2
3104.1 -17.9 -45.1 0 -16 -10.1
18.3 8.1 8.6
811.2 -5.6 -67.3 9.3 -21.7 7.1
1398.3 -98.9 40.3 -36.1 1.6 -17.8
3101.2 -16.2 -47 2 -15.9 -9.2
16.7 8.4 8.3
819 -4.2 -70.3 8.3 -21.5 9.5
1399.3 -100.1 41.3 -36.1 1 -18.6
3101 -12.8 -49.2 5.5 -16.9 -5.9
15.8 9.1 8.9
831.2 -1.9 -74.6 6.8 -20 11.3
1398.7 -102.9 43.9 -36.5 -0.1 -20.2
3105.6 -12.1 -47.6 6.1 -15.4 -4.2
15.8 9.4 9.8
847.1 1.3 -80.2 2.4 -19 14.8
1395.1 -108.4 48.5 -36.4 -1.8 -24.1
3112.5 -13 -43.9 4.8 -13.2 -2.9
17.7 10.2 9.8
868.6 5.2 -91.9 -1.5 -14.7 15.7
1385 -117.3 56.8 -37.4 -7.8 -29
3120.8 -12.8 -40.2 4.8 -10.5 -2
26 10.4 8.9
896.5 1.3 -109.9 -6.3 -14.6 9.7
1365.7 -126.5 70.7 -40.8 -15.9 -32
3131.2 -14.1 -35.8 5.5 -8.6 -0.2
29.8 48.8 38.9
926.7 8.6 -98.7 24.9 -12.3 12.4
1363.4 -96.3 119.7 -19 20.8 8.7
3154.1 11 -5.9 33.4 17.9 25.6
53.8 42 8.3
936.2 1.6 -61 61.4 -26.6 14.1
1343.8 -97.1 119.3 -36.4 31.1 14.4
3147.9 -18.9 -31.6 8.7 -9.2 1.9
85.5 216.9 90.7
953.4 12.5 -59.9 34.6 9.4 107.6
1486.4 22.9 -35.7 -114.7 253 247.7
3193.8 21.6 -47.5 -4.1 33.3 71.6
winner is: 13
