Regression analysis information for: S06_selected_tokens_0046
number of formants: 3
number of coefficients: 5
3.3 27.7 264
320 24.3 -15.3 -5.4 1.2 -4
1177 -97.5 88 -71.7 47.5 -26.2
2276.2 -288 -205.6 -344.7 92.9 143.3
3.4 27.6 217.7
322.5 30 -11.6 -2.3 2.5 -2.4
1182.5 -81 98.2 -62.8 52.1 -19.4
2492.3 87.5 72 -262.4 97.9 167.3
3.9 16.8 109.4
325 34.2 -8.3 0.7 3.3 -2.1
1194 -62.9 113.4 -42.2 61.1 -10.9
2677.3 193.8 64.7 -145.4 64 72.5
3.8 17.7 29.8
326.6 35.2 -7.5 2.1 3 -2.4
1199.4 -67 107.1 -34.7 59 -14.2
2843.7 149.4 -77.3 13.8 32.7 -58
3.9 19.9 26.5
326.2 32.4 -9.8 1 1.2 -3.6
1206 -74.3 103.7 -28.9 56.7 -16.4
2849.4 146.2 -75.8 20.7 29.7 -62.7
3.5 20.8 26.2
324.4 27.4 -13.7 -1.9 -1.3 -4.9
1209 -82.9 101.7 -28.9 54.3 -17.3
2857 141.9 -68 23.9 31.3 -61.8
3.1 19.2 26
322.5 24.5 -16 -4.6 -2.7 -5.6
1204.3 -88.5 101.7 -37.9 50.7 -16.8
2860.8 139.4 -61.5 27.5 33.5 -60.3
3.4 17.9 24.6
321.2 22.7 -17.4 -6.5 -3.4 -6.1
1202 -94.2 103.5 -46.4 49.5 -16.2
2855.1 129.7 -60.6 13.1 31.9 -61.4
3.4 18.3 24.3
321.7 22.6 -17.5 -7 -3.6 -5.9
1206 -98.7 104.8 -49.3 50.2 -14.4
2866.4 121.6 -68.1 -10.6 25 -51.1
3.6 19.1 22
322.6 22.6 -17.8 -7 -3.3 -5.4
1214.5 -104.1 105.8 -49.5 51.4 -11.1
2899 126 -69.9 -22.9 23 -29.9
3.5 20.5 23.6
323.5 22.7 -17.8 -6 -2.1 -4.4
1222.3 -109.1 104.9 -49 52.9 -9
2934.1 132.4 -69.2 -27.7 23.4 -9.5
4.4 21.3 29.3
323.3 21.6 -19 -5.4 -0.9 -4
1229.7 -113.6 105.2 -47.5 55.2 -6.6
2963.6 140 -68.9 -29.6 26.4 8.3
7.8 22.6 34.3
321.2 17.4 -23.1 -6.6 -1.6 -6
1238 -122.2 108.2 -47.1 57.9 -7.2
2988.2 141.5 -65.4 -28.3 34 14.9
17.9 60.5 57.3
327.9 31.9 -9.3 11.2 15.6 10.2
1260.8 -101 143.5 -18.2 92.9 20.9
3021.8 157.1 -39.1 -10.3 61 37.7
19.8 63.4 62.2
324.8 30.8 -13.6 16.8 19.6 11.7
1268.7 -114.1 150.4 -22.3 98.3 17.1
3050 141.5 -43.6 -15.3 60.5 35.8
32.1 71.8 75.6
311.2 23.5 -23.1 37 37.4 17.2
1265.8 -127.4 176.6 -34.2 104.7 11.4
3090.2 144.6 -60.6 -28.9 59 51
192.5 602.3 309.7
443.8 90.5 -44 -90.4 -114.1 -13.8
1641.4 63.3 82 -389.2 -251 -16
3328.8 121.9 -60.2 -129.2 -6 35.2
212.1 506.1 299.5
600.7 156.3 -31.5 -156.8 -157.2 -12.3
2478.7 203.9 -599.2 -310.5 -125.7 1.2
3713 79.9 -238.1 120 -52.8 -24
215.3 330.5 257.1
763.2 97.4 195.5 -215.3 1.8 -93.1
2681 265.3 -23.9 62.3 71.9 -157.9
3932.4 69 89.7 162.4 55.8 -23.3
135.1 226.2 245.9
756.2 199.9 152.9 -136.3 -39.4 -50
2747.9 310 49.8 126.2 58.1 -202.7
3973.3 3.2 150.6 121.5 85.1 -45.9
winner is: 10
