Regression analysis information for: S06_selected_tokens_0024
number of formants: 3
number of coefficients: 5
3.7 3.7 113.1
403.4 -37.6 -6.3 4.3 -2.8 -1.3
1581.5 147.3 -48.1 5.9 -1.5 -0.1
2348.5 -534.1 215.7 -228.2 50.1 239.8
3.8 4.1 99.6
411.6 -37.3 -11.3 7.3 -4.2 0.7
1586.8 146.9 -49.1 5.1 -3.5 0
2717.7 -470.7 -157.3 -152.5 63.7 97.4
3.8 4.6 32.7
417.8 -36.7 -16.2 8.7 -5.9 0.7
1590.5 148.6 -50.6 4.2 -5 -0.3
2853.1 -295.5 -106.1 -121.8 -89.2 -97.1
3.8 4.7 46.2
420 -35.4 -20.3 9.1 -7.7 -1.2
1591.8 152.1 -52.9 3.1 -5.8 -0.9
2878.9 -236 -61 -85.9 -63.3 -86.1
3.3 4.6 12.2
420.7 -33.2 -19.2 9.7 -8.3 -1.8
1594.2 154 -52.7 3.5 -5.8 -0.7
2920.4 -157.4 7.6 -16.2 6.1 -21.7
3.2 4.7 7.9
419.6 -31.4 -16.4 9.9 -8.5 -2.1
1596 155.3 -52.1 3.8 -5.8 -0.3
2930.4 -146.9 10.7 -9.6 13.8 -12.7
2.7 4.8 7
418.5 -29.8 -12.4 10.5 -7.6 -1.7
1598.4 154 -50.3 4.6 -5.9 -0.2
2936.6 -143.6 5.5 -11.3 12.9 -12.4
2.7 4.9 7.3
414.6 -27.8 -9.9 9.2 -7.5 -1.7
1596.9 155.3 -49.2 4.2 -6.7 -0.6
2944.5 -145.4 5.8 -12.2 13 -11.9
3.6 5 7.5
411.5 -28.4 -11 8.4 -6.9 -2
1592 157.3 -51.2 3.2 -3.1 -0.8
2945.9 -151.3 4.2 -13.4 15.9 -13.1
3.6 4.7 9.3
412.5 -28.8 -11.9 8.2 -6.2 -0.9
1586.6 156 -45.6 5.1 -4.2 -0.4
2915.2 -156.4 32.9 -6.1 7.4 -18.4
3.1 4.5 10
414.7 -28.8 -11 8.5 -5.3 0.2
1588.3 153.3 -44.8 5.8 -3.4 0.1
2909.6 -152.9 25.4 -4.2 13.9 -17.7
2.8 4.9 8.2
413.8 -27.8 -10.1 8.7 -5.9 -0.9
1591.3 153.8 -45.7 5.4 -3.3 0.4
2930.8 -152.5 16.4 -5.6 17.3 -11.3
5.2 5.4 12.2
401.9 -22 -6.4 10 -9.1 -8.6
1594.7 158.3 -48.1 3.5 -3.4 -0.4
2974.4 -151 3.9 -12 24 -0.3
33.8 5.1 14.3
336.4 24.9 8.6 21.4 -1.2 -68.1
1598.7 163.7 -50.1 1 -4 -2.5
3025.6 -143.3 -21.6 -27.6 26.4 14.1
326.9 472.9 336
611.5 -197.6 -105.7 13.7 21.9 294
1909.7 -117.6 -112.5 -28.5 58.2 245.8
3269.8 -332.9 -101.6 -24.1 80.5 187.9
197.3 327.4 231.3
1042.1 -444.2 -501.9 98.7 85.6 206.6
2060 -188.2 -429.5 307.7 119.1 -449.9
3408.8 -341.5 -346.2 163.3 106.5 -288.5
213 386.1 292.1
1070.6 -339.7 -454.9 -175.5 -79.8 310.1
1868.7 52.8 -57.9 -188.8 -108 -150.5
3287.4 -145.1 -82.7 -187.6 -88 -124.6
313.9 571.3 429.1
1050.3 -262.3 -432.3 -272.2 -123.9 135.2
2174.3 -286.5 29.7 -182.6 -178.9 -144.2
3506.2 -359.6 -2.6 -167.8 -179.8 -137.3
280.5 460.2 417
1200.2 -237.1 -499.6 -51.9 -172.2 226.4
2586.7 -415.1 -307.6 204.4 -337.3 84.2
3828 -396.7 -194.8 133.4 -244 68.6
294.9 417.7 374.2
1262.5 -162.9 -485.4 2.1 -66.4 312.6
2716.9 -303.1 -405.6 156.2 -179.4 264.4
3969.3 -251.1 -271.5 97.8 -62.3 279.6
winner is: 7
