Regression analysis information for: S06_selected_tokens_0031
number of formants: 3
number of coefficients: 5
2 16.6 93.2
354.4 -28.5 -2.3 4.4 6.1 -7
1908.6 199.9 -244.1 -37.6 -42.5 0
2579.6 20.5 -48.3 -207.3 254.6 -189.9
2.2 17 61
355.2 -34.3 -1.3 3 6.7 -6.7
1912.4 202.5 -240.5 -40.4 -43.7 -1
2699.5 -140.4 -21.9 -86.3 72.5 -44.6
2.2 16.2 10.5
354.7 -38.9 -1.8 2.9 7 -5.4
1923.9 205.6 -231 -40.3 -45.2 -0.8
2740.7 -178.3 -21.8 -31.7 -6.5 12
1.8 17 8.7
353.3 -43.1 -3 3.3 6.7 -4.4
1922.6 207.5 -237.7 -44.9 -49.7 -1.9
2744.2 -173.3 -21.4 -36.8 -4 9.9
1.7 16.3 7.6
350.7 -44.7 -5.3 4 5.9 -3.4
1933.5 212.1 -230.5 -44 -51 -1.9
2753 -168.8 -18.5 -38.7 -2.1 11.6
1.7 16.1 11.7
346.5 -46.1 -7.9 4.1 4.5 -4.2
1930.8 209.8 -237.1 -48.8 -55.2 -3.9
2753.5 -187.8 -26.3 -43.2 -0.1 14.8
1.3 14.5 17.2
343.4 -45 -9.4 5.5 4.4 -3.7
1887.8 164.2 -256.6 -37.6 -33.6 18.5
2709 -257.7 -35.7 -35.7 12.9 4.1
1.1 14.4 20.8
343.5 -45.3 -9.1 5.3 4.9 -3.8
1883.4 170.1 -258.8 -37.1 -33.1 14.1
2704.4 -240 -40.3 -34.3 11.3 4.3
1.2 14.8 13.7
344.4 -45 -9.2 5.1 4.8 -3.5
1912.9 195.2 -249.2 -44.2 -38.9 11.8
2731.6 -211.8 -37.4 -36.4 21.5 23.3
1.2 20.7 12.6
345.6 -45.3 -8.7 5.1 5.1 -3.6
1941.3 233.9 -245.8 -57.1 -58.3 -2.8
2774.8 -183.6 -18.2 -31.5 33.1 44.4
1.3 24.1 21
346.6 -44.4 -8.9 5.3 4.5 -3.5
1978.2 267.1 -223.5 -58.4 -71.2 -15.5
2831.6 -130.9 8.7 -39.2 15.9 40.8
1.4 26.5 19.7
346.6 -43.4 -9.6 6.4 4 -3.7
1989.2 275.8 -223.7 -61.5 -80.1 -21.4
2890.2 -77.1 42.1 -46.8 -20.7 13.1
1.8 26.8 29.9
345.8 -40.3 -11.9 8 2.7 -3.6
2008.4 282.3 -208.8 -56.7 -81.8 -21.7
2941.2 -20.2 65 -68.9 -70.8 -27.7
2.4 28.7 31.5
343.7 -36.4 -15.1 9.9 2.1 -4.1
2008.2 280.1 -219.7 -62.5 -88.5 -23.5
2966.5 -6.1 64.2 -87 -96 -39.4
3.1 29.9 35
341.9 -32.4 -18.4 11.8 1.5 -4.5
2015.8 283.2 -223.9 -62.8 -87.7 -22.7
2993.3 18.6 63.7 -100.4 -112 -49.3
4 30.7 35.2
340.8 -30.3 -19.9 12.4 2.1 -5.7
2024.9 286.1 -232.3 -63.3 -85.2 -20.7
3020.9 43.3 55.3 -114.2 -125.6 -53.4
3.9 30.4 32.9
340.2 -29.1 -20.4 12.7 2 -6
2043.6 291.4 -232.9 -58.4 -75.8 -14.8
3049.2 68.7 45 -122.3 -128.5 -50.5
5 32.5 32
336.8 -25.2 -21.8 13.3 3.4 -9.1
2050.1 292.7 -257.3 -62 -72.2 -13.3
3091.8 97.3 21.4 -143.6 -132 -35.3
7.2 32.7 49.7
329.7 -16 -25.1 15.9 3.3 -13.4
2074.5 298.2 -263.7 -52.8 -59 -8.2
3155.3 141.7 -23.6 -181.1 -119.1 5.8
11.3 34.7 53.3
310.4 9.3 -35.7 22.5 3.2 -22.1
2084.1 302.3 -293.2 -47.3 -54.3 -12.4
3230.6 186.7 -75.8 -204.2 -81.8 53
winner is: 5
