Regression analysis information for: S06_selected_tokens_0070
number of formants: 3
number of coefficients: 5
4.3 23 15.5
326.5 6.7 -5.7 -2.3 -3.5 3.6
1751.1 92.5 72.4 -76.2 -5.4 -26.3
2395.5 -100.5 -60.8 -25.9 -27.4 -6.5
4.2 23.7 15.6
324.4 7.3 -5.1 -2 -3.6 3.7
1754.1 91.9 72.4 -76.1 -5.5 -26.2
2404.1 -104.1 -62.6 -24.9 -28 -6.8
4.2 24.2 15.5
322.8 7.5 -4.7 -1.9 -3.6 3.6
1756.3 91.5 72.5 -76.2 -5.6 -26.4
2411.7 -107.8 -64.2 -24.1 -28.5 -7.2
3.4 24.5 14.7
322.2 7.1 -3.7 -2.4 -3 3
1757.5 93.3 73.6 -74.6 -4.4 -26.2
2419.6 -110.4 -63.3 -23.5 -27.7 -8.2
3.4 23.4 20.3
321.1 7.8 -4.1 -2.2 -3.2 3
1753.9 100.9 68.1 -70.8 -7.9 -24.3
2417.8 -100.6 -75.5 -13.7 -36.5 -2.1
3.3 21.9 19.1
320 7.9 -3.4 -2.2 -3.1 2.9
1744 107 75.7 -72.3 -10.1 -24.1
2406.1 -93.5 -67.6 -13 -40.1 -1.7
3.2 18.4 14.3
318.9 7.5 -3 -2.6 -2.8 2.7
1722.2 107.6 90 -80 -2.6 -28.2
2372.4 -93.8 -42.2 -25.8 -25.4 -9.1
3.9 19.5 11.4
318.7 8 -3.8 -2.2 -3.3 3.4
1727.1 100.9 89.6 -85.3 1.3 -29.9
2380.8 -103.8 -42.1 -33.5 -17.4 -12.3
3.9 22 11.8
319.1 7.7 -3.9 -2.3 -3.3 3.3
1738 94.2 85.2 -88.2 4 -32
2398.7 -116.4 -45.9 -39.5 -13.2 -16.4
4 26.7 15
319.9 7.5 -4.1 -2.4 -3.2 3.2
1757 87.1 76.8 -90 7.5 -33.6
2425.5 -129.8 -53.7 -44.2 -8.4 -18.9
3.4 34.7 24.1
321.3 6.7 -3.7 -3.1 -2.4 2.6
1786.4 80.4 62.2 -89.2 11.7 -34.7
2467.1 -145.1 -69.9 -48.6 0 -21.6
3.7 44.6 56.3
322.6 6.5 -4.4 -3 -2.4 2.6
1827.3 70.6 42.9 -88.6 10.2 -34.3
2538.9 -168.8 -118 -51.9 26.4 -27.8
4.6 52.6 107.7
323.5 6.8 -6 -2.2 -3.2 3.4
1871.3 61.7 26.2 -88.5 -1.4 -29.4
2650.9 -196.6 -198.7 -61.4 48.8 -33.4
4.5 52.9 138.4
324 6.2 -6.9 -2 -3.4 3.7
1907.7 60.3 17.1 -81.9 -11.8 -24.7
2792.5 -186.4 -275.1 -100.8 8.1 -44.1
4.3 47.6 131.4
323.4 4.2 -8.1 -1.8 -4.1 4.3
1933.9 57.1 17.4 -65.3 -28.6 -16
2948.1 -167.2 -292.7 -86 -136.2 -70.7
5 45.1 118.1
322.2 0.6 -10.3 -2.3 -4.8 4.8
1955.7 47.9 14.8 -44.5 -40.2 -11.1
3064.6 -166.6 -293.9 -25.4 -241.9 -85.2
6.2 42.4 123
319.6 -5.1 -15 -4.9 -7.1 4.3
1972.6 40.3 14.8 -28.5 -42.7 -9.9
3114.6 -148.7 -264.7 9.1 -223.6 -87.1
6.7 40.3 127.2
315.6 -13.1 -22.3 -11 -11.4 1
1984.5 33.8 20.5 -20.2 -38.3 -11.7
3163.2 -128.9 -207 47 -191.2 -89.2
11.6 39.3 116.2
307 -26.2 -37.6 -21.9 -22.8 -6.7
1993.4 27.8 24.1 -20.8 -33.5 -12.6
3210.6 -99.3 -163.1 79 -152.3 -67.3
68.5 48.8 105.2
334.6 36.3 17.2 35.9 26.3 43.3
2013.9 49.3 55.3 6.5 -0.3 13.6
3276.5 -29.8 -106.4 139.9 -59.8 5.5
winner is: 8
