Regression analysis information for: S06_selected_tokens_0009
number of formants: 3
number of coefficients: 5
12.5 34.7 137.8
555.9 54.9 -32.3 3.4 -19.4 8.8
1633.5 72.3 85.7 -90.6 -38.9 28.4
2058.8 -208.2 379.3 -175 193.7 15.2
15.1 11.8 76.7
600 45.7 -64.7 17 -15 1.2
1761.3 6.2 -56.4 12.3 -27.2 -2.3
2735.1 -227 -131.4 5.8 46.8 70.2
15.9 11 26.8
642.2 40 -87.9 27.6 -12 -5.2
1766.6 6.2 -52.3 12.1 -24.9 -1.1
2792.5 -111.2 -67 -21.8 -36.2 -34.5
18.8 11.3 19.4
653.5 37.8 -99.8 36.7 -19 -12.1
1767.8 6.8 -55.4 11.2 -26.9 -1.8
2798.3 -108.7 -58.9 -20.5 -24.2 -24
17.3 10.9 17.5
654.6 41 -92.5 38.4 -17.5 -18.9
1772.5 7.1 -51.7 11.2 -25.3 -1.6
2814.4 -99.8 -47.5 -15.4 -15.8 -17
17 10.8 16.6
642.7 46.5 -81.3 37.9 -20.6 -23.5
1774 7.1 -50.9 11.1 -25.5 -2.3
2828 -95.4 -41.8 -14.4 -12.2 -14.1
17.1 10.8 16.1
622.4 53.5 -60.9 33.9 -26.6 -22.5
1774 7 -49.2 12.1 -25.4 -3.4
2840.6 -91.6 -36.7 -13.2 -9.4 -12.6
16.5 11.4 18.6
599.4 63.3 -46.9 22.6 -31.6 -17.1
1770.1 6.9 -50.3 13.3 -26.9 -6.1
2847.1 -94.5 -33.2 -11.6 -9.7 -17.4
11.7 10.6 19.4
585.7 73.5 -30.1 10.1 -26.2 -7.4
1769.3 8.7 -45.4 13.6 -24.2 -6.8
2851.8 -90.3 -25.3 -5.2 -6.1 -21.9
12.9 10.7 20.7
573.2 75.9 -30.5 4.3 -25 0.9
1762.1 10.1 -47.6 11.8 -22.5 -4.5
2845.6 -89.8 -23.1 -8 -0.1 -24.7
10.7 10 15.6
572.1 77.2 -25 5 -23.1 3.3
1757.6 16.5 -45.6 13.5 -22.7 -1.4
2815.8 -54.9 -27.1 -2.7 0.5 -16.5
11.9 10.8 15.7
570.4 75.3 -29.8 5 -25.4 3.5
1754.5 14.5 -48.4 14.3 -24.5 0.3
2802.1 -72.3 -28.6 -0.3 -5.1 -2.6
11 10.1 13.8
575.2 76.7 -26.5 4.8 -22.1 4.9
1761.6 13.3 -46.2 14.2 -23.8 3.1
2833.2 -76.4 -27.4 4.5 -4.8 13
13.1 10 14
570 86.3 -30.4 -1.5 -25.5 4.6
1767.6 12.3 -50.4 12.4 -27.3 3.5
2884.1 -92.6 -30.2 1.3 -12.1 19
17.5 9.5 14.4
543.1 124.4 -28.1 -17.5 -27.8 10.9
1775.9 12.7 -50.8 9.3 -29.4 4.5
2951.6 -115.9 -21.3 -16.5 -11.7 23.3
399.7 354.4 270.6
883.7 -341.7 19.9 131.2 -58 -156.9
2186.3 -552 49.2 112.7 -19 -172.7
3326.7 -555.2 1.3 104.7 -33.7 -105.8
171.5 152.9 116.9
1068 -484.1 -53.2 32.6 205.4 -151.1
1894.7 -27.9 -149.4 -62.5 160.6 -1.2
3148.7 -191.1 -78.4 -124.1 147.2 25.5
170.5 61.5 23.9
1152.9 -556.4 -50.1 179.7 145.3 -128.3
1860.3 -73.5 -20.9 -46.7 69.6 -85.1
3123.7 -200.1 45.9 -119.1 43.6 -13.1
231.2 97.3 50
1175 -517.1 -109.4 97.4 232.9 -44.1
1920 -88.3 -71.1 -83.7 148.8 -81.1
3159.1 -171.2 20.5 -152.5 74.9 15.9
218.7 220.9 201.2
1234.9 -513.4 -79.7 254.6 242.9 -22.1
2108.1 -301.5 -177.7 175.3 -13.7 -90.9
3302.9 -324.7 -49 67.6 -86.2 2.5
winner is: 13
