Regression analysis information for: S06_selected_tokens_0085
number of formants: 3
number of coefficients: 5
2.9 13.9 31.6
432 77.5 20.7 17.5 -4.1 3.8
1971 104 -86.7 4.4 -33 -12.5
2228.6 89.2 -64.5 15.1 -35.3 -27.6
3.1 12.9 38
434.1 81.3 22.2 16.2 -5.1 2.9
1979.5 103.9 -94.7 2.2 -29.7 -7.8
2331.2 123.7 -89.7 30 -54.7 -46
3.6 12.6 34.9
433.8 86 26.8 13.1 -5.6 2
1989.3 104.1 -96.3 2.8 -27.9 -5.4
2446 133.6 -137.4 44.4 -55.8 -40.7
5 12.7 30.7
427.9 95.4 37.4 6.6 -6.8 1.4
1996.9 104.5 -98.9 2.3 -27.2 -4.5
2547.4 124.6 -168.5 54.2 -57.8 -15.1
9.4 13.1 33.2
406.3 109 65.2 -12.1 -12 9.3
2000.9 104.8 -104.4 0.4 -27.6 -5.4
2600.7 116.4 -182.8 57.2 -63.3 -11.9
223.4 90.5 109
532.2 42.6 -141.2 152.7 68.9 -142.9
2059.5 73.8 -190.4 70.9 -0.9 -70.2
2705.4 65.9 -282.8 137.2 -27 -91.2
65.8 13.3 34.9
515.5 94.1 -137.9 44.8 117.8 -25.9
2010.1 105.4 -108.4 -2.1 -26.1 -5.2
2682.3 72.4 -161.7 42.1 -58.3 -14.1
63.6 13 35.8
579.4 113.4 -252.6 25.9 157.6 -8.2
2015.9 106 -106.9 -1.9 -24.2 -3.6
2731.4 25 -122.2 18.4 -41.6 -18
158.2 84.4 111.6
610.4 62.3 -314.1 182.8 130.5 -122.7
2057.6 62.4 -157.8 80.4 -49.1 -59
2828.3 -113.1 -115 71.7 -34 -94
346.1 191.9 123.2
593.6 -65.9 -50.8 110.5 47.6 -1.6
2119.3 -39.1 -99.5 43.7 -34 39.3
2847.9 -176.9 -84.3 39.3 61.1 -78.6
297.9 214.6 75.8
600.7 -211.5 260.1 -36.8 -146.5 279.3
2156 -156.7 75.1 -37.5 -104.4 174.4
2812.6 -194 83.9 -38.4 -27.8 59.9
278.6 206.4 38.4
584.2 -165 206.8 -17.2 -111.3 228.5
2134.4 -112.9 53.5 -32.1 -96.2 157.4
2791.9 -124.1 80.3 -49.9 -2.2 19.7
289.2 208.7 65.8
586.7 -189.8 232.5 -19.4 -95.7 218.6
2146.7 -126.8 64.5 -42.7 -92 149.5
2840.3 -146.2 103.6 -53.8 -26.1 45.1
218.8 172.1 133.9
770 -618.6 534.2 -38.8 -136.4 255.5
2281.5 -332.1 164.3 -41.1 -136.6 160.3
2974 -286.8 180.9 -77.7 -49.5 23.6
272.2 144.9 140.8
1496.2 -321.1 -623.8 -148.3 -273.6 265.5
2370.6 186.1 -515.1 -91.4 -53.1 -48.5
3297.9 19.4 -446.5 -194.6 -7.4 4.2
133.1 98.5 121.5
1650.1 -273.5 -669.9 -179.1 -229.7 61.5
2272.7 133.3 -460.7 14.9 154.5 -49.6
3101.1 -82.5 -158.9 35.6 48.5 -95.1
112.1 91.1 83.5
1731.7 -256.7 -580 -220.9 -250.8 -32.1
2169.5 66.6 -196.8 1.7 108 -120.6
3100.6 -110.1 -21.5 -31.5 -1.3 -92.4
159.2 89.6 79.5
1725.8 -243.2 -610.5 -214.9 -308.2 -4.2
2179.1 22.7 -174 -26 86.5 -105.8
3118.7 -144.1 -51.5 -51.7 37.8 -96.2
228.4 179.7 173.1
1697.8 -85.1 -632.1 -192.9 -294.8 -98.9
2341.3 -133.9 -82.5 -103.6 76.4 -40.6
3212.6 -279.1 90.4 -112.1 68.3 -46.8
249.6 215 241.4
1607.8 -0.9 -756.3 -91 -378.3 77.5
2429.9 -146.3 -229.3 59.8 -99.6 164.6
3227.9 -289.5 69.3 38.2 -153.6 164.5
winner is: 1
