Regression analysis information for: S06_selected_tokens_0003
number of formants: 3
number of coefficients: 5
7.7 86 95.2
507 67.7 -2.6 6.1 -18.5 4.3
1722.7 -54.7 -134.9 48.4 -64.7 55.7
2367.6 -192.1 186.2 -187.5 -189.6 179.7
8.9 8 14.5
531.5 79.1 -8.1 5.4 -13.4 3.7
1758.1 -108.7 -73.1 -13 -6.2 -3.4
2623.3 -328.6 -124.9 -11.1 3 -15.1
11.1 7.4 12.3
553.1 91.2 -23 3.4 -5.9 4.7
1761.8 -106.5 -73.8 -14.2 -7 -2.7
2624.5 -316.2 -117.8 -17.8 -2.9 -11.3
13.1 7.1 11.8
568.7 101.6 -36.9 -0.7 1.1 7
1765 -104.7 -74.7 -15.2 -7.5 -2.3
2633.8 -309.6 -117.3 -22 -5.4 -8.7
13.5 6.8 11.6
577.3 110.4 -44.8 -6.5 4.3 10.3
1767.8 -102.9 -75.6 -16.3 -7.8 -1.8
2644.9 -305.3 -118.5 -25.3 -6.4 -6.6
13.3 6.6 11.5
580.4 116 -48 -13.7 3.3 14.2
1769.9 -101.6 -76.5 -17.4 -8.3 -1.7
2655.2 -302.2 -120.3 -28 -7.2 -5.6
15.3 7.5 14.1
564.3 93.2 -63.1 -27 -2.2 16.8
1769.5 -104.5 -80.5 -20.6 -10.2 -2.7
2659.9 -308.7 -130.6 -37.1 -12.8 -8.6
5.7 6.2 9.5
519.3 57.6 -26.2 3.1 -12.9 3.8
1761.3 -116.6 -82.9 -18.7 -8.7 -1.7
2643.2 -347.7 -152.7 -42.9 -8.5 -0.7
5.3 7 11.3
513.1 57 -17.7 6.5 -13.6 3.9
1757.7 -118.8 -78.9 -13.5 -7 -1.8
2636.3 -357.9 -143 -25.7 0 0.2
5.4 7 10.6
511.8 59.8 -14.5 6.1 -13.6 4.4
1755.1 -116.7 -74.3 -11.7 -6.9 -2.2
2628.2 -353.2 -124.6 -15.8 -3 -4.5
6.4 7.7 9.9
511.6 63.7 -16.9 6.8 -15.1 4.8
1752.3 -114.6 -75.1 -10 -6.8 -2.4
2621.8 -338.4 -119.5 -7 -1.1 -4.8
8.1 8.2 11.5
512.6 62.4 -19.4 4.4 -17.8 2.4
1755.7 -109.2 -71.3 -9.1 -6 -1.5
2632.3 -316.9 -105.3 -6 1.7 -1.4
55 33 68.5
529.5 93.5 12.3 37.2 16.9 37
1780.8 -66.1 -29.2 27.8 30.3 33.9
2702.4 -206 3.4 80.5 83.8 76.2
73.6 10.1 16.5
606.2 247.9 162 171.7 133.3 125
1779.4 -78.5 -43.9 9.4 11.2 16
2734.1 -193.3 3.8 59.2 49.3 32.5
67.2 8.8 23.8
603.3 282.9 216.8 224 170.4 128.2
1787.9 -75.9 -42.9 5.6 8.3 14.4
2794.2 -157.3 22.2 55.1 41.6 21.5
162.5 117.9 23.7
862 714.1 174.6 -237.7 -243.5 12
1893.6 16.9 -135.6 -163.2 -37.3 121.3
2942.7 -50.5 -44.9 -109 -73.5 11.4
130.8 169.3 155.9
1487.6 282 -525.1 286.9 -217 129.7
2298.7 -381.7 -416.9 445.2 -65.2 55.4
3474.6 -578 -506.4 452.4 -257.8 -45.8
197.6 188 177
1609.4 -233.3 -273.2 -30.6 -111.4 28.3
2231.9 -486.3 39.5 -55.2 85.6 -10.2
3236.8 -542.5 190.8 -355.8 42.1 24
162.8 205.8 160.8
1608 -265.1 -229.6 -83.9 -45.4 -61.1
2225.9 -395.1 -0.3 -44.7 187.6 -134.5
3237.1 -368 189.5 -304.5 227.9 -108.4
171.5 200.4 173.9
1585.6 -219.6 -272.4 -41 -111.4 2.7
2191.8 -273.9 -168.7 108.7 69.6 -52
3161.7 -212.1 9.2 -174 127.6 -51.9
winner is: 8
