Regression analysis information for: S06_selected_tokens_0029
number of formants: 3
number of coefficients: 5
6.7 65.3 117.9
417.4 -31.3 11.1 -13.1 0.7 -12.2
2156 357.1 -309.7 1.4 -82.4 -53.6
2772.5 167.2 42.5 -169.5 26.7 -102.1
6.5 71.3 134.4
415.1 -28.8 13.3 -15.5 -0.6 -11.2
2173.1 409.1 -315.2 24.2 22.3 -98.9
2743.5 249.4 -37.6 -159.9 147.3 -203.1
9.7 222.2 163.3
411.1 -24.3 13.6 -21 0.7 -9.9
2076.8 493.3 -100.7 -109 -20.6 100.3
2655.6 424.1 -113.1 -67.4 100.1 -98.7
5.6 186.9 150.7
413.3 -27.8 11.1 -17.5 -3.7 -9.8
2136.8 455.1 -115.3 1.4 -70.3 105.8
2794.5 235.8 24.4 -62.6 69.2 -42.4
5.4 32.7 33.2
412.9 -30.7 9.8 -18.7 -4.2 -9.9
2244.7 409.4 -250.8 137.3 -2.1 -8.8
2916.8 102.4 105 -48.9 63.7 -20.2
4.7 26.2 26.9
411.3 -32.5 9.6 -17.1 -2.4 -8.4
2261.4 422.9 -239.5 137.8 -5.5 -8.4
2934.3 132.1 119.4 -45 60.7 -13.5
4.3 23.5 52.9
407.9 -35.9 10.3 -14.5 -0.7 -8.2
2296.6 467.8 -234.3 124.3 -21 -17.8
2989.8 204.3 151.2 -59.2 23.3 -61.3
4.8 35.5 80.4
406.5 -37.9 9.7 -15.1 -1.6 -9.5
2294.8 465.3 -259.2 104.2 -20.8 -2.6
2902.7 47 85.6 -41.4 119.6 60.9
5.3 40.3 63
405.4 -38.3 9.2 -15.6 -2.5 -10.6
2298.5 467.5 -276.4 87.5 -25.8 -4.9
2867 15.5 116.2 22.5 171.7 42.2
6.2 41.9 71.3
404.3 -39.2 8.3 -16.8 -4.2 -11.7
2299.1 470.3 -275.4 98.9 -13.4 -8.6
2876.5 57.3 151.6 20.8 138.3 -21.6
4.9 38.7 82
404.9 -36.5 10.5 -14.7 -2.8 -9.8
2309 487.5 -238.6 137.5 -3.6 -29
2893.1 133.1 222.1 8.3 89.4 -43.9
5.1 34.8 42.6
404.9 -36.2 10.2 -15 -3.5 -9.8
2315 498.5 -237.9 130.5 -3.5 -18.4
2967.6 270.5 271.1 -24.7 12.9 -71.7
5.3 23.6 40.6
405.3 -36 9.9 -15.5 -3.9 -9.9
2326.7 503.3 -251.3 117 2 2.6
3045.2 339.4 219.1 -117.9 -63.4 -59.8
58.1 27.2 76.3
429.4 9.1 56.5 29.7 42.1 35.7
2344.7 521.8 -244.3 133.7 14.8 21.8
3125 377.8 214.5 -128.4 -33.4 -3.2
59.3 26.4 76
430.8 8.7 57.8 29.8 43 36.5
2359.9 514 -245.2 142 8.6 26.2
3189.2 342.9 205.5 -143.2 -12.5 12.3
61.7 28 84.3
433.1 10.1 61 31.6 45.8 38.7
2380 499.5 -238.4 152.4 3.7 36.1
3271.2 278.9 209.1 -149.1 13.3 18.9
64 23.5 93.6
434 6.3 60.9 29.5 45.1 37.4
2389.9 491.7 -240.3 155.5 -3.8 38
3370.3 203 194.9 -128.6 29.3 35.7
112.8 36.3 124
459.3 52 109.3 75.7 92 82.4
2409.8 498.1 -222.6 173.6 5.8 57.1
3495.1 154.6 160 -38.2 52.8 65.4
112.5 38.1 152.3
460.1 50.4 109.3 74.9 91.8 81.6
2419.6 495.2 -217.6 178.9 4.4 63.1
3596 85.7 94.2 47.2 35.3 70.4
112.9 43.8 163.3
460.4 50.8 108.9 75.5 91.8 81.7
2425.3 501.5 -214.7 186 6.3 67.5
3660 60.1 20.9 110 50.9 41.1
winner is: 6
