Regression analysis information for: S06_selected_tokens_0103
number of formants: 3
number of coefficients: 5
28.7 104 125.4
728.2 170.6 -44.7 3 -20.9 19.8
1552 246.4 146.6 -99.2 -3.1 134.8
2192 477.1 60.1 -151.9 -70.4 114.8
41.3 132.2 202
746.7 166.1 -47.2 13.1 -45.6 -0.4
1622.8 254.5 126.9 -72.8 -52.9 14.1
2311.2 456.3 -73.6 -22.1 -59.1 -76.5
27.6 115 166.3
790.3 136.6 -90.9 40 -26.5 -26.7
1721.3 212.3 -43.3 67.2 -21.9 -65.4
2487.7 333.6 -244.5 110.6 34 -204.6
24.6 71.1 181.6
820.8 99.4 -92.3 39.3 -25.6 -25.6
1800.5 127.8 -37.9 49.7 1 -43.7
2664.8 110.3 -165.9 94.3 6.9 -102.4
24.4 30.9 42.9
846.1 61.7 -86.3 34.3 -27.4 -18.2
1842.1 58.4 8.7 34.9 -15.5 -2.9
2796.2 -101.6 4.5 24.5 -18.3 10.3
26.3 9.9 23.1
856.2 25 -84.1 23.4 -32.1 -14.1
1857.1 38.3 27.3 23.6 -10 0.7
2815 -108 19.5 15.1 -13.8 10.2
31.6 10 22.7
853.2 -1 -87.2 14.9 -38.1 -16.8
1859.2 38.4 27 23.8 -10.1 0.6
2825 -99.5 17.1 15.1 -14.5 7.6
36 9.5 23
843.5 -14.7 -79.4 13.6 -38.6 -18
1859.9 36.4 26.7 22.7 -10.8 -0.8
2835.1 -96.3 14.7 12.3 -15.9 4.1
42.9 9.2 24.6
816.3 -12.7 -65.8 21.8 -42.2 -19.1
1859.2 35.8 28 23.1 -11.4 -1.8
2843.2 -97.2 11.9 9.3 -19.4 -0.6
46 10 31.5
748.9 21.1 -46 23.9 -38 -10.6
1851.4 34.1 33.5 25.1 -9.4 -1.7
2837.5 -110 18.3 18.1 -15 -5.2
34 9.2 36.4
701.7 48.6 -42.5 24.2 -38.7 -8.6
1839.7 36 41.5 28.9 -7.9 0.9
2806.8 -125.9 44.2 35.9 -12.2 -6.2
28.7 8 30
689.7 50.6 -44 21.3 -33.1 -5.5
1832.1 34.2 40.7 27 -6.4 4.4
2776.3 -136 41.7 30 -15.5 7.1
27.7 8 28.1
687.8 52.8 -46.9 18.6 -30 -5
1829.7 35 37.9 24.5 -4.4 6
2764.3 -124 28 22.2 -9.2 14.4
27.4 8.8 30.4
695 54.7 -46.1 17.2 -27.1 -4.5
1833.1 35.3 34.5 20.3 -6 4.3
2783.9 -112.1 18.8 10.9 -7 13.9
29.4 10.7 35.6
702.8 58.9 -49.2 15 -28.5 -5.3
1840.2 40.5 33.2 18.1 -7.5 3.8
2817.8 -92.9 9.4 -1.3 -8.5 13.7
35.5 13.7 48.3
711.8 67.4 -56.6 9.2 -37.4 -8.3
1851.5 51 34.3 17 -10.5 3.7
2873.9 -62.1 -1 -24.8 -24.6 13
47.5 15.9 66.2
730.2 90.7 -55.2 -1.6 -50.3 -12.5
1864.8 64.2 40.3 16.2 -13.7 2
2956.5 -2.7 13.3 -33.5 -30.5 11.6
81.4 18 103.9
748.4 153.9 -32.2 -12.8 -79.9 -22.7
1877.5 83.4 53.3 18.2 -15.9 1.6
3109 185.2 143.7 54.8 28.6 55.6
254 186 197.3
984.3 343.2 39.4 51.2 -47.7 -196.2
1992.4 7.3 6.5 65.5 26 -130.9
3317.1 189.7 145 104.2 18.8 -151.1
299.3 177 201.2
1140.3 242.4 24.2 124.9 22.3 -393
2023.6 -54.9 110.5 -7.8 98.7 -199.3
3374.4 133.3 260.1 26.9 80.3 -231.9
winner is: 6
