Regression analysis information for: S06_selected_tokens_0097
number of formants: 3
number of coefficients: 5
8.1 29.7 45.6
423.8 8.3 -14.3 2.1 -11 -1.4
2011.3 33.6 -117.3 -51.7 -49.9 31.8
2194.2 89.5 -87.9 -42.4 -34.9 71.8
7.5 36.6 38.3
422.9 9.9 -10.9 3.6 -10.4 -2.8
2022 69.6 -64.8 -45.2 -50.9 50.2
2174.3 96.5 -77.7 -27.8 -39 46
7.5 31.5 32.3
424.3 11.1 -10.2 4.6 -9.9 -3.8
2062.4 114.4 -37.6 -27.9 -42.5 19.3
2177.8 103.3 -72 -11.3 -22.5 60.9
8 15.6 58.7
426.5 12.4 -11.1 5.1 -10.2 -4.9
2083.9 118.1 -61 -12 -23.8 -3.3
2268.7 176.6 -2.6 21.3 1.7 82.7
8.5 10.3 74.2
429.2 14.3 -10.9 6 -9.4 -6
2089.4 112.5 -73.9 -1.2 -13.5 -13.4
2386.9 260 13.2 35.5 -12.2 20.2
9.3 9.8 71.6
431.5 16.6 -11 6.2 -8.1 -7.1
2091 111.8 -72.3 0.1 -15.8 -12.5
2526.1 209.5 -90.5 25.2 35.7 -36.8
10.5 9.7 48.3
432 21.2 -12 5.4 -5.5 -8.9
2094.9 110.7 -71.4 1.3 -19 -11.5
2677.1 114.5 -135.5 -0.3 51.8 -72.1
12.3 9.6 40.9
428.4 31.1 -15.3 3 1 -13.3
2099.5 109.5 -71.1 2 -22.1 -10.5
2757.3 -4.6 -57.1 -22.4 26.6 -41.4
19.2 9 33.8
414.1 57.6 -26.7 -2.5 23.2 -32.6
2105.6 108.1 -68.7 3.1 -23.9 -9.2
2795.8 -51.9 -31.5 -6.8 -3.4 -5.7
88.4 34 59.5
475.5 -37.4 -5 56.5 -74.1 50.7
2120.7 88.5 -61.4 10.1 -44.7 14.8
2829.2 -91.6 -19.9 14.8 -46.4 39.4
100.4 27.2 47.4
525.1 -109.6 -17.3 132.2 -150.1 60.5
2118.1 95 -83 20.4 -40.3 -17.1
2831.2 -95.5 -59 32.2 -46.6 -15.2
163.8 87.5 138.6
571.5 -190.8 26.4 156.4 -237.5 193
2153.2 35.7 -55.6 31.5 -86.7 51.6
2883.6 -187 -21.6 47.2 -113.1 84.3
15.8 8.8 31.3
421 37.1 -16.8 2.2 11.4 -26
2103.3 110.4 -69.8 -3 -25.1 -6.2
2794.4 -57.9 -35.5 -18.1 -17.2 13.1
13.8 8 28
426.9 29.9 -13.7 -3 16.7 -26.1
2103 111.8 -68.4 -1.4 -26.9 -5.8
2788.9 -45 -34.1 -5.2 -28.4 18.8
23.9 7.4 24.1
407.4 53.7 -11.7 -26.1 44.8 -39.6
2106 111.7 -68.5 0.8 -28 -5.9
2803 -49.6 -33.2 6.3 -30.9 17.8
238.9 122.8 200.1
655.3 -305 2.8 300.1 -396.5 252.5
2235.2 -64.6 -65.2 153.7 -236.4 140.5
3009.6 -324.7 -23.5 253.9 -351.4 228.8
222.6 139.1 210.1
633.3 -295.2 23.2 249.6 -313.8 213
2209.9 -33.1 -30 73.6 -159.8 131.7
2984.9 -273.8 13.7 135 -216.4 200.6
204.4 128.5 193.6
647.9 -326 -21.6 364.8 -396.4 169.3
2198.2 -8.4 -49.4 74.2 -141.9 97.9
2981.4 -243.1 -10.5 139.4 -183 149.2
271.5 202.4 320.3
831.5 -476.7 -275.8 587.4 -344 8.7
2283.5 -60.7 -140.4 141.2 -105.6 50.2
3137.3 -319.1 -179.6 259.5 -102.1 59.5
459.6 268 430.7
1016.2 -697 -333.8 386.1 -61.4 -17.2
2426.4 -210.5 -129.8 92.9 -25.8 46.1
3370.8 -524 -188.4 185.1 40.3 73.9
winner is: 14
