Regression analysis information for: S06_selected_tokens_0104
number of formants: 3
number of coefficients: 5
66.2 116.8 392
687.5 136 -32.1 108.1 -19 9
1291.7 -27.4 88.4 -64.6 80.7 -96.6
1934.8 15 68.1 388.6 -129.6 -267.7
69.8 135.2 432.9
739.4 158 -49.6 115.7 -13 2.5
1325.6 -62.7 107.6 -23.9 53.8 -106.3
2258.5 -2.6 -136.4 532.3 -67 -194.4
23.8 41.8 354.8
815.8 167.3 -100.5 113 21.3 36.5
1408.8 -140.6 69.3 14.4 53.3 -19.3
2550.6 -323.5 -327.4 542.9 141 94.2
35 18.3 212.4
841.2 161.2 -108.9 78.5 5.6 54
1424.6 -157.9 50.9 -20.1 48.3 1.1
2957.2 -218.3 -275.3 -76.4 -53.1 61.3
33.6 11.6 21.4
888.2 198.3 -71.9 81.4 5.1 55.8
1433.8 -147.1 52.6 -16.3 50.7 -1.3
3126.8 -27 -13.1 -5.1 19.3 -18.2
43.1 13.1 17.1
908.5 219.8 -55.2 76.7 6.7 48.8
1432.2 -150.2 52.7 -16.8 50.2 -2.5
3122.7 -19.4 -22.8 2.8 12.5 -11.3
50.9 14.5 15.3
912.9 245.9 -41.1 70.9 12.4 35.2
1424.2 -155.9 56.5 -18.5 47.6 -4.9
3124.5 -17.5 -25.8 5.3 10.1 -7.9
50.3 14.2 15.4
894.2 285.4 -35.3 67.6 13 14.3
1415.2 -158.7 67.7 -18.7 46.3 -3.8
3129.9 -20.8 -22.9 2.7 11.9 -8.3
41.9 12.9 17.7
871.6 316.8 -16.8 64.4 11.8 1
1402.6 -159.9 71.7 -21.9 42.1 -4.2
3138.4 -28.8 -14.2 -5.1 18.6 -13.9
28.6 12.5 19.1
848 336.6 12.1 62.4 1.5 -8.3
1393.8 -160.1 75.6 -23.8 40.7 -3.1
3144.3 -32.5 -9 -9.5 22.1 -16.8
26.4 13.3 24.8
815 338.5 49.1 63.7 -6.8 -6.5
1389.2 -159.6 78.6 -27.4 41.3 -1.1
3142.7 -24.4 -13 -4.8 17.5 -12.8
20.8 10.1 23.5
775.3 305.5 69.4 85 11.8 9.5
1389.4 -159.9 68.2 -42.8 32.6 -6.8
3134.4 -15 -13.2 0.4 16.8 -13.9
13.7 8.2 23.3
728.7 224.5 18 51.6 -2.3 6.7
1401.7 -139.9 72.8 -43.5 29.7 -10.9
3126.1 -18.6 -9.3 -0.6 22.8 -16.5
13.6 7.2 22.5
719.9 206.6 -3.9 36.7 -14.4 0.7
1410.9 -131.4 82.5 -38.4 32.7 -10.5
3129 -31.1 -5.5 -8.1 26.2 -17.5
15 7.2 20.6
721 204.1 -16.6 29.4 -22.5 -3.4
1413.9 -126.3 91.4 -31.8 37.2 -9.1
3136.6 -43.7 -2.7 -16.2 26.6 -19.5
16.3 10.1 18
726.7 216.8 -25.2 25.9 -27.5 -10.1
1404.1 -128.9 105.5 -23.8 42.5 -8
3149.1 -54.6 0.3 -21.7 25.4 -18.4
33.4 13.3 16.1
702.4 248.1 0.7 39.5 -14.1 -43.3
1366.5 -138.5 127.7 -26.8 48.9 -5.3
3166.2 -62.9 2.8 -24.3 23.3 -15.7
232.1 500.2 269.2
924.1 94.5 -174 154.2 -120.1 194.1
2206.6 -398.2 -666.7 39.5 -153.9 391.6
3644 -275.6 -344.9 73.9 -166.5 254.6
149.6 272.1 228.7
1117.5 9.1 -216.2 71.1 -228.5 98.9
2813.8 -150.5 -684.4 -81.1 -510.7 -41.1
3815.2 -95.9 -221.1 -64.3 -221 -98.5
105.1 129 142.3
1158.9 146.9 -130.4 170.5 -155 146.4
2962.2 336.9 -358.1 295.7 -216.1 151.3
3674.1 184.2 35.3 58.7 -58.1 -44.5
winner is: 15
