Regression analysis information for: S06_selected_tokens_0082
number of formants: 3
number of coefficients: 5
3.3 16.1 31.8
375.2 -39.3 -0.5 9 -1.7 1.9
2150.1 400.3 -29.6 -10.4 -33.4 -3.9
2387.2 377.6 -35.7 -61.9 -41 10
3.4 13 30.1
376.3 -39.8 -2.2 9.2 -1.4 1.8
2148.4 398 -22.7 -4.5 -29.9 -1
2462.3 335 -82.8 -34 -13.9 -6.6
3.4 10.9 32.6
376.4 -38.6 -4.4 9.4 -1.1 1.5
2149.4 395.4 -20 0.2 -26.6 1.6
2541 289.6 -112.9 -2.9 -11 -14.8
3.4 9.3 34.2
374.6 -34.6 -7.4 9.4 -0.6 1.2
2152 390.5 -19.4 1.3 -25.2 1.4
2619.6 236.9 -111 16.8 -11.6 -15.5
4.1 9 45.7
368.7 -24.3 -13.5 10.4 -0.2 0.9
2156 390.7 -18.8 2.9 -23.9 2.7
2708 153.8 -79.1 22.3 -21.5 -2.1
10.2 8.1 51.3
351.9 4.7 -31 16.9 -1.7 0.7
2159.2 389.3 -20.5 1.9 -24.8 2.1
2812.6 31.3 -4.9 -4.5 -11.6 0.9
118.1 111.1 69.8
413.7 -120.4 90.6 -86.7 67.2 -27.5
2229.5 263.3 93.9 -90.1 41.8 -34.3
2908.6 -91.1 72.4 -41.2 1.2 5.9
138.9 115.9 96.1
451.6 -179.8 102.7 -26.6 -56.3 121.7
2219.3 300.9 40.8 -14.2 -50.4 60.8
2946.4 -122.9 60.6 -11.3 -48.4 55.1
161.7 126.8 101.4
450.8 -183.6 115.8 -47.6 -33 102.9
2235.8 271.4 76.3 -52 -13.7 34.5
2969.2 -168.1 65.3 -23.8 -49.3 60.4
139 125.3 147.1
400.9 -80.6 13 29.8 -67.1 107.2
2218 303.2 38.2 4.1 -77.3 102.6
2889.5 -125.7 55.1 -24.6 -83.5 121.8
14.8 9.3 57.1
352.5 4.7 -40.3 30.1 -12.2 8.6
2158.3 390.6 -15.7 4.2 -22 6.2
2807.7 -42.1 15.9 -44.9 -18.2 -2.8
11.3 8.9 39.1
364.6 -16.7 -22.7 16.1 -1.8 1.2
2158.4 391.6 -15.3 5.4 -23.2 3.9
2821.2 -14.6 21.5 -22.3 -17.5 0.9
116.2 104.8 51.6
405.2 -106.7 80.5 -83.7 77.5 -51.1
2230 278.2 93.2 -93.7 44.1 -46.4
2952.7 -83.9 108 -51.4 10.7 -17.1
236.3 245.2 93.6
665.5 -537.9 268.2 2.5 -121.4 60.6
2398.5 80.1 65.6 132.7 -249.7 165.6
3173.4 -135.2 128.2 16.2 -53 26.5
205.2 264.3 123.3
1101.6 -858.2 -208.9 375 95.3 -171.7
2500.4 156.9 -304.3 296.8 -45.2 -37.1
3351.6 -60.8 -107.8 52.5 108.2 -36.8
112.3 18.3 17
1122.8 -856.8 -201.6 277.6 120.2 -44.2
2191.4 429.9 -11.6 -26.4 -48 11.4
3308.6 -31.8 14.8 11.7 -3 -9.8
141.7 71.1 70.2
1212.8 -822.8 -277.4 139 56 65.6
2243.7 430.6 -54.3 -64.7 -54.2 52.1
3352.9 -3.6 -15.7 -44.5 -25.9 31.7
122 70.4 58
1244.1 -810.2 -351.2 165.4 45.4 82.7
2246.9 412.6 -33.6 -52.5 -63.1 47.8
3356.6 -2 -12.4 -27.2 -31.7 20.5
194.3 210 161.7
1274 -812 -408.8 157.6 102.5 101.3
2417.1 158.8 149.6 -293.5 133.6 -17.7
3445.4 -111.7 56.6 -166.7 92.9 7.9
348.9 272.2 215
1262.6 -571.9 -633 39.9 40.3 403.2
2469.8 245.7 -24 -330.9 99.2 215.4
3489.4 -45.8 -69.4 -238.8 99.6 187.5
winner is: 2
