Regression analysis information for: S06_selected_tokens_0108
number of formants: 3
number of coefficients: 5
91.2 84.8 278.6
693.8 -5.4 -53.9 40 -19.2 10.2
1211.7 17.8 201.9 -167 60.5 80.6
1719.3 270.7 572.9 119.8 263.9 -82.5
92.7 130.1 490.9
768.8 71.3 -66.9 32.9 8.4 -24.9
1288 -51.8 141.7 56.5 132.6 -63.2
2369.8 81.6 182.1 646.8 213.5 -385.3
58.6 50.2 305.8
830.1 70.9 -72.4 34.9 -63.6 -19.9
1399.4 -40.4 79.6 18.9 15.4 -24.9
2931 211.5 -204.7 265.6 -77.2 -90.2
35.3 13.7 103.1
855.1 83.1 -91.7 5.8 -73.5 -7.3
1429.7 -41 68.6 -13.4 9.1 2.5
3101.1 49.3 -99.7 79.6 -66.5 31
35.6 49.5 23.1
882 110 -59.2 32.3 -41.3 27
1457.7 -2.2 110.9 20 48.5 39.2
3152.5 -55.2 2.9 4.9 0.6 -0.7
33.8 22.6 16.9
880.5 94.5 -70 12.3 -55.9 11.7
1447.6 -25.2 87.3 -5.9 23.3 14.9
3147.9 -55.4 -5.7 3.9 -4.3 -4.6
40.7 51.8 18.9
889.9 111 -45.5 19.9 -38.9 23
1457.9 0.5 115.1 17.1 48.7 38.6
3156.4 -48.1 2 10.1 3.6 1.1
45.4 33.8 16.5
872 113.7 -47.9 7.6 -45.9 13
1442.4 -18.4 102.8 -1.3 33.8 21.8
3161 -55.9 -3.2 3.1 -4.3 -3
47.8 47.9 18.7
843 120.4 -36 10.7 -43.9 2.3
1435.5 -11.5 118.3 10.1 47.6 30.3
3172.3 -58.9 4 0.6 -0.9 -1.1
50.2 69 25.9
802.9 103.1 -20.5 26.4 -25.8 -0.5
1428.9 -3 133.9 25.5 67.1 44.8
3186.1 -53.3 19.5 5.3 11.3 5.5
51.7 70 26.2
757.7 67.6 -33.4 25.8 -18.7 4.3
1419.3 -10 131.1 22.5 67.4 45.3
3187.3 -53.4 17 6.8 6.8 5.9
38.4 72.1 23.9
732.9 45.4 -34 25.1 -8.8 18.4
1413.6 -11.9 128.9 20.9 68.5 46.6
3184.6 -47.4 19.5 14.9 11.6 4.4
36 73.1 20.9
711.6 29.3 -35.9 12.7 -14.6 23.6
1411.6 -13 126.7 18.9 68.4 46.9
3165.5 -35.6 19.3 26.7 7.2 7.1
48.5 101.9 27.3
714.2 40.5 -25 25.4 2.9 44.5
1428.4 14.7 155.1 47.2 96.7 74.7
3160 -30.7 25.6 28.5 19.1 12.7
37.9 73.4 30.8
710.5 21.2 -43.1 6.7 -10.6 31.4
1415.3 -12.4 127.4 20.5 69.9 47.5
3163.2 -58.2 18.7 5.1 20.9 6.5
50 102.1 48.2
728.1 37.7 -33.2 21.4 4.4 50.1
1428.3 17.2 162.2 51.4 99.2 74.4
3194.7 -63.1 37.4 1.4 38.6 20.5
47.8 100.6 51.5
739.3 34.2 -50.6 17.6 -1.8 51.8
1412.6 14 175.8 51.5 98.4 70.3
3231.5 -82.8 43.4 -17.9 39.5 21.3
75.6 156.4 90.9
738.3 58.5 -14.3 74.7 33.9 94.1
1427.7 108.6 294.3 131.7 182.6 144.1
3297.3 -53.3 93.6 10.7 74.1 60.2
218.8 599.5 235.2
840.4 143.8 -119.3 119.7 8.2 44.8
1909.1 206.2 -167.2 356.7 241.4 -89.3
3480.2 -155 -132.7 146.7 91.5 -114.4
234.1 603.2 235
1067.9 -9.3 -126 -0.2 112.2 63.8
2443.5 -93.6 -299.4 294.3 263.9 -93.1
3526.3 -275.7 121.9 19 6.3 -81
winner is: 6
