Regression analysis information for: S06_selected_tokens_0105
number of formants: 3
number of coefficients: 5
13.4 71.8 158.6
743.2 15.8 -138.5 -24.4 -52.9 4.9
1672.2 35 -26.2 -44.6 -10.8 -40
2260.7 493.5 101.9 -141 -34.6 5.4
15.3 24.1 77.1
723.9 20.8 -110.6 -28.7 -58.2 4.2
1679.6 97.9 77.2 -3.4 -0.3 26.9
2190.9 620.4 381.8 -81.2 -72.5 -54.6
16.3 20.6 90.6
719.8 10.8 -107.7 -14.5 -47.3 4
1700.6 86.3 56.3 13.5 4.2 17.9
2241.8 615.8 397.3 -154.9 -93.5 -69.3
16.7 20.8 166.6
731.7 -5 -112.7 2.2 -36 7.2
1711.2 83.3 42.4 13.3 22.8 9
2344.8 521.4 405.8 -194.7 -120.3 9
22.3 37.1 350.2
752.6 -20.1 -122.2 7.5 -18 12.5
1708.7 80.9 52.9 3.4 24.4 10.6
2599.9 340.5 140.6 -4.3 -13.3 -149.2
15 8.3 159.2
783.5 -48.9 -138.6 24.9 -19.2 16.7
1735.2 60.9 30.4 27.3 22.8 7.4
2904.1 119.9 -74.4 55.3 82 -88.9
17.1 7.9 35.1
805.6 -71.2 -147.7 22.3 -18.8 23.1
1741.4 56 29.9 27.2 23.6 9.1
2985.7 3.1 20.4 -2.2 28.2 0.5
22.2 8.1 16.1
820.1 -87.7 -157.3 16.8 -21.6 27.7
1747 54.7 29.3 27.7 24.9 10.1
2995.9 14.5 16 -18.1 12.1 5.4
25.3 7.9 13.9
833.5 -97.2 -158.9 8.3 -22.8 28.5
1750.1 51.5 26.5 26.2 24.8 9.9
2999.8 11.7 15.9 -13.9 14.5 6
28.8 8.2 12.7
825.8 -99.2 -148.3 3 -31.9 30
1749.8 50.8 28.3 25.2 22.8 10.3
3008.5 9.9 10 -11.9 17.2 8
29.7 8 13
788.3 -93.8 -122.1 7 -40.4 29.5
1742.5 52.2 36.7 25.5 19.8 10
3019.3 11.9 1.6 -16.2 16.8 11.7
21.7 8 19.6
747.9 -69.4 -106.2 -4.7 -33.2 19.9
1728.1 55.3 43.1 19.8 18.2 8.4
3015.8 14.1 -1.7 -27.7 16.8 8.9
13.1 6.6 24.6
731.1 -50.7 -103 -9.5 -26.9 14.7
1718.4 59.4 43.6 16 18.2 7.6
2989 20.1 11.8 -46.5 12 8.3
13.1 7 24.5
729.7 -45.8 -109.1 -7.8 -27.8 12.4
1719.7 63.7 42.8 18.3 18.8 7.2
2980 25.2 14.8 -36.1 15.5 2.7
13.6 7.1 21
736.7 -42.7 -114.6 -10.1 -28.4 10.7
1724.4 66.6 41.2 18.5 19.4 6.6
2992.8 34.4 8.2 -30.1 21.2 -0.6
14.4 7.5 19.2
749.6 -40.9 -126.2 -15.1 -30.7 9.6
1731.9 70.1 39.1 18.5 20 6.5
3021.6 41.9 -4.4 -23.2 26.2 2.5
16.5 8.3 18.8
768.4 -42.6 -143.6 -23.9 -33.2 9
1738.7 71.6 35.8 17.7 21 6.9
3054 40.7 -14.8 -11.2 29.5 9.5
25.3 10.2 18.4
781 -55.3 -175.4 -35.8 -42.7 9.4
1742.7 74 34.1 18 22.9 8.4
3083.9 31.8 -18.1 4.9 27.3 19.2
52.9 31.2 38.1
794.1 -52.1 -197.6 -22.8 -46.7 15.5
1754 102.7 54.3 35.2 36.8 14.3
3120.5 40.6 1.6 37.2 33 31.8
139.4 123.3 118.8
866.6 116.2 -76 148.8 52 121.2
1819.6 253.9 188.5 158.8 147.6 101.6
3206.2 162.5 136.9 172.4 133 124.3
winner is: 16
