Regression analysis information for: S06_selected_tokens_0107
number of formants: 3
number of coefficients: 5
9.4 43.7 186.4
854.3 94.7 -82.3 21.6 -27.1 0.3
1735.4 72.2 15.3 -2.3 30.7 -26.9
2409.5 131.3 -49.2 65.7 54.6 -48.8
10.2 9.6 73.5
856.9 85.7 -69.2 20 -32.7 3.2
1757.9 44.1 24.7 12.4 -2 9.8
2617.4 -97.5 78.3 27.2 -11.2 87.3
11.1 9.5 110.9
851.3 84 -56.4 21.3 -38.5 8.7
1760.9 47 25.6 12.7 -1.7 9.1
2705.8 -27.8 58.3 76.2 19.2 96.9
14.7 9.3 153.7
839.8 80.8 -46.8 21.7 -37.3 23.8
1762.9 49.8 27.2 12.5 -2.6 8.2
2698.9 105.6 88.8 42.1 27.1 133.4
20.2 9.3 161.2
830.4 69.2 -46.9 30.4 -26.3 37.9
1764.2 52 28.9 12.9 -2.8 8.5
2716.4 107.5 139.2 26 23.1 166.7
21.3 9.3 163.7
825.1 63.9 -52.9 37 -17.5 43.7
1764.9 52.8 29 13.7 -2.5 9.2
2761.7 81.9 71.9 59 63.4 162.3
19.8 9.5 132.7
826.6 61.9 -60.4 39 -10.3 42.4
1766.3 53.4 28.4 14.8 -1.5 9.5
2872.4 14.3 7.8 91.5 112.5 92
19.1 9.6 99.4
833.6 60.6 -68.4 39.8 -5.7 36.8
1768.6 53.9 27.3 15.6 -0.8 8.7
2906.4 29.3 40.1 58.5 86.2 58.3
18.9 9.9 51.8
844.1 61.6 -76.2 39.3 -4.1 27.5
1771.7 54.9 26.3 16.1 -0.3 7.2
2960.8 103 54 21.7 4.2 -16
21 10.3 33.4
853.4 61.6 -81.6 41.6 -4.3 14.6
1774.7 56.1 25.9 17.1 0.2 5.3
2989.6 124.8 59.7 25.3 -2.1 -29.3
24.7 10.9 36.9
851.7 60.3 -78.5 50.5 -9.4 -4.9
1775.9 57.4 27.7 19.6 0.4 2.6
3013.4 132.1 50 22.9 8.2 -16.9
23 11.2 59.2
834.1 46.8 -79.2 60.3 2.4 -3.9
1773.6 56.7 29.4 23.2 3.2 2.3
2997.1 117.1 74.1 73.5 34.2 -37.3
19.4 12.3 131.4
809.3 39.8 -73.6 49.6 1.8 4.8
1767.6 56.3 32.8 23.5 5.4 5.1
2880.7 11.8 39.8 69.3 68.2 -16.7
15.7 11.9 117.9
801.3 33.7 -77.9 36.4 -6.1 5.9
1765.5 55.5 32.7 21.2 4.7 7.1
2863.2 15.4 38.8 31.2 38.3 -16.3
14.6 17.7 79.8
799.2 24.2 -92.2 18.5 -21.5 -2.2
1757 36.7 11.9 -0.3 -15.5 -9.7
2867.9 -20.2 -67.7 -119.9 -106.5 -110.5
17.1 7.6 88.4
809.2 26 -98.7 11.5 -28.7 -2.1
1768.5 53 25.2 12 -3.6 4.1
2943.2 20.8 -84.3 -152 -138.9 -93.9
18.5 7.2 82.1
829.9 32.7 -102.5 4.6 -33.8 0.1
1774.1 53.8 23.4 9.3 -5.6 3.5
3034.5 72.6 -38.1 -88.6 -95.3 -37.7
20.9 8 84.6
850.2 40.9 -114.1 -0.8 -41.5 3
1780.2 56.7 22.6 9 -6.5 4
3118.9 96.1 -6.7 -31.3 -41.4 13.9
21.2 8.4 41.1
872.3 46.6 -124.8 -1.5 -46.5 5.1
1786.5 60.9 25.1 12.1 -3.6 6.5
3200.3 124.5 34.8 34.8 12.6 51.4
21.5 8.7 41.5
885.4 42.6 -137.6 6.9 -48.4 2.4
1788.8 61.1 25 13.4 -2.6 6.4
3241.2 95.3 22.7 50.4 12.8 38.1
winner is: 10
