Regression analysis information for: S06_selected_tokens_0101
number of formants: 3
number of coefficients: 5
29.3 38 65.1
581.7 -9.5 -116.2 23.1 9.7 -4.1
1673.1 119.2 24.4 -153.2 19.6 38.2
1897.1 102.6 -46.9 -19.3 80.6 13.4
26.7 109.6 132.3
645.5 -53.4 -167.5 100.6 -1.1 -37
1702 159.5 -14.8 -140.7 113.5 -90.6
2142.2 -83.3 -351.5 296.2 134.4 -247
32.9 52.2 215.5
696.5 -97.5 -163.6 136 -37.7 -17.3
1790.3 65.2 -23.2 -10.6 -28.2 -18.4
2429.2 -243.1 -191.2 583.4 4.5 55.9
38.4 40.6 145.8
744.5 -85.1 -137.5 149.5 -40 -6.6
1814.3 70.1 28.7 29 19.5 34
2728.1 -290.9 212.8 418.7 120.2 -132.8
52.4 52.1 144.2
806.4 -44.5 -126.8 117.6 -61.2 -20.8
1815.1 79.9 59.2 56.8 11 -19.3
2935.2 -111.9 7 139.1 102.1 -13.1
42.4 8.4 5.8
858.7 4.8 -153.5 45.3 -93.7 -24.4
1838.5 101.8 38.5 13.2 -10.9 -0.8
3008.4 -31.5 -43.4 0.2 -2.8 4.9
32.7 7.6 5.8
881.5 36.8 -190.5 -11.5 -99.1 -27.1
1840.4 102.4 38 10.7 -10.4 -1.2
3010.6 -32.8 -38.3 3.5 -3.3 4.6
32.4 7.5 6.2
873.8 62.5 -237.9 -47.6 -97.8 -27.6
1841.5 104.9 36.1 8.8 -11.3 -1
3013.3 -33.3 -36 4.8 -5.1 3.7
34.3 7.1 6.3
860.8 77.4 -272.5 -75.6 -90.7 -20.8
1841.9 106.2 34.7 7.3 -11.1 -0.8
3017.2 -32.9 -34.8 5.1 -6.4 3.2
42.8 6.7 6.2
839.8 68.9 -292.4 -94.6 -73.9 7.1
1840.8 105.3 33.4 6.4 -10 -0.3
3021.2 -32.7 -35.2 4.4 -7.5 2.9
47.9 6.8 6
758.2 42.9 -239.5 -81.5 -40 59.3
1835.9 103.7 34.3 7.1 -9.1 1.7
3021.8 -36.9 -40.9 2.8 -8.3 3
27.9 7.4 5.4
675.7 -2 -138.5 1.9 -17.8 24.8
1829.6 100 37 9.4 -6.6 2.6
3016.2 -46.4 -48 1.3 -6.4 6.8
22.1 7.5 6.4
658.7 -2.8 -109.7 12.4 -28.7 6.9
1825.2 100.4 39.9 12 -5.8 1
3003.8 -46 -46.7 6.2 -0.2 6.5
21.2 8.2 7
659.4 -2.7 -111.3 11.6 -32.3 5.6
1825.7 102.3 40 12.9 -7.3 1.1
3000.5 -40.9 -41.4 10.3 -0.6 5.7
20.4 8 8.3
663.1 -7.6 -113.6 7.7 -32.7 3.5
1827.3 102.1 40.9 12.7 -6.7 0.6
3005.5 -35.7 -32.8 12.1 -0.8 3.6
20.9 8.1 9.3
656.6 -22.6 -127.3 2.7 -34.1 2.3
1829.1 102.6 41.1 12.6 -7 0.6
3018.7 -30.1 -28.8 13.4 -4.3 3.7
29.8 8.2 10.6
612.4 -78 -172.4 -10.2 -35.1 -1.4
1829.1 101.9 41.5 13.2 -6.1 0.6
3038.2 -27.1 -25.8 13.4 -8.5 5.9
199.9 134.9 152.2
844.8 459 259 267.6 140.9 -24.3
2027 435.4 337.8 162.2 81.6 -24
3304 390.9 325.1 195.9 82.2 -12
216.9 287.3 418.6
1390.8 189.4 566.5 -246.7 -109.1 176.5
2453.5 51.9 568.9 -292.6 99.7 211
3690.7 -185.1 469.8 -294.7 123.6 356.6
170.6 213.3 226.3
1502.6 270.9 480.5 -327.1 -114.4 244.6
2398.6 228.5 511.9 -146.8 -1 -139.4
3279.3 -109 194.6 31.8 275.6 -78.4
winner is: 13
