Regression analysis information for: S06_selected_tokens_0106
number of formants: 3
number of coefficients: 5
36.6 98.1 249.7
637.1 -41.6 -53.9 -2.2 17.1 -13.3
1239.8 74.9 231.3 -92.4 40.3 16.3
1677.6 -245.6 298.3 -124.3 356.2 -247.1
51.7 137.7 524.5
703.5 -9.4 -49 2.7 -39.5 -54.4
1296.6 -20.2 159 54.3 83.9 -82
2363 -148.3 35.9 319.9 249.5 -433.4
19.5 27.8 91.9
763.9 13.5 -84.7 -13.1 -41.9 -39.3
1417.8 8.5 57.5 11.2 51.4 -3.4
2957.5 -160.4 -192 2.2 -53.1 -9.6
19.6 18.7 37.3
785.2 17.8 -83.6 -15 -52.6 -33.9
1428.9 0.3 61.2 4.5 46.6 1.8
2993.6 -230.8 -117.5 -21.5 -38 18.1
22.1 19.3 33.1
791.1 13.8 -89.2 -18.5 -59.7 -32
1434 1.5 62.8 4.7 47.8 3.7
2992.8 -215 -113.7 -16.4 -36.2 14.5
24 19.9 30.2
789 8.4 -91.6 -19.9 -60.1 -29.8
1433.9 0 62.9 5.2 48.7 5.1
3002.6 -204.1 -108.3 -16.6 -34.9 11.5
26.5 20.2 28.8
779.3 1.2 -89.1 -19.1 -52.6 -25.4
1429 -3.6 61.6 4.9 48.7 5.7
3017.4 -197.2 -100.8 -19.3 -33 8.8
28.6 20.5 30.3
755 -8.4 -89 -18.2 -43.3 -20.1
1424.2 -5.6 67.6 7.3 52.4 7.8
3028.8 -196.4 -99.8 -22 -35.5 7.6
27.8 19.9 33.8
728.2 -18.8 -80.4 -18.7 -35 -18
1414.3 -10.6 67.8 6.3 51.2 6.9
3039 -200.7 -100.6 -30.8 -39.7 1.4
22.8 20.2 40
700.1 -25.5 -71.5 -18.5 -30.7 -16
1407.7 -12.9 73.7 7.2 52.4 7.6
3038.7 -215.4 -116.1 -42.4 -52.6 -4.1
16.5 20.2 37.7
674.6 -23 -50.3 -16.7 -25.8 -14.5
1397.9 -13.5 77 6.7 50.4 7.1
3043.4 -218.5 -116.5 -43.1 -50.9 -0.3
12.7 20.8 37.9
653.3 -18.8 -33.3 -18.7 -23.7 -9.5
1394 -10.2 86.1 7.5 52.3 9.6
3035.7 -218.6 -114.8 -33.3 -49.4 5
10.3 20.8 37.7
644.3 -15 -23.8 -20.4 -20.8 -8.4
1390.4 -8.9 85.4 5.9 51.3 9.7
3014.3 -208.1 -93.7 -23.9 -36.3 10
9.8 21.8 30.1
642.8 -15.9 -23.8 -20 -19.7 -6.8
1394.5 -6 89.3 7.6 53.6 11
3006.6 -200.8 -78.9 -8.9 -12.1 23.2
9.8 22.8 33.8
646.7 -14.5 -23.2 -20.6 -19.9 -8.2
1395.3 -5.4 87.2 7.7 53.4 11.3
3032.4 -164.8 -45.3 14.6 17.9 37.2
15.6 25.8 45.4
651.7 -19.3 -32.1 -30 -27.7 -14.6
1394 -7.4 89.7 10.3 57.8 14.5
3066.5 -188 -55.7 -33.6 -9 -4.7
67 45 46.1
700.3 58.8 35.7 40.8 44.5 52.8
1384.2 -2.8 118.4 33.1 82.6 33.7
3174.3 -136.6 7.1 -25.9 22.6 9.1
103.9 157.4 71.7
809.2 284.2 166.5 56 6 -9.4
1538.3 279.7 234.9 -1 -34.4 -147.4
3284.9 -132.8 3 -47.3 42 -28.9
155.5 365.9 193.9
1068.9 238.3 -82.1 42 -19.2 20.5
2035.6 80.2 -245.7 88.7 -103.1 -16.5
3451.5 -291.5 -47.3 82.5 -67.6 -20.4
71.5 179 56.8
1204.5 15.3 13.8 40.4 -23.4 18.7
2231.5 -24.7 -372.6 228 -218.6 49.8
3377 -172.1 2.9 -58.4 4.1 -16
winner is: 14
