Regression analysis information for: S06_selected_tokens_0056
number of formants: 3
number of coefficients: 5
4.4 30 239
389.5 44.1 -8.5 -18.1 -12.8 -7.1
1183.8 -99.7 99 -69.2 63.4 -17.8
2530.3 -137.5 -350.7 -126.7 172 102.1
3.9 25.8 111.7
394.9 51.2 -5.3 -14.8 -9.6 -3.9
1191.7 -83.9 101.7 -57.5 71 -10.2
2701.5 22.4 -180.1 -21.1 40.9 74.3
3.8 25.3 19.7
396.8 54.1 -4.5 -14.3 -10.3 -4.4
1194.6 -82.4 100.9 -56.9 71.7 -9.4
2782.7 141 -85.1 28 4.7 14.4
6.1 24.1 17.4
394.8 52.3 -6.9 -16.8 -15.4 -8.3
1197.6 -83.7 106.1 -56.9 71.8 -8.9
2785.3 139.8 -90.6 26.6 7.7 13.3
8.3 22.6 15.9
392.6 49.7 -7.3 -17.5 -18.5 -11.8
1195.5 -83.9 107.5 -55.4 68.2 -10
2792.2 143 -94.3 26.8 8.7 14.3
9.5 21.2 15
389.3 46.3 -6.8 -17.1 -20.7 -14.5
1189.9 -84.6 110.9 -52.5 62.1 -12.3
2799.9 149.3 -98.4 27.8 8.6 16.3
9.7 19.9 16.8
384.7 41.7 -6.6 -17.3 -21.8 -15.4
1180.3 -88.3 117.5 -54.6 55.4 -15.6
2801.3 158.6 -96 24.1 9.2 19.6
8.9 19.5 27.3
381.3 37.3 -7.7 -17.1 -20.9 -14.5
1174.4 -93.8 118 -55.9 53.9 -17.6
2777.4 149.8 -76.6 25.8 8.2 19.8
8.1 20.1 24.4
382.4 37.8 -6.9 -15.4 -18.8 -13.3
1173.4 -92.9 110.4 -54.5 54.1 -18.4
2772.4 121.7 -98.9 26.5 11.8 15.8
8.2 21.5 13.6
385.1 38.5 -9.4 -15.9 -17.9 -13.4
1182.1 -95.3 104.9 -54.5 59.7 -20.3
2818.8 136 -128.8 23.7 15 8.5
9.1 22.6 17.9
388.2 37.5 -15.1 -18.4 -18.3 -14.6
1196.6 -103.9 105.1 -56.1 68.1 -22.9
2864.5 156.6 -134.6 26.2 15.3 7.1
10 22.6 27.1
391.8 36.4 -19.7 -19.9 -18 -15.5
1206.6 -112.4 105.5 -56.6 72.3 -25.8
2901.7 166.3 -126 30.6 12.7 9.1
10.3 22.3 29.6
394 36.2 -20.3 -19.9 -17.8 -15.4
1206.2 -115.2 105.8 -56.1 68.9 -26.3
2925.1 169.8 -115.5 32.8 4.9 11.3
9.9 23.2 28.2
392.5 34.8 -19.2 -21.3 -20.7 -15.2
1205.7 -118.9 109.6 -57.3 66.7 -26.5
2930.7 172.2 -102.9 33.5 -8.1 16.5
9.9 23.7 24.5
392.1 33.4 -20.1 -21.1 -21.4 -16.8
1207.5 -120.5 107.6 -58.8 68.5 -26.7
2934.8 167.5 -101.4 42 -12.3 15.5
9.7 24.4 23.9
392.9 32.3 -23.1 -21.1 -20.6 -17.8
1206.2 -120 108.9 -61.2 69.4 -26
2945.7 167.1 -105.5 47.3 -17.4 14.4
11.9 26.1 25.6
393 29.4 -30.9 -23.1 -19 -21.2
1194.4 -119.2 122.9 -67.6 64.8 -27.2
2961.6 167.9 -110.1 49.5 -21.9 16.1
32.8 103.9 55
402.3 45.3 -29.1 -4 16.3 -4.8
1180.4 -64.3 247.3 -29.2 95.6 23.5
2995.3 205.7 -85.8 76.4 -0.4 43
150.8 565.7 275.8
488.1 32.6 -41.1 120 91.7 105.5
1628.3 -4.4 -140.7 161.8 656.2 381.4
3298.5 238.3 -334.3 190.4 276.5 237.9
189 580.4 245.5
696.9 76.7 22.9 48.8 0.2 238
2442.8 197 -260.2 87.5 267.2 629.6
3670.4 230.5 -326.7 213.3 67.6 361.8
winner is: 10
