Regression analysis information for: S06_selected_tokens_0021
number of formants: 3
number of coefficients: 5
4.9 20.2 86.1
368.3 -23.2 -5.1 -11 -5.7 -12
1988.5 222.9 -211.2 42.5 -47.9 0.1
2578.7 5.5 -77.9 -58.6 68.2 -121.3
5 20.1 24
370.4 -26.3 -2.6 -11.2 -5.5 -12.6
1994 221.3 -208.4 39.8 -47 2.5
2644.8 -80.6 -24.7 -44.9 7 -21.8
5.2 20.7 17.7
372.1 -27.8 0 -10.2 -4.7 -12.2
2005.1 217.1 -200.8 39.7 -45.5 4.7
2660.4 -83.4 -23.3 -37.6 -2.6 -15.2
5.5 21.5 16.2
373 -29.8 1.3 -10.3 -4.6 -11.9
2009.8 215.9 -200 39.3 -45.4 4.3
2671.2 -85.3 -22.7 -35.8 -0.1 -21.9
5.7 21.8 16.8
373.1 -32.1 1.1 -11.2 -5.1 -12.3
2008.8 218.2 -205.8 38.5 -46.4 2.7
2683.7 -89.7 -18.3 -34.3 5.8 -24.5
5.7 21.5 15.9
373.1 -29.9 1 -9.4 -4.9 -11.5
2018.5 216.2 -200.4 39.7 -44.4 5
2695.2 -87.3 -19.1 -31.8 6.9 -25.7
5.9 19.7 21.8
372 -30.4 -1.2 -10.3 -5.9 -12.7
2017.3 223.9 -208.3 39.4 -44 5.3
2710.5 -80.6 -12.3 -26.8 19 -18.9
6.2 18.7 27.2
371 -29.6 -3.2 -10.6 -7.2 -13.1
2020.3 231.7 -211.6 39.8 -43.2 8
2721.3 -61.3 -11.5 -20.1 26.8 -10.3
5.6 18.2 28.2
371.8 -27.7 -0.9 -9.7 -5.4 -11.7
2024.7 238.2 -205 40.7 -38.9 12.4
2711.8 -30 -19 -13.5 24.2 -0.2
6.3 16.5 32.9
371.3 -29.5 -1.2 -10.6 -6.1 -12.1
2019.8 235 -196.9 47.4 -30.9 21.4
2704.7 -29 4.8 1.9 44.3 27.1
70.2 54.7 90
402.5 31.5 60.1 49.9 54.4 47.1
2045.6 288.6 -150.9 95.6 9.4 64.3
2754.6 23.5 75.1 62.2 95 76.5
70.3 57.1 125.7
399.1 37.4 54 51.6 52.7 46.3
2066.2 294.1 -156.7 98.1 5.5 66.6
2819.7 42.2 105.3 103.9 119.6 98.9
72.5 60.6 136.3
381.6 78 29.7 73.3 46 56.3
2097.6 297 -167.1 98.2 -1.9 67.5
2894.8 21.9 85.6 110.2 110.5 74.9
177.8 152 242.3
513 -185.5 286.4 -168 258.9 -117.9
2298.9 -32.4 118.7 -165.7 224.4 -115.3
3150.5 -264.8 336.4 -147.7 323.3 -84.2
240.6 183.8 274.7
652.6 -321 468 -115.9 203.7 152.2
2304.4 108 49.5 26.9 66.5 154
3270.6 -12.4 182.6 70.3 104.2 255
219.2 150 198.8
643.3 -444 420.9 -155.2 85.9 164.6
2332.2 11.8 42.9 -35.3 27.3 113.5
3403 90.1 137 14.9 30.9 179.3
251.7 168.8 204.2
638.6 -368.5 457.1 -97.6 164.5 199.2
2372.5 34 114.5 -33.8 106.2 124.2
3446.6 187.7 153.6 14 119.8 169.7
267.8 172.8 228.3
722.8 -369 538.3 -49.9 62.5 212.5
2456.3 -28.2 202.8 -55.6 73.9 127.1
3533.5 139 196.4 24.1 36.5 248.3
273.5 147 210.3
721.8 -407.9 521.9 -84.8 -7.6 149.8
2472.1 -131.6 213.2 -141.2 63.9 57.4
3528.9 97 139.9 -16.6 -30.8 225.2
263 182.1 217.3
840.5 -336.2 648.2 97.7 -17.1 277.4
2562 -114.3 323.3 -57 98.2 123.2
3650.8 77.9 256.1 85.6 -50.9 363.6
winner is: 6
