Regression analysis information for: S06_selected_tokens_0039
number of formants: 3
number of coefficients: 5
2.9 43.1 78.9
336 -38.3 3.5 -3.8 5.2 -6.7
1984.4 127.7 -345 -53.5 -107.6 -44.2
2582.7 -10.5 -180.8 19.5 -35.8 -15.6
3.2 42.8 14.8
337 -42 6.6 -4.5 6.3 -7.4
1997.8 134.6 -332.8 -49.9 -103.9 -41.3
2693.2 -184.3 -30.7 -77.6 0.3 2.7
3.4 43.1 14.1
337.3 -45.5 10.1 -5 6.9 -8.4
2003.7 135.8 -333.5 -51.5 -104.4 -41.2
2701.3 -171.4 -38.3 -75.8 -1.1 0.6
2.9 43.8 14
337 -48.1 12.7 -4.9 6.4 -8.9
2001 132.6 -346 -58 -108.8 -43.7
2711.5 -169.3 -43.1 -76.3 -2.4 -0.1
2.4 44.6 14.7
335.8 -48.1 13.4 -3.8 5 -8.6
2005.6 133.6 -348.5 -59.4 -109.6 -43.9
2722.4 -166.6 -45.6 -77.6 -3.1 -2.4
1.6 46.8 15.6
332.5 -44.9 11.9 -1.5 2.8 -7.4
2006.8 136.7 -353.4 -62.9 -109 -43.7
2727.8 -170.2 -48.1 -82 0.3 -2.7
2.1 46.8 18.1
329.4 -43.2 11.4 -0.4 1.7 -7.6
1980.5 123.9 -350.1 -62.8 -113.9 -51.2
2646.2 -233.1 -7.9 -55.1 2.9 -5.3
2.2 43.5 13.4
329.3 -42.9 11.3 -0.4 1.7 -7.5
1968 120.9 -340.1 -60 -116 -45.4
2636.7 -214.9 -9.3 -62.2 -4.3 6.5
2.3 43.2 13.3
329.5 -42.8 11.4 -0.3 1.6 -7.3
1986.9 130.7 -333.4 -58.9 -115 -38.1
2658.9 -200.9 -16.6 -64.3 -9.5 10.2
2.4 45.7 21.8
330.1 -43 11.4 -0.2 1.4 -7.2
2010.4 139.4 -345.6 -63.1 -119.2 -35
2703.1 -191.8 -28.6 -69.9 -18.9 15.7
2.4 46.6 41.8
330.4 -42.2 10.3 0.5 0.9 -7.1
2031.3 143.7 -370.4 -66.5 -123.7 -38.2
2782.4 -166.7 -55.6 -95.7 -29.9 17.3
2.9 45.7 52.4
328.5 -36.4 5.5 4.2 -1.2 -6
2061.3 154.2 -377.4 -54 -115.9 -39.4
2905.8 -93.5 -95.2 -123.6 -44 -19.5
4.6 43.4 53.4
322.6 -22.1 -6.2 13.8 -7.4 -1.6
2096.5 175.9 -359.2 -27.7 -99.7 -30.7
3041.9 -3.6 -133.5 -97.7 -13.1 -72.1
74.5 104.7 80
342.2 -60.4 34.6 -30.4 40.3 -52.3
2152.5 109.3 -274.8 -90.8 -15.4 -100.3
3161 23.4 -37.1 -82.9 109.7 -114.4
132.8 153.3 104.6
381.7 -139.3 114.6 -112.8 123.2 -135.3
2220.3 -3.1 -159.1 -194.3 91.5 -195.8
3230.2 -50.7 36.7 -152.1 190.9 -189.3
120.9 118.2 79.2
450.6 -271.8 233.1 -207.9 188.1 -163.9
2298 -141.1 -35.5 -287.1 156.2 -219.9
3298 -143 121 -213.1 238.5 -208
128.7 119.9 81
444.3 -261.5 226.4 -207.2 192.4 -172.5
2299.2 -144.4 -37.3 -285.8 152.8 -220.1
3304.5 -147 120.4 -207.1 236.5 -208.6
156.6 164.3 132.3
470 -298.5 229.7 -159.1 93.6 -28.4
2298.3 -157.7 -75.5 -226.9 37.3 -82.8
3311.2 -166 97.9 -158.6 143.7 -91.1
181.2 173.7 147.4
535.6 -414 307 -179.8 57.2 57.2
2347.5 -248.7 -26.1 -236.7 -0.5 -12.9
3351.2 -255.3 127.5 -167.6 104 -25.7
201.6 181.4 153.6
553.3 -442 317.8 -166.9 24.4 100.8
2367.4 -279 -20 -226.3 -28.7 16.8
3379.8 -291.7 123.8 -161.6 72.7 -0.1
winner is: 9
