Regression analysis information for: S06_selected_tokens_0111
number of formants: 3
number of coefficients: 5
18.6 17.7 127.5
681.7 -47.9 -203 66.8 -57 24.7
1797.7 259.5 21.9 46.5 -0.2 29.8
2287.1 257 -257.6 118 -48.4 -41.4
22.8 16 112.1
688.3 -60.5 -204.1 69.6 -54.2 26.3
1806.4 267.2 34.9 51.2 6.7 28.5
2395.2 138.6 -344 111.5 30.1 -31.3
28.1 19.8 136.1
697 -76.7 -202.1 68.2 -50.4 28.4
1790.4 225.7 2 18.6 -17.8 5.5
2516.5 -127.5 -196.2 66.5 44.5 10.6
33.9 17.3 66.9
706.7 -89 -196.3 65.1 -48.6 30.4
1795.8 228.9 10 25.5 -8.7 11.6
2621.3 -270.6 -110 65.7 -11.9 58.8
36.3 18.7 53.7
713.2 -90.5 -194.5 62.4 -53.1 38
1816.5 265 43.4 54.5 15.7 32.6
2668.4 -235.4 -124.7 39 -53.5 35.8
34.5 16 51.1
718.4 -85.5 -197 61.9 -59 41.9
1820.2 268.2 42.9 52.5 11.4 29.9
2754.6 -105.1 -64.2 45.7 -46.1 45.2
30.3 14.8 25.3
723.5 -76.1 -201.6 61 -64.2 42.8
1825 274.5 43.9 52.5 8.7 29
2795.2 -46.8 -31.4 55.1 -34.5 43
26.5 13.7 20.2
731.3 -67 -207.5 59.9 -69.4 42.5
1830.3 280.6 44.5 52.9 6.7 27.9
2806.2 -35.7 -22 55 -31.5 39
23.9 12.8 17.2
740.9 -58.3 -213.8 57.4 -75.1 42.4
1835.4 285.5 45 53 5.3 26.8
2819.2 -28.2 -17.3 52.8 -29 36.2
23.4 12.2 15.4
749.6 -49.5 -220 54.1 -79.7 41.2
1839.8 289.6 45.5 52.8 4.8 25.4
2832.6 -23.4 -13.3 49.4 -26.1 33
24.4 11.5 14.6
751.9 -46.7 -222.4 57.6 -82.8 40.8
1842.2 291.4 47 53.2 4.8 24.3
2843.9 -23.2 -6.7 44.9 -22.8 28.7
27.2 11.6 13.5
743.3 -48.2 -221.2 62.5 -80.1 36.1
1840.6 290.8 47.9 52.8 5.4 21.8
2844.2 -27.3 -1 39.2 -21.9 21.4
24.4 12.3 17.2
735.5 -53.6 -220.3 62.2 -70.9 30.5
1836 287.9 44.8 53.8 7 22.3
2823 -20.1 -12.3 46.4 -23.1 23.9
23.4 11.6 13.8
737 -58.6 -223.9 67.6 -70.3 30.2
1833.7 279.9 40.1 52.5 6.5 21
2817.8 -44.6 -19.5 43.3 -20.4 17.8
24.8 12 12.8
745 -61 -234.7 76.9 -73.1 30.2
1836.7 278.1 38 53.4 7.3 20
2835.1 -59.5 -23 44.5 -12.1 12
28.5 12.5 14.4
754.9 -62.4 -253.4 92.9 -78 30.6
1840.7 279.2 36.8 55.5 9 19.2
2857.7 -72.1 -24 46.3 -1.7 7.2
81.7 113.5 115.9
818.6 -158.4 -190.4 27.9 1.1 -54.9
1900.4 169.5 146 -51.3 116.6 -83.8
2944.8 -196.5 90.2 -65.8 113.2 -98.4
106.8 127.3 93.7
884.2 -270.2 -133.7 -38.2 78.3 -135.6
1939.8 116.5 213.6 -103.9 167.6 -117.4
2988.6 -212.4 113.1 -72 122.4 -78.1
82.3 105 137.5
961.7 -411.1 -85.7 -76.6 84.6 -110.6
1967.9 91.8 231.9 -67.9 90.7 15.6
3069.6 -272.8 173.3 -68.7 86.4 38
200.6 133.6 120.8
1072.8 -332.4 -10.3 5.2 207.8 122.8
1993.6 180.8 299.5 -12.5 179.5 40.7
3074.2 -69.6 176.9 25.8 189.7 43.3
winner is: 14
