Regression analysis information for: S06_selected_tokens_0051
number of formants: 3
number of coefficients: 5
9.8 10.8 35.8
433.4 84 -25.8 3.5 0.1 -3
1246.7 194.3 12.2 4.5 -3 -8.1
2511.5 -125.6 -82 -29 -47.4 -15.2
10.6 9.1 10.5
445.2 103 -18.1 1.6 -2.2 -5.8
1249.8 198.9 15.4 7.4 0.3 -5.2
2526.4 -106.2 -56.5 -7.5 -24 4.3
11.5 8.7 10.8
446.6 111.6 -16.6 0.3 -5.2 -6.3
1250.2 203.6 15.7 6 0.8 -4.9
2529.3 -108.8 -58.3 -7.6 -25.2 3.1
10.9 8.7 9.6
443.1 108.3 -16 0.8 -3.6 -4.7
1249 205 15.5 6.2 1 -4.1
2535.8 -108.9 -54.9 -8.7 -23 1.3
9.6 8.8 9
435.8 100 -18.9 1.6 -2.4 -1.9
1247.3 207 14.9 6.5 0.2 -2.8
2539.9 -109.8 -54.3 -9.4 -22.4 -0.2
8.1 8.5 8.6
429.5 91.6 -21.5 1.8 -1.5 -0.4
1246.3 207.1 15.2 6.2 0 -2.6
2543.2 -110.7 -54.2 -9.8 -22.2 -1.2
6.7 8.8 12.6
419.5 80.3 -27.3 2.2 -2.8 0.7
1242.3 207.3 12.8 6.9 -3.2 -1.7
2540.9 -109.8 -61.9 -6.2 -28.4 1.8
4.9 8.4 13
413.5 74.6 -23.4 5.9 0.5 2.2
1234.4 205.9 16.8 8.5 -2.4 0.4
2527.4 -99.9 -58.7 -1.9 -29.6 8.3
5.7 7.6 13.5
411.7 72.6 -23.5 5.6 0 1
1231.4 203.5 17.3 7.9 -2.5 0
2516.1 -103.6 -54.9 1.8 -27.6 11.4
6.4 7.1 13.7
412 73.5 -24.8 5.5 -1.4 1.1
1233.1 202.8 16.1 6.8 -4 -0.7
2521.3 -114.4 -57.9 -1.9 -30.7 8.8
5.9 7.2 11
414 72.4 -24.3 5.3 -0.6 1
1235.9 199.3 15.7 7.2 -3.9 -1
2538 -126.3 -53.8 -6.7 -28.4 7.1
5.9 7.7 9.9
414.2 72.6 -26.2 6.3 0.2 2.2
1239.3 199.9 15.2 6.3 -2.6 -1.9
2558.9 -143.8 -54.4 -12.4 -27.5 5.5
6.8 9.7 9.5
411.1 68.2 -28.8 7.9 5.1 2.6
1239.8 201.5 15.3 4.3 3.3 -5.8
2587.7 -163.1 -50.5 -20.2 -21.7 2.8
19.5 13.6 13.4
388.9 39.9 -43.8 7.9 19.7 1
1231.4 205.5 15 -1 15.6 -15.4
2621.9 -178.9 -45.6 -26.2 -12.1 -4
244.5 372.9 408.8
567.6 264.2 148.3 98.4 -111 -69.1
1490.1 340 210.6 77.3 -326.3 -18.7
2998.5 61.1 187.8 52.8 -366.4 -114.4
128.2 300.9 446.9
825.9 431.2 187.4 88.5 -284.5 31.1
1911.8 382 204.4 46.1 -654.4 339.7
3264.4 -116.7 29.9 -38.2 -541.2 257.7
119.5 376.1 403.9
928.2 413.5 107.3 16.2 -234 137.7
1980.5 357.6 78.2 67.3 -362 157.9
3072.4 -125.9 -57.8 -185.2 -13.4 130.4
86.6 282.4 330.9
995.9 394 -37.2 52.9 -64.5 86.3
2133 409.3 -301.4 181.5 -167.7 111.5
3116.7 45.1 -320.1 -171.6 281.2 -24.5
76.6 238.6 280.7
1013.9 376.2 -36.6 22.5 -84.1 91.2
2187.1 256.7 -205.3 180.3 -424 240.7
3094.7 108.5 -135.9 -159.4 120.2 4.3
75 272.9 467.4
1027 394.1 -48.9 35.4 -50.8 84.9
2398.3 113.4 -235.6 173.6 -209.1 218.7
3432.6 -47.4 -106.6 -85.7 225.3 136.9
winner is: 12
