Regression analysis information for: S06_selected_tokens_0045
number of formants: 3
number of coefficients: 5
7.3 12 40.4
365 71.1 3.1 -26.2 -24.6 -11.8
1574.4 56.4 99.8 -49.8 31.2 5.1
2559.6 -46.4 3.5 1.4 30.6 25
9.5 11.9 13.8
369.6 79.3 10.1 -22.3 -22.6 -11
1575.8 56 100 -50.8 30.4 5.7
2573.3 -29.6 2.9 -13.3 2.4 -4.2
11 11.9 13.7
369.7 80.4 10.5 -22.4 -23.7 -12.3
1577 57 100.7 -51.6 30.2 6.2
2579.6 -28.2 4.5 -13 3.5 -2.4
10.5 12 12.8
367.9 78 8.5 -23.4 -24.7 -13.3
1576.7 59.3 99.3 -51.4 30 6.4
2586.6 -24 7.1 -12.4 3.9 -1.2
10.2 12 12.1
364.8 72.9 3.9 -26.5 -27.2 -15.1
1577.2 60.9 97.8 -50.6 29.6 7.1
2593.4 -18.8 8.6 -10.3 4.2 0.9
9.7 12.3 11.9
362.5 69.1 0.4 -28.3 -28.5 -16
1577.2 62.8 94.8 -48.9 29.2 7.6
2598.8 -12.4 6.4 -6 3.3 2.8
9.3 12.4 11.3
361.1 66.7 -1.6 -29.2 -29 -16.4
1577 63.3 91.8 -48.6 28.9 7
2602 -7 2 -3.3 2 2.4
9.3 12.4 13.3
358.7 63.3 -3.7 -30 -29.3 -16.9
1575.1 61.9 94.1 -46.8 31 4.8
2597.7 -3 4 0.2 8.3 -3.2
8.8 12.7 17.1
357.2 60.8 -4.3 -29.4 -28.4 -16.3
1571.4 55.2 96.4 -44.7 33.5 4.2
2586.3 -20.1 10.8 5.2 15.5 -6.2
8.4 12.6 21
357 59.4 -5.4 -30.1 -28.6 -16
1572.9 46.3 92.7 -47.7 33.5 3.9
2584.2 -55.7 -9.1 -8.6 8.8 -8.9
8 12.9 19.6
358 60.7 -3.5 -29.5 -27.9 -15.2
1579.7 41.2 90.9 -47.8 34.8 4.3
2606 -67.4 -10.7 -5.1 8.7 -7.1
8.8 14.2 24.2
356.6 61.3 -1.8 -32.5 -30.2 -14.8
1593.4 34.9 92 -47.7 37.2 5.7
2645.6 -72.9 -3.2 5.9 14.4 -2.3
28.4 33.7 54.2
361.2 86.9 28.8 -17.6 -12.9 11.6
1621.4 44.2 112.6 -33 56.4 24.4
2713.9 -47.3 36.3 42.6 49.4 25.5
38 37 71.4
339.9 90.9 50.1 -40.7 -31.7 23.3
1644.2 40 115.1 -37.4 59.5 27.4
2779.6 -29 57.5 48.8 59 31.5
257.1 227.6 306.7
533.9 67.8 -282.5 127 283.7 -150.6
1866.3 1.8 -225.9 119.5 355.2 -158.9
3095.9 -28.9 -329 208.2 405 -179.1
192 189.8 270.5
607.2 -8.2 -495.5 126.8 269.2 -187.8
1961.4 -69.3 -374.8 115.3 297.1 -184.3
3254.7 -95 -524.4 144.8 308.9 -227.6
217.8 238.9 354.2
719.2 17 -556.3 143.3 261.6 -16.4
1997.4 -85.7 -292.8 158.9 181.9 -116.7
3282 -110.1 -329.5 199 84.6 -188.8
288.6 280 410.2
840.3 92 -527.5 106.3 11.8 -100
2060.5 -93.9 -265.6 169.1 135 -66.7
3356.3 -94.6 -245.8 186.6 -14.2 -126.4
306 303.3 436.2
915.7 164.7 -554.2 68.7 -44.3 -70.5
2134.6 -80 -321.1 142.3 131.1 -1.3
3436.3 -83.9 -300 152.9 2.8 -53.9
353 367.1 471.5
1012.3 162.6 -524.1 181.4 -91.7 0.1
2268.2 -49.2 -306.4 222.3 50 39.4
3598.1 -83.8 -340.7 260.8 -17.3 -45.9
winner is: 7
