Regression analysis information for: S06_selected_tokens_0010
number of formants: 3
number of coefficients: 5
1.5 7.9 59
388.3 12 0.4 7.6 -0.9 3.5
1860.1 15.2 -16.9 -18.5 -13.8 -8.7
2513.2 -435.9 -39.5 267.8 157.9 -15.5
1.7 5.4 10.7
394.7 13.5 0.9 6 -2.3 3.8
1862 16.5 -18.1 -21.1 -16.1 -8.2
2830.6 20 -78.7 -54.9 -59 -16.2
1.9 5.2 8.3
398.7 15.7 1.5 3.8 -3.1 4
1863.5 16.9 -17.4 -20.4 -15.4 -7.8
2826 -0.2 -63.7 -42.5 -45 -11.8
2 4.9 6.8
399.7 17.9 2.1 1.8 -2.9 4.1
1865 17.5 -16.5 -20 -14.9 -7.3
2842 -6.4 -51 -36.3 -39.5 -13.9
2.1 4.7 6
399.1 19.1 2.4 1.1 -2.3 4
1866.2 18.1 -15.6 -19.9 -14.5 -7.1
2860 -8.7 -40.4 -34.7 -36.8 -16.3
2.1 4.5 5.4
398 19 2.6 0.9 -1.3 3.7
1868.2 20.1 -12.9 -18.6 -13 -7.2
2879.2 -5.5 -25.7 -32.1 -32.5 -17.7
2.1 4.3 6.2
396.1 19.7 2.1 1.9 -0.9 3.6
1868.3 21 -12.1 -18.7 -12.8 -7.1
2892.2 -4.3 -15.6 -33.5 -31.9 -18.7
2 4 12.8
392.5 21.1 0.5 4 -0.3 3.6
1864.5 26 -13.3 -18.7 -11.9 -7.6
2854.3 68.3 -37.8 -30.6 -27.4 -29.4
1.8 4.7 10.7
390.9 17.9 -0.8 4.5 -0.1 3.6
1861.3 21.6 -16.9 -19.4 -13.9 -8.1
2824.4 39 -72.7 -31 -48.6 -14.6
1.5 5.1 11.7
391.3 17.2 -0.8 4.8 0.1 3.6
1862 18.1 -17.5 -18.6 -14.1 -8.2
2835.9 -11.2 -67.4 -23.5 -45.9 -9.4
1.5 5.6 17.1
391.6 18.5 -0.4 5 -0.1 3.8
1864.3 14.7 -19 -18.2 -14.6 -7.3
2879.5 -51.1 -53.4 -14.4 -42.9 -0.3
1.7 5.9 28.4
390.3 20.4 1.5 3.9 -0.5 3.6
1870 13 -17.7 -16.4 -13.8 -7
2953 -90 -23.5 -13.7 -37.1 -1.5
2.9 5.9 33.5
384.6 25.1 6.4 1.8 -1.8 2.9
1876.9 12.4 -15.9 -14.4 -12.4 -6.7
3036.3 -116.6 19.8 -25.7 -17.8 -23.7
6.2 5.6 36.1
371.1 32.8 17.3 -1.2 -5.4 1.5
1883.9 13.3 -13.5 -12.4 -10.7 -6.5
3117 -127.8 70.7 -44.5 11.4 -58
11.2 5 37
347.2 41.5 37.1 -2.2 -13.8 -0.3
1890.1 15.7 -10.5 -10.8 -8.7 -6.3
3176 -114.9 102.8 -48.9 27.8 -72.1
16 3.9 32.1
316.5 44.6 59.9 5.8 -26.9 -1.7
1895.3 20.4 -5.3 -8.3 -5.5 -5.5
3209.4 -78.7 122.7 -34.6 40.6 -65
28.9 3.5 30.5
279.5 44.7 96.3 16.5 -50 2.3
1897.1 21.5 -4.2 -8.6 -5.2 -6
3228.3 -71.9 129.1 -41.3 40.6 -71.9
303.6 224 192
506.7 29 -386.3 107.5 407 -70.7
2078.3 14.8 -350.4 45.9 304.3 -63.5
3395.9 -71.7 -158 1.6 301.8 -121.9
303.1 208.4 185.1
676.4 94.1 -651.4 -19.5 481.5 0.4
2222.8 72.8 -547.2 -57.8 329.8 -23.3
3536.9 -7.6 -328.4 -108.2 313.8 -76.4
255.7 201.5 157.9
970.8 336 -884.9 -405.1 163.3 -81.1
2440.6 244 -717.1 -298.3 89.6 -102.6
3743.2 164 -493.2 -350 90.7 -113.2
winner is: 6
