Regression analysis information for: S06_selected_tokens_0072
number of formants: 3
number of coefficients: 5
6.1 13.9 28.4
297.1 -16.7 -12.9 -0.4 -11 -6.7
2049.9 311.3 -84.2 -31.5 45.5 -47.3
2538.2 107.3 45.6 3.7 20.7 15.4
4.4 14 17.3
296.8 -15 -8.5 2.3 -8.9 -4.9
2053.1 311.7 -88 -32.2 43.7 -45.8
2559.2 130.2 61 16.9 32.4 22.8
37.2 20.2 25.9
309.5 13.7 21.2 31.4 19.2 23.7
2060.6 320.2 -81.7 -28.2 52 -38.3
2579.4 149.4 73.9 29.9 42.7 34.2
5.1 13.5 16.2
293.5 -15.7 -6.4 2.6 -10.1 -5.5
2061.7 316.6 -94.8 -37.3 40.9 -44.9
2583.4 140.8 63.2 22.3 32.3 24
37.1 23.8 28.6
307.3 13.2 22.4 31 18.4 23.2
2069 327 -82.7 -28.8 54.3 -34.9
2599 158.5 81.5 36.9 44.9 37.9
71.9 44 42.4
322 42.6 52.1 60.3 47.8 52.1
2080 344.4 -65.7 -11.7 71.5 -17.3
2609.2 163.4 90.2 51.1 61 57.1
71.9 35.9 54.4
321.3 42.3 52 59.9 47.4 51.4
2076.9 339.1 -72.4 -19.2 66.9 -24.4
2607.2 170.8 118.3 80.6 87.7 69.5
67.6 36.6 71.2
319.6 39.3 49.1 56.6 44.6 47.9
2075 344.1 -75.8 -15.3 67.1 -26
2615.3 206.1 139.8 105.1 113 81.9
87.6 37.6 73.9
329.3 59.6 68.9 76.1 63.6 67
2074.2 350.6 -65.8 -15.5 71.8 -22.7
2614.3 237.9 181.9 113.6 117.6 93.2
103.7 60.2 91
336.2 73.1 83 89.4 77.3 80.1
2076.5 373.8 -37.8 7.3 88.9 -2.4
2613.1 267.1 213.5 130.4 136.6 114.1
128.8 89 101.5
350.7 101.5 110.7 117 103.9 106
2104 405.4 -10.8 34.5 120.5 25.1
2666 314.6 237 152.2 148 124.3
130.1 95 112.3
352.4 102.8 112.4 118.4 105.5 107.3
2128.6 409 -16 44.7 126.1 30.9
2758.5 370.1 233.6 160.8 138.4 107.4
128.7 93.8 120.9
351.5 99.3 108.2 115.5 101.9 104.5
2151.8 396.7 -19.8 45.6 121.5 33
2921.8 423.1 152.4 148.4 109.7 76
130.2 93.8 130.2
353.1 100 109.4 116.9 103.1 105.6
2175.1 378.8 -13.4 49.9 113 42.8
3118 377.7 17.9 159.9 69.9 101
153 107.1 143.4
368.9 131 139.4 147 131.5 132.8
2203.5 377.7 16.5 66.5 125 67.4
3262.6 251.5 73.6 209.8 2.5 209.2
153.4 107.2 138.5
367.4 130 137.3 146.2 130.1 131.8
2215.7 364.4 26.4 63.5 124.4 71.4
3301.4 224 87.9 204.5 6.2 211.1
170.5 117.1 143.5
380.2 159.3 163.3 173.6 154.4 155.2
2231.8 374.7 51.7 76.3 142 86.9
3334.3 230.2 118.5 215.4 30.7 221.4
172 118.2 145.7
380.7 161.2 165 175.2 156.3 156.6
2234.9 373.2 57.4 75.8 145.4 86.5
3348.4 215.6 141.2 204.4 42.2 218
184.6 126.2 151.1
393.6 188.6 189.4 200.5 177.9 177.8
2243.9 392 77.7 90 163.8 98.1
3360.9 235.5 170.8 220.4 62 232.3
194.5 132.7 155.5
408.2 218.3 216.7 227.5 200.5 199.1
2253.2 411.8 97.2 105 182.3 107.3
3372.9 257.5 199.9 235 89.3 238.9
winner is: 4
