Regression analysis information for: S06_selected_tokens_0058
number of formants: 3
number of coefficients: 5
15.9 22 18.4
362.1 70.4 -13.8 10.2 -30.6 11.2
1118.8 192.8 111.7 -23.8 40.5 8.6
2722.4 -56.2 -111.3 60 -13.1 -12.2
15.3 25.3 17.4
361.8 70.5 -12.3 7.9 -29.1 10.1
1112.1 197.8 109.4 -31.6 48.8 -2
2731.6 -59.9 -111.2 69.4 -17.4 -8.9
14.4 37.3 18.6
358.5 74.6 -17.2 7.9 -31.5 8.7
1101.2 220.9 100.6 -34.9 58.5 -16.1
2739.9 -64.2 -107.5 69.8 -16 -11.1
13 45.3 17.9
357.6 77.4 -17.8 8.5 -31.2 7.3
1090.2 235.4 88.8 -36.2 64.8 -32
2748.7 -66 -106.1 70 -20.5 -9.8
10.6 43.9 18.9
354.5 83.5 -22.4 11.2 -32.9 5.9
1071.8 270.5 61.1 -19.4 57 -36.8
2756.5 -68.3 -103.6 66.4 -21.1 -14.5
10 42.2 20.2
353.5 84.3 -23.1 11.8 -33 4.6
1066.5 278.1 55.1 -16.2 57.2 -42.5
2757.1 -67.7 -107.9 68.5 -25.9 -19.5
9.6 38.3 22.2
351.8 85.1 -25.5 12.5 -33.6 4.4
1062.5 287.8 49.4 -9.6 54.4 -37.8
2749.4 -69.2 -117.4 74.8 -26 -19.6
9.6 34.7 21.5
352.1 86.3 -23.9 12.9 -31.6 4.1
1059.7 290.8 45.6 -5.9 52.8 -35.8
2727.4 -29.8 -126.1 80 -12.6 -20.6
10.2 36.8 20.5
353.7 86.4 -23.1 12.6 -32.4 4.9
1063.2 292.2 48.4 -7.1 54.5 -37.6
2749.2 -37.3 -107.6 76.4 -19.8 -13.9
13.8 66.7 24.9
357.2 82.2 -22 12.6 -36.7 8.3
1054.6 322.7 41.7 -11.2 79 -70.4
2811.3 -75.9 -74.4 79.8 -38.3 -0.6
18.5 214.7 33
361.3 72.7 -17.4 15.8 -38.1 10.9
1240.4 9.9 220.7 9.1 -97.8 221
2886.9 -111.3 -48.8 98.4 -69.1 29.9
32.3 206.1 37.7
347.9 52.2 -15.3 34.5 -33.5 0.3
1259.2 -28.7 247.6 40.9 -123.7 250.9
2931 -106.3 -48 103.8 -73.1 29
68.2 294.5 119.6
351.1 46.8 -49.5 -10.9 -60.2 16.5
1315.7 26.9 190.8 -70.1 -218.2 341.8
2992.2 -37.6 -108.5 17.2 -118.5 71.5
106.8 440.3 223.4
411 95 -137.1 -104.7 -21.6 136.9
1451.6 99 -20.3 -309.9 -206.7 642.9
3136.8 -9.9 -248.5 -158.8 -76.8 311.8
133.3 417.3 251.5
488.8 199.9 -85.9 7.3 180.7 307.6
1585.4 357.2 -117.7 -272 227.3 807.2
3299.7 128.4 -214.7 -49.5 163.2 554.4
192.2 535.7 336
565.2 303.6 -79.3 -59.3 63.2 166
1772.6 509.6 -139.6 -383.2 42.7 632.7
3440.2 259.4 -217.2 -140.5 10 392.2
169.2 550.4 327.7
617.3 378.1 -65.9 -114.5 -26 101
1923.1 569.1 -72.6 -485.9 -178.8 619.9
3554.1 331 -178.7 -218.8 -136 336.9
142.6 515.8 292.9
644.2 407.9 -61.5 -147.2 -66 90.6
2006.1 582 -14.9 -533.4 -373.4 690.3
3623.9 353.5 -145.1 -260.2 -243.1 337.2
147.2 716.9 348.8
695.4 454.1 -41.5 -68.1 -10.6 85.7
2360.7 342.1 -118.1 -337.1 -70.2 387.4
3827 235.1 -108.9 -190.3 -39.1 174.7
71.4 386.2 148.2
766.3 523.2 -2.5 2.5 37.7 47.8
2719.7 148 1.5 -230.9 161.8 112.3
4006.8 236.8 -34.4 -90.3 63.1 56.2
winner is: 1
