Regression analysis information for: S06_selected_tokens_0018
number of formants: 3
number of coefficients: 5
1.9 21.2 7.9
352.2 18.9 -11.5 -5.5 -6.6 -1.3
1672.9 60.5 -61.6 -28.3 27.2 -24.2
1779.7 21.3 -29.2 -18 -28.2 -8.5
2.1 3.1 44.1
358.4 18.6 -10.7 -4.2 -6.2 -1.4
1741.8 -18.7 -24.9 14.7 7.1 5.2
1946 117.1 -120.6 -44.3 52.1 -68.1
2.5 3.8 114.6
361.4 16.1 -14.8 -4.9 -8.4 -1.5
1741 -15.7 -26.6 15.9 4.8 5.8
2534.4 -340.5 -176.9 -68.1 29.9 -82.2
2.4 3.3 33.1
369 15 -13.7 -2.7 -8 -0.6
1744.8 -16.5 -26.5 12.5 4 5.2
2738 -97.5 -86.8 -48.3 -61 -50.6
2.4 3.7 3.2
371.9 15.9 -16.5 -1.5 -9.3 0.6
1747.2 -11.6 -26.2 14.3 3.4 5.5
2782.5 -11.2 -3.6 21.9 7.8 -4.2
2.5 3.3 2
374.4 15.3 -14.5 -1.5 -9.3 0.9
1751 -13.1 -25 12.2 3.5 5.2
2797 -7.3 -6.3 18.1 11.9 -0.9
2.2 4.5 8.8
365 20.8 -11.2 -5.7 -7.9 -0.8
1744.1 -14.6 -25.6 11.5 3.5 4.6
2810.7 -41.1 -18.8 28 24.2 4.4
2 5 17.5
362.7 20.9 -14.5 -7.2 -9.5 -1.7
1738.7 -12.1 -31 10.7 -0.3 1.5
2788.6 -34.4 -32.3 29.8 -5.2 0.3
1.9 4.3 9.7
364.4 22.4 -11.4 -6.4 -8.4 -1.8
1740.1 -8.8 -26.1 8.8 0.3 0.4
2773.8 -8.5 1.3 22.2 -16.4 -16.7
1.9 4 6
363.5 21.1 -14 -7.8 -9.6 -1.8
1742.5 -6.6 -24.1 7.7 -1.1 0
2798.4 -2.4 27.2 -4.5 -20.6 -20.6
1.8 3.4 4.6
365.6 21.6 -11.6 -6.6 -8.4 -1.4
1749.4 -6.2 -19.4 8.5 0.4 1.4
2833.7 1.7 38.1 0.2 -11.8 -16.2
2.1 2.7 7
363.9 19.9 -14.3 -7.9 -9.7 -1.7
1755.6 -3.1 -19.2 11.8 3.5 4.7
2891.8 8.1 22.4 1.4 25.7 3.9
2.3 1.8 9.6
363.1 19.3 -10.3 -6.8 -9.1 -2
1766 -1.5 -19.5 11 6.4 6.4
2959.9 30.9 -13.8 -4.6 56.1 19
2.7 2.1 13.4
356.3 14.7 -10.2 -8 -12 -2.8
1773.4 7.4 -18.3 15 9.2 8.5
3020.4 77.4 -3.5 6.9 84.5 31.8
3 2.2 23
348.5 8.3 -7.5 -6.8 -12.6 -3.1
1780.4 12.8 -14.8 15.3 10.6 8.6
3076.3 124.9 25 12.8 106.2 39.5
2.9 2.3 27
343 0.6 -7.1 -3.8 -6.6 0.6
1784.1 13.9 -11.9 13.5 8.8 6.5
3099.8 162 37.2 15 93.1 32.7
3.1 3.1 42.9
337.5 -9.8 -21.3 -11.3 -3.5 7.3
1786.6 21.2 -3.8 19.8 9.7 6.1
3148.6 246.9 158.9 91.7 139.1 47.7
9.8 2.3 29.2
321.6 -33.6 -32 -10.5 12.7 24.5
1790.6 19.9 -1.6 17.5 8.2 3.9
3181.1 284.8 179.5 95.8 120.9 27.6
258.9 298 82.5
525.9 327 115 -98 -283.9 -338
2050.7 461.8 191.5 -58.4 -311.9 -395.4
3322.3 462.8 267.6 33 -14.5 -141.1
264.6 288.6 113.2
608.6 503.2 251.7 -27.4 -258.7 -343.6
2187.5 700.1 372.6 47.8 -258.4 -372.1
3391.8 550.2 319.7 69.7 10.6 -121
winner is: 6
