Regression analysis information for: S06_selected_tokens_0037
number of formants: 3
number of coefficients: 5
5.4 20.4 125.9
340 -23.3 1 9 -9.6 -6.5
2150.8 279.7 -231 22.4 -33.1 -0.9
2708.9 199.7 -137.6 0.9 17 8.7
5.1 16.9 76.2
341.2 -23.9 2.6 10.1 -9.4 -5.2
2158.2 271.6 -227.3 28.1 -36.6 1.5
2815.1 40.2 -96.9 80.6 -113.1 107.2
5 16.9 72.4
341.2 -25.7 2.9 10.4 -10.1 -5
2163.2 274.7 -228.3 26 -35.6 2.7
2832.4 24 -72.7 55.7 -88.9 89.2
5.2 18.1 60.9
340.3 -27.8 2.4 9.9 -11.8 -5.7
2165 279.4 -236.5 22.4 -36 3.2
2851.3 -0.3 -51.5 27.7 -63.3 60.7
5 18 24.4
340.4 -28.8 2.9 9.7 -11.7 -6
2169.1 278.1 -238.5 19.6 -36.6 2.1
2884.3 -60.2 2.8 -28.8 -8.6 3
4.5 17.5 15.7
339.9 -29.7 3.2 9.6 -11.6 -5.8
2172.6 276.2 -240.7 18.9 -36.5 -0.2
2894 -74.9 12 -38.6 4 -14.6
4.4 18.8 31.6
338.5 -28.8 3.8 9.3 -12 -5.6
2171.4 274.9 -241.5 21.1 -36.9 -1.5
2882.9 -58.5 -11.7 -11.8 -20.7 6
4 17.5 34.9
336.8 -27 3.8 8.9 -11.3 -5.6
2158 282.9 -228.1 21.3 -39.7 0.2
2849 -18 -14.9 10.9 -50.3 38.5
3.5 20.1 19.8
337.2 -26.9 4.9 9.1 -9.9 -4.9
2156.9 276.2 -220.4 19.8 -29.8 13.1
2862.5 -68.9 30.2 -31.7 5.6 30.3
3.7 22.9 22.2
337.7 -27.5 5 8.6 -9.9 -5.2
2169.2 282.1 -222.1 16.3 -25.8 16.9
2885.4 -64.9 39.3 -33.8 22.2 25.9
4.9 26 37.6
337.6 -29.2 3.1 7.4 -11.6 -6.7
2186.5 293.8 -233.7 18 -18.8 22.2
2921.5 -42.5 38.6 -7.8 39.3 35.8
5.9 25.7 48.8
337.8 -30.5 1.6 6.7 -12.9 -7.8
2213.6 300.7 -247.3 17.5 -16.6 26.2
2966.7 -24.5 23.2 8.1 45.2 42.2
6 22.1 52.1
338.3 -29.9 1.3 7.3 -12.6 -8
2245.6 306.3 -257 14.1 -20.2 26.5
3014.3 -3.4 -6.2 0 36.2 40.9
7.8 20.5 58.2
337.3 -30.5 -1.2 6 -13.9 -10.8
2268.2 318.3 -264.6 13.4 -25.7 24.8
3064.6 35.6 -20.7 -7.6 29 40.3
10.5 19.1 61.9
335.5 -31.9 -4.2 3.7 -15.7 -14.7
2284.7 329.1 -268.5 13.2 -30.1 24
3108.7 76.9 -27.7 -17.8 19.3 39.6
72.6 55.4 92.1
366.4 31.7 59.4 66.3 48.2 45.7
2314.9 373.9 -234.3 48.5 4.3 59.6
3158.8 143.1 -1.3 1.7 43 71.6
72.2 55.5 90.6
364.9 30.7 58.5 66.1 47.6 44
2322.8 382.1 -234.9 46.7 5.3 59.4
3183.9 172.9 -2 -8.3 40 72.4
127.7 88.2 129.5
393.4 89.2 117.1 124.7 104.1 98.3
2343.8 429 -201.7 83.9 43.1 95
3224.6 236.6 40.8 28.2 81.7 114.2
127.4 90 135.1
389.2 88.7 113 125.3 101.6 96.1
2352.2 434.5 -199.9 88 46.1 97.5
3249.9 264.4 52.3 39.9 93.9 124.3
167.5 114.8 161.1
415.6 159.2 171.2 191.6 157.9 149.9
2379 475.5 -164.1 127.7 81 130.8
3291.9 321.6 93.5 82.8 135.5 160.1
winner is: 6
