Regression analysis information for: S06_selected_tokens_0001
number of formants: 3
number of coefficients: 5
5.2 15.3 11.2
451.3 61.4 -36.6 -21.6 -9.2 3.4
1648.6 -55.2 -34.7 28.7 13.6 -5.6
1910.2 65.5 21.6 -14 -11.4 10.5
5.2 15.4 13.4
459.8 66.1 -34.4 -19.8 -7.7 3.8
1750.3 -21.8 -26.1 46.6 13.9 2.4
1893.9 46.6 20.8 -18.7 -9.1 1.3
5.6 26.8 47.4
470.5 73 -34.3 -18.3 -5.5 4.9
1812.5 55.1 -13.1 11.6 -2.4 -0.9
1988.1 30.8 38.4 75.6 49.4 32.7
6.6 5.9 75.3
481.9 83 -35 -18 -3.9 5.5
1839.7 83.8 -7.2 -4.6 -10.8 13
2277.4 202.2 133.9 219.3 115.7 4
7.7 5.1 140.6
496.3 92.7 -37.4 -18.8 -2.2 5.1
1845.2 79.8 -4.4 -2.9 -9.5 12
2736.7 -12.8 -55 218.3 -56 39.4
11.7 4.6 39.7
514.1 92 -50 -11.8 -5.7 -2.5
1851.2 77.7 -3 -2.2 -8.7 11.4
2818.7 -10.6 -43.9 39.3 -53.1 59.7
28.2 4.4 13.6
546.7 67.1 -68.4 22.8 -28.7 -14.8
1856.8 75 -1.3 -2.3 -8.5 10.5
2845.5 -51.8 -2.9 1.7 -16.3 21
35.7 4.9 9.9
571.3 31.7 -72.5 51.3 -67.4 -5.5
1860.4 73.7 0.6 -2.1 -9.7 9.6
2863.2 -63 4.3 -2.2 -10 14.5
40 5.7 9.6
571.5 13.9 -83.5 57.7 -85.7 -4.3
1861.1 71.6 0.4 -3.7 -12.8 8
2878.1 -73.4 10 -1.3 -11.8 12.1
40.8 6.6 16.7
517.2 68.5 -82.8 3.6 -23.1 -36
1854.6 70.4 -5.9 -7 -15.5 6.4
2878.2 -80.3 -0.9 1.1 -28 14.1
5.1 4.4 30.3
493.5 73.6 -47.2 -25.1 -11.5 3.7
1839.9 69.4 -6.7 -14.6 -11.3 8.3
2820.7 -37.9 -19.3 -28.6 -18.1 26.2
5.4 6.6 15.8
493.5 67.2 -45.6 -19.7 -10.3 4.1
1831.8 64.1 -5.8 -11.5 -8.9 10
2782.5 -40.1 -12.8 -19.2 -10.1 28.8
6.4 6.7 11.4
493.6 66.6 -48.5 -19.1 -11.5 4.9
1834.9 66.6 -4.6 -9.2 -4.2 10.6
2799.1 -47.7 -3.8 -17.3 13.1 21.5
8 6.6 17
491.5 72.5 -49.3 -23.2 -9.3 3.9
1843 69.7 -2.3 -7 -3 10.5
2845.3 -72.3 7.9 -14.7 16.5 13.5
12.1 6.6 27.3
474.5 98.9 -45.9 -44.2 5 0.8
1856.3 73.5 1.5 -4.2 -2.2 9.8
2928.4 -126.3 22.2 -6.2 9.7 -3.9
245.7 212.3 179.6
644.8 -121.8 -127.5 256.6 -306.3 76.4
2057.5 -154.3 -62.6 296.1 -289.7 79.2
3157.2 -348.5 -16 240.8 -221.6 31.8
205.9 277.4 196.7
797.9 -329 -156.7 340.1 -324.5 70.9
2065.5 -154.7 44.9 88.9 -75.4 112.2
3229.3 -358 42.2 114.8 -54.5 19.8
333.1 299.5 221.1
955.4 -320.3 -4.9 468.2 -124.1 131.5
2104.2 -34.9 257 25.8 151.8 151.8
3324.4 -213.1 261.9 115.4 123.1 87.4
299 246 178.3
1041.5 -261.9 -39.7 633.1 -51.3 152.4
2075.5 143 224.8 93.6 231.6 109.7
3344.5 -88.8 263.2 167.5 169.5 73.9
314.7 281.6 185.3
1140 -317 61.4 661.9 11.6 149.7
2102.5 31 217.9 14.5 207.7 -7.8
3363.7 -179.9 244.6 67.9 123.6 -30.7
winner is: 13
