Regression analysis information for: S06_selected_tokens_0091
number of formants: 3
number of coefficients: 5
5.4 6.1 41.5
430.9 -46.2 -41.4 -0.1 5.1 9.7
1995.7 96.9 -28 2.5 -2.8 1.1
2234.4 59.3 76.3 16.4 27.5 38.5
5.5 4.7 39.3
435.9 -47.2 -43.1 -1.1 6.5 10.1
1994.3 93.9 -23.6 4.6 -1.9 3.3
2402.5 104.3 42.3 -17.6 28.5 22.7
6.1 4.4 18.4
439.7 -48.5 -45.8 -1.6 8.6 11.3
1996.1 92.4 -22.4 6.4 -2.5 3.7
2555.8 95.4 -35.2 -60.8 15.7 14
6.9 4.7 24.3
439.2 -48.4 -48.7 -0.5 10.3 12.7
1998.6 92.3 -23.7 7.3 -4.1 3.3
2626.9 57.4 -62.5 -36.9 9.1 -6.9
8.2 4.7 20
437.6 -48.5 -50.9 -1.4 14.1 13.7
2002 92.1 -24.1 8.7 -4.5 3.2
2668.2 24.3 -53.5 -26 8.4 -13.3
11.2 4.7 16
434.6 -49.4 -54.2 -1.5 20.8 13.4
2005.4 92 -24.6 9.9 -5 3
2703.1 -3.7 -40.2 -25.1 7.5 -14.9
35.5 4.8 15.4
453.2 -71.9 -87.4 43.3 19.3 -20
2008.6 91.8 -25.2 11 -5.5 2.9
2735.7 -31.1 -23.8 -31.7 12 -20.3
56.5 4.8 14.6
472.8 -98.6 -123.8 96.1 18.1 -53.4
2011.6 91.3 -25.6 11.7 -6 2.8
2759.4 -44.9 -19.9 -29.6 7.5 -17.3
68.2 4.5 13.4
489.2 -116.6 -152.5 139.3 14.6 -82.7
2014.7 89.4 -25.1 12.6 -5.5 3.2
2777.5 -53.6 -21.8 -25.6 2 -12.8
86.1 5.2 15.1
449.9 -92.5 -108.3 93 9.6 -56.8
2014.6 89.4 -23.1 13.5 -7.9 2.5
2788.7 -63 -14.5 -21 -6.5 -17.2
77.2 26.6 39
429.1 -26.8 -80.8 -19.6 -0.7 -0.3
2022.2 100.8 -28.6 -7.9 -26.1 3.5
2800.1 -58.5 -13.6 -48.5 -42.4 -15.9
14 5.6 24.8
424.6 -38.8 -53.1 10.3 22.2 6.7
2006.5 89 -21.7 7.3 -7.4 5.8
2744 -63.8 0.2 -55 -2.7 -0.8
6.2 4.7 16.5
445.7 -51.2 -59.2 6.3 7.2 7
2004.4 91.1 -18.6 8.2 -3.4 6.2
2712.6 -26.1 2.4 -46.8 18.5 -2.5
14.5 4.7 21.6
427.3 -63.8 -77 -4.6 6.6 11.4
2009.1 93.1 -16.7 10.8 -3 6.1
2748.5 -28.1 14.9 -34.7 21.2 -3.8
364.3 169.8 209.9
675.4 337 306.7 259.3 64.3 -57.3
2161.5 222 161.9 118.7 5.6 -25.7
3002.1 189.5 281.4 119.9 47.9 -47.6
342.2 334.8 329.1
1310.3 12.4 749.7 155.3 -429.5 22.4
2333.1 64.7 173.2 -15.7 -171.4 7
3222.7 78.7 216.1 -30.2 -197.4 -49.2
192.4 231 216.7
1759 -19 -41.1 221.9 -25.8 -81.6
2247.2 95.9 -314.6 48.8 41.6 -74.5
3181.6 -7.5 -213.2 -38.1 22.5 10.3
90.8 124.4 102.6
1864.5 89.6 -73.8 104.8 -132.5 7.6
2112.2 119.9 -103.8 -12.6 -47.8 0.6
3087.9 9.4 -24.7 -59.5 -57.1 71.9
67.8 148.9 98
1957.9 59.5 -18.3 45.7 -62.5 -23.4
2154.4 -7.7 31.2 -88.2 68.1 -112.3
3097.5 -130.4 100.4 -45.2 80.1 -55.8
195.8 130.8 72.7
1899.7 175.5 -128.1 199.2 -130.3 118.1
2173.1 39.5 -26.9 15.7 -22.6 -85.7
3052.3 -85.9 40.1 1.1 36.5 -2.1
winner is: 13
