Regression analysis information for: S06_selected_tokens_0064
number of formants: 3
number of coefficients: 5
6.6 11.7 16.1
325.4 5.2 -9 7.1 -7.9 5.6
1881.7 208.5 34.3 7 11.1 23.6
2457.7 18.4 83.6 20.1 21.5 -1.4
5.8 11.5 15.8
322.3 3.1 -7.4 6.4 -7.1 4.9
1885.4 211 34.7 6.7 11.5 24.4
2471.3 23 83.6 18.8 21 1.4
5.6 11.3 15.8
318.9 1 -7.3 5.9 -7.2 4.7
1889.5 215.9 35.9 7 11.9 25.7
2484.7 30.6 84.3 19.6 19.4 5.1
5.4 11.1 16.2
315.7 -1.5 -8.1 5 -7.4 4.5
1893.9 223.1 38.9 7.9 12.9 26.9
2496.6 40.9 88.4 22.7 19.1 7.6
5.4 11.9 26.1
313.1 -3.8 -8.9 3.9 -7.7 4
1899.9 238.8 48.8 11.2 16.3 29.5
2492.9 47.7 102.5 34.7 28.6 9.7
6.1 19.8 37.1
311.3 -4.1 -9.9 4.3 -8.4 4.4
1867.1 193.7 13.6 -22.8 -8.3 15.4
2366.1 -96.6 49.5 11.3 19.3 -23.8
5.3 16.6 32.2
311.7 -4.7 -8.8 3.6 -7.5 3.7
1860.2 192.1 23.1 -17.8 -7.6 8.7
2349.2 -88 72.1 17.9 28.4 -32.3
5.4 19.8 28.7
311.9 -4.5 -8.8 3.6 -7.5 3.6
1894.6 248.7 67.1 17.2 24.6 29.4
2382.9 -61.5 67.2 -2.1 14.3 -47.7
5.5 13.3 57.7
312.5 -4.2 -8.7 3.7 -7.5 3.8
1909.4 251.5 60.5 10.2 21.5 25.8
2543.2 147.8 214.9 101.6 91.4 30.5
5.8 12.1 59.8
313.2 -3.9 -8.9 3.9 -7.7 4.2
1926 249.4 56.1 6.5 22.6 28.6
2653.7 196.3 187.6 36.2 37.2 30.1
7.1 13.2 62.9
313.4 -3 -10.5 5.1 -9.1 5.6
1941.8 243.7 55.7 5.3 23.7 31.6
2767.5 201.9 138.5 -20.6 10 73.7
8.6 15.7 69.5
313.4 -2.5 -12 6.2 -10.5 7.1
1952.8 231.5 55.7 3.9 25.2 33.3
2858.8 147.2 110.3 -39.5 -0.2 138.2
12.3 17.9 76.3
312.3 0.4 -15.4 9.5 -13.9 10.5
1962.6 221.1 57.4 1.3 27.2 31
2945.6 81.1 102.2 -48.1 -24.6 182.8
57.6 44.3 99.8
336.6 -47.9 31.9 -38.2 33.2 -36.8
1984.2 186.7 86.1 -28.6 56.1 -0.2
3033.8 4.8 129.5 -92 -13.8 164
87.8 60.4 119.7
352.5 -79.1 62.9 -69.1 64 -67.7
1999.4 166.6 99.9 -45 73 -20.8
3124.9 -66.6 174.8 -160.9 35.9 90.2
94.4 59.9 126.2
360 -93.6 76.6 -82.8 76.9 -80.4
2007.3 163.5 105.8 -46.7 74.6 -24.7
3195.4 -74.5 173.4 -167.3 27.1 37.1
76.5 47.3 111.1
351.4 -75.4 58.6 -64.7 58.9 -62.5
2008.1 175 95 -34.2 63.4 -16.4
3247.3 -27.8 125 -121.3 -17.7 14.5
115.4 76.2 123.9
375.5 -123.1 105.5 -111.3 103.9 -106.4
2030.6 144.3 126.1 -62.5 92.3 -46.4
3322.4 -96.7 130.5 -126.9 33.9 -53.8
140.4 96.4 151.1
387.4 -146.8 129 -134.9 127 -129.2
2049.4 115.5 154.2 -88.4 118.1 -72.7
3381.3 -174.7 175.4 -166.1 90.6 -122
141.3 96.4 151.2
387.4 -146.5 129.1 -135 127.2 -129.4
2052.9 113.6 157.3 -87.1 118.8 -74.4
3388.4 -183.4 182.8 -153.2 93.9 -138.9
winner is: 3
