Regression analysis information for: S06_selected_tokens_0054
number of formants: 3
number of coefficients: 5
4.6 28.6 25.3
386.6 78.2 29.6 8.7 -10.3 -6.7
1293.8 19.4 237 -15.4 60.3 -29
2573.5 74.2 -81.3 39.4 -36 23.6
4.6 27.9 24.3
386.8 78.9 29.3 8.2 -10.1 -5.7
1294.6 21.1 236.5 -17.2 60.4 -26.4
2577.8 75.7 -82.8 40.3 -36.1 24.9
4.7 27.2 22.4
386.9 79.2 28.6 7.9 -9.7 -5.1
1295.2 22.8 234.5 -17.8 61.3 -24.4
2583.4 79.2 -87.9 40.4 -33.6 28.6
4.5 27.3 19.6
387.6 79.1 28.7 8.3 -8.1 -4.5
1294.7 23.6 229.9 -17.2 62.9 -23.6
2592.5 77.5 -92 36.4 -27 28.6
4.7 27.1 17.9
388.3 79.3 28.2 8.4 -7.5 -4.5
1297.2 23.6 228.3 -17 64.8 -24
2600.9 78.9 -98.7 35.7 -20.2 29.6
4.9 26.9 16.9
389 79.5 27.9 8.5 -7 -4.8
1299.4 23.4 227.7 -16.6 66.8 -25.3
2608.2 79.7 -103.4 34.6 -13.4 29
5.3 26.7 16.2
388.9 79.2 27.7 8.8 -6.8 -5.2
1299.5 22.3 227.4 -15.9 68.2 -27
2609.5 80.3 -106.4 33.6 -9.3 27.4
5.8 27.3 15
388.9 78.6 27.2 8.8 -7.6 -6.1
1303.8 17.4 232.3 -16.5 69.8 -30.8
2607.8 74.4 -103 38.5 -9.4 23
5.9 28.3 13.5
389.9 78.6 26.6 9.3 -7.7 -6.7
1308.4 14.2 231.6 -15.4 70 -33
2619.7 65.5 -110.5 44.1 -7.5 18.1
5.8 29.7 15.2
391.4 80.4 26.3 9.8 -7.9 -8.3
1313.1 14.7 234.9 -15.9 67.4 -33.4
2646.8 64.4 -125.6 52.3 -4.9 14.8
8.8 31.6 18.8
389.2 85.1 30.4 9.6 -8.2 -12.5
1301.1 23.6 257.1 -27.5 59.4 -24.2
2686.3 65.8 -141.7 58.8 -3.9 12
86.8 161.6 87.2
445.9 39.2 -49.8 114.1 -6.9 -92.7
1367.9 -55.8 213.3 102.3 -7.2 -43
2766.3 38.4 -183.3 118.4 -39.9 24.4
161.6 309.1 234.4
568.3 -72.1 -183.3 172.1 -14.2 102.9
1732.2 -295.7 -141.5 290.9 -29.8 176.3
2929.9 -19.5 -222.3 77.6 -172.5 278.1
201.9 346.2 305
801.5 -17.2 -97 -139.2 -161.3 88.9
2137.1 -152.2 -179.8 -356.5 -232.3 323.2
3264 -44.2 -222.8 -265.9 -400.1 356.6
211.3 418.2 348.6
834.2 -24.3 45.4 -169.7 -183.8 97.1
2196.8 114.5 -208.8 -368.9 -305.6 310.4
3245.7 252.8 -482.1 -221.4 -152.9 50.5
238.4 423.3 375.5
867.9 45.7 174.2 -177.5 -115.5 131.9
2224.7 191.2 13.6 -488.2 -234.8 495.5
3324.6 269.7 -322.7 -279.8 -153.7 209.3
249.6 444.8 402.8
946.2 0.2 199.3 -152.7 -81.7 98.7
2427.2 57.4 4.7 -366.7 -207.5 394.9
3568.4 81.8 -323.5 -235.4 -160.6 238
195.7 162.2 218.4
1013.6 38.1 204.7 -69.5 -40.5 35.6
2699.6 0.9 -254.9 3.8 -135.8 11.7
3846.9 11.3 -452.2 -1.8 -209.1 38.1
187.5 163.3 212
1016.5 66.2 203.6 -28.8 -34.9 43.6
2693.2 32.9 -239.9 31.4 -130.1 52.1
3873.7 56.6 -417.7 19.5 -214.3 39.1
169.6 121.4 130.1
1032.7 84.4 226.7 -1.2 -14.5 59.8
2714.7 86.3 -176.6 68.3 -103.8 80.4
3979.2 242 -243.2 111.9 -156.9 22.2
winner is: 9
