Regression analysis information for: S06_selected_tokens_0095
number of formants: 3
number of coefficients: 5
6.4 23.4 46.1
472.6 33.7 -71.5 -1.7 -0.5 7.8
2067.5 58.5 -81.9 -12.8 -35.4 -18.3
2303.7 59.6 -176.1 -90.4 15.3 13.1
6.4 13.3 45.2
478.4 34.5 -72.6 -1 -1.1 7.7
2075.4 76.9 -56.9 5.6 -12.6 -1.6
2403.4 50.4 -175.6 -71.2 -18 -26.9
7.2 14.7 32.6
481.1 33.6 -74.7 2 -0.6 7.2
2075.4 72.5 -59.4 -1.2 -16.5 -5.7
2480.4 17.1 -153.7 -21.9 6.8 4.3
7.9 14.4 29.8
481.6 36.1 -76.7 3.1 -0.4 5.8
2075.2 69.2 -62.6 -2.8 -17.3 -5.3
2541.1 37.5 -128 8 12.1 1.2
8.1 13.8 22.4
482.9 38.8 -77.3 3.5 0.1 4.9
2077.2 69.3 -62.7 -2.6 -16.2 -4.9
2572.2 63.9 -123.2 9.6 15 -23.9
8.5 13.5 19.2
484.3 41.5 -78 4.4 -0.2 4.6
2080.1 69.9 -62.1 -2.6 -15.8 -4.9
2609.9 60.7 -111 12.3 5.9 -29.1
8.6 13.6 18.6
484.7 44.7 -80 5.7 -0.7 4.1
2083.5 70.2 -61.1 -3 -15.7 -5.2
2647.8 39.3 -96.8 13.9 -3.8 -25.8
8.7 13.8 24.4
483.4 50 -83.9 6.9 -1.4 3.9
2087.2 69.9 -60.4 -4.2 -16.2 -5.2
2688.7 6.3 -79.8 10 -16.9 -15.9
10 13.5 40.3
479.9 59.7 -89.2 11 -3.3 4.1
2092.3 69.8 -55.4 -4.4 -14.9 -4.6
2728.3 -30.7 -45.7 2.3 -26.8 -2.2
17.1 13.8 45.1
467.3 83.8 -107.7 21 -5.7 0.8
2096.1 68.9 -53.8 -5.2 -15.9 -4.8
2767.4 -67.2 -21.8 -0.7 -38.6 3.7
128 74.9 105.4
523.4 -25.1 -14 -51.2 33.5 4.2
2133.6 0.9 0.3 -46.6 0 -1.8
2841.7 -175 57.9 -56.4 -23 7.7
25.1 14.7 43.8
456 102.7 -123.4 27.1 -5.7 -3.3
2095.2 68.6 -55.5 -7.8 -19.3 -3.8
2773.6 -74.7 -9.2 -11.9 -51.5 15.7
10.3 12.5 37.4
472.3 78.7 -105.5 21.3 -9.3 7.4
2095.6 69.6 -53 -5.9 -17 -5
2760.7 -58 -18.1 -7.1 -40.5 -2.6
165.9 74.7 117.4
542.8 -66.3 41.3 -128.2 129.8 -113.3
2145.7 -18 28.1 -83.8 53.6 -67.6
2870 -209.5 93.1 -108 58.1 -99.3
149.6 63.8 79.3
753.2 -479.7 398.5 -378.2 239.1 -51.2
2300.7 -287.8 235.5 -217.4 107.9 -47.3
3086.2 -523.8 295 -215.7 78.2 -38.6
123.7 10.2 23.9
819.1 -541.1 237 -56.3 -43.5 30
2125.7 65.2 -65.5 -0.1 -18 -5.1
2970.7 -196.3 -9 -14.9 -24 -15.7
104.5 11.2 28
960.4 -781 236.6 88.3 -125.9 8.8
2131.6 72.8 -65 -6.5 -14.3 -4.3
3037.7 -199.2 -24.6 -30.3 -20.1 -5.4
311.3 159 184.7
1196.6 -738.9 96.2 72.3 -78.6 -107.8
2223.9 155.1 -135 -57.2 0.6 -29.6
3177.6 -97.6 -85.6 -93.3 -11 -38.8
338.3 146.8 176.7
1313.7 -523 259.6 -88.4 -338.5 -260.3
2261.1 240.6 -28 -95 -119.4 -118.9
3228.3 53.8 13.2 -135.1 -151.9 -131.8
451.6 349.1 338.8
1491.9 -259.1 163.1 -105.8 -432.7 -531
2604.3 27.2 -30.2 -14.5 -196.7 -243.9
3558.9 -68.7 -3 -56.1 -218.5 -282.3
winner is: 7
