Regression analysis information for: S06_selected_tokens_0041
number of formants: 3
number of coefficients: 5
10.7 19.1 13.1
389.5 19.7 -64.6 -20.1 -19.7 -7.3
1465.4 20.2 140.9 -56.3 38.3 -25.4
2504.6 -16 -34.7 0.6 -5.7 -6.4
14.3 19.3 13.3
394.2 35.1 -54.2 -14.9 -11.1 -4.5
1466.5 21.2 141.9 -58.7 39.4 -24.9
2509.4 -21 -35.6 4.4 -4.7 -4.6
12.1 19.1 12.8
388.1 29.6 -61.5 -23.2 -14.9 -9.8
1466.4 23.1 142.7 -61.5 40.7 -25
2518.1 -20 -35.2 7.5 -3.5 -3.7
8.9 18.4 12.4
381.1 20.6 -70.5 -31.1 -19.2 -13.8
1465.4 25 142.7 -63.7 42 -25.7
2526.3 -18 -35.8 9.5 -2.8 -3.6
7.2 17.4 12.3
379.6 20.4 -70.5 -30.4 -17.2 -12.2
1464.3 26.3 141.9 -64.8 42.7 -26.6
2533 -16.6 -38.2 10.9 -3 -4.4
6.3 16.7 12.3
378.9 20.1 -70.5 -29.7 -16.1 -11.3
1464 26.8 140.7 -64.8 43.2 -27.6
2539 -16.7 -41.6 12.4 -3.7 -5.9
5.9 16.2 12.3
378.3 19.5 -70.7 -29.1 -15.5 -11.1
1464.4 25.8 139.8 -63.6 43.2 -28.7
2544.9 -18.2 -44.9 15.2 -4.4 -7.9
5.5 16.2 12.9
377.6 18.3 -70.9 -28.3 -14.8 -10.5
1464.6 22.8 139.7 -61.6 44.3 -28.4
2549.3 -23.4 -47.5 19.1 -3.7 -8.1
5.4 17.5 15.6
376.4 17.8 -70.2 -27.6 -14.4 -9.7
1460.5 19.4 142.3 -60.7 46.5 -24.8
2539.2 -35.7 -47.5 21.2 0 1.2
5.5 18.3 17.2
376 20.7 -66.9 -26.4 -13.4 -8.9
1452.1 24.3 148 -66.3 49.7 -26.2
2511.4 -27.8 -35.7 8.1 0.5 -3.7
6.3 18.8 15.8
376.1 20.4 -68.9 -27.2 -14.9 -9.6
1457.3 22.4 148.1 -68.3 50.4 -29.6
2526.4 -26 -36.3 7.1 3 -8.7
8.3 20.6 16
375.4 16.9 -75.7 -29.6 -19.2 -11.9
1469.2 17 144.6 -66.7 47.1 -32.6
2561.3 -30.4 -46.7 14.2 0.2 -9.7
93.6 79 94.8
414.1 92.5 -6.5 50.6 57.7 66.3
1521.2 63.5 195.4 -1.1 95.8 20.9
2669.6 38.3 10.8 115.5 74.1 71.1
120.7 115.4 140.7
517.8 300.8 165.9 234.2 187.3 160.4
1663.5 178 321.8 182.2 150.6 86.2
2952.4 171.2 140.9 413.7 156.4 174.9
220.2 212.7 218.4
666.2 268.4 329.9 245 221.2 12.8
1857.8 62.2 383.7 237.4 113.9 -67.1
3161 -18.1 97.5 302.4 87.2 4.5
293.7 206.4 201
870.3 203.5 283.3 26.4 197.5 148
1846.4 -23.7 152.4 100.5 16.9 -62.7
3232.9 -22.5 -47.6 146.5 58 40.5
256.2 197.9 164.4
924.1 110.8 315.1 -59.7 284.9 121
1876.1 -84.2 130.7 56.8 64.5 -50.6
3272.8 -86.5 -31.6 114.4 122 48.3
268.5 229.5 190.7
923.5 159 348.3 -90.8 315.9 38.5
1915.2 -39.2 166.2 28.1 83.7 -83.1
3326.5 -54 5.4 91.4 132.5 0.5
299.6 328.3 284.3
980.5 78.1 443 -121 233.1 151.3
2037.8 -106.5 313.4 -9.9 -23.3 58.9
3445 -134.2 103.5 58.4 19.6 112.7
308.9 299.4 252.6
895.9 270.5 394.4 -190.2 276.7 -29.2
1974.5 150.9 326.8 -44.6 45 -105.2
3396.6 69.8 56.1 -30.1 24.9 -84.6
winner is: 7
