S10_selected_tokens_0076 analysis information:
Number of steps:
20
Cutoff frequencies were: 
5000 5158 5316 5474 5632 5789 5947 6105 6263 6421 6579 6737 6895 7053 7211 7368 7526 7684 7842 8000
Number of coefficients for prediction: 
5
Number of formants: 
3
Winner is:
5474 5474 5474
Errors (total,f1,f2,f3): 
87.8 86.8 23.5 23.4 25.4 25.7 26.8 27 27.6 26.9 24.3 28.6 29.2 34.9 51.1 70.7 110.2 85.6 92.4 440.7
0.9 0.9 0.8 0.8 0.7 0.5 0.5 0.5 0.4 0.3 0.3 0.3 0.3 0.4 0.9 2 3.7 7.1 65.3 233.7
34.6 39.3 10.3 10.1 11.5 11.7 12.3 11.7 11.5 11.5 11 13.1 12.5 12.9 14.5 14.6 14.8 10.9 9.7 133.1
52.3 46.6 12.4 12.5 13.2 13.5 14 14.8 15.7 15.1 13 15.2 16.4 21.6 35.7 54.1 91.7 67.6 17.4 73.9
Coefficients are (row-wise by formant):
396.8 -19.4 0.8 3.1 -1.1 -1.1
2173.7 201.8 26.3 -24.5 -34 -4.5
2752 -0.4 119.8 43.6 45.8 3
