S10_selected_tokens_0013 analysis information:
Number of steps:
20
Cutoff frequencies were: 
5000 5158 5316 5474 5632 5789 5947 6105 6263 6421 6579 6737 6895 7053 7211 7368 7526 7684 7842 8000
Number of coefficients for prediction: 
5
Number of formants: 
3
Winner is:
5474 5474 5474
Errors (total,f1,f2,f3): 
109.9 392.1 77 20.2 21.9 23 23.8 26 27.9 28.1 33.4 29.3 46.1 33.6 25 26.8 42.7 270.8 287.7 65.2
6 5.4 5.3 5.7 6.9 7.4 7.1 6.6 6.2 5.8 6 5.4 6.8 5.5 4.7 4.4 5 15.9 74 33.1
65.5 165.1 11.1 7.5 7.7 7.8 8.2 9.3 10 9.7 11.2 9.1 16.8 10.9 7 6.9 15.6 78.1 94.6 9.1
38.4 221.6 60.6 7 7.3 7.8 8.5 10.1 11.7 12.6 16.2 14.8 22.5 17.2 13.3 15.5 22.1 176.8 119.1 23
Coefficients are (row-wise by formant):
587.7 13.5 -66.6 -10.5 -13.5 6
1986.5 -87.4 -36.7 -17.6 -7.2 9.4
2790.4 -132.6 48.4 8.8 16.7 1.6
