S10_selected_tokens_0081 analysis information:
Number of steps:
20
Cutoff frequencies were: 
5000 5158 5316 5474 5632 5789 5947 6105 6263 6421 6579 6737 6895 7053 7211 7368 7526 7684 7842 8000
Number of coefficients for prediction: 
5
Number of formants: 
3
Winner is:
5789 5789 5789
Errors (total,f1,f2,f3): 
284.4 171.6 249.7 57.3 24.7 23.1 24.1 29.2 36.2 46.8 38.6 36 38.7 36.2 40.6 48.5 65 138.8 170.5 199.1
23.9 28.7 16.1 7.4 7.6 7.8 8.9 11.2 11.4 11.8 10.2 10.1 10 10.2 10.7 10.9 10.7 15.3 43.2 61.2
123.7 73.7 135.4 8.9 7.1 6.1 6 8.2 12.9 13.7 10.7 9.8 11.7 9.6 12 15.3 25.2 22.6 23.9 63.3
136.8 69.2 98.2 41 10 9.2 9.2 9.8 11.9 21.3 17.7 16.1 17 16.4 17.9 22.3 29.1 100.9 103.4 74.6
Coefficients are (row-wise by formant):
848.2 14.9 0 22.4 2.8 14.2
1993.3 141.7 9.1 29.3 -3.9 6.5
2793.9 -32.5 2.3 -35.1 15.1 -2.9
