S10_selected_tokens_0027 analysis information:
Number of steps:
20
Cutoff frequencies were: 
5000 5158 5316 5474 5632 5789 5947 6105 6263 6421 6579 6737 6895 7053 7211 7368 7526 7684 7842 8000
Number of coefficients for prediction: 
5
Number of formants: 
3
Winner is:
6105 6105 6105
Errors (total,f1,f2,f3): 
393.2 577.6 457.6 293.5 394.6 197.7 175.7 104.9 112.9 234.2 115.4 299.4 291 204.1 298.9 302.8 315 324.2 369 353.1
8.2 43.5 24.5 17.3 19.4 58.4 58.5 9.5 22.5 104.2 22.3 136.6 133.6 75.3 140.3 141.5 144.9 153 179.6 160.2
239.6 314.2 254.8 169 276.9 56.9 51.9 35.5 28.8 53.3 34.5 75.6 75.3 54 80.3 83.9 90.9 98 104.7 105.9
145.4 219.9 178.3 107.2 98.3 82.4 65.3 59.9 61.6 76.7 58.6 87.2 82.1 74.8 78.3 77.4 79.2 73.2 84.7 87
Coefficients are (row-wise by formant):
419.6 -79.7 7.2 -34.7 -7.6 -9.9
2330 534.5 -316.7 72 20.5 -58.3
3252.7 333.1 197.3 -141.3 -1.9 71.9
