S10_selected_tokens_0113 analysis information:
Number of steps:
20
Cutoff frequencies were: 
5000 5158 5316 5474 5632 5789 5947 6105 6263 6421 6579 6737 6895 7053 7211 7368 7526 7684 7842 8000
Number of coefficients for prediction: 
5
Number of formants: 
3
Winner is:
6579 6579 6579
Errors (total,f1,f2,f3): 
10129.1 208.8 247.1 300.7 330 232.7 149.5 114 112.6 99.3 91.8 103.6 97.4 101 108.9 278.1 169.3 164.3 171.8 204.2
18.3 20.8 8.6 9.1 8.7 8.2 7.9 8.4 8.9 9.8 8.9 9.4 6.7 9.2 11.7 17.1 13.2 13 14.1 14
59.9 86.3 97.7 105.2 76.1 73.9 66.6 69.1 73 61.9 51.9 60.3 54.7 62.3 68.8 81.5 33.8 36.3 29.3 35.9
10050.9 101.7 140.8 186.4 245.2 150.6 75 36.5 30.7 27.6 31 33.9 36 29.5 28.4 179.5 122.3 115 128.4 154.3
Coefficients are (row-wise by formant):
980 58.8 -25.7 13.8 -21.8 -10.7
1680.6 -121.6 -77.2 -11.4 -6.3 27.7
2795.7 -276.5 -2.5 -3 12.6 -3.7
