S10_selected_tokens_0114 analysis information:
Number of steps:
20
Cutoff frequencies were: 
5000 5158 5316 5474 5632 5789 5947 6105 6263 6421 6579 6737 6895 7053 7211 7368 7526 7684 7842 8000
Number of coefficients for prediction: 
5
Number of formants: 
3
Winner is:
7211 7211 7211
Errors (total,f1,f2,f3): 
145.4 163.4 138.1 118.2 103.3 97.7 107.9 114.8 116.5 120 124.4 136.1 112.8 96.1 80.8 82.4 207.1 141.5 118.9 123.8
4.2 2.6 2.6 3 3.1 3.3 3.6 2.9 2.9 3.2 3.3 4.2 4.6 3.9 4.9 7.2 8.2 8.5 8 8.6
66.7 40.7 35.1 37.7 29.2 30.7 31.8 35.3 38 39.9 42.7 47.4 44.7 37.4 30.3 27.1 21.5 19.3 22.9 27.6
74.5 120.1 100.4 77.5 71 63.7 72.5 76.6 75.6 76.9 78.4 84.5 63.5 54.8 45.6 48.1 177.4 113.7 88 87.6
Coefficients are (row-wise by formant):
968.8 56.1 -39.9 8 -17.6 0.4
1656.5 6.2 22.6 62.1 78.2 62.3
2748.6 -204.2 -35.9 -40 58 14.3
