S10_selected_tokens_0004 analysis information:
Number of steps:
20
Cutoff frequencies were: 
5000 5158 5316 5474 5632 5789 5947 6105 6263 6421 6579 6737 6895 7053 7211 7368 7526 7684 7842 8000
Number of coefficients for prediction: 
5
Number of formants: 
3
Winner is:
5316 5316 5316
Errors (total,f1,f2,f3): 
14.2 11.8 11 12.6 12.4 13.7 13.1 13.3 13.4 14.8 14.8 15.7 14.4 11.9 11 11.6 13.3 19.6 777.5 368.3
2.1 1.6 1.4 1.5 1.5 1.5 1.6 1.7 1.8 1.9 2 1.9 1.9 2.1 2.2 2 2.3 4 319.2 182
4.3 4.3 4.3 4.4 4.4 4.8 4.9 5.4 5.8 6.3 7 7.3 7.3 6 5.2 4.6 4.8 7.2 101.1 104
7.8 5.9 5.3 6.7 6.5 7.4 6.6 6.2 5.8 6.6 5.8 6.5 5.2 3.8 3.6 5 6.2 8.4 357.2 82.3
Coefficients are (row-wise by formant):
512.7 19.6 -20.8 -1.5 -4.1 0.2
1883.3 -211.1 -55.5 12.5 -1.6 -3.1
2573.7 -394.6 107.1 -60.6 6.7 3.5
