S10_selected_tokens_0065 analysis information:
Number of steps:
20
Cutoff frequencies were: 
5000 5158 5316 5474 5632 5789 5947 6105 6263 6421 6579 6737 6895 7053 7211 7368 7526 7684 7842 8000
Number of coefficients for prediction: 
5
Number of formants: 
3
Winner is:
5316 5316 5316
Errors (total,f1,f2,f3): 
68.3 62.4 62 64.2 78.9 82.8 78.4 76.8 68.9 65.2 63.6 69.9 221.1 165.9 144.3 136.6 140.8 149 153.7 167.3
5.4 6.1 7.1 8 8.1 8 7.4 6.9 6.2 6.2 6.1 6.5 7.9 8.7 7 7.5 9.3 10.1 10.7 11.6
24 24.2 27.6 31.6 38.3 35.1 40.2 40.4 39.7 40.5 38.9 41.9 60.2 47.9 54.1 60.1 73.7 77.3 75.3 72.7
38.9 32.1 27.3 24.6 32.5 39.7 30.8 29.5 23 18.5 18.6 21.5 153 109.3 83.2 69 57.8 61.6 67.7 83
Coefficients are (row-wise by formant):
392.7 29 -25.6 13.5 -9.7 5
1569.5 -288.2 161 -62.5 28.4 -19.6
2418 -167.5 -25.6 -37.9 46.8 -29
