S10_selected_tokens_0015 analysis information:
Number of steps:
20
Cutoff frequencies were: 
5000 5158 5316 5474 5632 5789 5947 6105 6263 6421 6579 6737 6895 7053 7211 7368 7526 7684 7842 8000
Number of coefficients for prediction: 
5
Number of formants: 
3
Winner is:
8000 8000 8000
Errors (total,f1,f2,f3): 
138.6 77.5 54.8 58.9 65.9 72.5 79 78.9 77.1 68.7 59.7 55.3 52.3 49.2 44.2 56.3 369.8 301 32.5 28.1
7.1 7.3 8.2 9.4 10.1 10.2 10.7 5.8 5.6 5.8 6.8 7.5 8.4 9.1 8.4 8.6 26.2 22.1 12.9 9.8
35.8 26.1 25.9 25.9 27.7 28.8 31.4 30.6 28.2 23.4 17.4 16 20.2 21.7 20.3 24.9 131.9 165 8.1 7
95.7 44.1 20.7 23.6 28.1 33.5 36.9 42.5 43.3 39.5 35.5 31.8 23.7 18.4 15.5 22.8 211.7 113.9 11.5 11.3
Coefficients are (row-wise by formant):
965.9 -309.1 -44.1 -19 47.5 9.7
2453.7 -89 -85 52 39.6 23.6
3719.4 12.9 -131 91 -19.7 19.2
