S10_selected_tokens_0003 analysis information:
Number of steps:
20
Cutoff frequencies were: 
5000 5158 5316 5474 5632 5789 5947 6105 6263 6421 6579 6737 6895 7053 7211 7368 7526 7684 7842 8000
Number of coefficients for prediction: 
5
Number of formants: 
3
Winner is:
6263 6263 6263
Errors (total,f1,f2,f3): 
39.5 114 67.5 43.2 27.1 21.5 16.2 13 12.3 12.4 14.1 16 22 29.5 18.7 12.6 15.2 28.6 306.9 37
3.9 4.1 5.4 6 5.9 5.3 4.2 3.4 3.2 3.3 4.5 5.8 6.3 9.3 6 4.3 3.7 7.3 92.8 14
2.9 2 1.6 1.8 2.2 2.6 2.8 3.1 3.3 3.6 4.1 4.8 5.5 9.8 6.6 3.3 3.9 11 85.6 10.8
32.7 107.9 60.5 35.4 19 13.6 9.2 6.5 5.8 5.5 5.5 5.4 10.2 10.4 6.1 5 7.6 10.3 128.5 12.2
Coefficients are (row-wise by formant):
769.7 51.9 -27.6 12.2 -13.1 2.7
1803 -87.7 -89.6 0.7 -15.4 -6.1
2876.2 -504 -61.8 18.2 -27.2 -21.5
