S10_selected_tokens_0039 analysis information:
Number of steps:
20
Cutoff frequencies were: 
5000 5158 5316 5474 5632 5789 5947 6105 6263 6421 6579 6737 6895 7053 7211 7368 7526 7684 7842 8000
Number of coefficients for prediction: 
5
Number of formants: 
3
Winner is:
7053 7053 7053
Errors (total,f1,f2,f3): 
99.4 40.3 41.1 44.7 46.4 47.4 48.6 50.8 52.3 57.3 68.6 60 42.3 35.8 516.8 656.6 243.9 73.2 67.2 67.7
10 8.7 8.1 7.9 7.2 6.9 7.4 8.4 9.1 11.1 16.2 12.2 8.2 6.1 124.4 114.1 132.5 28.5 24.3 24.3
25.8 19.2 20.2 21.3 21.6 21.3 20.9 21.1 21.6 23.9 28.3 23.6 16.7 13.7 204.1 244.4 46.6 19.9 18 17.9
63.6 12.4 12.8 15.5 17.6 19.2 20.3 21.3 21.6 22.3 24.1 24.2 17.4 16 188.3 298.1 64.8 24.8 24.9 25.5
Coefficients are (row-wise by formant):
601.9 148.8 6.4 -29.2 -40.9 8.7
1574.8 -57.2 248.9 -77.4 12.8 9.1
2668 -14.8 -2.1 -46.5 8.7 -9.4
