S10_selected_tokens_0094 analysis information:
Number of steps:
20
Cutoff frequencies were: 
5000 5158 5316 5474 5632 5789 5947 6105 6263 6421 6579 6737 6895 7053 7211 7368 7526 7684 7842 8000
Number of coefficients for prediction: 
5
Number of formants: 
3
Winner is:
5632 5632 5632
Errors (total,f1,f2,f3): 
38.9 33 32.2 30.8 30.3 33 35.4 39.1 37.2 35.5 32.4 31.6 31.4 31.5 33.9 35.7 34.6 36.4 49.7 100.2
12.8 11.6 11.9 11.6 10.9 10.5 12 12.8 11.1 10.4 9.6 9.6 9.8 10.1 11.3 12.1 11.7 11.5 11.8 18.2
7 6.2 5.8 5.2 5.3 5.8 6.6 8.2 8.5 8.2 7.3 6.4 5.7 5 4.6 5.7 5.2 6.9 13.3 26.7
19.1 15.2 14.5 14 14.1 16.7 16.8 18.1 17.6 16.9 15.5 15.6 15.9 16.4 18 17.9 17.7 18 24.6 55.3
Coefficients are (row-wise by formant):
805.9 -85.9 -86.4 -12.6 -30.6 -14.8
2093.6 2.8 -58.4 -19 2.6 -9.9
2754.8 -135.9 -38.4 -83.1 -11 -48
