S10_selected_tokens_0096 analysis information:
Number of steps:
20
Cutoff frequencies were: 
5000 5158 5316 5474 5632 5789 5947 6105 6263 6421 6579 6737 6895 7053 7211 7368 7526 7684 7842 8000
Number of coefficients for prediction: 
5
Number of formants: 
3
Winner is:
5632 5632 5632
Errors (total,f1,f2,f3): 
223.6 108 79.3 34.6 33.9 35.1 37.1 39.7 39.9 40.1 38.8 38.5 37.3 38 39.6 49.2 72.5 78.5 56.6 84.7
11.5 5.8 6.8 8.2 10.6 12.6 13.2 12.6 11.1 10.2 9 8.7 8.6 8.9 9.5 11.4 15.1 11.5 10.9 12.1
171.7 75.9 49.3 14 11.6 10.5 11.2 12.7 14.2 16.2 17.2 18.1 17.8 18.8 19.9 19.4 23.3 17.4 14.5 16.9
40.4 26.3 23.2 12.4 11.7 12 12.7 14.4 14.6 13.7 12.6 11.7 10.9 10.3 10.2 18.4 34.1 49.6 31.2 55.7
Coefficients are (row-wise by formant):
676.5 -228.9 -90.3 6.3 26.3 17.4
2335.7 272.3 -52.2 -64.8 -13.6 -17.3
2917.7 -32.8 -14.3 -51.8 -3.6 -7.9
