S10_selected_tokens_0047 analysis information:
Number of steps:
20
Cutoff frequencies were: 
5000 5158 5316 5474 5632 5789 5947 6105 6263 6421 6579 6737 6895 7053 7211 7368 7526 7684 7842 8000
Number of coefficients for prediction: 
5
Number of formants: 
3
Winner is:
5474 5474 5474
Errors (total,f1,f2,f3): 
224.6 192.2 26.8 24.4 25.4 32.7 36.1 39 37.1 33.7 36.1 33.3 31.5 140.6 721.8 822.5 336.3 276.8 270.2 285.8
18.2 12.4 8.4 5.5 5.4 11.3 13.2 12.2 9.3 7.5 8 7.3 5.8 35 93.5 120.6 31.5 27 30.3 30.1
26 18.1 11.5 12.9 14.5 15.9 17.1 18.9 19 18.4 19.1 18.2 19.3 47.5 312.2 340.9 158.2 131.1 133.4 144.4
180.4 161.7 6.9 6 5.5 5.5 5.8 7.9 8.8 7.8 9 7.8 6.4 58.1 316.1 361 146.6 118.7 106.5 111.3
Coefficients are (row-wise by formant):
537.7 182.4 74.4 28.5 15.2 15.1
1225.4 58.1 125.9 -41.3 23.4 2.2
2726.8 -54.5 -4.9 -26.6 15.6 -10
