S10_selected_tokens_0059 analysis information:
Number of steps:
20
Cutoff frequencies were: 
5000 5158 5316 5474 5632 5789 5947 6105 6263 6421 6579 6737 6895 7053 7211 7368 7526 7684 7842 8000
Number of coefficients for prediction: 
5
Number of formants: 
3
Winner is:
5789 5789 5789
Errors (total,f1,f2,f3): 
64.6 65.2 58.9 136.4 58.8 58.7 135.1 139.3 246.4 259.1 339.9 335.3 304.3 301.2 326.2 337.4 347.2 319 351.1 346.7
13.7 14.6 13 43.5 12.1 12.2 43.5 44 83.6 84.9 114 116.2 113.9 116.5 115.1 137.1 142.6 138.2 153.7 150.6
22.7 23.1 20.9 44.3 21.1 21.4 45.2 46.4 75.6 78.7 100.9 108 100.8 97.3 89.7 98.7 121 113.3 125.7 122.1
28.2 27.5 25 48.6 25.6 25.1 46.4 48.9 87.2 95.5 125 111.1 89.6 87.4 121.4 101.6 83.6 67.5 71.7 74
Coefficients are (row-wise by formant):
407.6 -22.4 -27.4 -28.5 -23.5 -16.7
1587.1 185 96.5 -123.2 37.4 -19.3
2641.1 155 -22.5 -8.2 25.1 30
