S10_selected_tokens_0016 analysis information:
Number of steps:
20
Cutoff frequencies were: 
5000 5158 5316 5474 5632 5789 5947 6105 6263 6421 6579 6737 6895 7053 7211 7368 7526 7684 7842 8000
Number of coefficients for prediction: 
5
Number of formants: 
3
Winner is:
5632 5632 5632
Errors (total,f1,f2,f3): 
84.9 8.8 7.7 8.3 6.9 6.9 7.7 9.8 10.6 10.5 9.5 10 7.2 9.2 7.8 10.2 11.9 30.8 75.8 672.2
1.5 1.9 1.7 1.9 1.6 1.7 2 1.9 1.7 1.5 1.4 1.4 1 1 1 1.2 1.2 1.5 2.5 391.4
26.9 3.3 3.1 3 2.8 2.7 3.5 4.2 4.3 4 2.7 2.2 2.8 3.5 4.1 6.1 7.4 12.4 10.5 88.6
56.5 3.6 2.9 3.4 2.5 2.5 2.2 3.7 4.6 5 5.4 6.4 3.4 4.7 2.7 2.9 3.3 16.9 62.8 192.2
Coefficients are (row-wise by formant):
502.4 -43.5 -25.1 -6.5 -6.3 0.5
2067.9 33 15 16.8 -4.4 1.1
2753.2 -35.9 29.3 1.9 2.8 -3.7
