S10_selected_tokens_0060 analysis information:
Number of steps:
20
Cutoff frequencies were: 
5000 5158 5316 5474 5632 5789 5947 6105 6263 6421 6579 6737 6895 7053 7211 7368 7526 7684 7842 8000
Number of coefficients for prediction: 
5
Number of formants: 
3
Winner is:
5316 5316 5316
Errors (total,f1,f2,f3): 
72.6 49.7 49.2 53.9 56.4 60.7 67.5 78.1 76.4 186.5 272.8 266.8 242.8 253.1 354.5 359.9 377.9 412 442.2 434.3
9.2 8 7.2 8.1 8 8.9 12.3 8.4 7.7 87.1 152.5 152.4 120.1 125 178.4 183.9 191.4 198.9 198.3 198
16.5 6.9 9.4 13.5 15.7 18.4 21.5 29.3 31.8 38.2 40.1 37.4 32.9 35.2 57.2 61.6 64.9 78.4 77.1 78.1
46.9 34.8 32.6 32.3 32.7 33.4 33.7 40.4 36.9 61.2 80.2 77 89.8 92.9 118.9 114.4 121.6 134.7 166.8 158.2
Coefficients are (row-wise by formant):
395.6 -34 -16.2 -17 -16.5 -9.5
2158.5 173 7 6.2 25.3 -3.4
2590.7 114.6 128.6 3.7 34.1 10.2
