S10_selected_tokens_0102 analysis information:
Number of steps:
20
Cutoff frequencies were: 
5000 5158 5316 5474 5632 5789 5947 6105 6263 6421 6579 6737 6895 7053 7211 7368 7526 7684 7842 8000
Number of coefficients for prediction: 
5
Number of formants: 
3
Winner is:
5789 5789 5789
Errors (total,f1,f2,f3): 
155.6 76.4 149.7 190.4 146.6 23.2 28.1 31.7 35.1 36.8 34.8 33.6 31.3 29.2 32.1 27.4 28.2 30.8 43.2 89.8
16.3 14.2 12.8 12.5 8.4 7.9 10.4 11.8 12.8 13.2 12.3 12.1 11.7 10.6 11.5 9.5 9.7 10.6 13.2 18.6
42 17.3 30.1 38.9 20.3 6.6 7.5 8.4 9.7 10.7 10.2 10 9.2 8 8 5.8 7.8 11 19.7 47
97.3 44.9 106.8 139 117.9 8.7 10.2 11.5 12.6 12.9 12.3 11.5 10.4 10.6 12.6 12.1 10.7 9.2 10.3 24.2
Coefficients are (row-wise by formant):
1001.8 115.2 -45.7 3.7 -2.4 7
1804.5 -122.4 39.5 -15.7 10.9 -16.2
2710.6 -101.2 35.9 6.1 24.2 -0.2
