S10_selected_tokens_0110 analysis information:
Number of steps:
20
Cutoff frequencies were: 
5000 5158 5316 5474 5632 5789 5947 6105 6263 6421 6579 6737 6895 7053 7211 7368 7526 7684 7842 8000
Number of coefficients for prediction: 
5
Number of formants: 
3
Winner is:
5947 5947 5947
Errors (total,f1,f2,f3): 
152.5 36.1 37 34.1 31.9 31.4 31.3 32.9 33.9 34.5 35.7 36 37.4 40.1 43.5 48.8 55.1 72.1 126.8 202.4
10 11.4 12.6 12.8 12.9 12.5 12.2 11.8 12 12 11.7 12 12.6 12.9 13.5 14.3 15 15.7 16.2 15.7
7.7 6.8 6.1 6.1 6 6.5 6.2 6.4 6.1 5.9 6.4 6.4 6.4 7.4 9.5 11.6 14.2 17.5 17.8 20.4
134.8 17.9 18.3 15.2 13 12.4 12.9 14.7 15.8 16.6 17.6 17.6 18.4 19.8 20.5 22.9 25.9 38.9 92.8 166.3
Coefficients are (row-wise by formant):
921.7 8.4 -83.5 -3.9 -32.1 -2
1700.1 2 120.8 36 -1.9 -12
2565.5 -20.1 26.8 -17.1 -5.2 -10.1
