S10_selected_tokens_0095 analysis information:
Number of steps:
20
Cutoff frequencies were: 
5000 5158 5316 5474 5632 5789 5947 6105 6263 6421 6579 6737 6895 7053 7211 7368 7526 7684 7842 8000
Number of coefficients for prediction: 
5
Number of formants: 
3
Winner is:
5632 5632 5632
Errors (total,f1,f2,f3): 
527.6 96.5 23.9 21.6 21.5 23.4 26.1 29.2 31 33.9 34.2 37.3 36.9 40.1 42 42.1 35.3 30 31.5 51.2
26.9 5.3 4.6 4.9 5.6 6.7 7.3 7.7 7.7 8.2 7.8 8.3 7.9 8.1 8.2 7.9 6.9 6.9 6.2 7.1
300.6 46.1 14 12.7 11.9 12.5 13.8 15.2 16.1 17.5 17.6 18.6 17.8 18.5 19 20.5 16.3 13.7 14.2 24.2
200.1 45.1 5.3 4 4 4.2 5 6.3 7.2 8.2 8.8 10.4 11.2 13.5 14.8 13.7 12.1 9.4 11.1 19.9
Coefficients are (row-wise by formant):
757.1 -53.4 -48.3 -18.3 -25.8 -6.1
2192.9 104.1 -1.5 25.8 -12.6 -10.5
2821.9 -42.5 8.9 7.8 6.2 -5.3
