S10_selected_tokens_0109 analysis information:
Number of steps:
20
Cutoff frequencies were: 
5000 5158 5316 5474 5632 5789 5947 6105 6263 6421 6579 6737 6895 7053 7211 7368 7526 7684 7842 8000
Number of coefficients for prediction: 
5
Number of formants: 
3
Winner is:
6105 6105 6105
Errors (total,f1,f2,f3): 
151.9 86.4 90.9 139.3 76.4 33.1 33.4 32.4 33.3 34.3 35.9 36.1 35 33.9 33.8 34.2 33.8 34.9 40 50
14.2 15.2 15.5 15.9 15.4 14.8 15.1 15.2 15.2 15.3 15.5 15.3 15.1 14.9 14.4 14.6 14.3 15 14.8 15.3
31.8 21 9.9 7.7 6.9 6.5 7 7.4 7.9 8.1 8.5 8.2 7.2 6.7 7 7.5 8.2 9.9 13.2 17.5
105.9 50.2 65.5 115.7 54.1 11.8 11.3 9.8 10.2 10.9 11.9 12.6 12.7 12.3 12.4 12.1 11.3 10 12 17.2
Coefficients are (row-wise by formant):
947.7 40.5 -98.1 -0.5 -26.1 12.2
1855.3 49.8 56.7 32.2 3.3 17.9
2750.1 9.2 -6.7 3.4 7.5 9.8
