S10_selected_tokens_0045 analysis information:
Number of steps:
20
Cutoff frequencies were: 
5000 5158 5316 5474 5632 5789 5947 6105 6263 6421 6579 6737 6895 7053 7211 7368 7526 7684 7842 8000
Number of coefficients for prediction: 
5
Number of formants: 
3
Winner is:
7053 7053 7053
Errors (total,f1,f2,f3): 
323.8 28.9 26.4 25.6 23.8 22 21.3 20.9 18.7 18.9 21.3 21.9 20.7 18.2 18.7 51.6 129 82.1 70.5 80.8
9.3 10.1 8.9 7.6 6.2 5.2 4.8 4.6 4 4.1 4.7 5.1 4.7 4.6 4.9 20.4 7.6 5.5 5 5.1
42.2 13.3 13.4 13.9 13.4 12.4 11.8 11.3 9.6 9.3 10.5 11 9.9 9.1 9.8 24.3 46.5 40 31.5 31.7
272.3 5.5 4.1 4.1 4.2 4.4 4.7 5 5.1 5.5 6.1 5.8 6.1 4.5 4 6.9 74.9 36.6 34 44
Coefficients are (row-wise by formant):
637.4 34.3 -61 -6.5 -14 -3.5
1385.7 27.7 42.2 -12.3 17.9 -17.5
2973.3 14.6 -65.9 27.5 -5.6 9.3
