S10_selected_tokens_0033 analysis information:
Number of steps:
20
Cutoff frequencies were: 
5000 5158 5316 5474 5632 5789 5947 6105 6263 6421 6579 6737 6895 7053 7211 7368 7526 7684 7842 8000
Number of coefficients for prediction: 
5
Number of formants: 
3
Winner is:
6105 6105 6105
Errors (total,f1,f2,f3): 
93.8 88.9 91.8 51.7 38.2 35 29.8 25.6 27.7 35.8 41.2 40.5 27.9 31.3 32.9 55.9 289.2 373.4 339.5 192.8
1.9 1.8 1.4 1.1 1.3 1.1 1.5 1.6 1.5 1.6 2 2.1 1.2 1.3 1.7 5.7 48.3 84.2 63.8 53.3
29.9 24.9 45.8 22.9 11.8 13.9 12.1 10.7 10.7 12.3 13.4 13.4 11.1 14.1 14.2 21.1 114.8 52.7 57.7 44.4
62 62.2 44.6 27.7 25.1 20 16.2 13.3 15.5 21.9 25.8 25 15.6 15.9 17 29.1 126.1 236.5 218 95.1
Coefficients are (row-wise by formant):
438.8 -63.5 30.3 -15.2 6.9 -3.3
2174.8 600.4 -240.2 -11.2 -13 2.7
2950.3 215.9 259.8 -36.4 -15.3 -51.2
