S10_selected_tokens_0106 analysis information:
Number of steps:
20
Cutoff frequencies were: 
5000 5158 5316 5474 5632 5789 5947 6105 6263 6421 6579 6737 6895 7053 7211 7368 7526 7684 7842 8000
Number of coefficients for prediction: 
5
Number of formants: 
3
Winner is:
7211 7211 7211
Errors (total,f1,f2,f3): 
94.4 109.1 103.5 80.7 62.6 54.9 54.5 54 54.1 57.4 60.1 61.9 62.1 44.7 42.3 42.5 56.6 171.8 242.4 253.7
4.3 3.6 3.4 3.4 3.8 5.8 7.7 9.3 9.6 9.9 10.4 9.7 9.3 9.1 8.6 9.8 13.1 19.4 24.3 26
19.9 19.8 17.3 14.9 13.2 11.8 10.8 9.7 9.8 10.4 10.9 11.8 11.1 8.7 9.7 9.9 16.1 43.1 57.8 44.6
70.2 85.7 82.8 62.4 45.6 37.3 36 35 34.7 37.1 38.8 40.4 41.7 26.9 24 22.8 27.4 109.3 160.3 183.1
Coefficients are (row-wise by formant):
932.6 18.3 -61.9 -17.3 -20.7 -4.4
1667.4 -88.6 112 33.8 10.3 -1.1
2710 -111.9 99.9 47.2 69.3 0.2
