S10_selected_tokens_0010 analysis information:
Number of steps:
20
Cutoff frequencies were: 
5000 5158 5316 5474 5632 5789 5947 6105 6263 6421 6579 6737 6895 7053 7211 7368 7526 7684 7842 8000
Number of coefficients for prediction: 
5
Number of formants: 
3
Winner is:
5789 5789 5789
Errors (total,f1,f2,f3): 
374.4 123.2 213.9 17.1 12.1 11.4 12.6 14.6 16.1 16.8 17.5 18.6 21.4 24 19.9 18.8 19.5 25.3 53.3 101.1
2.4 2 2.4 2.1 1.6 1.5 1.4 1.5 1.7 1.8 2.2 2.4 2.7 2.8 2.5 2.6 2.7 2.6 2.8 3.3
187.3 30.2 93.4 5.3 4.7 5.2 5.9 6.7 7.4 7.6 7.2 7.5 8 8.8 7.2 6.1 8.6 12.5 19.1 16.2
184.7 91 118.1 9.7 5.8 4.7 5.3 6.4 7 7.4 8.1 8.7 10.7 12.4 10.2 10.1 8.2 10.2 31.4 81.6
Coefficients are (row-wise by formant):
507.2 -36.7 -28.2 -2.4 -8.7 1.3
2113.7 -16.6 -38.1 -11.5 -15.9 -5.9
2917.1 -169.5 -58 1.5 12.3 12.4
