S10_selected_tokens_0111 analysis information:
Number of steps:
20
Cutoff frequencies were: 
5000 5158 5316 5474 5632 5789 5947 6105 6263 6421 6579 6737 6895 7053 7211 7368 7526 7684 7842 8000
Number of coefficients for prediction: 
5
Number of formants: 
3
Winner is:
6737 6737 6737
Errors (total,f1,f2,f3): 
192.4 115.8 52.1 44.1 41.1 41 41.5 41.3 40.5 37.2 35.4 35.3 35.5 39.8 47.6 54.8 63.4 80.1 91.8 124.9
12.2 10.4 11.5 12 10.8 10.7 10.9 10.2 8.6 8.8 10.1 9.8 7.9 7.7 7.7 8 8.3 10.1 13.2 26.5
83 30.5 8.8 7.6 7.8 7.3 7.3 7 6.5 5.5 5.1 5.5 6.1 7.2 9.2 10.8 11.7 13.3 11.8 17.1
97.2 74.9 31.8 24.5 22.5 23 23.3 24.1 25.4 22.9 20.2 20 21.5 24.9 30.7 36 43.4 56.7 66.8 81.3
Coefficients are (row-wise by formant):
879.8 -5.9 -128.9 -18.5 -19.4 -11.3
1864.4 117.2 41.4 26.3 0.7 16.8
2745.5 -104.9 30.6 34.6 31 35.6
