S10_selected_tokens_0079 analysis information:
Number of steps:
20
Cutoff frequencies were: 
5000 5158 5316 5474 5632 5789 5947 6105 6263 6421 6579 6737 6895 7053 7211 7368 7526 7684 7842 8000
Number of coefficients for prediction: 
5
Number of formants: 
3
Winner is:
5632 5632 5632
Errors (total,f1,f2,f3): 
80.3 82.3 71.4 68.4 64.5 67.5 114.6 242.9 256.8 277.2 129.2 118.4 116.2 130.7 179.3 194.1 117.6 84.5 199 152.9
10.1 9.3 9.2 8.7 9.8 12.2 28.7 37.5 36.9 39.9 26.8 20.4 19.4 22.7 41.3 32.7 22 19.9 21.9 23.9
45.3 44.2 33.7 33.5 31.4 26 32.5 146.6 143.4 152 26 26 27.9 32.3 41 41.7 44.2 30.7 17.8 18
24.9 28.8 28.5 26.2 23.3 29.3 53.4 58.8 76.5 85.3 76.4 72 68.9 75.7 97 119.7 51.4 33.9 159.3 111
Coefficients are (row-wise by formant):
799.5 17.2 -17.5 4.8 -16.1 -5.3
2188.1 120.8 101.5 83.1 63.3 16.5
2805.6 -6.1 63.3 5.6 25.1 12.2
