S10_selected_tokens_0064 analysis information:
Number of steps:
20
Cutoff frequencies were: 
5000 5158 5316 5474 5632 5789 5947 6105 6263 6421 6579 6737 6895 7053 7211 7368 7526 7684 7842 8000
Number of coefficients for prediction: 
5
Number of formants: 
3
Winner is:
5316 5316 5316
Errors (total,f1,f2,f3): 
43.9 34.6 31.9 33.6 35.2 36 37.4 45.1 46.8 35.4 73 56.4 57 59.5 63.3 137.8 120.5 199 162.9 146.7
2.9 2.9 2.7 2.6 2.5 2.2 2.2 2.1 2.1 2.1 1.8 1.6 1.5 1.8 2.1 2.1 40.8 80.7 79.8 66.9
16.2 11.4 10.8 11 11.3 11.9 13 16.3 26.3 14.8 15.4 11.4 16.5 20.9 24.2 48.3 30.3 46.8 33.1 32.6
24.8 20.3 18.4 20 21.4 21.9 22.2 26.7 18.4 18.5 55.8 43.4 39 36.8 37 87.4 49.4 71.5 50 47.2
Coefficients are (row-wise by formant):
410.1 -6.8 -7.8 2.4 -6 1.2
1982.1 236.7 114.8 -3.9 -4.7 4.3
2711.2 -20.1 -33.1 17.9 -16.5 2.3
