S10_selected_tokens_0007 analysis information:
Number of steps:
20
Cutoff frequencies were: 
5000 5158 5316 5474 5632 5789 5947 6105 6263 6421 6579 6737 6895 7053 7211 7368 7526 7684 7842 8000
Number of coefficients for prediction: 
5
Number of formants: 
3
Winner is:
7053 7053 7053
Errors (total,f1,f2,f3): 
83.1 50.3 32.5 24.3 23.9 21.7 21.3 20.7 20.1 19.6 19.1 18.3 16.4 14.2 16 20.1 27.2 25.2 71.2 186.9
5.9 5.7 5.2 4.8 4.4 3.8 3.8 3.7 3.7 3.7 4.2 4.3 4.5 4.4 4.6 4.5 4.9 5.6 48.4 102.9
2.8 2.8 2.8 2.6 2.3 1.6 1.5 1.6 1.7 1.7 2.2 2.3 2.6 2.4 2.5 2.3 2.5 3.2 9.4 65.8
74.4 41.8 24.5 16.9 17.2 16.3 16 15.4 14.7 14.2 12.7 11.7 9.3 7.4 8.9 13.3 19.8 16.4 13.4 18.2
Coefficients are (row-wise by formant):
716.8 -15.4 -55.4 -7.9 -20.4 5.1
1662.7 -80.5 -51.9 -20.3 -18.6 -1.3
3184.9 -1.1 -4.9 22.8 2.4 7.6
