S10_selected_tokens_0005 analysis information:
Number of steps:
20
Cutoff frequencies were: 
5000 5158 5316 5474 5632 5789 5947 6105 6263 6421 6579 6737 6895 7053 7211 7368 7526 7684 7842 8000
Number of coefficients for prediction: 
5
Number of formants: 
3
Winner is:
5474 5474 5474
Errors (total,f1,f2,f3): 
94.6 63.8 26.6 21.8 24.6 26.7 28.4 33.6 37.4 39.1 41.9 41.9 47.3 53.5 60.7 64.5 88.6 100 113.2 369.6
7.5 7.1 8.9 8.9 10.7 11.3 10.7 11.4 11.7 11.1 11.6 11.3 11.3 12.1 12.9 13.8 17.5 25.1 24.8 102.7
12.6 7.4 4.2 3.9 4.4 5.1 6 7.9 9.3 10.7 12.1 13 16.6 21.8 27.1 24.3 21.4 23.3 31.1 88.9
74.5 49.3 13.5 9 9.5 10.3 11.7 14.3 16.4 17.3 18.2 17.6 19.4 19.6 20.7 26.4 49.7 51.6 57.3 178
Coefficients are (row-wise by formant):
659.8 -57.4 -81.2 11.1 -3.8 9.9
1774.4 78.8 31.3 77.2 36 27.1
2766.1 -49.5 -24.8 39.3 15.2 11.6
