S10_selected_tokens_0088 analysis information:
Number of steps:
20
Cutoff frequencies were: 
5000 5158 5316 5474 5632 5789 5947 6105 6263 6421 6579 6737 6895 7053 7211 7368 7526 7684 7842 8000
Number of coefficients for prediction: 
5
Number of formants: 
3
Winner is:
7053 7053 7053
Errors (total,f1,f2,f3): 
278.5 314.9 205.8 295.8 358.1 198.6 186.5 35.1 28 32.5 31.6 31.4 28.9 27.4 30.2 32.6 28.4 33.4 51.3 70.1
28.8 27.5 20 10.8 35.6 5.5 5.7 6 7.3 7.9 6.6 5.3 4.4 3.8 4.4 4 4.1 4.9 5.5 6.7
179.9 180.7 110.6 166.6 182.4 66.3 52.1 5.7 5.8 5.7 4.9 4.4 4.1 4.7 5.6 11.7 8.6 9.3 9.4 8.9
69.8 106.7 75.2 118.4 140.1 126.8 128.7 23.4 14.9 18.9 20.1 21.7 20.4 18.9 20.2 16.9 15.7 19.2 36.4 54.5
Coefficients are (row-wise by formant):
742.7 -157.2 -105.8 -8.2 -24.6 3.2
2279.9 201.8 -6 15.7 11.5 1.2
2998.8 151.8 -62.9 -6.1 4.5 12.6
