S10_selected_tokens_0083 analysis information:
Number of steps:
20
Cutoff frequencies were: 
5000 5158 5316 5474 5632 5789 5947 6105 6263 6421 6579 6737 6895 7053 7211 7368 7526 7684 7842 8000
Number of coefficients for prediction: 
5
Number of formants: 
3
Winner is:
6105 6105 6105
Errors (total,f1,f2,f3): 
192.5 258.2 42 41.1 40.1 39.5 36.9 35.7 37.5 40.4 42 43.9 46.4 47.7 50 52.8 42.9 43.7 58 57.7
5.3 10.7 7 7.5 6.9 6 5.2 5.2 5.5 5.7 5.8 5.9 6 6.2 6.4 7.1 5.9 5.9 6.4 8.9
112.9 138.7 10.7 10.9 11.3 12.1 11.9 11.9 12.4 13.1 13.2 13.9 14.9 15.9 18 24 15.4 13.7 15.8 20.3
74.3 108.8 24.3 22.7 21.9 21.4 19.8 18.6 19.6 21.6 23 24.1 25.5 25.6 25.6 21.7 21.6 24.1 35.8 28.5
Coefficients are (row-wise by formant):
734 -145.3 -50 -13.6 -16.8 2.7
2202.8 264.8 -37.7 -32 -12.3 13.1
2815 60.2 79.5 16.2 25.4 5.9
