S10_selected_tokens_0011 analysis information:
Number of steps:
20
Cutoff frequencies were: 
5000 5158 5316 5474 5632 5789 5947 6105 6263 6421 6579 6737 6895 7053 7211 7368 7526 7684 7842 8000
Number of coefficients for prediction: 
5
Number of formants: 
3
Winner is:
5632 5632 5632
Errors (total,f1,f2,f3): 
334.9 211.4 267.2 107.1 90.9 155.1 149.6 151.9 166.2 186.3 162.4 103.9 106.7 272.1 148.3 303.9 292.1 120.4 247 321.5
33.7 14.8 16.6 15 21.6 91.3 91.7 86.1 92.6 98.9 111.5 60.6 66.9 108.9 73.3 115 105.4 31.4 93.9 138.4
142.3 62.8 111.3 23.1 10.3 14.4 9.4 10.3 12.6 13.7 14.8 15.7 15.3 77.3 25.8 86.8 81.4 24.3 60.7 95.1
158.9 133.8 139.3 69 59 49.4 48.5 55.5 61 73.7 36.1 27.6 24.5 85.9 49.2 102.1 105.3 64.7 92.4 88
Coefficients are (row-wise by formant):
700.7 19.2 -46.1 17.5 -13.8 -1.6
2044.6 48.7 70.5 103.7 53.3 24.2
2887.6 12.5 105.2 3.5 -65.8 -96.3
