S10_selected_tokens_0085 analysis information:
Number of steps:
20
Cutoff frequencies were: 
5000 5158 5316 5474 5632 5789 5947 6105 6263 6421 6579 6737 6895 7053 7211 7368 7526 7684 7842 8000
Number of coefficients for prediction: 
5
Number of formants: 
3
Winner is:
6105 6105 6105
Errors (total,f1,f2,f3): 
118.6 162.8 273.2 340.5 223.7 112.2 34 29.9 46.9 32.5 31.3 32.8 36.1 39.5 39.6 45.1 37.4 34.4 36.3 42.5
2.3 2.7 2.8 23.4 2.3 2.9 3.5 4.2 5 5.1 5.2 5.6 6 6.4 6.2 5.7 6.3 5.8 5.7 6.3
50.6 64.4 81 132.5 52.9 7.5 5.2 5.3 5.5 5.5 5.2 5.4 6.1 7 6.8 8.8 9.1 7.8 7.5 7.5
65.7 95.7 189.4 184.6 168.5 101.8 25.3 20.4 36.4 21.9 20.9 21.8 24 26.1 26.6 30.6 22 20.8 23.1 28.7
Coefficients are (row-wise by formant):
803 -59.7 -48.2 -17.6 -25 -7.8
2125.8 67.9 6.8 -11.8 4.7 -6.6
2798.8 30.6 129.1 7.3 -9.2 -39.2
