S10_selected_tokens_0009 analysis information:
Number of steps:
20
Cutoff frequencies were: 
5000 5158 5316 5474 5632 5789 5947 6105 6263 6421 6579 6737 6895 7053 7211 7368 7526 7684 7842 8000
Number of coefficients for prediction: 
5
Number of formants: 
3
Winner is:
5947 5947 5947
Errors (total,f1,f2,f3): 
71.7 173.4 236.5 33.7 30.1 28.3 27.2 30.7 32.6 33.1 36.9 38.5 46 47.3 46.3 34.2 32.5 53.5 116.9 118.1
9.8 8.6 8.1 7 7.4 7.6 8.3 9.6 9.9 10.2 11 11 11.8 11.4 10.4 9.3 9.9 12 24.6 32.1
33.7 56.4 53.8 5.5 5.2 5.3 4.4 5.3 6.4 6.6 7.3 8 10.1 11.8 11.5 7.6 6.6 15 43 21.7
28.2 108.4 174.6 21.2 17.5 15.4 14.5 15.8 16.3 16.3 18.6 19.5 24.1 24.1 24.4 17.3 16 26.5 49.3 64.3
Coefficients are (row-wise by formant):
728.1 34.6 -86.8 -16.6 -35.2 7.5
1886.6 -112.7 -16.3 18 -0.8 14.4
2849 -188.3 47.2 12.7 -13.5 -7.4
