S10_selected_tokens_0030 analysis information:
Number of steps:
20
Cutoff frequencies were: 
5000 5158 5316 5474 5632 5789 5947 6105 6263 6421 6579 6737 6895 7053 7211 7368 7526 7684 7842 8000
Number of coefficients for prediction: 
5
Number of formants: 
3
Winner is:
6737 6737 6737
Errors (total,f1,f2,f3): 
223.7 18.4 13.5 11.2 10.9 10.4 11.3 12.8 13.2 11.7 11.3 10.3 12.1 16.5 29.6 274.3 176.7 126.8 133.9 175.3
1.7 1.5 1.3 1.1 1.1 1.2 1.3 1.3 1.3 1.4 1.4 1.5 1.4 1.4 5.3 172.2 75.3 58.7 66.8 70.2
28.4 3.6 3.7 4.3 4.3 3.8 4.1 4.4 3.8 3.5 4 3.8 3.4 3.2 5.4 71 76.8 49.4 49.5 71.3
193.6 13.3 8.5 5.8 5.5 5.4 5.9 7.1 8.1 6.8 5.9 5 7.3 11.9 18.9 31.1 24.6 18.7 17.6 33.8
Coefficients are (row-wise by formant):
480.7 -69.2 4.1 -8.8 -2 1.6
1463.5 10.9 -77.5 -4.4 -24.4 0.2
2837.4 -140.6 29.2 -23.2 3 5.8
