S10_selected_tokens_0051 analysis information:
Number of steps:
20
Cutoff frequencies were: 
5000 5158 5316 5474 5632 5789 5947 6105 6263 6421 6579 6737 6895 7053 7211 7368 7526 7684 7842 8000
Number of coefficients for prediction: 
5
Number of formants: 
3
Winner is:
5316 5316 5316
Errors (total,f1,f2,f3): 
101.6 44.3 29.4 29.6 29.5 29.5 31.5 35.9 39.9 44.1 45.5 45.5 42.8 41.2 46.4 606.5 585.3 322.1 179.7 175.6
5 5.6 5.8 5.7 5.8 5.9 6.3 6.6 8 8.1 7.9 8.2 7.7 7.7 10.5 156.3 147.7 117 81.3 82.3
22.4 12.4 12 11.8 12.1 12.3 11.8 12.6 13.3 12.7 12.6 12.5 12.3 12.6 14.1 238.2 198 82.1 51.1 50.7
74.2 26.3 11.6 12.1 11.6 11.3 13.4 16.7 18.6 23.3 25 24.8 22.8 20.9 21.8 212 239.6 123 47.3 42.6
Coefficients are (row-wise by formant):
539.7 140.1 -41.8 -55.2 -32 1.2
1569 30.6 185.4 -104.6 32.6 -11
2715.2 -21.3 -2.6 -9.3 26.6 -1.8
