S10_selected_tokens_0036 analysis information:
Number of steps:
20
Cutoff frequencies were: 
5000 5158 5316 5474 5632 5789 5947 6105 6263 6421 6579 6737 6895 7053 7211 7368 7526 7684 7842 8000
Number of coefficients for prediction: 
5
Number of formants: 
3
Winner is:
5789 5789 5789
Errors (total,f1,f2,f3): 
86.2 81.9 26.1 21.9 21.5 21.3 21.9 23.1 22.3 28.3 35.6 40.5 35.9 36.6 40.1 47.4 56.3 96.3 812.1 657.8
2.1 2.4 2.7 2.7 2.7 2.6 2.7 2.4 2 2.3 2.2 2.2 1.9 2 2.3 3.1 5.2 10.4 306.4 225.1
19.2 14.6 12.6 12 11.4 10.8 10.5 10.3 9.1 10.4 10.8 11.4 11.2 11.6 12.3 15 18 26.4 276.1 254.8
64.9 64.9 10.8 7.2 7.4 7.9 8.7 10.4 11.2 15.6 22.6 26.9 22.8 23 25.5 29.3 33.1 59.5 229.6 177.9
Coefficients are (row-wise by formant):
798.6 -193.5 -52.7 -154.4 -170.9 -334.8
2214.6 384.6 -29.1 -297.8 104.7 -304.1
3648.5 -138.4 125.1 -48.9 -9.1 -94.2
