S10_selected_tokens_0093 analysis information:
Number of steps:
20
Cutoff frequencies were: 
5000 5158 5316 5474 5632 5789 5947 6105 6263 6421 6579 6737 6895 7053 7211 7368 7526 7684 7842 8000
Number of coefficients for prediction: 
5
Number of formants: 
3
Winner is:
5316 5316 5316
Errors (total,f1,f2,f3): 
223.9 28.8 27 27.2 28.1 29.3 30.2 31.2 30.3 27.3 27.6 28.6 32.2 36.8 37.7 45.7 63.9 189.5 200.8 260.2
20.3 6 6 7 7.3 8.2 8.6 9.3 8.9 8.6 7.9 7.8 7.3 7.2 7.4 7.9 8.5 43.8 31 29.5
133.9 10.1 9.2 9.1 9.5 9.8 10.1 10.1 9.7 8.4 9.1 9.4 10.2 11.1 12.6 17.1 16 29.6 41 52.4
69.7 12.7 11.8 11.1 11.3 11.3 11.5 11.8 11.7 10.3 10.6 11.4 14.7 18.5 17.7 20.7 39.4 116.1 128.8 178.3
Coefficients are (row-wise by formant):
785.3 -41.2 -30.5 -12.3 -14.5 -14.6
2092.5 -118.9 -92.9 -11.2 -27.1 -16
2733.8 -161.6 -63.5 -43 -20.1 -26.6
