S10_selected_tokens_0090 analysis information:
Number of steps:
20
Cutoff frequencies were: 
5000 5158 5316 5474 5632 5789 5947 6105 6263 6421 6579 6737 6895 7053 7211 7368 7526 7684 7842 8000
Number of coefficients for prediction: 
5
Number of formants: 
3
Winner is:
5947 5947 5947
Errors (total,f1,f2,f3): 
265.5 452.4 358.1 216.3 29.3 26.2 25.4 28.2 29.9 31.4 31.2 30.8 29.3 25.6 26.8 27.7 30.5 29.9 30.5 56.5
12 12.1 11.9 9.6 6.7 6.4 6.5 8.7 8.9 8.8 7.7 7.1 6.5 5.7 5.4 6.3 7.1 6.8 6.3 6.4
141.3 202.6 146.5 71.7 12.6 10.7 10.5 11.5 12.3 13.1 13.1 12.6 11.7 9.3 10.6 10.5 11.8 13.2 12.8 23.9
112.2 237.7 199.7 135 10 9.1 8.4 8 8.7 9.5 10.4 11.1 11.1 10.6 10.8 10.9 11.6 9.9 11.4 26.2
Coefficients are (row-wise by formant):
752.5 -220.6 -100.9 -39.4 -7.4 -6.4
2174.4 190.4 55 -1.6 10.9 -7.2
2918 24.9 82.7 -7.8 12.5 -9
