S10_selected_tokens_0014 analysis information:
Number of steps:
20
Cutoff frequencies were: 
5000 5158 5316 5474 5632 5789 5947 6105 6263 6421 6579 6737 6895 7053 7211 7368 7526 7684 7842 8000
Number of coefficients for prediction: 
5
Number of formants: 
3
Winner is:
6421 6421 6421
Errors (total,f1,f2,f3): 
48.4 57.4 462.7 197.3 246.8 142.4 29.4 26.2 23.1 22.8 27.1 29.6 27.4 27.1 37.6 32.3 32.4 33.7 34 36
5.1 4.4 9.5 4 6.4 4.7 5 4.8 4.4 4.1 4.8 4.8 4.6 4.7 4.8 4.9 4.9 5.2 5.5 6
37.4 46.8 282 102.1 128.8 74.3 5.2 5.3 5.6 6.1 6.9 6.8 6 5.7 7.3 8 7.1 7.2 8.1 10.1
5.9 6.2 171.2 91.2 111.6 63.4 19.2 16.1 13.1 12.6 15.4 18 16.8 16.7 25.5 19.4 20.4 21.3 20.4 19.9
Coefficients are (row-wise by formant):
493.9 -2.1 -19.1 3.6 -3.6 -1.4
2202.2 11.2 -53.2 -10.2 -0.6 -7.5
3130.1 -109.3 17.5 -61.5 -27.8 -22.9
