S10_selected_tokens_0031 analysis information:
Number of steps:
20
Cutoff frequencies were: 
5000 5158 5316 5474 5632 5789 5947 6105 6263 6421 6579 6737 6895 7053 7211 7368 7526 7684 7842 8000
Number of coefficients for prediction: 
5
Number of formants: 
3
Winner is:
6579 6579 6579
Errors (total,f1,f2,f3): 
220.9 193.7 138.2 65.7 58.9 59.1 60.1 70.1 71.6 57.2 53.4 73.3 86.9 95.4 110.6 116.7 457.3 227.7 210.1 219.7
2.6 2.5 2.4 2.4 2.4 2.3 2.2 2.1 2.2 2.2 2.3 2.2 2.1 2 2.5 9.1 81 53.2 53.6 51.8
131.2 120.9 57.7 43.5 41.4 41.9 42.2 47.6 45.7 42.3 37.6 46 57.3 62.7 67.7 67.6 198.1 84.2 76.5 87.8
87.1 70.3 78.1 19.8 15.1 14.9 15.7 20.4 23.7 12.7 13.5 25.1 27.5 30.7 40.4 40 178.2 90.3 80 80.1
Coefficients are (row-wise by formant):
399.5 -46.2 20.8 -7.9 7.6 -4.8
2186 333 -461.1 -77.1 -122.1 -18.7
2818.8 -165 62.6 -27.8 7.3 -12.4
