S10_selected_tokens_0012 analysis information:
Number of steps:
20
Cutoff frequencies were: 
5000 5158 5316 5474 5632 5789 5947 6105 6263 6421 6579 6737 6895 7053 7211 7368 7526 7684 7842 8000
Number of coefficients for prediction: 
5
Number of formants: 
3
Winner is:
7526 7526 7526
Errors (total,f1,f2,f3): 
60.4 48.6 36.3 32.8 30.3 30.2 30.3 31 29.5 27.5 26.8 25.7 25.4 25.8 27.9 24.5 22.6 26.7 48.6 54.2
6 6.7 5.4 5.5 5.3 5.4 5.3 5.3 5.3 5.3 5.4 5.5 5.4 5.4 5.4 5.5 5.5 5.6 6.4 8.5
6.6 5.9 6.2 5.3 4.9 4.9 4.9 4.9 4.7 4.7 5.2 5.7 6.3 7.5 6.5 4.7 5.1 6.9 8.4 9.4
47.8 36 24.7 22 20.1 19.9 20.1 20.8 19.5 17.5 16.2 14.5 13.7 12.9 16 14.3 12 14.2 33.8 36.3
Coefficients are (row-wise by formant):
508.4 6.4 -62.1 -16.1 -21 -5.6
2205.9 99.2 -1.3 31.6 7.4 2.2
3112.3 117.7 86.8 -6.9 -3.4 7.5
