S10_selected_tokens_0008 analysis information:
Number of steps:
20
Cutoff frequencies were: 
5000 5158 5316 5474 5632 5789 5947 6105 6263 6421 6579 6737 6895 7053 7211 7368 7526 7684 7842 8000
Number of coefficients for prediction: 
5
Number of formants: 
3
Winner is:
6105 6105 6105
Errors (total,f1,f2,f3): 
186.1 101.2 153.9 32.7 28.9 27.9 27.7 23.5 25.1 26.2 32.2 36.1 47.2 43.2 50.8 62.4 66.5 54.1 127.4 121.7
3.5 2.6 1.9 1.6 1.7 2 2.7 3 3.6 3.2 3.5 3.1 2.6 2.4 2.5 3.2 5 14.4 91.7 84.8
37 19.5 8.9 8.8 9 9.2 8.6 8.2 9.1 9.6 11.6 11.8 11.9 11 13.1 17 20.5 20.4 17.9 19.2
145.6 79.1 143.1 22.3 18.2 16.7 16.4 12.3 12.4 13.4 17.1 21.2 32.7 29.8 35.2 42.2 41 19.3 17.8 17.7
Coefficients are (row-wise by formant):
499.3 -32.9 -28.6 2.3 -12.5 -7.1
1751.8 -125.7 -76.3 7.8 -32.6 -12.5
3149.7 83.6 -14.5 38.2 -39 0.2
