S10_selected_tokens_0073 analysis information:
Number of steps:
20
Cutoff frequencies were: 
5000 5158 5316 5474 5632 5789 5947 6105 6263 6421 6579 6737 6895 7053 7211 7368 7526 7684 7842 8000
Number of coefficients for prediction: 
5
Number of formants: 
3
Winner is:
5632 5632 5632
Errors (total,f1,f2,f3): 
48.5 61 50.4 52.8 47.6 55.2 192.7 120.1 151.7 230.8 232.7 287.8 172.9 283.5 352.6 670.9 563.3 416 407 421
10.6 17.1 6.2 6.1 5.6 8.2 86.9 34.3 60 88.1 90.4 108.1 57.5 110 150.8 188.4 191.4 197.7 193.6 194.5
19.2 21.5 20.3 22.8 21.7 25.7 40.7 27 25.7 52.8 52.8 68.7 44.4 68.6 94.8 226.1 146.3 117.4 115.8 123.2
18.7 22.4 23.9 23.9 20.3 21.3 65.1 58.8 66 89.9 89.5 111 71 104.9 107 256.4 225.6 100.9 97.6 103.3
Coefficients are (row-wise by formant):
398.1 -12.1 -16.8 -15.7 -13.6 -3.5
1637.4 375.9 183.9 -146.5 96.2 -34.8
2601.7 -7.6 -36.6 10.3 -49.1 11.5
