S10_selected_tokens_0103 analysis information:
Number of steps:
20
Cutoff frequencies were: 
5000 5158 5316 5474 5632 5789 5947 6105 6263 6421 6579 6737 6895 7053 7211 7368 7526 7684 7842 8000
Number of coefficients for prediction: 
5
Number of formants: 
3
Winner is:
5632 5632 5632
Errors (total,f1,f2,f3): 
112.2 84.6 71.9 43.3 30.5 30.6 31.6 38.1 38.4 38.2 39 39.5 39 39.1 40.1 41 43.3 54.3 73.6 123
8.2 6.9 6.4 6.2 5.9 5.9 6.6 10.8 10.9 10.9 11.2 10.6 9.2 8 7.8 7.2 7.7 10.7 13.4 15.5
38.5 19.4 12.2 11 10.1 9.9 9.6 12 13.5 13.9 14 14.2 14.5 14.4 15.3 15.4 16.6 20.6 32.7 56.7
65.5 58.3 53.3 26.1 14.5 14.8 15.4 15.3 14 13.4 13.8 14.7 15.3 16.7 17 18.4 19 23 27.5 50.8
Coefficients are (row-wise by formant):
939.1 27.7 -95.1 -28.1 -12.3 5
1808 -35.8 92.3 39.3 -3.2 9.3
2682.7 -48.1 69.4 18.9 12.8 6.6
