S10_selected_tokens_0046 analysis information:
Number of steps:
20
Cutoff frequencies were: 
5000 5158 5316 5474 5632 5789 5947 6105 6263 6421 6579 6737 6895 7053 7211 7368 7526 7684 7842 8000
Number of coefficients for prediction: 
5
Number of formants: 
3
Winner is:
6421 6421 6421
Errors (total,f1,f2,f3): 
61.8 61.2 62.1 53.4 50.1 47.6 45.6 46.4 48.2 44.3 55 60.1 416.6 466.8 581.4 219.5 401.3 332 353.9 388
17 17.4 17.2 12.6 11.3 10.1 8.8 9.7 11.2 12.4 13.2 12.8 73.7 85.7 67 15.1 79.1 56.5 54.4 66.1
17.3 18.4 21.8 18.4 16.3 15.4 14.3 14.8 16.1 16.6 17.8 20.7 218.2 187.7 294.8 97.4 196.5 175.6 168.1 183.6
27.5 25.4 23.1 22.4 22.5 22.1 22.5 21.9 20.9 15.3 24 26.6 124.7 193.4 219.6 107 125.7 99.9 131.4 138.3
Coefficients are (row-wise by formant):
599.5 109.4 -79.3 -46 -6.8 -1
1132.3 69.9 131.1 -51.4 26.5 -58.5
2917 96.7 -89.5 39.1 -52.4 13.4
