S10_selected_tokens_0105 analysis information:
Number of steps:
20
Cutoff frequencies were: 
5000 5158 5316 5474 5632 5789 5947 6105 6263 6421 6579 6737 6895 7053 7211 7368 7526 7684 7842 8000
Number of coefficients for prediction: 
5
Number of formants: 
3
Winner is:
6579 6579 6579
Errors (total,f1,f2,f3): 
144.5 132.8 99.4 64.4 78.2 67.1 49.6 48.7 45.3 41.5 39.6 40.4 46.5 43.7 41.1 43.3 48.4 56.8 71 111.7
13 11 11 11.4 12.5 13.2 14.1 13.9 13 11.8 11.4 10.6 9.1 8.7 9.4 9.9 10.4 11.5 12.8 14.2
28.9 19.1 15.9 16.5 8.5 10.5 11.8 12.2 10.8 9 7.4 7.4 9.6 8.1 7.5 7.8 9.9 13.6 17 20.3
102.6 102.7 72.5 36.5 57.2 43.4 23.7 22.6 21.5 20.7 20.8 22.4 27.8 26.9 24.2 25.6 28.1 31.7 41.2 77.2
Coefficients are (row-wise by formant):
961.5 17.3 -93.2 -25.9 -22.1 3.2
1863.4 -57.5 26.2 22.6 7.7 15.8
2730.4 -100.5 76.9 45 36.8 41.7
