S10_selected_tokens_0089 analysis information:
Number of steps:
20
Cutoff frequencies were: 
5000 5158 5316 5474 5632 5789 5947 6105 6263 6421 6579 6737 6895 7053 7211 7368 7526 7684 7842 8000
Number of coefficients for prediction: 
5
Number of formants: 
3
Winner is:
5789 5789 5789
Errors (total,f1,f2,f3): 
85.9 104.1 101.5 123.5 45.1 14.7 14.7 18.8 23.8 24.2 23.8 22.4 21.6 20.6 22.3 23.3 23.9 24.4 23.5 24.8
7.8 9.2 9.5 8.2 6.2 4.6 4.2 6.8 8.8 8.6 8.4 8 7.6 7.2 6.6 5.8 6.1 7 6.3 5.9
34 32.4 6.2 16.4 2.7 2.6 2.8 3.9 5.4 5.3 4.9 4.2 4.1 3.7 5.3 6.6 6.8 6.8 7.3 8.1
44.1 62.5 85.8 98.9 36.2 7.5 7.7 8.1 9.6 10.3 10.5 10.2 9.9 9.7 10.4 10.9 11 10.6 9.9 10.8
Coefficients are (row-wise by formant):
799.8 -128.7 -67.1 -22.8 -25.1 -0.1
2087.6 58.8 -8.7 -2.1 -2.4 1.7
2872.4 -67.5 -8.1 -10.3 -11.1 -1.6
