S10_selected_tokens_0053 analysis information:
Number of steps:
20
Cutoff frequencies were: 
5000 5158 5316 5474 5632 5789 5947 6105 6263 6421 6579 6737 6895 7053 7211 7368 7526 7684 7842 8000
Number of coefficients for prediction: 
5
Number of formants: 
3
Winner is:
6105 6105 6105
Errors (total,f1,f2,f3): 
83.9 31.6 30.4 30.3 29.1 28.5 28.5 27.9 28.9 28.7 30.3 32.2 35.6 38.4 44.8 47.2 60.2 301 292.2 293.8
5.3 6.3 6.3 6.6 6 6.4 7.1 6.5 7.3 6.8 7.5 7 7.4 7 8.5 10 19.1 93.4 109.9 99.3
16.5 15.8 15.9 15.3 15.4 15.2 14.7 15.2 14.8 15.5 15.6 16.7 16.4 17.3 17.9 18.2 20.8 85 67.1 98.1
62.1 9.5 8.2 8.4 7.7 6.9 6.7 6.2 6.8 6.4 7.2 8.5 11.8 14.1 18.4 19 20.3 122.6 115.2 96.4
Coefficients are (row-wise by formant):
563.3 95.3 -23.5 -25.7 -13.4 -9.5
1637.9 90.7 115.6 -57.6 22.4 -25.1
2646.9 121.5 25.1 15.8 1.4 4
