S10_selected_tokens_0108 analysis information:
Number of steps:
20
Cutoff frequencies were: 
5000 5158 5316 5474 5632 5789 5947 6105 6263 6421 6579 6737 6895 7053 7211 7368 7526 7684 7842 8000
Number of coefficients for prediction: 
5
Number of formants: 
3
Winner is:
5947 5947 5947
Errors (total,f1,f2,f3): 
244.5 113.1 41.7 40.8 38.5 35.8 33.5 43.3 52 54.9 51 50 41.1 34.9 85 143.9 118.9 192.7 236.6 171.2
30.7 4.8 4.9 4.9 4.7 5.7 8 15.4 17.4 18.3 16.3 14.6 12.1 9.2 26.3 19.5 19.7 20.4 21.1 20.5
55.3 24.4 13.7 13.9 13.6 12.1 9.5 11.3 15.3 16.6 14.7 13.3 11.6 12.1 28.7 54 50 56.2 65.6 67.6
158.5 83.9 23.1 22 20.2 18 16 16.6 19.3 20 20 22.1 17.4 13.6 30 70.4 49.2 116.1 149.9 83.1
Coefficients are (row-wise by formant):
957.5 47.7 -33.6 0.7 -6.9 2.8
1561.9 -76.1 107.7 -15.4 9.6 5.8
2574.4 -99.1 42.2 10.1 20.8 23.1
