S10_selected_tokens_0104 analysis information:
Number of steps:
20
Cutoff frequencies were: 
5000 5158 5316 5474 5632 5789 5947 6105 6263 6421 6579 6737 6895 7053 7211 7368 7526 7684 7842 8000
Number of coefficients for prediction: 
5
Number of formants: 
3
Winner is:
6263 6263 6263
Errors (total,f1,f2,f3): 
177.8 125.4 75.2 39.4 30 28.2 26.1 25.4 24.2 25.2 25.2 27.1 30.9 28.3 31.3 26.9 29.1 41.7 96.1 131.5
7.6 6.8 6.1 5.5 5.3 5.3 5.5 6.1 7 7.3 7.3 7.4 7.4 7.2 6.9 5.8 5.4 7.1 15 26.3
7.1 6.5 5.9 5.5 5.4 5.4 5 4.5 3.6 3.4 3.3 3.5 4.4 3.9 4.6 4.1 5.4 9.8 19.1 29.2
163.1 112.1 63.2 28.4 19.3 17.5 15.6 14.8 13.6 14.5 14.6 16.2 19.1 17.2 19.8 17 18.3 24.8 62 76
Coefficients are (row-wise by formant):
901 17.4 -62 -8.3 -25.7 0.9
1693.2 -28.9 100.1 19.7 9.6 3.5
2717.8 30.7 121.4 46.4 37.8 3.1
