S10_selected_tokens_0116 analysis information:
Number of steps:
20
Cutoff frequencies were: 
5000 5158 5316 5474 5632 5789 5947 6105 6263 6421 6579 6737 6895 7053 7211 7368 7526 7684 7842 8000
Number of coefficients for prediction: 
5
Number of formants: 
3
Winner is:
5474 5474 5474
Errors (total,f1,f2,f3): 
127.6 113.3 85.2 78.5 91.5 91.4 100 108.3 113.2 125.8 134.1 113.1 103 114.8 141.6 136.9 124.8 150.6 202 225.5
7.3 4.5 3.8 3.9 3.7 3.4 3.9 4.5 4.3 4.7 6.2 6.3 6.1 5.7 6 5.3 7.4 8.2 8.9 9.5
52.9 40.9 29.6 8.5 8.8 9 8.6 8.3 9 9.2 12.1 11.9 12.4 13.8 16 17.9 23.7 31.1 38.6 27.9
67.4 67.9 51.8 66.1 79 79 87.5 95.5 99.9 111.9 115.8 94.9 84.5 95.3 119.6 113.7 93.7 111.3 154.5 188.1
Coefficients are (row-wise by formant):
942.7 65.6 -41.5 9.6 -2.2 -6.9
1620.4 -110.7 110.5 29.1 45 13.1
2396.7 -201.1 79.9 -29.2 77.5 -0.9
