S10_selected_tokens_0072 analysis information:
Number of steps:
20
Cutoff frequencies were: 
5000 5158 5316 5474 5632 5789 5947 6105 6263 6421 6579 6737 6895 7053 7211 7368 7526 7684 7842 8000
Number of coefficients for prediction: 
5
Number of formants: 
3
Winner is:
5632 5632 5632
Errors (total,f1,f2,f3): 
33.8 32.7 31.4 30.3 29.7 30 31.6 31.6 31.7 36.1 42.5 51.7 54.7 59 71.6 82.8 111.2 113.8 108.4 172.2
1.7 2 2.1 2.3 2.3 1.9 2.3 2.2 2.1 2 1.5 1.4 1.5 1.6 2.6 2.6 3.4 4.5 6.1 12.1
8 7.2 7.1 7.5 8.4 10.6 12.8 12.2 13.7 16.9 18.6 23.7 27.2 28.7 31.7 31.3 31 29.6 26.4 25
24.1 23.5 22.2 20.5 19 17.5 16.5 17.2 15.9 17.2 22.4 26.6 26 28.7 37.3 48.9 76.8 79.7 75.9 135.1
Coefficients are (row-wise by formant):
386 3 -8.7 5 -4.3 1
2147.4 153.4 103.7 -45.5 -8.3 13
2632 75.8 124.3 42.7 64 24.1
