S10_selected_tokens_0069 analysis information:
Number of steps:
20
Cutoff frequencies were: 
5000 5158 5316 5474 5632 5789 5947 6105 6263 6421 6579 6737 6895 7053 7211 7368 7526 7684 7842 8000
Number of coefficients for prediction: 
5
Number of formants: 
3
Winner is:
5158 5158 5158
Errors (total,f1,f2,f3): 
19.4 19.2 21.3 20.8 22.6 22.6 21.5 23 23.6 22.9 25.9 26 29.4 34.3 49.5 70.8 259.9 186.3 64.7 70.3
0.5 0.5 0.6 0.5 0.5 0.4 0.4 0.4 0.4 0.5 0.5 0.5 0.7 1 1.6 3.7 9.6 10.1 9.5 8.3
12.3 12 12 11.8 12.6 13.4 14.2 15.4 16.3 17.2 18.6 19.5 21 22.5 26 33.5 25.3 21.2 17.8 15.8
6.6 6.7 8.7 8.5 9.5 8.8 6.9 7.2 6.9 5.2 6.8 6 7.7 10.8 21.9 33.6 225 155 37.4 46.2
Coefficients are (row-wise by formant):
410.9 10.7 -2.4 3.5 0.2 2
1499.8 -116.4 130.5 -26 25 1.2
2177 -111.2 -21.5 -18.9 31.8 0.5
