S10_selected_tokens_0087 analysis information:
Number of steps:
20
Cutoff frequencies were: 
5000 5158 5316 5474 5632 5789 5947 6105 6263 6421 6579 6737 6895 7053 7211 7368 7526 7684 7842 8000
Number of coefficients for prediction: 
5
Number of formants: 
3
Winner is:
6579 6579 6579
Errors (total,f1,f2,f3): 
406.8 409.5 63.3 85.4 94.4 88.9 57.2 142.6 89.1 59.8 56.3 62.7 66.9 125.8 125.6 106.6 68 98.5 95.4 98.3
43.1 35.5 8 5.6 6.1 6.3 7.3 7 6.3 5.6 6.6 8.9 9 11.5 8.4 7.5 6.7 15.8 28 32.8
224.4 230.5 13.8 17.9 16.8 16.9 16.5 56 18.1 18.4 18 18.3 18.9 40 40.2 31.9 18.5 9.6 7.8 8.4
139.3 143.5 41.5 61.9 71.5 65.7 33.4 79.6 64.7 35.8 31.7 35.5 39 74.3 77 67.2 42.8 73.1 59.6 57.1
Coefficients are (row-wise by formant):
798.9 -35.5 -5.1 19.7 7.3 13.9
2236.6 151.5 -3.2 39.8 36.8 17.7
2962.3 157.1 37.5 40.9 79.3 -8.5
