S10_selected_tokens_0026 analysis information:
Number of steps:
20
Cutoff frequencies were: 
5000 5158 5316 5474 5632 5789 5947 6105 6263 6421 6579 6737 6895 7053 7211 7368 7526 7684 7842 8000
Number of coefficients for prediction: 
5
Number of formants: 
3
Winner is:
6105 6105 6105
Errors (total,f1,f2,f3): 
82.2 282.2 157.8 35.7 32.2 30.5 29.6 28.3 31.7 29.5 28.9 30.2 36.4 37.4 36.2 37.7 53.8 71.3 86.2 103.6
3.5 6.9 4 5 5.7 6 5.5 3.6 3.3 2.4 2.4 2.9 3.4 3.5 3.3 3 3.7 7.1 14.4 27.3
42.7 86.3 22.3 14.8 14.1 13.8 13.3 13.8 14.9 13.7 13.4 14.6 15.5 15.8 15.1 12.7 14.8 19.1 23.1 27
36 189 131.5 15.9 12.4 10.7 10.8 10.9 13.5 13.4 13.1 12.7 17.5 18.1 17.8 22 35.3 45.1 48.7 49.3
Coefficients are (row-wise by formant):
530.6 -90.2 -11.3 -12.1 -6.6 -4.1
1735.1 264.7 -89.6 -14.1 -18.7 -1.6
3056.4 -217.9 16.6 -7.1 1.3 -9
