S10_selected_tokens_0077 analysis information:
Number of steps:
20
Cutoff frequencies were: 
5000 5158 5316 5474 5632 5789 5947 6105 6263 6421 6579 6737 6895 7053 7211 7368 7526 7684 7842 8000
Number of coefficients for prediction: 
5
Number of formants: 
3
Winner is:
5632 5632 5632
Errors (total,f1,f2,f3): 
29 28.3 28 27.1 26.9 29.3 28.6 32.2 36.5 170 184.4 292.5 431.1 452.8 546.9 356.9 425.2 323.3 262.1 587.8
2.7 2.3 2.2 2.1 2.1 2.4 2.6 2.9 5.1 84.9 85.5 145.8 219.4 225.8 208.1 162.1 178.9 149.8 99.6 294.8
8.8 9.2 9.8 10 9.4 10.3 11.2 12.1 14.5 42.7 50.7 65.1 99.7 107.7 121.5 92.5 106.3 88.4 80.5 142.7
17.5 16.8 16 15 15.4 16.6 14.8 17.2 16.9 42.4 48.2 81.6 112 119.3 217.3 102.3 140 85.1 82 150.3
Coefficients are (row-wise by formant):
383 -5.1 -4.9 -7.6 -5 -0.5
1893.2 331 108.1 -82.5 14.8 -35.9
2671.6 123.6 67.3 47.4 16.1 35.7
