S10_selected_tokens_0054 analysis information:
Number of steps:
20
Cutoff frequencies were: 
5000 5158 5316 5474 5632 5789 5947 6105 6263 6421 6579 6737 6895 7053 7211 7368 7526 7684 7842 8000
Number of coefficients for prediction: 
5
Number of formants: 
3
Winner is:
5474 5474 5474
Errors (total,f1,f2,f3): 
129 45.6 42 41.2 42.8 43.3 45 44.6 46.3 48 51.8 47.3 47 44.6 152.9 640.2 196.4 330.6 106.4 111
7.1 6.9 6.1 5.2 4.8 4.4 4.6 4.1 5 5.1 5.8 6.7 6.6 7.7 42.4 169.6 54.9 91 24 27.5
22 21.8 21.9 22.5 23.2 23.8 23.4 24.6 23.9 23.9 23.2 22 21.9 23.1 61.2 246.1 77.5 129.9 41.7 42.3
99.9 16.9 14 13.5 14.8 15.1 17 15.9 17.4 19 22.8 18.6 18.5 13.8 49.3 224.5 64 109.7 40.7 41.2
Coefficients are (row-wise by formant):
545.4 131.4 27.9 -21.2 -14.7 -15.1
1290.2 140.5 216.5 -63.4 70 -24.8
2599 186 65.6 26.6 -25 -25.9
