S10_selected_tokens_0115 analysis information:
Number of steps:
20
Cutoff frequencies were: 
5000 5158 5316 5474 5632 5789 5947 6105 6263 6421 6579 6737 6895 7053 7211 7368 7526 7684 7842 8000
Number of coefficients for prediction: 
5
Number of formants: 
3
Winner is:
7211 7211 7211
Errors (total,f1,f2,f3): 
91.3 125.4 73.6 70.3 28 30.6 36 43 39.1 42.2 35.8 37.3 30 23.3 21.5 30.9 33 130.1 42.7 60.2
3.4 2.6 1.9 1.7 2.1 4.1 5.5 7.1 6.7 6.4 5.2 4.6 4 3.6 4.8 5.7 4.9 6.7 4.3 7.3
34.5 24.4 12.8 13.5 11.3 15.5 18.6 24.1 21.3 23.9 18.6 20.7 14.7 10.1 7.6 12.3 14.5 22.7 20.3 30.6
53.4 98.4 58.9 55.1 14.6 11 11.9 11.8 11.1 11.9 12 12 11.3 9.6 9.1 12.9 13.6 100.7 18.1 22.3
Coefficients are (row-wise by formant):
984.5 53.2 -49.9 13.1 -7.6 5.9
1835.7 -46.3 7.2 -1.7 8.4 8.5
2546 -184 -57.9 -65.4 -33.2 -10.2
