S10_selected_tokens_0001 analysis information:
Number of steps:
20
Cutoff frequencies were: 
5000 5158 5316 5474 5632 5789 5947 6105 6263 6421 6579 6737 6895 7053 7211 7368 7526 7684 7842 8000
Number of coefficients for prediction: 
5
Number of formants: 
3
Winner is:
7842 7842 7842
Errors (total,f1,f2,f3): 
192.9 240.6 241.7 252.5 31.5 26 24.3 23.3 22.2 22.5 25.5 26.9 26 26.8 38.2 31.8 22.3 26 20.2 22.6
5.8 5.3 5 4.9 5 4.6 4.6 4.6 3.4 3.7 4.5 5.2 5.4 5.6 6.5 5.7 4.9 5.3 5.1 5.3
55.4 50.5 31.7 108.1 2.9 2.8 2.6 2.9 2.8 3.3 3.6 3.8 4.4 4.6 5.7 4.3 3.3 3.4 3.2 4.1
131.7 184.8 205 139.5 23.6 18.6 17.1 15.8 16 15.5 17.4 17.9 16.2 16.6 26 21.8 14.1 17.3 11.9 13.2
Coefficients are (row-wise by formant):
711.4 5.2 -90.9 6.6 -19.5 11.5
1999.9 41.2 -11.5 4.6 -6.5 0.8
3136.1 6.8 -22.1 -25.3 -7.5 -12
