S10_selected_tokens_0040 analysis information:
Number of steps:
20
Cutoff frequencies were: 
5000 5158 5316 5474 5632 5789 5947 6105 6263 6421 6579 6737 6895 7053 7211 7368 7526 7684 7842 8000
Number of coefficients for prediction: 
5
Number of formants: 
3
Winner is:
5316 5316 5316
Errors (total,f1,f2,f3): 
54.6 52.2 51.9 53.5 52.9 52.9 54.4 55.9 54.1 58.5 60.1 60 58.9 67.7 114.4 1025.7 335 318.2 129.1 145.2
7.2 6.8 6.2 5.4 4 3.7 4.8 5.7 6 6.6 7.1 7.6 8.1 11.4 40.3 225.1 36.8 31.7 30.2 33
27.4 27.3 28.1 29.6 29.6 28.9 28.8 28.4 27.1 26.6 28.7 30.5 30.9 35.9 49 453.4 140 119.9 72.2 78.4
20 18.1 17.6 18.5 19.3 20.3 20.8 21.8 21 25.3 24.3 21.9 19.9 20.4 25.1 347.2 158.2 166.6 26.7 33.8
Coefficients are (row-wise by formant):
553.1 119.2 13.2 4.1 -0.7 13.6
1236.3 5.4 152.2 -51.6 32.8 5.5
2574 3.2 -83.5 23.6 -29.1 24
