S10_selected_tokens_0025 analysis information:
Number of steps:
20
Cutoff frequencies were: 
5000 5158 5316 5474 5632 5789 5947 6105 6263 6421 6579 6737 6895 7053 7211 7368 7526 7684 7842 8000
Number of coefficients for prediction: 
5
Number of formants: 
3
Winner is:
5000 5000 5000
Errors (total,f1,f2,f3): 
57.6 532 231.1 165.8 112.1 97.8 95.2 112.6 101.2 161.9 157.6 144.8 121.4 176.6 137.9 117.8 112.5 108 109.7 109.9
4.2 5.7 5.4 5 4.2 3.6 3.7 5.2 4.3 4.4 3.7 3.6 2.7 2 2.9 4.5 2.8 3.4 4 5
28 321.5 140.5 117.5 74.9 63.8 60.3 76.9 63 98.1 84.8 82.6 82.3 50.4 29.3 30.3 30 31.1 28.7 29.3
25.4 204.8 85.2 43.3 33 30.4 31.2 30.5 33.9 59.4 69.1 58.6 36.4 124.2 105.7 83 79.7 73.5 77 75.6
Coefficients are (row-wise by formant):
467.7 -122.2 64.2 -31.2 2.7 -7.4
2270.6 458.6 -337.1 -36 -74 -95.4
3073.6 -24.1 21.2 -181 -60.8 -63.3
