S10_selected_tokens_0070 analysis information:
Number of steps:
20
Cutoff frequencies were: 
5000 5158 5316 5474 5632 5789 5947 6105 6263 6421 6579 6737 6895 7053 7211 7368 7526 7684 7842 8000
Number of coefficients for prediction: 
5
Number of formants: 
3
Winner is:
5789 5789 5789
Errors (total,f1,f2,f3): 
38.3 33.8 32.2 31.5 31.9 31.3 32.4 32.5 32.8 33.3 34.2 33.9 34.5 34.5 36.1 38.5 54.3 81.1 103.4 250.6
1 1 1 1 1 1 1.1 1.2 1.2 1.3 1.2 1.2 1.2 1 0.8 0.6 0.7 1.3 1.9 2.5
14.1 12.9 12.3 12.1 12.3 11.7 12.7 13.4 13.7 14.2 13.5 12.7 12.6 10.2 8.2 9.6 14.1 11.9 11.5 11.8
23.2 19.9 18.9 18.4 18.6 18.6 18.6 17.9 17.9 17.8 19.5 20 20.7 23.3 27.1 28.3 39.5 67.9 90 236.3
Coefficients are (row-wise by formant):
415.6 4.2 -2.4 3.5 -1.3 1.2
1813.5 -142 101.2 -10 -7.7 -6.1
2268.4 -273.4 39.7 -39 13.5 -32.2
