S10_selected_tokens_0029 analysis information:
Number of steps:
20
Cutoff frequencies were: 
5000 5158 5316 5474 5632 5789 5947 6105 6263 6421 6579 6737 6895 7053 7211 7368 7526 7684 7842 8000
Number of coefficients for prediction: 
5
Number of formants: 
3
Winner is:
5789 5789 5789
Errors (total,f1,f2,f3): 
304.2 248.5 59.1 53.5 49.2 47.5 47.7 51.9 57.9 58.4 51.5 49.7 52.2 58 79.2 136.8 390 459.9 412.5 379
3.6 3.6 3.6 3.1 3.1 3 2.9 2.7 3.1 3.1 3.6 3.3 3.6 3.6 5 11.9 128.8 103.6 91.8 152.2
178.5 183.8 38.4 36.8 35.9 36.1 37.7 39.3 37.7 35.3 35.5 36.1 37.3 40.8 50.3 72.2 140.7 214.1 187.1 121
122.1 61.1 17.1 13.6 10.2 8.4 7.1 9.9 17.1 20 12.4 10.3 11.3 13.6 23.9 52.7 120.5 142.2 133.6 105.8
Coefficients are (row-wise by formant):
408.5 -61.9 20.6 -16.5 15.8 -9.3
2065.4 305.9 -444.3 -98.2 -85.2 -78.2
2829.7 -114.2 29 -64 27.7 -25
