S10_selected_tokens_0091 analysis information:
Number of steps:
20
Cutoff frequencies were: 
5000 5158 5316 5474 5632 5789 5947 6105 6263 6421 6579 6737 6895 7053 7211 7368 7526 7684 7842 8000
Number of coefficients for prediction: 
5
Number of formants: 
3
Winner is:
5632 5632 5632
Errors (total,f1,f2,f3): 
365.5 205.9 128.9 40.2 20.3 20.4 25.7 23.7 23.7 24.3 26.7 25.9 25.6 29.7 39.5 46.7 62.7 123.8 125.8 151.9
4.4 4.2 4.3 5 6.1 6.2 7.7 8.2 7.3 7.2 8.4 7.8 6.7 5.6 5.1 4.5 6.2 7 18.7 42.4
207.4 61.3 7.7 7.2 6.7 6.6 6.7 7.2 7.7 8.1 8.4 7.8 7.9 9 11.8 16.4 18.2 17.8 16.1 13.2
153.7 140.4 116.9 28 7.5 7.6 11.3 8.3 8.7 9 9.9 10.3 11 15.1 22.6 25.8 38.3 99 91 96.3
Coefficients are (row-wise by formant):
890.9 -66.3 -34.6 -7 -12.1 1
2002.6 120.7 19.6 30.1 15 -3.8
2832.7 -7.4 50.4 19.4 30.8 -12.8
