labels_S18_selected_tokens_0_0_0_5996 5170 5220 5236 5235 5235 6674 6673 6673 6750 6749 6749 6749 6788 6787 15148 15147 15147 15234 15233 15233 15304 19224 19223 19223 19223 19294 19293 19338 19337 2084 2083 2083 2226 2225 2344 2343 13398 13397 13397 13397 13397 13397 13397 13397 13397 13397 13397 13397 13454 13453 13453 13453 13453 13453 13502 13501 13501 13501 
labels_S18_selected_tokens_0_5996_1_1998 5170 5220 5219 5236 5235 5235 5235 6674 6673 6673 6750 6788 6787 6787 15148 15147 15147 15234 15233 15233 15233 15304 19224 19223 19223 19294 19293 19293 19338 2084 2083 2083 2226 2225 2344 2343 2343 13398 13397 13397 13397 13397 13397 13397 13397 13397 13397 13397 13454 13453 13453 13453 13453 13502 13501 13501 13501 13501 
labels_S18_selected_tokens_100_6641_101_4482 4606 4626 4666 4665 1018 1017 1017 1017 1017 1017 1017 1017 1017 1017 1017 1017 1017 1100 1099 1099 1099 1146 19210 19209 19314 19376 2084 2226 2344 2343 2343 2343 2343 2343 2343 13558 13557 13557 13557 13557 13557 13557 13557 13557 13557 13557 13557 13557 13557 13664 13663 13663 13722 13721 21976 21975 21975 21975 22054 22053 22053 22053 22053 22053 22053 22053 22053 22053 22053 22053 22053 22100 22099 22099 22099 22099 
labels_S18_selected_tokens_101_4482_102_2001 14022 14074 14073 14073 14073 14073 14073 14073 14073 14073 14126 14125 14125 1028 1027 1027 1027 1027 1027 1027 1027 1027 1027 1027 1027 1027 1027 1100 1099 1124 1123 1123 5524 5523 5626 5625 5700 2030 2029 2029 2029 2029 2029 2029 2029 2029 2029 2029 2029 2029 2180 2179 2348 2347 14956 14955 14955 14955 14955 14955 14955 14955 14955 14955 14955 14970 14969 14969 14969 14969 14969 15076 15075 
labels_S18_selected_tokens_102_2001_102_936 14022 14074 14073 14073 14073 14073 14073 14126 14125 14125 14125 1028 1027 1027 1027 1027 1027 1027 1027 1027 1027 1027 1027 1027 1027 1027 1027 1100 1099 1124 1123 1123 5524 5523 5626 5700 2030 2029 2029 2029 2029 2029 2029 2029 2029 2029 2029 2029 2180 2179 2348 2347 14956 14955 14955 14955 14955 14955 14955 14955 14955 14955 14955 14970 14969 14969 14969 14969 14969 15076 15075 15075 
labels_S18_selected_tokens_102_936_103_6367 16468 16490 16489 16489 16489 16489 16520 16519 16519 16519 16519 16519 1000 999 999 999 999 999 999 999 999 999 999 1100 1099 1124 1123 1123 5524 5523 5523 5608 5712 10272 10366 10365 10365 10365 10365 10365 10365 10365 10365 10365 10365 10432 10431 15618 15617 15626 15625 15625 15625 15625 15625 15625 15625 15625 15625 15625 15625 15625 15642 15641 15641 15641 15641 15641 
labels_S18_selected_tokens_103_6367_104_3105 16468 16490 16489 16489 16489 16489 16520 16519 16519 16519 16519 16519 1000 999 999 999 999 999 999 999 999 999 999 1100 1099 1099 1124 1123 5524 5523 5523 5608 5712 10272 10271 10366 10365 10365 10365 10365 10365 10365 10365 10365 10432 10431 15618 15617 15617 15626 15625 15625 15625 15625 15625 15625 15625 15625 15625 15642 15641 15641 15641 15641 15641 
labels_S18_selected_tokens_104_3105_105_2264 2 8 18 17720 17719 17719 17719 17719 17719 17719 17719 17719 17719 17719 17719 17719 17719 17816 17815 17815 17815 17902 17901 17901 1052 1051 1051 1051 1051 1051 1051 1051 1051 1051 1051 1051 1051 1100 1099 1099 1124 1123 5524 5523 5626 5625 5700 2074 2073 2073 2073 2073 2073 2073 2073 2073 2073 2073 2073 2073 2232 2231 2231 2231 2264 2263 18178 18177 18232 18231 18231 18231 18231 18231 18231 18231 18231 18231 18231 18231 18231 18231 18231 18231 18231 18282 19002 19028 19027 19136 
labels_S18_selected_tokens_105_2264_106_1997 2 8 18 17720 17719 17719 17719 17719 17719 17719 17719 17719 17719 17719 17719 17719 17719 17816 17815 17815 17902 17901 17901 17901 1052 1051 1051 1051 1051 1051 1051 1051 1051 1051 1051 1100 1099 1124 1123 1123 5524 5523 5626 5625 5700 2074 2073 2073 2073 2073 2073 2073 2073 2073 2073 2073 2232 2231 2231 2231 2264 2263 18178 18177 18177 18232 18231 18231 18231 18231 18231 18231 18231 18231 18231 18231 18231 18231 18231 18231 18231 18231 18231 18231 18231 18231 18231 18231 18282 18281 19002 19028 19027 19027 19136 
labels_S18_selected_tokens_106_1997_107_0158 18536 18535 18535 18535 18535 18535 18535 18535 18535 18535 18535 18535 18535 18535 18535 18535 18535 18535 18550 18549 18549 18564 18563 18563 18563 18563 1052 1051 1051 1051 1051 1051 1051 1051 1051 1051 1051 1100 1099 1099 1146 1145 1145 19210 19209 19260 19398 19397 19397 19397 19397 19397 7332 7331 7331 7331 7331 7331 7331 7331 7331 7380 7379 7379 7416 7415 7415 5342 5341 5341 5430 5429 5429 5498 5497 5497 5497 93 102 108 
labels_S18_selected_tokens_107_0158_107_8101 18536 18550 18549 18549 18549 18549 18549 18549 18549 18549 18549 18549 18549 18549 18549 18549 18549 18564 18563 18563 18563 18563 18563 1052 1051 1051 1051 1051 1051 1051 1051 1051 1051 1100 1099 1099 1146 1145 19210 19209 19209 19260 19398 19397 19397 19397 19397 7332 7331 7331 7331 7331 7331 7331 7331 7380 7379 7379 7379 7379 7379 7379 7416 7415 7415 5342 5341 5341 5430 5429 5429 5498 5497 5497 93 102 108 
labels_S18_selected_tokens_107_8101_108_6373 18808 18807 18836 18835 18835 18835 18862 18861 18861 18861 18861 18861 18861 1036 1035 1035 1035 1035 1035 1035 1035 1035 1035 1035 1100 1099 1099 1099 1146 1145 19210 19260 19259 19398 19397 19397 19397 19397 7332 7331 7331 7331 7331 7331 7331 7331 7364 7363 7363 7363 7363 7363 7363 7402 7401 7401 7401 7401 22000 21999 21999 21999 22020 22019 22019 22019 22019 22019 22019 22019 22019 22019 22019 22019 22019 22019 22100 22099 22099 22099 22099 
labels_S18_selected_tokens_108_6373_109_3919 18808 18836 18835 18835 18835 18862 18861 18861 18861 18861 18861 18861 1036 1035 1035 1035 1035 1035 1035 1035 1035 1035 1035 1035 1100 1099 1099 1146 1145 19210 19260 19259 19398 19397 19397 19397 7332 7331 7331 7331 7331 7331 7331 7364 7363 7363 7363 7363 7363 7363 7363 7363 7402 7401 7401 7401 22000 21999 21999 21999 21999 22020 22019 22019 22019 22019 22100 22099 22099 22099 22099 22099 22099 
labels_S18_selected_tokens_109_3919_110_1641 4606 4626 4666 4665 4665 4665 1018 1017 1017 1017 1017 1017 1017 1017 1017 1017 1017 1017 1100 1099 1099 1146 19210 19209 19260 19398 19397 19397 19397 19397 19397 7362 7361 7361 7361 7396 7395 7395 7395 7434 7433 7433 7433 7433 7433 11448 11447 11447 11447 11447 11447 11447 11447 11447 11447 11447 11447 11447 11447 11447 11447 11447 11447 11447 11447 11447 11478 11477 11477 11477 11477 11548 93 102 108 
labels_S18_selected_tokens_10_3515_11_0872 20720 20719 20719 20719 20719 20719 20734 20733 20733 20733 20756 20755 6706 6705 6705 6705 6750 6788 6787 6787 15148 15147 15147 15147 15218 15217 15217 15276 15275 5042 5041 5041 5041 5041 5056 5055 5055 5055 5060 5059 5059 5059 5059 7170 7169 7169 7169 7169 7169 7169 7169 7169 7169 7169 7169 7169 7169 7169 7169 7169 7204 7203 7203 7203 7203 7203 7203 7203 7240 93 102 108 
labels_S18_selected_tokens_110_1641_110_8205 4606 4626 4666 1018 1017 1017 1017 1017 1017 1017 1017 1017 1017 1017 1100 1099 1099 1146 1145 19210 19209 19260 19259 19398 19397 19397 19397 19397 7362 7361 7396 7395 7395 7395 7434 7433 7433 7433 7433 11448 11447 11447 11447 11447 11447 11447 11447 11447 11447 11447 11447 11447 11478 11477 11477 11477 11477 11477 11477 11548 11547 93 102 108 
labels_S18_selected_tokens_110_8205_111_753 8906 8918 8917 8922 8921 8921 8921 1016 1015 1015 1015 1015 1015 1015 1015 1015 1015 1015 1015 1100 1144 1143 1143 1143 6186 6185 6228 6227 6254 6253 6253 6253 7308 7307 7307 7307 7307 7396 7395 7450 7449 7449 7449 10318 10317 10317 10317 10317 10317 10402 10401 10401 10401 10401 10401 10452 10451 10451 15680 15679 15696 15695 15695 15695 15695 15695 15695 15695 15695 15695 15728 15727 15727 15727 15727 21998 21997 21997 21997 22054 22053 22100 22099 22099 22099 22099 22099 22099 22099 22099 22099 
labels_S18_selected_tokens_111_753_112_66 8906 8918 8922 8921 1016 1015 1015 1015 1100 1099 1099 1099 1099 1099 1099 1099 1099 1099 1099 1144 1143 1143 1143 6186 6185 6228 6254 6253 6253 6253 6253 7308 7307 7307 7307 7396 7395 7395 7395 7450 7449 10318 10317 10317 10317 10317 10317 10317 10402 10401 10401 10401 10452 10451 10451 15680 15679 15696 15695 15695 15695 15695 15695 15695 15695 15695 15695 15695 15695 15728 15727 15727 15727 21998 21997 21997 22054 22100 22099 22099 22099 22099 22099 22099 22099 22099 22099 22099 22099 
labels_S18_selected_tokens_112_66_113_652 18808 18836 18835 18835 18862 18861 18861 18861 18861 18861 18861 1036 1035 1035 1035 1035 1035 1035 1035 1100 1099 1099 1099 1146 19210 19314 19376 2084 2226 2344 2343 2343 2343 2343 13618 13617 13676 13675 13732 13731 19154 19153 19153 19153 19294 19293 19366 19365 19365 19365 19365 19365 8474 8473 8478 8482 8481 8481 8481 8481 8481 8481 8481 8481 8481 8481 8481 8481 8481 8481 13586 13585 13585 13585 13585 13585 13585 13585 13585 13585 13585 13585 13664 13663 13722 13721 21976 21975 21975 21975 22054 22053 22053 22053 22053 22100 22099 
labels_S18_selected_tokens_113_652_114_6549 18808 18836 18835 18862 18861 18861 18861 18861 18861 18861 1036 1035 1035 1035 1035 1035 1035 1035 1100 1099 1099 1099 1146 19210 19314 19313 19376 2084 2226 2344 2343 2343 2343 2343 13618 13617 13676 13675 13732 13731 13731 19154 19153 19294 19293 19293 19366 19365 19365 19365 19365 8474 8478 8482 8481 8481 8481 8481 8481 8481 8481 8481 8481 8481 8481 8481 13586 13585 13585 13585 13585 13585 13585 13585 13585 13585 13585 13664 13663 13663 13663 13722 21976 21975 22054 22053 22053 22100 22099 22099 22099 22099 22099 22099 22099 22099 22099 22099 
labels_S18_selected_tokens_114_6549_115_4843 4948 4947 4947 4956 4955 4955 4955 4955 4955 4970 4969 4969 4969 4969 4969 1052 1051 1051 1051 1051 1051 1051 1051 1051 1100 1099 1099 1146 1145 19210 19260 19398 19397 19397 19397 19397 19397 7308 7307 7307 7396 7395 7395 7450 7449 7449 7449 10318 10317 10317 10317 10317 10402 10401 10401 10401 10401 10401 10401 10452 10451 15618 15617 15617 15626 15625 15625 15625 15625 15625 15625 15625 15625 15625 15625 15642 15641 15641 15641 15641 15641 
labels_S18_selected_tokens_115_4843_116_2854 4948 4947 4956 4955 4955 4955 4955 4955 4970 4969 4969 4969 4969 1052 1051 1051 1051 1051 1051 1051 1051 1051 1100 1099 1099 1099 1146 1145 19210 19260 19259 19398 19397 7308 7307 7307 7396 7395 7395 7395 7395 7395 7395 7450 7449 7449 7449 7449 7449 10318 10317 10317 10317 10317 10317 10402 10401 10401 10452 10451 15618 15617 15626 15625 15625 15625 15625 15625 15625 15625 15625 15625 15625 15642 15641 15641 15641 15641 
labels_S18_selected_tokens_116_2854_117_2378 12646 12694 12750 12749 12749 12749 12749 12749 12749 12749 12749 16106 16105 16105 16105 16136 16135 16135 16152 16151 16151 16151 18144 18143 18143 18143 18143 18232 18231 18231 18310 18309 18309 18309 18309 19160 19292 19291 19291 19291 19291 19291 19336 19335 19335 19335 19335 9020 9019 9019 9019 9044 9043 9058 9057 9057 648 647 650 649 649 654 653 653 653 653 653 653 653 17292 17291 17291 17291 17291 17291 17291 17291 17291 17291 17420 17419 17419 17462 17461 5342 5341 5341 5430 5429 5429 5429 5429 5500 
labels_S18_selected_tokens_117_2378_118_0795 12646 12694 12693 12693 12750 12749 12749 12749 12749 12749 12749 16106 16105 16105 16105 16105 16136 16135 16135 16152 16151 16151 16151 16151 18144 18143 18143 18143 18232 18231 18231 18231 18231 18231 18310 19160 19159 19292 19291 19291 19336 9020 9019 9044 9043 9058 9057 9057 648 650 649 654 653 653 653 653 653 653 653 17292 17291 17291 17291 17291 17291 17291 17291 17291 17291 17420 17419 17462 17461 5342 5341 5341 5341 5430 5429 5429 5429 5500 
labels_S18_selected_tokens_118_0795_119_0236 8514 8513 8513 8513 8513 8513 8513 8536 8535 8535 8535 8590 8589 8589 1052 1051 1051 1051 1051 1051 1051 1051 1051 1066 1065 1132 1131 1131 18206 18205 18205 18205 18205 18232 18231 18231 18231 18231 18310 18309 19160 19292 19291 19291 19291 19291 19291 19291 19372 19371 4784 4796 4795 4824 4823 3682 3681 3684 3688 3687 3687 3687 3687 3687 3687 3687 3687 3687 3687 3687 3687 3687 3687 13406 13405 13405 13405 13405 13405 13405 13405 13405 13405 13405 13454 13453 13453 13453 13502 13501 13501 13501 
labels_S18_selected_tokens_119_0236_119_7832 8514 8536 8535 8535 8535 8590 8589 8589 1052 1051 1051 1051 1051 1051 1051 1066 1065 1065 1132 1131 1131 1131 18206 18205 18205 18205 18232 18231 18231 18310 19160 19159 19292 19291 19291 19291 19372 4784 4796 4795 4795 4824 3682 3681 3684 3688 3687 3687 3687 3687 3687 3687 3687 13406 13405 13405 13405 13405 13405 13405 13405 13405 13405 13405 13405 13405 13405 13454 13453 13453 13453 13502 13501 13501 
labels_S18_selected_tokens_119_7832_120_6952 13248 13247 13247 13276 13275 13275 13275 13352 13351 13351 13351 1002 1001 1001 1001 1001 1001 1001 1001 1001 1001 1066 1065 1065 1132 1131 1131 1131 18206 18205 18205 18205 18205 18232 18231 18231 18231 18231 18310 18309 18309 19208 19207 19278 19277 19277 19360 19359 19359 19359 19359 19359 19359 13576 13575 13668 13667 13694 13693 13693 11442 11441 11441 11441 11441 11441 11441 11441 11441 11441 11441 11441 11441 11441 11441 11441 11441 11441 11478 11477 11477 11477 11477 11548 11547 11547 93 102 108 
labels_S18_selected_tokens_11_0872_11_8794 12454 12456 12455 12455 12455 12455 12455 12480 12479 12479 6688 6687 6687 6687 6750 6749 6749 6788 6787 15182 15181 15214 15268 15267 15267 15267 15267 15267 7356 7396 7395 7395 7395 7395 7456 7455 7455 7455 8476 8475 8475 8475 8475 8478 8477 8477 8477 8477 8477 8477 8477 8477 8480 8479 8479 19240 19239 19239 19320 19319 19319 19319 19330 19329 18016 18024 18072 18071 18071 18071 18071 18071 18071 18071 18071 18071 18071 
labels_S18_selected_tokens_11_8794_12_7683 12454 12456 12455 12455 12455 12455 12455 12455 12480 12479 12479 12479 6688 6687 6687 6750 6788 6787 15182 15214 15268 15267 15267 15267 15267 15267 7356 7396 7395 7395 7395 7395 7456 7455 7455 7455 8476 8475 8475 8475 8475 8475 8478 8477 8477 8477 8477 8477 8477 8477 8477 8480 8479 8479 19240 19239 19239 19320 19319 19319 19319 19319 19319 19330 19329 19329 18016 18024 18023 18023 18023 18023 18023 18023 18023 18023 18023 18023 18023 18023 18023 18023 18023 18023 18023 18023 18072 
labels_S18_selected_tokens_120_6952_121_4548 13248 13276 13275 13275 13275 13275 13275 13352 13351 13351 13351 1002 1001 1001 1001 1001 1001 1001 1001 1066 1065 1065 1132 1131 1131 1131 18206 18205 18205 18205 18232 18231 18231 18310 18309 18309 19208 19207 19278 19360 19359 13576 13575 13575 13668 13667 13667 13694 13693 13693 13693 11442 11441 11441 11441 11441 11441 11441 11441 11441 11441 11441 11441 11441 11441 11441 11478 11477 11477 11477 11548 93 102 108 
labels_S18_selected_tokens_121_4548_122_3345 16960 16959 16959 16959 16962 16961 16961 16961 16998 16997 16997 6710 6709 6758 6757 6757 6757 6774 6773 6773 18128 18127 18127 18127 18127 18232 18231 18231 18231 18310 18309 19160 19316 19315 19315 19315 19315 19388 19387 8714 8713 8713 8748 8776 8775 2082 2224 2223 2342 2341 13398 13397 13397 13397 13397 13397 13397 13397 13397 13397 13397 13397 13397 13397 13397 13397 13397 13397 13397 13397 13397 13397 13397 13397 13397 13397 13454 13453 13453 13453 13453 13502 13501 13501 13501 13501 
labels_S18_selected_tokens_122_3345_123_1077 16960 16962 16961 16961 16998 16997 16997 6710 6709 6758 6757 6757 6757 6757 6757 6774 6773 6773 18128 18127 18127 18127 18127 18232 18231 18231 18231 18231 18310 19160 19316 19315 19315 19388 8714 8713 8748 8747 8776 2082 2081 2224 2342 2341 13398 13397 13397 13397 13397 13397 13397 13397 13397 13397 13397 13397 13397 13397 13397 13397 13397 13397 13397 13397 13397 13454 13453 13453 13453 13453 13453 13453 13502 13501 13501 
labels_S18_selected_tokens_123_1077_124_1007 17796 17795 17795 17795 17795 17795 17795 17795 17795 17795 17795 17834 17833 17833 17833 17914 17913 17913 3504 3503 3503 3503 3526 3525 3525 3525 3525 3525 3548 3547 3547 3547 8718 8717 8717 8738 8737 8737 8737 8794 19244 19243 19243 19243 19243 19292 19291 19291 19291 19372 19371 19371 4784 4783 4796 4824 4823 4823 3682 3681 3684 3688 3687 3687 3687 3687 3687 3687 3687 3687 3687 3687 3687 13406 13405 13405 13405 13405 13405 13405 13405 13405 13405 13405 13405 13405 13405 13405 13405 13454 13453 13453 13453 13453 13453 13502 13501 
labels_S18_selected_tokens_124_1007_125_0792 17796 17795 17795 17795 17795 17795 17795 17795 17795 17795 17795 17795 17795 17834 17833 17833 17833 17914 17913 3504 3503 3503 3503 3503 3526 3525 3525 3525 3525 3525 3525 3548 3547 3547 3547 8718 8717 8717 8717 8717 8738 8737 8737 8737 8737 8794 8793 19244 19292 19372 4784 4796 4795 4795 4824 4823 3682 3681 3684 3688 3687 3687 3687 3687 3687 3687 3687 3687 3687 3687 3687 13406 13405 13405 13405 13405 13405 13405 13405 13405 13405 13405 13405 13405 13405 13405 13405 13405 13454 13453 13453 13453 13453 13502 13501 13501 
labels_S18_selected_tokens_125_0792_126_0713 20720 20719 20719 20719 20734 20782 20781 20781 20781 20781 1052 1051 1051 1051 1051 1051 1051 1051 1051 1051 1051 1066 1065 1065 1132 1131 1131 1131 18206 18205 18205 18205 18205 18232 18231 18231 18231 18231 18310 18309 18309 19208 19207 19207 19207 19278 19277 19277 19277 19277 19277 19277 19277 19277 19277 19277 19360 19359 13576 13575 13668 13667 13694 13693 11442 11441 11441 11441 11441 11441 11441 11441 11441 11441 11441 11441 11441 11441 11441 11441 11441 11441 11441 11441 11478 11477 11477 11477 11477 11477 11477 11548 11547 11547 93 102 108 
labels_S18_selected_tokens_126_0713_126_8786 20720 20719 20719 20719 20734 20782 20781 20781 20781 1052 1051 1051 1051 1051 1051 1051 1051 1051 1066 1065 1065 1132 1131 1131 1131 18206 18205 18205 18205 18205 18232 18231 18231 18231 18231 18231 18231 18310 19208 19207 19278 19360 19359 13576 13575 13575 13668 13667 13667 13667 13694 13693 13693 11442 11441 11441 11441 11441 11441 11441 11441 11441 11441 11441 11441 11441 11441 11441 11441 11441 11478 11477 11477 11477 11477 11548 93 102 108 
labels_S18_selected_tokens_126_8786_127_9272 21112 21111 21122 21121 21121 21121 21210 21209 21209 8226 8225 8225 8225 8274 8273 8273 8273 8273 8292 8291 8291 8291 18154 18153 18153 18153 18232 18231 18231 18231 18231 18310 19208 19207 19278 19277 19277 19277 19277 19277 19277 19277 19277 19277 19277 19277 19277 19277 19277 19360 13604 13603 13603 13684 13683 13714 13713 13713 4558 4557 4557 4557 4557 4557 4557 4557 4557 4557 4564 4563 4563 4563 4563 4563 4563 4563 4563 4563 4563 4563 4563 4563 4572 4571 4571 14962 14961 14961 14970 14969 14969 14969 14969 14969 14969 14969 14969 14969 14969 14969 15076 15075 15075 
labels_S18_selected_tokens_127_9272_128_8551 21112 21111 21111 21111 21111 21111 21111 21111 21122 21121 21121 21210 21209 21209 8226 8225 8225 8225 8274 8273 8273 8273 8273 8273 8292 8291 8291 8291 18154 18153 18153 18153 18153 18232 18231 18231 18231 18231 18310 18309 19208 19207 19278 19360 19359 13604 13603 13684 13714 13713 13713 4558 4557 4557 4557 4557 4557 4557 4557 4564 4563 4563 4563 4563 4563 4563 4572 4571 4571 4571 4571 4571 4571 4571 4571 14962 14961 14961 14970 14969 14969 14969 14969 14969 14969 14969 14969 14969 15076 15075 15075 
labels_S18_selected_tokens_128_8551_129_9709 16960 16959 16959 16959 16959 16962 16961 16961 16998 16997 6710 6709 6758 6757 6757 6774 6773 6773 6773 18128 18127 18127 18127 18232 18231 18231 18231 18231 18231 18310 18309 18309 18309 19208 19207 19207 19207 19207 19207 19278 19277 19277 19277 19360 19359 13552 13551 13634 13633 13696 13695 13695 2032 2031 2031 2031 2031 2031 2192 2350 2349 2349 18184 18183 18183 18183 18183 18183 18252 18251 18314 18313 18313 15108 15216 15294 15293 2052 2051 2051 2051 2051 2051 2051 2051 2051 2051 2051 2192 2191 2350 2349 2349 17992 17991 18024 18023 18023 18023 18023 18023 18023 18023 18023 18023 18023 18023 18023 18023 18072 
labels_S18_selected_tokens_129_9709_131_0833 16960 16959 16962 16961 16961 16961 16998 16997 16997 6710 6709 6758 6757 6757 6757 6774 6773 6773 6773 18128 18127 18127 18127 18127 18232 18231 18231 18231 18231 18231 18231 18310 18309 18309 19208 19207 19278 19360 13552 13551 13551 13634 13633 13633 13633 13696 13695 13695 2032 2031 2031 2192 2350 2349 2349 18184 18183 18183 18183 18183 18183 18183 18252 18314 18313 18313 18313 15108 15216 15294 15293 15293 2052 2051 2051 2051 2051 2051 2051 2051 2051 2051 2192 2191 2350 2349 2349 17992 17991 17991 17991 18024 18023 18023 18023 18023 18023 18023 18023 18023 18023 18023 18023 18023 18023 18072 18071 18071 18071 
labels_S18_selected_tokens_12_7683_13_7388 3 12 18 17720 17719 17719 17719 17719 17719 17719 17719 17719 17719 17719 17719 17816 17815 17815 17815 17918 17917 6672 6671 6671 6750 6749 6749 6788 6787 15148 15147 15147 15147 15234 15233 15233 15304 19224 19223 19223 19294 19293 19293 19293 19293 19338 19337 2136 2176 2340 14358 14357 14396 14395 14470 14469 2026 2025 2025 2025 2025 2025 2025 2164 2163 2354 2353 15162 15161 15161 15234 15233 15304 19170 19169 19169 19320 19319 19330 19329 19329 18016 18024 18023 18023 18023 18023 18023 18023 18023 18023 18023 18023 18023 18072 
labels_S18_selected_tokens_131_0833_132_0958 21112 21111 21111 21111 21111 21111 21111 21148 21147 21147 21196 21195 10980 10979 11022 11021 11021 11092 11091 11091 18164 18163 18163 18163 18232 18231 18231 18231 18231 18231 18310 18309 19160 19159 19159 19316 19315 19315 19315 19315 19388 19387 19387 8714 8748 8747 8776 2082 2224 2223 2342 13618 13670 13669 13669 13669 13669 13710 13709 15118 15117 15244 15314 15313 2052 2051 2051 2051 2051 2051 2051 2051 2051 2051 2192 2191 2350 2349 2349 2349 17992 17991 17991 18024 18023 18023 18023 18023 18023 18023 18023 18023 18023 18023 18023 18023 18023 18023 18072 
labels_S18_selected_tokens_132_0958_133_2405 21112 21111 21111 21111 21111 21111 21111 21111 21111 21111 21148 21147 21147 21196 21195 10980 10979 11022 11021 11021 11092 11091 11091 18164 18163 18163 18163 18232 18231 18231 18231 18231 18231 18231 18231 18231 18231 18231 18231 18310 19160 19316 19388 8714 8748 8776 2082 2224 2223 2342 2341 13618 13617 13670 13669 13669 13669 13669 13669 13710 13709 15118 15117 15117 15117 15244 15314 15313 15313 2052 2051 2051 2051 2051 2051 2051 2051 2051 2051 2051 2051 2192 2191 2191 2350 2349 2349 17930 17929 17929 17929 17929 17929 17929 17929 17929 17929 17929 17929 17929 17929 17929 17929 17929 17929 17929 18024 18023 18072 93 102 108 
labels_S18_selected_tokens_133_2405_134_4251 16960 16959 16959 16959 16959 16990 16989 16989 17026 17025 10956 10955 10955 11030 11029 11092 11091 11091 18164 18163 18163 18163 18163 18232 18231 18231 18231 18231 18231 18310 18309 19208 19278 19277 19277 19277 19368 19367 19367 21372 21371 21371 21371 21371 21424 21423 21466 21465 21465 21465 21465 648 650 649 649 649 649 652 651 651 5040 5039 5039 5039 5039 5039 5056 5055 5055 5055 5055 5062 5061 5061 5061 10304 10303 10303 10303 10303 10303 10303 10303 10303 10303 10303 10303 10303 10303 10303 10392 10391 10438 10437 10437 21994 21993 21993 21993 21993 21993 22054 22053 22060 22059 22059 22059 22059 22059 22059 93 102 108 107 107 107 
labels_S18_selected_tokens_134_4251_135_4353 16960 16959 16959 16990 16989 17026 17025 10956 10955 10955 11030 11029 11092 11091 18164 18163 18163 18232 18231 18231 18231 18231 18231 18231 18231 18231 18310 19208 19278 19368 21372 21371 21371 21424 21423 21466 21465 21465 648 650 649 649 649 649 649 652 651 651 5040 5039 5039 5039 5039 5039 5039 5056 5055 5055 5055 5062 5061 5061 5061 5061 10304 10303 10303 10303 10303 10303 10303 10303 10303 10303 10303 10303 10392 10391 10391 10438 21994 21993 21993 21993 21993 21993 22054 22053 22053 22053 22053 22053 22053 22053 22053 22060 93 102 108 
labels_S18_selected_tokens_13_7388_14_6683 17796 17795 17795 17795 17795 17795 17795 17795 17795 17795 17795 17795 17795 17816 17815 17815 17815 17918 17917 17917 6672 6671 6671 6750 6788 6787 6787 15148 15147 15234 15233 15233 15304 15303 19224 19223 19223 19294 19293 19293 19338 19337 2136 2176 2175 2340 2339 14358 14357 14396 14395 14470 14469 2026 2025 2025 2025 2164 2163 2354 2353 2353 15162 15161 15161 15234 15233 15304 19170 19169 19320 19319 19319 19319 19330 19329 18016 18024 18023 18023 18072 18071 18071 18071 18071 18071 18071 18071 18071 18071 18071 
labels_S18_selected_tokens_14_6683_15_5387 20720 20719 20719 20719 20719 20719 20719 20734 20733 20756 20755 20755 6706 6705 6705 6750 6749 6749 6788 6787 6787 15182 15181 15214 15314 15313 15313 15313 2078 2077 2077 2077 2077 2077 2077 2077 2244 2243 2334 13606 13605 13605 13688 13687 13750 13749 13749 13749 8476 8475 8475 8475 8478 8477 8477 8477 8477 8477 8477 8480 8479 8479 19240 19239 19239 19239 19320 19319 19319 19319 19330 19329 19329 18016 18024 18023 18023 18072 18071 18071 18071 18071 18071 18071 18071 
labels_S18_selected_tokens_15_5387_16_5375 20720 20719 20719 20719 20719 20719 20734 20733 20733 20733 20733 20756 20755 20755 6706 6705 6705 6750 6788 6787 6787 15182 15181 15181 15214 15314 15313 15313 15313 15313 15313 15313 2078 2077 2077 2077 2244 2334 2333 13606 13605 13605 13688 13687 13750 13749 13749 13749 13749 8476 8475 8475 8478 8477 8477 8477 8477 8477 8477 8477 8480 8479 8479 19240 19239 19320 19319 19319 19319 19319 19319 19319 19319 19319 19319 19319 19330 19329 18016 18024 18023 18023 18023 18023 18023 18023 18023 18023 18023 18023 18023 18023 18023 18023 18023 18023 18023 18072 
labels_S18_selected_tokens_16_5375_17_5326 8514 8513 8513 8513 8513 8513 8513 8513 8530 8529 8529 8529 8529 8529 8529 8586 8585 12140 12139 12139 12139 12194 12193 12193 12193 12246 12245 12245 12245 12245 12245 12245 12245 13616 13615 13615 13615 13615 13686 13685 13754 13753 5514 5513 5620 5688 5687 5687 5687 21374 21373 21373 21422 21421 21474 21473 21473 21473 7910 7912 7911 7911 7911 7911 7911 7911 7911 7911 7911 7914 7913 7913 7913 12792 12791 12791 12791 12791 12822 12821 12821 12821 12821 12821 12821 12852 12851 12851 12851 12851 12851 12851 12851 12851 12851 93 102 108 
labels_S18_selected_tokens_17_5326_18_5216 2 8 18 17 17 17 8498 8497 8497 8497 8530 8529 8529 8529 8529 8529 8529 8586 12140 12139 12194 12246 12245 12245 12245 12245 13616 13615 13615 13615 13615 13615 13615 13615 13686 13685 13685 13754 13753 13753 5514 5513 5513 5620 5619 5688 5687 5687 5687 5687 21374 21373 21422 21421 21421 21474 21473 21473 21473 7910 7912 7911 7911 7911 7911 7911 7911 7911 7914 7913 7913 7913 12792 12791 12791 12822 12821 12821 12821 12821 12821 12821 12821 12821 12852 12851 12851 12851 12851 12851 12851 12851 93 91 91 102 108 
labels_S18_selected_tokens_18_5216_19_3222 17796 17795 17795 17795 17795 17795 17795 17795 17795 17795 17795 17795 17795 17795 17826 17825 17825 17825 17874 17873 12144 12143 12143 12143 12194 12193 12193 12193 12193 12246 12245 12245 12245 12245 12245 13614 13613 13613 13613 13656 13740 13739 10324 10323 10323 10323 10402 10401 10401 10401 10401 10401 10401 10401 10401 10452 10451 15618 15617 15626 15625 15625 15625 15625 15625 15625 15625 15625 15625 15625 15625 15625 15625 15642 15641 15641 15641 15641 
labels_S18_selected_tokens_19_3222_20_106 17796 17795 17795 17795 17795 17795 17795 17795 17795 17795 17795 17795 17795 17795 17795 17795 17826 17825 17825 17825 17874 17873 17873 12144 12194 12246 12245 12245 12245 12245 12245 13614 13613 13613 13613 13613 13656 13655 13740 13739 13739 10324 10323 10323 10323 10402 10401 10401 10401 10401 10401 10401 10452 10451 10451 15618 15617 15626 15625 15625 15625 15625 15625 15625 15625 15625 15625 15625 15625 15625 15625 15642 15641 15641 15641 15641 
labels_S18_selected_tokens_1_1998_2_0236 8514 8513 8513 8554 8553 8553 8553 8553 8553 8553 8553 8558 8557 17314 17313 17368 17367 17486 17485 6646 6645 6645 6645 6760 6788 6787 15146 15145 15238 15308 5520 5572 5571 5571 5571 5571 5658 5657 5657 5657 5657 13552 13634 13633 13696 13695 2032 2031 2031 2031 2031 2031 2031 2031 2192 2191 2191 2350 2349 17992 17991 17991 17991 18024 18023 18023 18023 18023 18023 18023 18023 18023 18023 18023 18023 18023 18023 18023 18023 18072 
labels_S18_selected_tokens_20_106_20_8834 9150 9204 9203 9203 9203 9203 9203 9288 9287 12128 12127 12127 12127 12127 12178 12177 12177 12177 12246 12245 12245 12245 12245 12245 13564 13563 13563 13672 13671 13671 13716 13715 13715 13715 13715 13715 7334 7333 7333 7333 7333 7333 7364 7363 7363 7363 7363 7363 7363 7363 7363 7363 7363 7363 7363 7402 7401 7401 7401 7401 22000 21999 21999 21999 21999 22020 22019 22019 22019 22019 22019 22019 22019 22019 22019 22100 
labels_S18_selected_tokens_20_8834_21_6821 9150 9204 9203 9203 9203 9203 9288 9287 12128 12178 12177 12177 12246 12245 12245 12245 12245 12245 12245 13564 13563 13563 13672 13671 13671 13671 13671 13716 13715 13715 13715 13715 13715 13715 13715 7334 7333 7333 7333 7333 7364 7363 7363 7363 7363 7363 7363 7363 7363 7363 7363 7402 7401 7401 7401 7401 22000 21999 21999 21999 22020 22019 22019 22019 22100 22099 22099 22099 22099 22099 22099 22099 22099 22099 22099 22099 22099 22099 
labels_S18_selected_tokens_21_6821_22_5343 14022 14021 14021 14021 14021 14056 14055 14100 12126 12125 12125 12125 12194 12193 12193 12193 12193 12246 12245 12245 12245 12245 12245 13616 13615 13615 13615 13615 13615 13676 13732 13731 13731 19154 19153 19294 19293 19293 19293 19386 19385 19385 19385 19385 19385 4560 4559 4559 4559 4559 4559 4559 4559 4564 4563 4563 4563 4563 4563 4563 4572 4571 4571 4571 4571 4571 14194 14193 14193 14193 14193 14193 14193 14193 14193 14193 14210 14209 14209 14209 14258 14257 14257 
labels_S18_selected_tokens_22_5343_23_4127 14022 14056 14055 14055 14055 14055 14100 12126 12194 12246 12245 12245 12245 12245 12245 12245 13616 13615 13615 13615 13615 13615 13615 13676 13675 13675 13732 13731 13731 19154 19153 19153 19153 19153 19294 19293 19386 19385 19385 19385 19385 19385 19385 4560 4559 4559 4559 4559 4559 4559 4559 4559 4559 4559 4559 4564 4563 4563 4563 4563 4563 4572 4571 4571 4571 4571 4571 14194 14193 14193 14193 14193 14193 14193 14193 14193 14193 14193 14193 14210 14209 14209 14209 14258 14257 14257 
labels_S18_selected_tokens_23_4127_24_1218 16468 16502 16544 16543 16543 16543 16543 16543 16543 12138 12137 12137 12137 12194 12193 12193 12193 12246 12245 12245 12245 12245 12245 12245 13614 13613 13613 13656 13740 13739 13739 10324 10323 10323 10402 10401 10401 10401 10401 10401 10401 10401 10401 10401 10452 10451 10451 15618 15617 15626 15625 15625 15625 15625 15625 15625 15625 15625 15625 15625 15642 15641 15641 15641 15641 15641 15641 15641 15641 
labels_S18_selected_tokens_24_1218_24_7696 16468 16502 16544 16543 16543 16543 16543 16543 12138 12194 12193 12246 12245 12245 12245 12245 12245 13614 13613 13613 13613 13656 13655 13655 13740 13739 13739 13739 10324 10323 10323 10402 10401 10401 10401 10401 10401 10401 10401 10401 10401 10401 10452 10451 10451 10451 15618 15617 15626 15625 15625 15625 15625 15625 15625 15625 15625 15625 15642 15641 15641 15641 15641 
labels_S18_selected_tokens_24_7696_25_6639 21112 21111 21111 21111 21111 21111 21148 21147 21147 21190 21189 21189 12120 12119 12119 12194 12193 12193 12193 12193 12246 12245 12245 12245 12245 12245 12245 12245 13616 13615 13615 13615 13615 13676 13675 13732 13731 13731 5046 5045 5045 5056 5055 5055 5055 5055 5055 5055 5070 5069 5069 5069 5069 6934 6938 6937 6937 6937 6937 6948 6947 6947 6947 6947 6947 6947 6947 6947 6947 6947 17104 17103 17103 17103 17103 17103 17103 17103 17156 17155 17155 17155 17155 17155 17155 17212 17211 
labels_S18_selected_tokens_25_6639_26_5732 21112 21111 21111 21148 21147 21147 21147 21147 21147 21190 21189 21189 12120 12119 12194 12246 12245 12245 12245 12245 12245 13616 13615 13615 13615 13615 13615 13615 13615 13615 13676 13675 13732 13731 13731 5046 5045 5045 5056 5055 5055 5055 5055 5055 5055 5070 5069 5069 5069 5069 6934 6938 6937 6937 6937 6937 6937 6948 6947 6947 6947 6947 6947 6947 6947 6947 6947 6947 6947 6947 17104 17103 17103 17103 17103 17103 17156 17155 17155 17155 17155 17155 17155 17155 17155 17155 17212 17211 17211 
labels_S18_selected_tokens_26_5732_27_3183 21112 21111 21111 21111 21111 21111 21111 21111 21148 21147 21147 21190 21189 21189 12120 12119 12119 12194 12193 12246 12245 12245 12245 12245 12245 13616 13615 13615 13615 13615 13686 13754 13753 5514 5513 5513 5624 5676 5675 5675 5675 10272 10366 10365 10365 10365 10365 10365 10365 10365 10365 10365 10365 10432 10431 15618 15617 15626 15625 15625 15625 15625 15625 15625 15625 15625 15625 15642 15641 15641 15641 15641 15641 
labels_S18_selected_tokens_27_3183_28_1276 21112 21111 21111 21111 21111 21111 21111 21111 21148 21147 21147 21147 21147 21190 21189 12120 12194 12246 12245 12245 12245 12245 13616 13615 13615 13615 13615 13615 13615 13615 13686 13685 13754 13753 5514 5513 5513 5624 5623 5623 5676 10272 10271 10271 10366 10365 10365 10365 10365 10365 10365 10365 10365 10365 10365 10432 10431 15618 15617 15617 15626 15625 15625 15625 15625 15625 15625 15625 15625 15625 15625 15625 15625 15642 15641 15641 15641 15641 15641 
labels_S18_selected_tokens_28_1276_29_1643 2 1 8 18 17720 17719 17719 17719 17719 17719 17719 17719 17719 17719 17719 17820 17819 17819 17916 17915 19222 19278 19277 19374 19373 19373 19373 19373 12138 12194 12193 12193 12193 12246 12245 12245 12245 12245 12245 12245 13616 13615 13615 13615 13652 13651 13651 13651 13651 13744 13743 21366 21365 21394 21393 21472 21471 21471 21471 7910 7912 7911 7911 7911 7911 7911 7911 7911 7911 7914 7913 7913 7913 12934 12933 12933 12933 12933 12933 12946 12945 12945 12945 12992 12991 12991 17980 17979 17979 17979 17979 18024 18023 18023 18023 18023 18023 18023 18023 18023 18023 18072 
labels_S18_selected_tokens_29_1643_30_2592 2 8 18 17720 17719 17719 17719 17719 17719 17719 17719 17719 17719 17719 17820 17819 17819 17819 17916 17915 19222 19221 19221 19278 19277 19277 19374 19373 12138 12194 12246 12245 12245 12245 12245 13616 13615 13615 13615 13615 13615 13652 13651 13651 13651 13651 13651 13744 13743 21366 21365 21394 21393 21393 21472 21471 21471 7910 7912 7911 7911 7911 7911 7911 7911 7911 7914 7913 7913 12934 12933 12933 12933 12933 12933 12933 12946 12945 12945 12945 12992 12991 12991 17980 17979 17979 17979 18024 18023 18023 18023 18023 18023 18023 18023 18023 18023 18023 18023 18023 18023 18023 18023 18023 18023 18023 18072 
labels_S18_selected_tokens_2_0236_2_8796 8514 8513 8513 8513 8513 8554 8553 8553 8553 8553 8558 17314 17313 17313 17368 17486 17485 6646 6645 6645 6760 6788 6787 6787 15146 15238 15308 5520 5572 5571 5571 5571 5571 5658 5657 5657 5657 13552 13634 13696 13695 13695 2032 2031 2031 2031 2031 2031 2031 2031 2192 2191 2191 2350 2349 17992 17991 17991 17991 18024 18023 18023 18023 18023 18023 18023 18023 18023 18023 18023 18023 18023 18023 18023 18023 18023 18023 18023 18023 18023 18023 18072 18071 18071 
labels_S18_selected_tokens_2_8796_3_758 12454 12456 12455 12455 12455 12455 12480 12479 12479 12479 6688 6687 6687 6687 6746 6745 6745 6745 6768 6767 14322 14321 14321 14321 14390 14389 14389 14389 14424 14423 14423 18138 18137 18137 18137 18137 18232 18231 18231 18231 18231 18310 19238 19310 19309 19392 19391 19391 19391 16306 16305 16305 16305 16305 16305 16305 16305 16305 16305 16305 16305 16305 16305 16308 16307 16307 16312 14942 14941 14941 14941 14941 14941 14970 14969 14969 14969 14969 14969 14969 14969 14969 15076 15075 15075 15075 
labels_S18_selected_tokens_30_2592_30_9235 5170 5216 5274 5273 12134 12133 12133 12133 12133 12194 12193 12193 12193 12246 12245 12245 12245 12245 12245 12245 13564 13563 13672 13716 13715 13715 13715 13715 13715 13715 13715 7326 7325 7390 7389 7418 7417 7417 7417 18646 18645 18645 18645 18645 18645 18664 18663 18684 18683 18683 18683 18683 11282 11286 11285 11285 11285 11285 11285 11285 11292 16568 16624 16660 
labels_S18_selected_tokens_30_9235_31_5565 5170 5216 5274 5273 12134 12194 12246 12245 12245 12245 12245 12245 12245 13564 13563 13672 13671 13671 13716 13715 13715 13715 13715 13715 13715 13715 13715 7326 7390 7389 7389 7418 7417 7417 7417 18646 18645 18645 18645 18645 18645 18664 18663 18663 18684 18683 18683 18683 18683 11282 11286 11285 11285 11285 11285 11285 11285 11292 16568 16624 16660 
labels_S18_selected_tokens_31_5565_32_4627 21112 21111 21111 21111 21111 21148 21147 21147 21190 21189 21189 21189 12120 12119 12119 12194 12193 12193 12193 12193 12246 12245 12245 12245 12245 12245 12245 13616 13615 13615 13615 13615 13678 13677 13706 13705 4774 4773 4800 4799 4814 4813 4813 6934 6938 6937 6937 6948 6947 6947 6947 6947 17320 17319 17319 17319 17319 17412 17411 17468 17467 17467 17467 17467 17467 15818 15817 15817 15817 15817 15817 15817 15817 15817 15824 15823 15823 15823 15823 15823 15823 15823 15828 15827 15827 15827 93 102 108 
labels_S18_selected_tokens_32_4627_33_4142 21112 21111 21148 21147 21147 21147 21147 21190 21189 21189 12120 12119 12119 12194 12246 12245 12245 12245 12245 13616 13615 13615 13615 13615 13615 13615 13615 13615 13615 13615 13615 13678 13677 13677 13706 13705 4774 4773 4800 4814 4813 4813 6934 6938 6937 6937 6937 6948 6947 6947 6947 6947 6947 6947 17320 17319 17319 17319 17319 17412 17411 17411 17411 17468 17467 17467 17467 17467 17467 17467 15818 15817 15817 15817 15817 15817 15817 15817 15817 15817 15817 15817 15824 15823 15823 15823 15823 15828 15827 15827 93 102 108 
labels_S18_selected_tokens_33_4142_34_118 8514 8513 8513 8513 8513 8513 8513 8513 8536 8535 8535 8564 8563 8563 6672 6756 6755 6755 6792 6791 6791 6791 6186 6185 6185 6228 6227 6254 6253 6253 6253 6253 7358 7357 7357 7366 7365 7365 7365 7365 7408 7407 21384 21383 21383 21392 21391 21478 21477 21477 8476 8475 8475 8475 8475 8478 8477 8477 8477 8477 8477 8477 8477 8477 8480 19004 19056 19110 
labels_S18_selected_tokens_34_118_34_7578 8514 8513 8513 8513 8513 8513 8536 8535 8535 8564 8563 8563 6672 6671 6756 6755 6755 6755 6755 6755 6792 6186 6228 6254 6253 7358 7357 7357 7357 7366 7365 7365 7365 7365 7408 7407 21384 21383 21383 21392 21391 21478 21477 21477 8476 8475 8475 8475 8475 8478 8477 8477 8477 8477 8477 8477 8477 8477 8480 19004 19056 19110 
labels_S18_selected_tokens_34_7578_35_6207 13248 13247 13247 13247 13247 13247 13247 13247 13247 13247 13247 13276 13275 13275 13275 13340 13339 13339 6650 6649 6649 6649 6649 6649 6649 6756 6792 6791 6791 6186 6185 6185 6228 6227 6227 6254 6253 6253 7360 7359 7359 7359 7359 7359 7396 7395 7395 7395 7395 7395 7434 7433 7433 7433 7433 11448 11447 11447 11447 11447 11447 11447 11447 11447 11447 11447 11447 11447 11447 11447 11447 11447 11447 11447 11447 11447 11447 11478 11477 11477 11548 93 102 108 
labels_S18_selected_tokens_35_6207_36_3313 13248 13247 13247 13247 13247 13247 13247 13276 13275 13275 13340 13339 13339 6650 6649 6649 6649 6649 6756 6755 6755 6792 6791 6186 6228 6254 7360 7359 7359 7359 7359 7359 7396 7395 7395 7395 7395 7395 7434 7433 7433 7433 7433 7433 11448 11447 11447 11447 11447 11447 11447 11447 11447 11447 11447 11447 11447 11447 11447 11447 11478 11477 11477 11477 11548 11547 93 102 108 
labels_S18_selected_tokens_36_3313_37_091 14022 14021 14021 14021 14021 14021 14021 14021 14070 14069 14069 14069 14098 14097 2984 2983 3046 3045 3045 3045 3045 3060 3059 3059 3059 6186 6185 6228 6227 6227 6254 6253 6253 6253 7358 7357 7357 7357 7357 7390 7418 7417 7417 7417 7417 18646 18645 18645 18645 18645 18645 18645 18664 18663 18684 18683 18683 18683 18683 11282 11286 11285 11285 11285 11285 11285 11285 11285 11285 11292 11291 16568 16624 16660 
labels_S18_selected_tokens_37_091_37_8143 14022 14021 14021 14021 14021 14021 14021 14021 14021 14021 14021 14070 14069 14069 14069 14098 14097 2984 2983 2983 3046 3045 3045 3045 3060 3059 6186 6185 6228 6254 7358 7357 7357 7357 7357 7357 7390 7389 7418 7417 7417 7417 7417 18646 18645 18664 18663 18663 18663 18663 18663 18684 18683 18683 18683 11282 11286 11285 11285 11285 11285 11285 11285 11285 11285 11285 11292 16568 16624 16660 
labels_S18_selected_tokens_37_8143_38_7034 21112 21152 21151 21151 21151 21151 21151 21151 21180 21179 21179 21179 21179 7780 7779 7779 7802 7801 7801 7801 7820 7819 7819 7819 7819 7819 6196 6195 6195 6212 6211 6272 6271 6271 11592 11591 11618 11617 11617 11617 11617 11617 11617 11617 11694 11693 11693 11693 11693 11693 11693 2022 2021 2021 2021 2021 2250 2249 2249 2350 18178 18177 18177 18232 18231 18231 18231 18231 18231 18231 18231 18231 18231 18231 18282 18970 18969 18969 18969 18969 18969 19022 19021 19072 93 102 108 
labels_S18_selected_tokens_38_7034_39_5995 21112 21152 21151 21151 21151 21180 21179 21179 21179 7780 7779 7779 7802 7801 7801 7820 7819 7819 6196 6212 6272 11592 11591 11591 11591 11591 11591 11591 11618 11617 11617 11617 11617 11694 11693 11693 11693 11693 2022 2021 2021 2021 2021 2021 2021 2250 2249 2350 2349 18178 18177 18232 18231 18231 18231 18231 18231 18231 18231 18231 18231 18231 18231 18231 18231 18231 18231 18231 18231 18282 18281 18281 18970 18969 18969 18969 18969 18969 19022 19021 19021 19021 19021 19021 19072 93 102 108 
labels_S18_selected_tokens_39_5995_40_3828 2722 2721 2721 2772 2771 2771 2771 2771 2771 2771 2771 2786 2785 2785 6186 6185 6228 6227 6254 6253 6253 6253 6253 7358 7398 7397 7448 7447 15112 15111 15111 15214 15213 15314 15313 2052 2051 2051 2051 2051 2051 2051 2051 2051 2051 2051 2051 2192 2191 2191 2350 2349 2349 17992 17991 18024 18023 18023 18023 18023 18023 18023 18023 18023 18023 18023 18023 18023 18023 18023 18023 18023 18023 18023 18023 18072 
labels_S18_selected_tokens_3_758_4_5384 12454 12456 12455 12455 12455 12455 12480 12479 12479 12479 6688 6687 6746 6745 6768 14322 14321 14321 14321 14390 14389 14389 14389 14424 14423 14423 18138 18137 18137 18137 18137 18137 18137 18232 18231 18231 18310 19238 19310 19309 19309 19392 19391 19391 16306 16305 16305 16305 16305 16305 16305 16305 16305 16305 16305 16305 16305 16305 16308 16307 16307 16312 14942 14941 14941 14941 14941 14941 14970 14969 14969 14969 14969 14969 14969 15076 
labels_S18_selected_tokens_40_3828_41_2312 2722 2772 2771 2771 2771 2771 2771 2771 2786 2785 6186 6185 6185 6228 6227 6254 6253 6253 7358 7357 7357 7398 7397 7397 7397 7448 7447 15112 15111 15111 15214 15314 15313 2052 2051 2051 2051 2051 2051 2051 2051 2051 2051 2051 2051 2192 2191 2191 2350 2349 2349 17992 17991 17991 17991 17991 17991 18024 18023 18023 18023 18023 18023 18023 18023 18023 18023 18023 18023 18023 18023 18023 18023 18023 18023 18023 18023 18023 18023 18023 18023 18023 18072 
labels_S18_selected_tokens_41_2312_41_9561 9136 9135 9216 9215 9215 9286 9285 9285 9285 6696 6756 6755 6755 6792 6791 6791 6791 6791 6791 6186 6228 6227 6254 6253 6253 6253 7300 7299 7299 7299 7299 7299 7364 7363 7363 7363 7363 7363 7363 7363 7363 7363 7363 7363 7363 7363 7402 7401 7401 7401 7401 22000 21999 21999 21999 22020 22019 22019 22019 22019 22019 22019 22019 22019 22019 22019 22019 22019 22019 22100 
labels_S18_selected_tokens_41_9561_42_7482 9136 9135 9135 9135 9135 9216 9215 9215 9286 9285 9285 6696 6695 6756 6755 6755 6755 6755 6755 6755 6755 6792 6186 6228 6254 7300 7299 7299 7299 7299 7299 7299 7299 7299 7299 7364 7363 7363 7363 7363 7363 7363 7363 7363 7363 7363 7363 7363 7402 7401 7401 7401 22000 21999 21999 21999 22020 22019 22019 22019 22019 22019 22019 22019 22019 22019 22019 22019 22019 22019 22019 22019 22019 22100 22099 22099 22099 
labels_S18_selected_tokens_42_7482_43_6916 13248 13247 13247 13247 13247 13247 13276 13275 13275 13352 13351 13351 13351 1002 1001 1001 1001 1001 1001 1001 1001 1001 1001 1100 1099 1099 1144 1143 1143 1143 6186 6185 6228 6227 6227 6254 6253 6253 7300 7299 7299 7299 7299 7299 7364 7363 7363 7363 7363 7363 7363 7363 7363 7363 7363 7363 7363 7363 7363 7363 7402 7401 7401 7401 7401 7401 22000 21999 21999 21999 22020 22019 22019 22019 22019 22019 22019 22019 22019 22019 22019 22019 22019 22019 22019 22019 22100 22099 22099 22099 22099 22099 
labels_S18_selected_tokens_43_6916_44_4995 13248 13247 13276 13275 13275 13275 13275 13275 13275 13352 13351 13351 1002 1001 1001 1001 1001 1001 1001 1001 1001 1001 1100 1099 1144 1143 1143 6186 6228 6254 7300 7299 7299 7299 7299 7299 7364 7363 7363 7363 7363 7363 7363 7363 7363 7363 7363 7363 7363 7402 7401 7401 7401 7401 22000 21999 21999 21999 21999 21999 22020 22019 22019 22019 22019 22019 22019 22019 22019 22019 22019 22019 22019 22100 22099 22099 22099 22099 22099 
labels_S18_selected_tokens_44_4995_45_1724 2722 2721 2772 2771 2771 2771 2771 2771 2771 2771 2771 2786 2785 2785 6186 6185 6185 6185 6228 6227 6227 6254 6253 6253 6253 7300 7299 7299 7299 7299 7299 7299 7380 7379 7379 7379 7379 7379 7379 7379 7379 7379 7379 7379 7379 7379 7416 7415 7415 5342 5341 5341 5341 5430 5429 5429 5498 5497 5497 5497 5497 5497 93 102 108 
labels_S18_selected_tokens_45_1724_45_8037 2722 2721 2721 2772 2771 2771 2771 2771 2771 2771 2786 2785 6186 6185 6228 6227 6254 7300 7299 7299 7299 7299 7299 7299 7380 7379 7379 7379 7379 7379 7379 7379 7379 7379 7379 7379 7379 7379 7379 7379 7379 7379 7379 7416 7415 7415 5342 5341 5341 5341 5430 5429 5429 5498 5497 5497 5497 5497 93 102 108 
labels_S18_selected_tokens_45_8037_46_58 8514 8513 8513 8513 8513 8513 8513 8513 8513 8513 8540 8539 8539 8539 8578 8577 8577 474 473 518 517 517 517 517 517 517 517 517 517 540 539 539 539 539 6186 6185 6228 6227 6227 6254 6253 6253 7300 7299 7299 7299 7299 7299 7299 7380 7379 7379 7379 7379 7379 7379 7379 7379 7379 7379 7416 7415 7415 7415 5342 5341 5341 5430 5429 5498 5497 5497 5497 93 102 108 
labels_S18_selected_tokens_46_58_47_228 8514 8513 8513 8540 8539 8539 8539 8578 8577 474 473 518 517 517 517 517 517 517 517 517 517 540 539 539 6186 6185 6228 6254 6253 7300 7299 7299 7299 7299 7299 7380 7379 7379 7379 7379 7379 7379 7379 7379 7379 7379 7379 7379 7416 7415 7415 7415 5342 5341 5341 5430 5429 5429 5429 5429 5429 5429 5500 
labels_S18_selected_tokens_47_228_47_9076 21112 21111 21111 21162 21161 21161 21168 21167 21167 6702 6701 6701 6701 6701 6756 6755 6755 6792 6791 6791 6791 6791 6186 6185 6228 6227 6254 6253 6253 6253 7300 7299 7299 7299 7299 7299 7299 7380 7379 7379 7379 7379 7379 7379 7379 7379 7379 7379 7379 7379 7379 7379 7379 7416 7415 7415 7415 5342 5341 5430 5429 5429 5429 5429 5429 5500 
labels_S18_selected_tokens_47_9076_48_5802 21112 21111 21162 21161 21161 21161 21161 21161 21161 21161 21161 21168 21167 6702 6701 6701 6701 6701 6756 6755 6755 6755 6792 6791 6791 6186 6228 6227 6254 6253 7300 7299 7299 7299 7299 7299 7299 7380 7379 7379 7379 7379 7379 7379 7379 7379 7379 7379 7379 7379 7379 7416 7415 7415 7415 5342 5341 5341 5430 5429 5429 5429 5429 5429 5500 
labels_S18_selected_tokens_48_5802_49_2846 12646 12694 12693 12693 12693 12750 12749 12749 12749 12749 16106 16105 16105 16105 16105 16105 16105 16105 16105 16105 16136 16135 16135 16170 16169 16169 16169 16169 5534 5608 5607 5712 10272 10271 10366 10365 10365 10365 10365 10365 10365 10365 10365 10365 10365 10432 10431 10431 15618 15617 15617 15626 15625 15625 15625 15625 15625 15625 15625 15625 15625 15625 15625 15625 15642 15641 15641 15641 
labels_S18_selected_tokens_49_2846_49_9798 12646 12694 12750 12749 12749 12749 12749 12749 12749 12749 12749 12749 16106 16136 16135 16135 16135 16135 16135 16135 16135 16135 16135 16135 16170 16169 16169 16169 16169 5534 5533 5533 5608 5712 5711 10272 10366 10365 10365 10365 10365 10365 10365 10365 10365 10432 10431 10431 15618 15617 15626 15625 15625 15625 15625 15625 15625 15625 15625 15625 15625 15625 15642 15641 15641 15641 15641 15641 
labels_S18_selected_tokens_49_9798_50_6669 8906 8908 8907 8934 8933 8933 16106 16105 16105 16105 16105 16105 16105 16105 16105 16105 16105 16105 16105 16105 16136 16135 16135 16170 16169 16169 16169 5534 5608 5607 5712 10328 10327 10327 10327 10327 10327 10327 10327 10327 10327 10327 10327 10327 10327 10327 10327 10327 10352 10351 10436 5350 5349 5349 5430 5429 5429 5429 5498 5497 5497 5497 5497 5497 93 102 108 
labels_S18_selected_tokens_4_5384_5_2586 13248 13247 13247 13247 13247 13247 13247 13247 13276 13275 13275 13275 13340 13339 13339 6650 6649 6649 6649 6649 6649 6720 6719 6719 6768 6767 14342 14341 14341 14341 14341 14396 14395 14470 14469 2026 2025 2025 2025 2025 2025 2025 2025 2025 2025 2164 2163 2354 2353 14956 14955 14955 14955 14955 14955 14955 14955 14955 14955 14955 14955 14970 14969 14969 14969 14969 14969 15076 15075 15075 
labels_S18_selected_tokens_50_6669_51_2723 8906 8908 8934 8933 16106 16105 16136 16135 16135 16135 16135 16135 16135 16135 16135 16135 16135 16135 16135 16135 16170 16169 16169 16169 16169 5534 5533 5608 5712 5711 10328 10327 10327 10327 10327 10327 10327 10327 10327 10327 10327 10327 10327 10327 10352 10351 10436 10435 5350 5349 5430 5429 5429 5429 5429 5429 5429 5429 5500 
labels_S18_selected_tokens_51_2723_52_1122 9136 9216 9215 9215 9215 9215 9296 9295 16080 16079 16079 16079 16079 16108 16107 16107 16107 16107 16107 16107 16107 16107 16107 16107 16146 16145 16145 16145 22122 22121 22121 22121 22188 22187 22187 22187 22236 22235 22235 22235 10250 10249 10249 10249 10249 10249 10249 10249 10249 10249 10249 10249 10249 10249 10249 10249 10249 10249 10346 10345 10345 10410 10409 10409 10409 10409 10409 10409 22010 22009 22054 22053 22053 22053 22053 22053 22053 22053 22053 22100 22099 22099 
labels_S18_selected_tokens_52_1122_53_0401 9136 9216 9215 9215 9215 9296 9295 9295 9295 9295 9295 16080 16079 16079 16108 16107 16107 16107 16107 16107 16107 16107 16107 16107 16107 16146 16145 16145 16145 16145 16145 22122 22121 22121 22121 22188 22187 22187 22187 22187 22236 22235 22235 22235 10250 10249 10249 10249 10249 10249 10249 10249 10249 10249 10249 10249 10249 10249 10249 10249 10249 10249 10249 10249 10249 10249 10346 10345 10345 10410 10409 10409 10409 10409 22010 22009 22054 22053 22053 22053 22053 22053 22053 22053 22053 22053 22053 22053 22100 22099 22099 
labels_S18_selected_tokens_53_0401_53_832 14022 14021 14021 14021 14021 14021 14021 14021 14021 14070 14069 14069 14130 14129 14129 16086 16085 16085 16085 16085 16085 16085 16085 16136 16135 16135 16135 16135 16135 16135 16135 16170 16169 16169 16169 5534 5533 5626 5625 5700 2074 2073 2073 2073 2073 2073 2073 2073 2073 2073 2073 2073 2208 2207 2340 2339 2339 2339 14190 14189 14189 14189 14189 14189 14189 14189 14189 14189 14210 14209 14209 14209 14209 14209 14209 14258 14257 
labels_S18_selected_tokens_53_832_54_5464 14022 14021 14021 14021 14021 14021 14021 14021 14070 14069 14069 14130 14129 14129 16086 16085 16085 16136 16135 16135 16135 16135 16135 16135 16135 16135 16135 16170 16169 16169 16169 16169 5534 5533 5626 5625 5700 2074 2073 2073 2073 2208 2207 2207 2207 2207 2207 2207 2340 2339 2339 14190 14189 14189 14189 14189 14189 14189 14189 14189 14189 14210 14209 14209 14209 14209 14209 14258 14257 
labels_S18_selected_tokens_54_5464_55_4833 16468 16514 16513 16513 16513 16513 16513 16513 16560 16559 16559 16559 16090 16089 16089 16089 16089 16089 16089 16108 16107 16107 16107 16107 16107 16107 16146 16145 16145 16145 22122 22121 22121 22121 22121 22192 22191 22191 22228 22227 22227 22227 22227 7332 7331 7331 7331 7331 7331 7331 7331 7331 7331 7331 7364 7363 7363 7363 7363 7363 7363 7363 7363 7402 7401 7401 7401 22000 21999 21999 21999 21999 21999 21999 22020 22019 22019 22019 22019 22019 22019 22019 22019 22019 22019 22100 22099 22099 22099 22099 22099 22099 
labels_S18_selected_tokens_55_4833_56_44 16468 16514 16513 16513 16513 16513 16560 16559 16559 16559 16559 16090 16108 16107 16107 16107 16107 16107 16107 16107 16107 16107 16107 16107 16146 16145 16145 16145 16145 22122 22121 22121 22121 22192 22191 22191 22191 22228 22227 22227 22227 22227 22227 7332 7331 7331 7331 7331 7331 7331 7331 7331 7331 7331 7364 7363 7363 7363 7363 7363 7402 7401 7401 7401 7401 7401 22000 21999 21999 21999 21999 22020 22019 22019 22019 22019 22019 22019 22100 22099 22099 22099 22099 22099 22099 22099 22099 22099 22099 22099 22099 22099 22099 22099 
labels_S18_selected_tokens_56_44_57_1382 16960 16959 16959 16959 16959 16959 16988 16987 16987 17030 17029 17029 17029 16098 16097 16097 16097 16097 16097 16097 16097 16097 16097 16097 16097 16097 16136 16168 16167 16167 16167 4790 4789 4806 4805 4805 4850 4849 4849 648 650 649 649 649 649 649 649 649 649 649 649 649 649 649 649 649 649 649 649 649 649 652 651 651 19016 19015 19044 19110 
labels_S18_selected_tokens_57_1382_57_7948 16960 16959 16959 16959 16959 16988 16987 16987 16987 17030 17029 17029 17029 17029 16098 16136 16135 16135 16135 16135 16135 16135 16135 16135 16135 16168 16167 16167 16167 4790 4789 4806 4805 4805 4850 4849 4849 648 650 649 649 649 649 649 649 649 649 649 649 649 649 649 649 649 649 649 652 651 651 19016 19044 19110 19109 19109 
labels_S18_selected_tokens_57_7948_58_7076 3 12 18 17720 17719 17719 17719 17719 17719 17719 17719 17719 17719 17719 17834 17833 17833 17833 17914 17913 17913 16084 16083 16083 16083 16083 16083 16083 16083 16083 16083 16083 16083 16120 16119 16119 16119 16166 16165 16165 16165 16165 16165 12538 12537 12537 12540 12539 12539 12539 12548 12547 12547 12547 7324 7323 7323 7323 7323 7323 7398 7397 7397 7397 7397 7397 7397 7397 7397 7397 7397 7397 7397 7448 7447 7447 14892 14891 14891 14891 14891 14891 14970 14969 14969 14969 14969 14969 15076 
labels_S18_selected_tokens_58_7076_59_7043 17796 17795 17834 17833 17833 17833 17833 17833 17833 17833 17833 17833 17833 17833 17833 17833 17833 17833 17833 17833 17914 17913 17913 16084 16083 16083 16120 16119 16119 16119 16119 16119 16119 16119 16119 16119 16119 16119 16119 16119 16166 16165 16165 16165 16165 16165 16165 16165 12538 12537 12540 12539 12548 12547 12547 12547 12547 12547 12547 7324 7398 7397 7397 7397 7397 7397 7397 7397 7397 7397 7397 7397 7397 7397 7397 7397 7397 7397 7448 7447 7447 7447 14892 14891 14891 14891 14891 14891 14891 14891 14970 14969 14969 14969 14969 15076 15075 15075 
labels_S18_selected_tokens_59_7043_60_432 17796 17795 17795 17795 17795 17795 17795 17795 17795 17795 17795 17795 17795 17795 17834 17833 17833 17833 17914 17913 17913 16084 16083 16083 16083 16083 16083 16083 16083 16083 16083 16120 16119 16119 16119 16119 16170 16169 16169 16169 5534 5533 5626 5625 5708 1766 1765 1765 1765 1765 1765 1765 1846 1845 1845 1845 1845 1845 1845 1845 1845 1845 1845 1845 1998 1997 1997 1997 1997 1997 1997 
labels_S18_selected_tokens_5_2586_5_8752 13248 13247 13247 13247 13247 13247 13247 13247 13276 13275 13340 13339 13339 6650 6720 6719 6719 6719 6719 6719 6768 6767 14342 14341 14341 14341 14341 14396 14395 14470 2026 2025 2025 2025 2025 2025 2025 2025 2164 2163 2354 2353 2353 14956 14955 14955 14955 14955 14955 14970 14969 14969 14969 14969 14969 14969 14969 15076 15075 15075 
labels_S18_selected_tokens_5_8752_6_9315 2 8 18 17720 17719 17719 17719 17719 17719 17719 17719 17719 17719 17719 17719 17719 17719 17719 17830 17829 17829 17878 17877 17877 16686 16685 16685 16748 16747 16758 16757 16757 6670 6669 6750 6749 6749 6749 6749 6749 6749 6788 6787 6787 15146 15145 15145 15145 15145 15145 15238 15308 5536 5535 5624 5648 5647 5647 5647 7332 7331 7331 7331 7331 7331 7331 7331 7331 7331 7331 7364 7363 7363 7363 7363 7363 7363 7402 7401 7401 7401 7401 22000 21999 21999 21999 22020 22019 22019 22019 22019 22019 22019 22019 22019 22019 22019 22100 22099 22099 22099 22099 22099 22099 
labels_S18_selected_tokens_60_432_61_1862 17796 17834 17833 17833 17833 17833 17833 17833 17833 17833 17833 17833 17833 17833 17833 17833 17833 17833 17914 17913 17913 16084 16083 16083 16083 16120 16119 16119 16119 16119 16119 16119 16119 16119 16119 16119 16170 16169 16169 16169 16169 5534 5533 5626 5625 5708 1766 1765 1765 1765 1765 1765 1846 1845 1845 1845 1845 1845 1845 1845 1845 1845 1845 1845 1845 1845 1845 1998 1997 1997 1997 1997 1997 
labels_S18_selected_tokens_61_1862_61_9677 16468 16514 16513 16513 16513 16513 16560 16559 16559 16559 16090 16089 16089 16089 16089 16089 16089 16089 16136 16135 16170 16169 16169 16169 16169 5534 5584 5583 5650 11592 11591 11591 11591 11618 11617 11617 11617 11617 11617 11617 11694 11693 11693 2126 2125 2125 2125 2125 2125 2125 2125 2125 2125 2246 2245 2245 2245 2340 2339 2339 14190 14189 14189 14189 14189 14189 14189 14189 14189 14210 14209 14209 14209 14209 14258 14257 
labels_S18_selected_tokens_61_9677_62_74 16468 16514 16513 16513 16513 16560 16559 16559 16559 16559 16090 16136 16135 16135 16135 16135 16135 16135 16135 16135 16135 16170 16169 16169 16169 5534 5533 5584 5583 5650 11592 11591 11591 11591 11591 11591 11618 11617 11617 11617 11694 11693 11693 2126 2125 2125 2125 2125 2125 2125 2125 2125 2246 2245 2245 2340 2339 2339 14190 14189 14189 14189 14189 14189 14189 14189 14210 14209 14209 14209 14209 14209 14258 14257 14257 
labels_S18_selected_tokens_62_74_63_7401 4 16 18 17720 17719 17719 17719 17719 17719 17719 17719 17719 17719 17719 17719 17719 17834 17833 17833 17833 17914 17913 16084 16083 16083 16083 16083 16083 16083 16083 16083 16083 16120 16168 16167 16167 16167 4790 4789 4789 4804 4842 4841 4841 7358 7398 7397 7397 7397 7397 7397 7448 7447 15112 15111 15214 15213 15314 15313 2052 2051 2051 2051 2051 2051 2051 2051 2051 2051 2051 2051 2051 2192 2191 2191 2350 2349 17992 17991 17991 17991 18024 18023 18023 18023 18023 18023 18023 18023 18023 18023 18023 18023 18023 18023 18023 18023 18072 
labels_S18_selected_tokens_63_7401_64_7809 17796 17795 17834 17833 17833 17833 17833 17833 17833 17833 17833 17833 17833 17833 17833 17833 17833 17833 17833 17914 17913 17913 16084 16083 16083 16120 16119 16119 16119 16119 16119 16168 16167 16167 16167 16167 16167 4790 4804 4803 4842 4841 4841 4841 7358 7398 7397 7397 7397 7448 7447 7447 15112 15111 15214 15314 15313 2052 2051 2051 2051 2051 2051 2051 2051 2051 2051 2051 2051 2051 2051 2192 2191 2191 2350 2349 17992 17991 17991 17991 18024 18023 18023 18023 18023 18023 18023 18023 18023 18023 18023 18023 18023 18023 18023 18023 18023 18023 18023 18023 18023 18072 
labels_S18_selected_tokens_64_7809_65_4549 12646 12690 12689 12689 12689 12689 12689 12736 12735 12735 12735 20466 20465 20465 20500 20499 20499 20499 20499 20499 20499 20499 20499 20499 20532 20531 5552 5551 5626 5625 5690 5689 5689 15818 15817 15817 15817 15817 15817 15817 15817 15817 15817 15817 15817 15817 15817 15817 15817 15824 15823 15823 15823 15823 15823 15823 15823 15823 15828 15827 15827 15827 93 102 108 
labels_S18_selected_tokens_65_4549_66_0867 12646 12690 12689 12689 12689 12689 12689 12689 12736 20466 20465 20465 20500 20499 20499 20499 20499 20499 20499 20499 20499 20532 20531 20531 5552 5551 5626 5690 5689 5689 15818 15817 15817 15817 15817 15817 15817 15817 15817 15817 15817 15817 15817 15817 15817 15817 15824 15823 15823 15823 15823 15828 15827 15827 15827 15827 15827 15827 93 102 108 
labels_S18_selected_tokens_66_0867_66_8356 14022 14021 14021 14062 14061 14061 14061 14061 14061 14061 14061 14090 14089 14089 14089 20450 20449 20449 20449 20449 20449 20449 20449 20449 20449 20449 20449 20449 20500 20499 20499 20499 20532 20531 20531 5552 5584 5650 5649 5649 11472 11471 11471 11471 11471 11471 11471 11471 11471 11471 11471 11471 11471 11471 11471 11471 11471 11471 11471 11471 11471 11471 11471 11471 11478 11477 11477 11477 11477 11548 93 102 108 
labels_S18_selected_tokens_66_8356_67_5286 14022 14021 14021 14021 14062 14061 14061 14061 14061 14061 14061 14061 14090 14089 14089 20450 20449 20449 20449 20449 20449 20449 20449 20449 20449 20449 20449 20449 20449 20500 20499 20499 20532 20531 20531 20531 5552 5584 5650 5649 11472 11471 11471 11471 11471 11471 11471 11471 11471 11471 11471 11471 11471 11471 11471 11471 11471 11471 11471 11478 11477 11477 11477 11548 93 102 108 
labels_S18_selected_tokens_67_5286_68_3051 14646 14778 14777 14777 14777 14777 14777 14777 14777 14777 14777 14777 14777 14777 14860 14859 14859 20438 20437 20437 20437 20500 20499 20499 20499 20499 20499 20499 20499 20499 20499 20499 20499 20499 20532 20531 5552 5626 5625 5700 5699 2016 2015 2015 2015 2226 2344 2343 2343 2343 2343 2343 13398 13397 13397 13397 13397 13397 13397 13397 13397 13397 13397 13397 13397 13397 13397 13397 13397 13454 13453 13453 13453 13502 13501 13501 
labels_S18_selected_tokens_68_3051_69_0097 14646 14645 14778 14777 14777 14777 14777 14777 14777 14777 14777 14777 14777 14860 14859 14859 14859 14859 14859 20438 20437 20437 20437 20437 20437 20437 20437 20437 20437 20500 20499 20532 20531 20531 20531 5552 5626 5700 5699 2016 2015 2015 2015 2015 2226 2344 2343 2343 2343 2343 2343 13398 13397 13397 13397 13397 13397 13397 13397 13397 13397 13454 13453 13453 13453 13502 13501 13501 
labels_S18_selected_tokens_69_0097_69_9089 16960 16959 16959 16959 16959 16959 16959 16959 16959 16959 16959 16959 16990 16989 16989 16989 17008 17007 17007 17007 17007 20444 20443 20443 20443 20443 20443 20443 20500 20499 20499 20532 20531 20531 20531 20531 20531 20531 20531 5548 5588 5587 5698 5697 5697 15090 15089 15089 15089 15202 15294 15293 2052 2051 2051 2051 2051 2051 2051 2051 2051 2051 2051 2051 2051 2051 2192 2191 2191 2350 2349 2349 17992 17991 17991 18024 18023 18023 18023 18023 18023 18023 18023 18023 18023 18023 18023 18072 
labels_S18_selected_tokens_69_9089_70_9447 16960 16959 16959 16959 16959 16959 16959 16959 16959 16959 16959 16959 16990 16989 16989 17008 17007 17007 20444 20443 20443 20443 20443 20443 20443 20443 20443 20443 20500 20499 20499 20499 20499 20499 20532 20531 20531 20531 5548 5588 5587 5587 5587 5698 5697 5697 15090 15089 15089 15089 15202 15294 15293 15293 2052 2051 2051 2051 2051 2051 2051 2051 2051 2051 2051 2051 2051 2192 2191 2191 2350 2349 2349 17930 17929 17929 17929 17929 17929 17929 17929 17929 17929 17929 17929 17929 17929 17929 18024 18023 18023 18023 18023 18023 18023 18023 18023 18023 18072 93 102 108 
labels_S18_selected_tokens_6_9315_7_9679 2 8 18 17720 17719 17719 17719 17719 17719 17719 17719 17719 17719 17719 17719 17719 17719 17830 17829 17829 17829 17878 17877 17877 16686 16685 16748 16747 16758 16757 16757 16757 6670 6750 6749 6749 6749 6788 6787 6787 15146 15145 15145 15145 15145 15145 15145 15145 15238 15308 5536 5535 5624 5648 5647 5647 5647 7332 7331 7331 7331 7331 7331 7331 7331 7331 7331 7331 7331 7364 7363 7363 7363 7363 7402 7401 7401 7401 7401 7401 22000 21999 21999 21999 22020 22019 22019 22019 22019 22019 22019 22019 22019 22019 22019 22019 22019 22019 22019 22100 22099 22099 
labels_S18_selected_tokens_70_9447_71_7528 4606 4622 4648 4647 17336 17335 17335 17335 17335 17335 17335 17382 17436 17435 17435 17435 17435 17435 17435 20444 20443 20443 20443 20443 20443 20443 20443 20443 20443 20443 20443 20500 20499 20499 20532 20531 5552 5608 5712 5711 10272 10366 10365 10365 10365 10365 10365 10365 10365 10365 10365 10365 10365 10365 10365 10365 10365 10432 10431 15618 15617 15617 15626 15625 15625 15625 15625 15625 15625 15625 15625 15625 15625 15625 15642 15641 15641 15641 15641 
labels_S18_selected_tokens_71_7528_72_4693 4606 4622 4648 4647 17336 17382 17381 17381 17436 17435 20444 20443 20443 20443 20443 20443 20443 20443 20443 20443 20443 20443 20443 20443 20500 20499 20499 20499 20499 20499 20532 20531 20531 5552 5608 5712 5711 10272 10366 10365 10365 10365 10365 10365 10365 10365 10365 10365 10365 10365 10432 10431 10431 15618 15617 15626 15625 15625 15625 15625 15625 15625 15625 15625 15642 15641 15641 15641 15641 15641 
labels_S18_selected_tokens_72_4693_73_3447 16468 16482 16546 16545 16545 16545 16545 16545 16545 16545 17330 17329 17329 17329 17382 17436 17435 17435 17435 17435 20444 20443 20443 20443 20443 20443 20443 20443 20443 20443 20443 20500 20532 20531 20531 20531 5552 5551 5608 5712 5711 10328 10327 10327 10327 10327 10327 10327 10327 10327 10327 10327 10327 10327 10372 10371 10371 10424 10423 10423 18592 18591 18591 18591 18604 18603 18603 18603 18603 18603 18603 18603 18603 18603 18603 18603 18603 18603 18603 18603 18603 18603 18624 18623 18623 18623 
labels_S18_selected_tokens_73_3447_74_2271 16468 16482 16546 16545 17330 17329 17329 17329 17329 17382 17381 17436 20444 20443 20443 20443 20443 20443 20443 20443 20443 20443 20500 20499 20499 20499 20499 20499 20499 20532 20531 20531 5552 5608 5712 5711 10328 10327 10327 10327 10327 10327 10327 10327 10327 10327 10327 10327 10372 10371 10371 10424 10423 10423 18592 18591 18591 18591 18591 18591 18604 18603 18603 18603 18603 18603 18603 18603 18603 18603 18603 18603 18603 18603 18603 18603 18603 18603 18603 18603 18624 18623 18623 18623 18623 18623 
labels_S18_selected_tokens_74_2271_75_2937 4 16 18 17720 17719 17719 17820 17819 17819 17819 17819 17819 17819 17819 17819 17819 17819 17819 17819 17819 17819 17819 17819 17916 17915 17915 17915 17915 17915 17915 17915 17915 17915 19222 19221 19221 19278 19277 19394 19393 20454 20453 20453 20453 20453 20453 20453 20453 20453 20453 20453 20500 20499 20499 20499 20532 20531 20531 20531 5552 5626 5625 5700 2030 2029 2029 2029 2029 2029 2029 2029 2180 2179 2179 2348 2347 15162 15161 15234 15233 15233 15304 19170 19169 19320 19330 19329 19329 18016 18015 18015 18015 18015 18015 18015 18015 18015 18015 18015 18015 18024 18023 18023 18023 18072 
labels_S18_selected_tokens_75_2937_76_4614 17796 17795 17795 17795 17795 17795 17820 17819 17819 17819 17819 17819 17819 17819 17819 17819 17819 17819 17819 17819 17819 17916 17915 17915 17915 17915 17915 17915 17915 17915 17915 17915 17915 17915 17915 19222 19221 19278 19277 19277 19277 19394 20454 20453 20453 20453 20453 20453 20453 20453 20453 20453 20453 20453 20453 20453 20500 20499 20532 20531 5552 5626 5625 5700 2030 2029 2029 2029 2029 2029 2029 2180 2179 2179 2348 2347 2347 15162 15161 15234 15233 15233 15304 19170 19169 19320 19319 19319 19319 19319 19330 19329 19329 17960 17959 17959 17959 17959 17959 17959 17959 17959 17959 17959 17959 17959 17959 17959 17959 17959 18024 18072 93 102 108 
labels_S18_selected_tokens_76_4614_77_3879 2 8 18 17720 17719 17719 17719 17719 17719 17719 17719 17719 17719 17719 17822 17821 17821 17821 17864 17863 12898 12897 12897 12897 12897 12897 12897 12950 13018 13017 13017 20466 20465 20465 20500 20499 20499 20499 20499 20499 20499 20499 20499 20499 20499 20499 20499 20499 20520 19240 19288 19358 19357 10328 10327 10327 10327 10327 10327 10327 10327 10327 10327 10327 10327 10327 10327 10327 10327 10352 10351 10436 5350 5349 5349 5430 5429 5429 5429 5498 5497 5497 5497 5497 5497 5497 93 102 100 100 108 
labels_S18_selected_tokens_77_3879_78_2844 17796 17795 17795 17795 17795 17795 17795 17795 17795 17795 17795 17795 17795 17795 17795 17822 17821 17821 17821 17864 17863 17863 17863 12898 12897 12897 12897 12897 12897 12950 12949 12949 13018 13017 13017 20466 20465 20500 20499 20499 20499 20499 20499 20499 20499 20499 20499 20499 20499 20499 20499 20520 19240 19239 19288 19358 19357 10328 10327 10327 10327 10327 10327 10327 10327 10327 10327 10327 10327 10327 10352 10351 10351 10436 5350 5349 5349 5430 5429 5429 5429 5429 5429 5429 5498 93 102 108 
labels_S18_selected_tokens_78_2844_79_3333 17796 17860 17859 17859 17859 17859 17859 17859 17859 17859 17859 17859 17859 17859 17859 17859 17859 17859 17859 17859 17859 17859 17859 17859 17859 17912 17911 17911 17911 20460 20459 20459 20459 20459 20459 20459 20459 20459 20500 20544 20543 20543 20543 6204 6203 6203 6234 6282 10272 10271 10271 10366 10365 10365 10365 10365 10365 10432 10431 15680 15679 15686 15685 15702 15701 15701 15701 15701 15701 15701 15701 13626 13625 13666 13758 13757 13757 13757 11442 11441 11441 11441 11441 11441 11441 11441 11441 11441 11441 11441 11441 11441 11441 11441 11441 11478 11477 11477 11477 11548 93 102 108 
labels_S18_selected_tokens_79_3333_80_3492 3 12 18 17720 17719 17719 17719 17719 17719 17719 17719 17719 17719 17719 17719 17719 17719 17860 17859 17859 17859 17859 17912 17911 17911 20460 20459 20459 20459 20459 20459 20459 20459 20459 20459 20459 20459 20459 20500 20499 20544 20543 6204 6203 6203 6234 6233 6282 10272 10271 10271 10366 10365 10365 10365 10365 10432 10431 15680 15679 15686 15685 15685 15702 15701 15701 15701 15701 15701 15701 15701 13626 13625 13666 13758 13757 13757 13757 11442 11441 11441 11441 11441 11441 11441 11441 11441 11441 11441 11441 11441 11478 11477 11477 11477 11477 11548 93 102 108 
labels_S18_selected_tokens_7_9679_8_7677 18808 18836 18835 18835 18862 18861 18861 18861 18861 18861 6696 6695 6695 6695 6695 6750 6749 6749 6788 6787 6787 15146 15145 15145 15145 15145 15145 15145 15145 15238 15308 5566 5565 5624 5623 5656 2030 2029 2029 2029 2029 2029 2029 2180 2179 2179 2348 2347 2347 15104 15103 15103 15103 15103 15103 15103 15103 15200 15199 15199 15199 15264 15263 15263 21988 21987 21987 22054 22053 22053 22053 22060 22059 22059 22059 93 102 108 
labels_S18_selected_tokens_80_3492_81_464 17796 17820 17819 17819 17819 17819 17819 17819 17819 17819 17819 17819 17819 17819 17819 17819 17819 17916 17915 17915 17915 17915 17915 17915 17915 17915 17915 17915 19222 19221 19221 19278 19277 19277 19394 19393 20454 20453 20453 20453 20453 20453 20453 20453 20500 20499 20499 20499 20532 20531 20531 5552 5584 5650 5649 11592 11591 11591 11591 11591 11618 11617 11617 11617 11617 11617 11694 11693 11693 11693 11693 11693 11693 11693 11693 2022 2021 2021 2021 2021 2021 2250 2249 2350 2349 17930 17929 17929 17929 17929 17929 17929 17929 17929 17929 17929 17929 17929 17929 17929 17929 17929 17929 17929 18024 18072 93 102 108 
labels_S18_selected_tokens_81_464_82_5573 17796 17795 17795 17795 17820 17819 17819 17819 17819 17819 17819 17819 17819 17819 17819 17819 17819 17916 17915 17915 17915 19222 19221 19221 19221 19278 19277 19277 19394 20454 20453 20453 20453 20453 20453 20453 20453 20453 20453 20453 20453 20453 20453 20453 20500 20499 20499 20532 20531 20531 5552 5584 5583 5650 5649 11592 11591 11591 11618 11617 11617 11617 11694 11693 11693 11693 11693 2022 2021 2021 2021 2021 2021 2021 2021 2021 2250 2249 2249 2350 2349 17930 17929 17929 17929 17929 17929 17929 17929 17929 17929 17929 17929 17929 17929 17929 17929 17929 17929 17929 17929 18024 18023 18072 93 102 108 
labels_S18_selected_tokens_82_5573_83_3796 12646 12666 12665 12665 12665 12665 12665 12665 12665 12754 12753 12753 12753 1012 1011 1011 1011 1011 1011 1011 1011 1011 1011 1011 1090 1089 1089 1089 1089 1089 1128 1127 15164 15163 15242 15248 15247 15247 15247 15247 15247 5558 5557 5602 5601 5650 11592 11591 11591 11591 11591 11591 11591 11591 11591 11591 11591 11591 11591 11591 11591 11591 11591 11591 11591 11642 11641 11641 11641 11650 5312 5311 5311 5430 5429 5429 5429 5429 5500 5499 
labels_S18_selected_tokens_83_3796_84_1984 12646 12666 12665 12665 12665 12665 12665 12754 12753 12753 12753 12753 1012 1011 1011 1011 1011 1011 1011 1011 1011 1011 1011 1011 1011 1011 1011 1011 1090 1089 1089 1089 1128 1127 15164 15163 15242 15248 15247 15247 15247 5558 5557 5602 5601 5650 11592 11591 11591 11591 11591 11591 11591 11591 11591 11591 11591 11591 11591 11591 11591 11591 11591 11591 11642 11641 11641 11641 11650 5312 5311 5311 5430 5429 5429 5429 5429 5429 5429 5500 
labels_S18_selected_tokens_84_1984_84_927 4948 4947 4947 4956 4955 4955 4955 4970 4969 4969 4969 4969 4969 4969 4969 4969 4969 4969 1048 1090 1089 1089 1089 1089 1089 1089 1089 1089 1089 1089 1128 1127 15166 15165 15214 15213 15213 15314 2078 2077 2077 2077 2244 2243 2334 2333 2333 2333 2333 2333 2333 2333 2333 2333 2333 13618 13686 13685 13685 13754 13753 5304 5303 5303 5303 5366 5365 5432 93 102 108 
labels_S18_selected_tokens_84_927_85_6508 4948 4947 4947 4956 4955 4955 4955 4955 4955 4955 4955 4970 4969 4969 4969 1048 1047 1047 1047 1047 1047 1047 1047 1047 1047 1047 1090 1089 1089 1089 1128 1127 15166 15165 15214 15213 15314 2078 2077 2077 2077 2244 2334 2333 2333 2333 2333 2333 2333 2333 2333 2333 2333 2333 2333 2333 13618 13686 13685 13754 13753 5304 5303 5303 5366 5365 5365 5365 5365 5466 
labels_S18_selected_tokens_85_6508_86_4738 5170 5220 5219 5236 5235 5235 1048 1047 1047 1047 1047 1047 1047 1047 1047 1047 1090 1089 1089 1128 1127 1127 1127 15184 15192 15191 15191 15300 15299 15299 18170 18169 18169 18169 18169 18169 18169 18224 18223 18223 18223 18223 18298 18297 18297 18297 7170 7169 7169 7169 7169 7169 7169 7169 7169 7169 7169 7169 7169 7169 7169 7169 7169 7169 7169 7169 7169 7169 7169 7204 7203 7203 7203 7203 7203 7203 7240 93 102 108 
labels_S18_selected_tokens_86_4738_87_3058 5170 5220 5219 5236 5235 5235 1048 1047 1047 1047 1047 1047 1047 1047 1047 1047 1047 1090 1089 1089 1128 1127 1127 15184 15192 15191 15191 15191 15300 15299 15299 18170 18169 18169 18169 18169 18169 18169 18224 18223 18223 18223 18298 18297 18297 18297 18297 7170 7169 7169 7169 7169 7169 7169 7169 7169 7169 7169 7169 7169 7169 7169 7169 7169 7169 7169 7204 7203 7203 7203 7203 7203 7240 7239 7239 7239 7239 7239 93 102 108 
labels_S18_selected_tokens_87_3058_88_2371 8514 8513 8513 8513 8513 8513 8513 8513 8513 8536 8535 8535 8535 8590 8589 8589 1048 1047 1047 1047 1047 1047 1047 1047 1047 1047 1047 1047 1090 1128 1127 1127 15184 15183 15192 15191 15191 15300 15299 15299 18170 18169 18169 18169 18169 18169 18169 18218 18217 18217 18217 18268 18267 18267 11472 11471 11471 11471 11471 11471 11471 11471 11471 11471 11471 11471 11471 11471 11471 11471 11471 11471 11471 11471 11471 11471 11471 11471 11478 11477 11477 11477 11477 11477 11477 11548 11547 11547 93 102 108 
labels_S18_selected_tokens_88_2371_89_1046 8514 8513 8513 8513 8513 8513 8513 8513 8513 8513 8513 8536 8535 8535 8590 8589 8589 1048 1047 1047 1047 1047 1047 1047 1047 1047 1090 1089 1089 1128 1127 1127 15184 15183 15192 15191 15191 15191 15300 15299 18170 18169 18169 18169 18218 18217 18217 18217 18217 18217 18217 18217 18268 18267 18267 11472 11471 11471 11471 11471 11471 11471 11471 11471 11471 11471 11471 11471 11471 11471 11471 11471 11471 11471 11471 11471 11478 11477 11477 11477 11548 11547 93 102 108 
labels_S18_selected_tokens_89_1046_90_0365 18808 18836 18835 18862 18861 18861 18861 18861 18861 18861 18861 18861 18861 18861 1048 1090 1089 1089 1089 1089 1089 1089 1089 1089 1128 1127 1127 15184 15183 15183 15234 15233 15233 15304 19200 19199 19199 19266 19265 19265 19265 19265 19350 19349 17332 17331 17331 17422 17476 17475 2134 2133 2133 2133 2133 2133 2133 2133 2133 2246 2245 2245 2340 2339 14346 14345 14345 14390 14389 14389 14424 14423 14423 22004 22003 22003 22054 22053 22053 22053 22053 22053 22053 22053 22053 22053 22053 22053 22053 22053 22100 
labels_S18_selected_tokens_8_7677_9_5998 18808 18836 18835 18835 18835 18862 18861 18861 18861 6696 6695 6750 6749 6788 6787 6787 15146 15145 15145 15145 15145 15145 15145 15238 15308 15307 5566 5565 5624 5656 5655 2030 2029 2029 2029 2029 2029 2029 2180 2179 2179 2348 2347 15104 15103 15103 15103 15103 15103 15103 15103 15103 15103 15103 15103 15200 15199 15199 15264 15263 15263 15263 22004 22003 22003 22054 22053 22053 22053 22053 22053 22053 22053 22053 22053 22053 22053 22053 22100 22099 22099 
labels_S18_selected_tokens_90_0365_90_9739 18808 18836 18835 18835 18862 18861 18861 18861 18861 18861 18861 18861 1048 1047 1047 1047 1047 1047 1047 1047 1047 1090 1089 1128 1127 1127 15184 15183 15234 15233 15304 19200 19199 19199 19199 19266 19265 19265 19350 19349 19349 19349 17332 17331 17331 17422 17476 17475 2134 2133 2133 2133 2133 2133 2133 2246 2245 2245 2340 2339 2339 14346 14345 14345 14345 14345 14345 14390 14389 14389 14424 14423 22004 22003 22003 22054 22053 22053 22053 22053 22053 22053 22053 22053 22053 22053 22053 22100 22099 22099 22099 22099 
labels_S18_selected_tokens_90_9739_91_7368 20720 20719 20719 20719 20734 20733 20733 20782 20781 20781 20781 1048 1047 1047 1047 1047 1090 1089 1089 1089 1089 1089 1089 1089 1089 1089 1089 1089 1089 1128 1127 1127 15166 15165 15214 15213 15213 15266 15265 10320 10319 10319 10319 10319 10319 10319 10319 10372 10371 10371 10424 10423 10423 10423 18592 18591 18591 18591 18604 18603 18603 18603 18603 18603 18603 18603 18603 18603 18603 18624 18623 18623 18623 18623 
labels_S18_selected_tokens_91_7368_92_6888 20720 20719 20719 20719 20719 20719 20734 20733 20733 20733 20733 20733 20782 1048 1047 1047 1047 1047 1047 1047 1047 1047 1047 1047 1047 1047 1047 1047 1047 1090 1089 1089 1089 1128 1127 1127 15166 15165 15214 15213 15266 15265 10320 10319 10319 10319 10319 10319 10319 10319 10319 10319 10319 10319 10372 10371 10371 10424 10423 10423 18592 18591 18591 18591 18604 18603 18603 18603 18603 18603 18603 18603 18603 18603 18603 18603 18603 18603 18603 18603 18603 18603 18603 18603 18603 18603 18603 18603 18603 18624 18623 18623 18623 
labels_S18_selected_tokens_92_6888_93_5282 14022 14074 14073 14073 14073 14073 14073 14073 14073 14073 14126 14125 14125 14125 998 997 997 997 997 997 997 997 997 997 1090 1089 1128 1127 1127 15166 15165 15214 15213 15266 15265 10320 10319 10319 10319 10394 10414 10413 10413 12536 12535 12542 12541 12541 12568 12567 12567 12567 7170 7169 7169 7169 7169 7169 7169 7169 7169 7169 7169 7169 7169 7169 7169 7169 7169 7169 7169 7204 7203 7203 7203 7203 7203 7203 7240 93 102 108 
labels_S18_selected_tokens_93_5282_94_3356 14022 14074 14073 14073 14073 14073 14073 14073 14073 14073 14126 14125 998 997 997 997 997 997 997 997 997 1090 1089 1089 1128 1127 15166 15165 15214 15213 15266 15265 10320 10319 10319 10319 10319 10394 10414 10413 10413 10413 12536 12535 12535 12542 12541 12568 12567 12567 12567 12567 7170 7169 7169 7169 7169 7169 7169 7169 7169 7169 7169 7169 7169 7169 7169 7169 7204 7203 7203 7203 7203 7203 7240 7239 93 102 108 
labels_S18_selected_tokens_94_3356_95_3132 16960 16959 16959 16959 16959 16962 16961 16961 16961 16998 16997 1038 1037 1037 1037 1037 1037 1037 1037 1090 1089 1089 1128 1127 1127 1127 15164 15242 15241 15241 15248 15247 5566 5565 5624 5623 5656 5655 2074 2073 2073 2208 2207 2207 2340 14358 14400 14399 14460 15150 15149 15149 15149 15149 15149 15244 15314 15313 2052 2051 2051 2051 2051 2051 2051 2051 2051 2051 2051 2051 2051 2192 2191 2350 2349 2349 17992 17991 17991 18024 18023 18023 18023 18023 18023 18023 18023 18023 18023 18023 18023 18023 18023 18023 18023 18072 
labels_S18_selected_tokens_95_3132_96_4506 16960 16959 16959 16959 16959 16959 16959 16959 16959 16959 16959 16962 16961 16961 16961 16998 16997 16997 16997 1038 1037 1037 1037 1037 1037 1037 1037 1090 1089 1089 1089 1128 1127 1127 15164 15163 15163 15242 15241 15241 15248 15247 5566 5565 5624 5656 5655 2074 2073 2073 2208 2207 2340 2339 14358 14400 14460 15150 15149 15149 15149 15149 15244 15314 15313 2052 2051 2051 2051 2051 2051 2051 2051 2051 2051 2051 2051 2051 2192 2191 2350 2349 2349 2349 17992 17991 17991 18024 18023 18023 18023 18023 18023 18023 18023 18023 18023 18023 18023 18023 18023 18023 18023 18023 18023 18023 18023 18023 18023 18023 18072 18071 
labels_S18_selected_tokens_96_4506_97_2861 4606 4626 4666 4665 1048 1047 1047 1047 1047 1047 1090 1089 1089 1089 1089 1089 1089 1128 1127 1127 15164 15242 15248 15247 15247 15247 5566 5565 5624 5656 5655 2074 2073 2242 2241 2241 2292 19216 19215 19215 19215 19215 19266 19265 19265 19265 19265 19265 19350 19349 17332 17331 17380 17379 17379 17379 17440 11448 11447 11447 11447 11447 11447 11447 11447 11447 11447 11447 11447 11447 11447 11447 11447 11447 11447 11447 11478 11477 11548 93 102 108 
labels_S18_selected_tokens_97_2861_98_119 4606 4626 4666 1048 1047 1047 1047 1047 1047 1047 1047 1047 1047 1047 1047 1090 1089 1128 1127 15164 15163 15242 15241 15248 15247 5566 5565 5624 5623 5656 5655 2074 2242 2241 2241 2241 2292 19216 19215 19215 19215 19215 19266 19265 19265 19265 19265 19265 19265 19350 19349 19349 17332 17331 17380 17379 17379 17440 17439 11448 11447 11447 11447 11447 11447 11447 11447 11447 11447 11447 11447 11447 11447 11447 11447 11478 11477 11548 93 102 108 
labels_S18_selected_tokens_98_119_98_9837 2 8 18 17720 17719 17719 17719 17719 17719 17719 17719 17719 17719 17719 17719 17816 17815 17815 17815 17902 17901 17901 17901 1048 1047 1047 1090 1089 1089 1089 1089 1089 1089 1089 1089 1128 1127 1127 15166 15165 15214 15213 15314 15313 2104 2103 2103 2103 2202 2201 2292 19216 19215 19280 19346 19345 11472 11471 11471 11471 11471 11471 11471 11471 11471 11471 11471 11471 11471 11471 11471 11471 11471 11471 11471 11471 11471 11471 11478 11477 11548 93 102 108 
labels_S18_selected_tokens_98_9837_99_8349 17796 17816 17815 17815 17815 17815 17815 17815 17815 17815 17815 17815 17815 17815 17815 17815 17815 17815 17815 17902 1048 1047 1047 1047 1047 1047 1047 1047 1047 1047 1047 1047 1090 1089 1128 1127 15166 15165 15214 15213 15314 2104 2103 2103 2202 2201 2201 2201 2292 19216 19215 19280 19346 19345 19345 11472 11471 11471 11471 11471 11471 11471 11471 11471 11471 11471 11471 11471 11471 11471 11471 11471 11471 11478 11477 11477 11477 11477 11548 11547 93 102 108 
labels_S18_selected_tokens_99_8349_100_6641 4606 4626 4666 4665 4665 4665 1018 1017 1017 1017 1017 1017 1017 1017 1017 1017 1017 1017 1100 1099 1099 1099 1146 19210 19209 19314 19376 2084 2226 2344 2343 2343 2343 2343 2343 2343 2343 2343 2343 13558 13557 13557 13557 13557 13557 13557 13557 13557 13557 13557 13557 13664 13663 13663 13722 13721 13721 21976 21975 21975 22054 22053 22053 22053 22053 22053 22053 22053 22053 22100 22099 22099 22099 22099 22099 22099 22099 22099 22099 22099 22099 
labels_S18_selected_tokens_9_5998_10_3515 20720 20719 20719 20719 20719 20734 20733 20756 20755 20755 6706 6705 6705 6705 6750 6749 6749 6788 6787 15148 15147 15147 15147 15218 15217 15217 15276 15275 5042 5041 5041 5056 5055 5055 5055 5055 5055 5060 5059 5059 5059 5059 7170 7169 7169 7169 7169 7169 7169 7169 7169 7169 7169 7169 7169 7169 7169 7169 7169 7169 7169 7204 7203 7203 7203 7203 7203 7203 7203 7240 93 102 108 
